1.0000000000	0.9378573247	0.9366772586	0.9373111712	0.9369897714	0.9369030438	0.9367745791	0.9372147631	0.9370415857	0.9370985577	0.9369328787	0.9374155140	0.9373623508	0.9368224261	0.9372031783	0.9371668765	0.9369422022	0.9377175925	0.9374776040	0.9371963147	0.9368507534	0.9368293294	0.9368455957	0.9368735263	0.9369955638	0.9368485316	0.9368050092	0.9369097487	0.9375475891	0.9369612060	0.9364750398	0.9371540618	0.9368125472	0.9370463070	0.9370663424	0.9377042620	0.9378188805	0.9368755894	0.9373106554	0.9367847357	0.9368937601	0.9374278923	0.9371076828	0.9369800512	0.9372881602	0.9372077012	0.9371808418	0.9367186387	0.9375102954	0.9371516020	0.9370284139	0.9375784158	0.9370338890	0.9377631384	0.9371353753	0.9369686251	0.9377200920	0.9368796361	0.9379768230	0.9370634858	0.9369487881	0.9374459044	0.9367675965	0.9373587801	0.9378359007	0.9367132430	0.9369960002	0.9373302544	0.9372716161	0.9368989177	0.9369352592	0.9369938578	0.9368409936	0.9368818975	0.9369506924	0.9374759377	0.9370462276	0.9374258690	0.9369171678	0.9375877789	0.9372941907	0.9372361475	0.9371141100	0.9372067093	0.9377325497	0.9367059033	0.9372418209	0.9369064955	0.9370830055	0.9367267322	0.9371379541	0.9371123246	0.9369197466	0.9370607087	0.9373408077	0.9373211294
0.9378573247	1.0000000000	0.9359968876	0.9376695472	0.9367351034	0.9371236714	0.9359670131	0.9374063493	0.9368069929	0.9365741060	0.9371110551	0.9375776620	0.9373012130	0.9364232651	0.9373329523	0.9365932289	0.9372923260	0.9397218878	0.9375203330	0.9369607696	0.9373358485	0.9372173816	0.9369309347	0.9362838503	0.9369901285	0.9362994026	0.9361866885	0.9366722200	0.9373163288	0.9368396050	0.9360455678	0.9375820262	0.9371355340	0.9378345121	0.9365804538	0.9373338251	0.9384060173	0.9362556817	0.9378982683	0.9372936352	0.9373357691	0.9370593597	0.9369667207	0.9372076615	0.9368176652	0.9373057358	0.9364269944	0.9370897104	0.9376880750	0.9364429037	0.9364380238	0.9374341212	0.9368672975	0.9384405735	0.9369713229	0.9364177504	0.9381411531	0.9366889228	0.9395063782	0.9366285388	0.9367622802	0.9377521487	0.9366414726	0.9370323020	0.9377876173	0.9365694244	0.9369000286	0.9374682012	0.9366042583	0.9367711275	0.9377064838	0.9371743352	0.9369495022	0.9368677339	0.9370603119	0.9380427614	0.9371125230	0.9369798132	0.9366440117	0.9378908493	0.9378953721	0.9371000257	0.9368342886	0.9367638275	0.9378571660	0.9363806154	0.9378595861	0.9371664004	0.9370226612	0.9366443291	0.9371173633	0.9369120895	0.9367064984	0.9370085372	0.9379428620	0.9371972272
0.9366772586	0.9359968876	1.0000000000	0.9366146926	0.9367480372	0.9360640559	0.9365102307	0.9364594875	0.9366732118	0.9366432976	0.9365855321	0.9366103284	0.9370521391	0.9365706940	0.9366327046	0.9369589446	0.9364268754	0.9365910468	0.9371482694	0.9365524439	0.9363210646	0.9363298723	0.9364089824	0.9369881447	0.9362559991	0.9368015178	0.9364711517	0.9365189193	0.9366732912	0.9365226090	0.9362151348	0.9367798955	0.9364914648	0.9364803561	0.9365453026	0.9369113754	0.9367946939	0.9364788088	0.9361708585	0.9364838871	0.9361960912	0.9368296468	0.9366728151	0.9367226061	0.9367980662	0.9368340903	0.9365172133	0.9363824008	0.9368695192	0.9363706969	0.9367260577	0.9366803135	0.9367214555	0.9367878303	0.9364546076	0.9372952619	0.9369661653	0.9367332784	0.9361527275	0.9365403830	0.9367041179	0.9371673526	0.9365833103	0.9369072493	0.9370964947	0.9365696625	0.9364478233	0.9369732273	0.9369951274	0.9365185622	0.9364572261	0.9367497431	0.9369815588	0.9365762880	0.9366054882	0.9363652616	0.9368307576	0.9364424673	0.9367474817	0.9363683165	0.9366392111	0.9365649016	0.9365568874	0.9367474024	0.9365236405	0.9365922370	0.9364478233	0.9365803348	0.9364378651	0.9364384999	0.9365289965	0.9367240343	0.9363798219	0.9367397850	0.9365786288	0.9367157425
0.9373111712	0.9376695472	0.9366146926	1.0000000000	0.9368444452	0.9368477778	0.9370819343	0.9370896707	0.9372979994	0.9372119860	0.9373263267	0.9372828836	0.9370309531	0.9370326591	0.9374146809	0.9370112351	0.9372285300	0.9377717477	0.9372876841	0.9370605103	0.9366707520	0.9368329397	0.9368210375	0.9369265706	0.9369281575	0.9367067761	0.9368183793	0.9371168078	0.9372322197	0.9373690160	0.9364346119	0.9372279746	0.9368175065	0.9371985364	0.9366360769	0.9371156176	0.9373123614	0.9366944771	0.9371281149	0.9368312734	0.9371931011	0.9372164691	0.9368715823	0.9372396388	0.9368359153	0.9368267109	0.9368338919	0.9370332939	0.9372383295	0.9370395227	0.9366675781	0.9370995893	0.9371078811	0.9373803231	0.9372257925	0.9369073286	0.9375668310	0.9367827917	0.9375782175	0.9370082992	0.9366581754	0.9375001389	0.9368262745	0.9372049636	0.9372989912	0.9370031416	0.9368667817	0.9372442807	0.9372057968	0.9369669588	0.9367188370	0.9370303183	0.9367484339	0.9368609893	0.9367539486	0.9372701482	0.9368335348	0.9372741156	0.9367731905	0.9372801064	0.9373171620	0.9370906626	0.9367517665	0.9370840767	0.9369610077	0.9365954903	0.9369868355	0.9368797155	0.9368015178	0.9366114790	0.9371929821	0.9367316518	0.9365640684	0.9367257403	0.9369790991	0.9370747930
0.9369897714	0.9367351034	0.9367480372	0.9368444452	1.0000000000	0.9365110638	0.9364239395	0.9364142987	0.9370869729	0.9369216113	0.9365681945	0.9367169327	0.9369207781	0.9366010447	0.9371362084	0.9370718174	0.9367766819	0.9365881506	0.9368232196	0.9370060378	0.9366797581	0.9364861485	0.9369228015	0.9367271289	0.9367472040	0.9365266954	0.9364952339	0.9362568719	0.9368180619	0.9368766209	0.9363879948	0.9366856695	0.9365577602	0.9366936043	0.9366826939	0.9372432491	0.9369274037	0.9365503412	0.9367092756	0.9362112071	0.9367159408	0.9368246875	0.9368273457	0.9368261951	0.9369816382	0.9367351828	0.9369340690	0.9367971934	0.9368801122	0.9368517452	0.9368420251	0.9371151018	0.9367180832	0.9368171494	0.9367562497	0.9364945991	0.9368206011	0.9372144061	0.9362779786	0.9368871742	0.9366681335	0.9372785591	0.9366529384	0.9369751316	0.9370002850	0.9367542660	0.9367233599	0.9366962625	0.9371237905	0.9368008434	0.9369266102	0.9368150070	0.9366180252	0.9366922554	0.9367460535	0.9363477653	0.9369994915	0.9368325826	0.9366267535	0.9366987619	0.9365262590	0.9367436333	0.9366054088	0.9373281120	0.9369489864	0.9365462548	0.9367288349	0.9366861456	0.9369612060	0.9367118147	0.9362427480	0.9365400656	0.9365285601	0.9364884496	0.9369521603	0.9365370107
0.9369030438	0.9371236714	0.9360640559	0.9368477778	0.9365110638	1.0000000000	0.9362027962	0.9367148696	0.9368769383	0.9365157454	0.9367550595	0.9365920386	0.9370181384	0.9362938085	0.9365797397	0.9366081067	0.9363674833	0.9370484494	0.9376794657	0.9365820011	0.9363103129	0.9360959142	0.9366496851	0.9365218552	0.9361114664	0.9364419516	0.9365369710	0.9364490532	0.9368213946	0.9366085827	0.9363410207	0.9363942236	0.9370804267	0.9365198318	0.9363709350	0.9369160966	0.9370138932	0.9365608945	0.9366059643	0.9364886876	0.9366588101	0.9370403558	0.9368713046	0.9377050555	0.9368773747	0.9367117750	0.9365831120	0.9368707491	0.9368332174	0.9366119550	0.9362466757	0.9368909432	0.9365595456	0.9366149703	0.9363676023	0.9363246353	0.9367103865	0.9363124553	0.9368539670	0.9367917977	0.9360958745	0.9370053633	0.9366169936	0.9371852456	0.9376153127	0.9362809541	0.9366613096	0.9365136030	0.9369719180	0.9364919409	0.9366949929	0.9369463283	0.9365074932	0.9365424460	0.9365352254	0.9369447016	0.9368085798	0.9370764989	0.9365078899	0.9372272208	0.9364119976	0.9366984049	0.9364837681	0.9370967327	0.9369404962	0.9363632779	0.9367444665	0.9366996348	0.9366492884	0.9365001138	0.9363371723	0.9362211653	0.9365547450	0.9364101330	0.9370292868	0.9368358359
0.9367745791	0.9359670131	0.9365102307	0.9370819343	0.9364239395	0.9362027962	1.0000000000	0.9365050730	0.9366631743	0.9366471460	0.9364852757	0.9362148968	0.9366751955	0.9362417561	0.9367002696	0.9366169936	0.9360658015	0.9360607233	0.9365685119	0.9363181684	0.9360937718	0.9360241041	0.9361255904	0.9364794833	0.9363491142	0.9365263780	0.9362388599	0.9364019998	0.9364688506	0.9367241930	0.9361574090	0.9363278886	0.9365388754	0.9363884312	0.9365329639	0.9367796971	0.9365217758	0.9364715484	0.9364969399	0.9359418200	0.9361628047	0.9365755342	0.9366135023	0.9366186203	0.9364780153	0.9362368762	0.9367721987	0.9365420890	0.9367649780	0.9362187055	0.9363890263	0.9365618070	0.9362730193	0.9365182448	0.9363075358	0.9364172346	0.9362327104	0.9363411794	0.9360048621	0.9364261613	0.9366947152	0.9369594207	0.9363618893	0.9370033002	0.9371060561	0.9363478446	0.9362853579	0.9364193373	0.9367800542	0.9364156873	0.9366603971	0.9362483023	0.9365355824	0.9366356008	0.9365479211	0.9361796265	0.9364831729	0.9365212204	0.9364664702	0.9365074535	0.9361541161	0.9365637510	0.9363761719	0.9369878670	0.9366409568	0.9361195203	0.9362660763	0.9363939063	0.9366434959	0.9363022988	0.9362584589	0.9363544702	0.9364688903	0.9364499657	0.9360223584	0.9362244582
0.9372147631	0.9374063493	0.9364594875	0.9370896707	0.9364142987	0.9367148696	0.9365050730	1.0000000000	0.9371568390	0.9366350454	0.9367336751	0.9363747437	0.9371097458	0.9369152238	0.9370786413	0.9362527458	0.9369939768	0.9372771705	0.9373792519	0.9367789036	0.9366767032	0.9364754762	0.9366148116	0.9366459954	0.9366476617	0.9365360188	0.9364087047	0.9364736908	0.9374219412	0.9365067394	0.9362777405	0.9368431360	0.9368985210	0.9366226274	0.9367221697	0.9369493832	0.9375201743	0.9362784547	0.9368156418	0.9367257403	0.9366206040	0.9366509547	0.9367694612	0.9365989023	0.9366446068	0.9369760442	0.9372649905	0.9368322256	0.9372409480	0.9367403801	0.9364480217	0.9368951884	0.9367762851	0.9370315879	0.9365982278	0.9367340322	0.9368012004	0.9365589505	0.9370375390	0.9363891454	0.9367629943	0.9368916177	0.9365937843	0.9368532132	0.9369145493	0.9368559507	0.9365581173	0.9368946726	0.9368832465	0.9365918800	0.9369083205	0.9362873813	0.9366918587	0.9365089214	0.9369908029	0.9368077863	0.9369890573	0.9368950693	0.9367835058	0.9372380518	0.9372017897	0.9368791997	0.9367789830	0.9367589872	0.9369078444	0.9366450829	0.9373619143	0.9370287313	0.9367927102	0.9366540096	0.9364586940	0.9367787846	0.9364627408	0.9369279195	0.9367401817	0.9366643248
0.9370415857	0.9368069929	0.9366732118	0.9372979994	0.9370869729	0.9368769383	0.9366631743	0.9371568390	1.0000000000	0.9372217855	0.9372231344	0.9368239734	0.9370036970	0.9368778905	0.9370861397	0.9368501979	0.9371237508	0.9371238301	0.9371879038	0.9367527584	0.9368511501	0.9368636078	0.9372261496	0.9370770544	0.9369663637	0.9367734683	0.9369374413	0.9367484339	0.9370451564	0.9369562071	0.9369236744	0.9373186299	0.9369651338	0.9367195512	0.9370837196	0.9371953228	0.9372935956	0.9368556730	0.9369099471	0.9366172317	0.9369482723	0.9370497189	0.9371514830	0.9370280569	0.9371184345	0.9372598329	0.9370623750	0.9372622530	0.9372778846	0.9372859385	0.9369158189	0.9371951641	0.9372154376	0.9374333674	0.9372328942	0.9369592620	0.9375185476	0.9365381216	0.9366673401	0.9369163743	0.9368379386	0.9374273369	0.9373375544	0.9377298915	0.9374982742	0.9370326987	0.9369611664	0.9373246207	0.9371073654	0.9368742404	0.9369489071	0.9371159747	0.9368082228	0.9370482113	0.9370679690	0.9372376551	0.9370062361	0.9368389305	0.9370590423	0.9369933817	0.9370004437	0.9368674958	0.9374220603	0.9372774879	0.9371333122	0.9368367484	0.9369314108	0.9372634036	0.9370091323	0.9368514675	0.9368840399	0.9368329397	0.9369559294	0.9373557252	0.9374514191	0.9368782872
0.9370985577	0.9365741060	0.9366432976	0.9372119860	0.9369216113	0.9365157454	0.9366471460	0.9366350454	0.9372217855	1.0000000000	0.9367711672	0.9368638855	0.9372050033	0.9365170149	0.9366933663	0.9369887399	0.9368323843	0.9364369923	0.9369898507	0.9366121534	0.9368104445	0.9365017801	0.9369650941	0.9371272818	0.9365331226	0.9371823494	0.9366865423	0.9366015604	0.9370217487	0.9366899940	0.9367563290	0.9365403036	0.9369803686	0.9367742221	0.9376466949	0.9373185506	0.9373694524	0.9368266315	0.9367356192	0.9364384603	0.9368374229	0.9370438472	0.9367741030	0.9369584685	0.9369390282	0.9372016707	0.9368624176	0.9371972669	0.9368777318	0.9371478726	0.9369323233	0.9369699740	0.9367662476	0.9368086592	0.9367641845	0.9368932443	0.9370713413	0.9372444790	0.9365868810	0.9370869729	0.9368673768	0.9374638371	0.9369285146	0.9377428253	0.9374203543	0.9369868355	0.9369590240	0.9372148822	0.9372766944	0.9368986797	0.9369415277	0.9370287710	0.9369680300	0.9372132555	0.9367213762	0.9368297261	0.9368516659	0.9369812018	0.9368244098	0.9373018874	0.9370828071	0.9368599578	0.9367049114	0.9373931775	0.9369489071	0.9365649809	0.9365380025	0.9369668001	0.9368144119	0.9368464686	0.9367020946	0.9369952861	0.9370221058	0.9366083447	0.9368520230	0.9371111741
0.9369328787	0.9371110551	0.9365855321	0.9373263267	0.9365681945	0.9367550595	0.9364852757	0.9367336751	0.9372231344	0.9367711672	1.0000000000	0.9368253223	0.9372895091	0.9365088421	0.9367376426	0.9367418877	0.9367750155	0.9369125259	0.9370565032	0.9365875555	0.9368410729	0.9369012982	0.9363634762	0.9367364920	0.9364936866	0.9366110425	0.9366614683	0.9365385580	0.9370074660	0.9369842170	0.9362765106	0.9370314689	0.9368432550	0.9368005657	0.9366619047	0.9371931804	0.9372486845	0.9367645019	0.9369723941	0.9366108838	0.9367767215	0.9370447200	0.9365740663	0.9366220323	0.9368904671	0.9368485713	0.9379663887	0.9368913003	0.9369814398	0.9371850076	0.9368503566	0.9369999676	0.9368924905	0.9374495544	0.9366423851	0.9365799777	0.9369940562	0.9367381583	0.9368303212	0.9368900307	0.9365168166	0.9373540985	0.9366695221	0.9370636842	0.9370775701	0.9366120741	0.9368367484	0.9369743778	0.9370227009	0.9365663695	0.9367670411	0.9370099655	0.9368148087	0.9368400810	0.9366144942	0.9370756261	0.9368410332	0.9369279592	0.9370262715	0.9368070722	0.9368870552	0.9367954477	0.9366946755	0.9371879831	0.9370270650	0.9364520685	0.9369455348	0.9364657957	0.9366958657	0.9366888038	0.9366874152	0.9365067394	0.9364698425	0.9367344290	0.9367235583	0.9369702517
0.9374155140	0.9375776620	0.9366103284	0.9372828836	0.9367169327	0.9365920386	0.9362148968	0.9363747437	0.9368239734	0.9368638855	0.9368253223	1.0000000000	0.9374157124	0.9366680542	0.9369763615	0.9365034067	0.9367756900	0.9374725257	0.9374259086	0.9370021100	0.9368065168	0.9365624418	0.9366907478	0.9366253649	0.9367810460	0.9365219742	0.9363896611	0.9365955696	0.9370106796	0.9372919689	0.9364928534	0.9374617343	0.9367905281	0.9372081376	0.9369933817	0.9372147235	0.9374993057	0.9364654783	0.9369392663	0.9369929056	0.9368616638	0.9369185167	0.9367837438	0.9371191883	0.9370634858	0.9369261341	0.9366972543	0.9368933237	0.9374168629	0.9363733154	0.9369215716	0.9365923164	0.9366862249	0.9373661198	0.9370286123	0.9368779698	0.9372576112	0.9365388754	0.9373416805	0.9369279195	0.9368735263	0.9374657018	0.9366111616	0.9374376125	0.9374182515	0.9364054911	0.9371056991	0.9375975387	0.9368313527	0.9369479152	0.9369766393	0.9370309531	0.9368816595	0.9368958231	0.9369680300	0.9374087694	0.9367884651	0.9371117692	0.9365937843	0.9370989545	0.9373387447	0.9368178636	0.9372488035	0.9368582518	0.9371672336	0.9364927344	0.9369159776	0.9371612428	0.9368956248	0.9364601620	0.9367243517	0.9370157976	0.9366061229	0.9370533689	0.9369808447	0.9369244282
0.9373623508	0.9373012130	0.9370521391	0.9370309531	0.9369207781	0.9370181384	0.9366751955	0.9371097458	0.9370036970	0.9372050033	0.9372895091	0.9374157124	1.0000000000	0.9367366110	0.9373294609	0.9372364252	0.9367645813	0.9372960553	0.9373027603	0.9373691747	0.9371055007	0.9370237721	0.9370409906	0.9371110551	0.9370857430	0.9371827858	0.9370705478	0.9368145706	0.9370945507	0.9370783636	0.9367649383	0.9372472562	0.9370019117	0.9370265096	0.9373336267	0.9375998002	0.9375250145	0.9368872139	0.9370098068	0.9366369497	0.9369606109	0.9374449125	0.9374370174	0.9372441616	0.9371291068	0.9371118882	0.9372849863	0.9375304102	0.9376708565	0.9370196856	0.9371114518	0.9372597932	0.9370553527	0.9369372429	0.9369834632	0.9370413477	0.9375942061	0.9369302999	0.9370127030	0.9368082624	0.9370372216	0.9376578830	0.9372611025	0.9375210868	0.9373358088	0.9370607483	0.9375529847	0.9371578705	0.9371856424	0.9372242849	0.9372284904	0.9369514462	0.9371589814	0.9370050062	0.9402617728	0.9371836587	0.9372574128	0.9374300347	0.9371303367	0.9374684789	0.9370878457	0.9370547179	0.9370208362	0.9371462857	0.9373024429	0.9367915596	0.9373447751	0.9370336509	0.9371750097	0.9368675355	0.9369063765	0.9371800483	0.9370751500	0.9370567809	0.9370693973	0.9373441800
0.9368224261	0.9364232651	0.9365706940	0.9370326591	0.9366010447	0.9362938085	0.9362417561	0.9369152238	0.9368778905	0.9365170149	0.9365088421	0.9366680542	0.9367366110	1.0000000000	0.9367351034	0.9366653960	0.9366427421	0.9367437524	0.9368092543	0.9366884070	0.9365877935	0.9366569058	0.9364792452	0.9365097943	0.9368336142	0.9367034832	0.9364654783	0.9366579770	0.9370444423	0.9367487910	0.9364798007	0.9366196518	0.9365291155	0.9364734131	0.9364780550	0.9370103622	0.9369493832	0.9365220932	0.9364839268	0.9362788911	0.9367472040	0.9368124679	0.9366610319	0.9369939372	0.9367100294	0.9366400443	0.9369352592	0.9367140365	0.9367979868	0.9366636901	0.9368054456	0.9368631714	0.9366844396	0.9367669220	0.9368685274	0.9366424247	0.9372357507	0.9365801761	0.9365860875	0.9368417870	0.9366910652	0.9367594633	0.9365399466	0.9371682651	0.9367097913	0.9362276321	0.9366411552	0.9367461725	0.9368724154	0.9365853337	0.9364471092	0.9364889654	0.9367948923	0.9366060039	0.9366207627	0.9365479607	0.9366858282	0.9368437707	0.9366997538	0.9371110551	0.9369850502	0.9365772402	0.9364171949	0.9370224628	0.9365624815	0.9362754394	0.9365937050	0.9366758303	0.9366445275	0.9363916448	0.9364980904	0.9367208207	0.9367151870	0.9366073132	0.9366180252	0.9369552549
0.9372031783	0.9373329523	0.9366327046	0.9374146809	0.9371362084	0.9365797397	0.9367002696	0.9370786413	0.9370861397	0.9366933663	0.9367376426	0.9369763615	0.9373294609	0.9367351034	1.0000000000	0.9369161760	0.9370482510	0.9375682989	0.9371345421	0.9370342460	0.9372905406	0.9365664092	0.9369616425	0.9368471430	0.9367925515	0.9367289936	0.9367839422	0.9366296100	0.9371277182	0.9369441859	0.9363086863	0.9365435172	0.9368563078	0.9373775459	0.9366341725	0.9372741553	0.9375327906	0.9367456567	0.9371348595	0.9368377006	0.9371427150	0.9372440029	0.9367470850	0.9369829474	0.9367419670	0.9370231770	0.9377814678	0.9371493009	0.9373110125	0.9368966960	0.9369495022	0.9370212726	0.9369148270	0.9373276359	0.9371925457	0.9367063397	0.9373920270	0.9367212175	0.9376635961	0.9367544644	0.9374317407	0.9375583804	0.9368592040	0.9373942884	0.9372084550	0.9366722597	0.9371170459	0.9372759406	0.9370882028	0.9371981000	0.9371895304	0.9371825081	0.9371771521	0.9370959392	0.9371534667	0.9372284110	0.9369369255	0.9376499879	0.9370117905	0.9376883527	0.9372570160	0.9369300619	0.9371335900	0.9369236347	0.9369506131	0.9363282456	0.9370108780	0.9366991984	0.9369080824	0.9367647003	0.9367983836	0.9372511443	0.9368937601	0.9367683503	0.9371565216	0.9373433072
0.9371668765	0.9365932289	0.9369589446	0.9370112351	0.9370718174	0.9366081067	0.9366169936	0.9362527458	0.9368501979	0.9369887399	0.9367418877	0.9365034067	0.9372364252	0.9366653960	0.9369161760	1.0000000000	0.9364974556	0.9367897743	0.9370571380	0.9369809637	0.9364356037	0.9362930944	0.9366670623	0.9367414909	0.9365658141	0.9366542873	0.9364822208	0.9365795810	0.9371255361	0.9367946542	0.9363760926	0.9368228625	0.9368464289	0.9369610870	0.9368678132	0.9370267080	0.9372920879	0.9362565149	0.9365025736	0.9363487175	0.9366686493	0.9368066755	0.9372031386	0.9368937998	0.9371262899	0.9367589872	0.9368644806	0.9368793981	0.9371939342	0.9365452232	0.9365893011	0.9369302206	0.9364931311	0.9369092727	0.9367155441	0.9368895150	0.9370412684	0.9365746217	0.9362593317	0.9367533932	0.9366401236	0.9372042098	0.9367245898	0.9371391443	0.9369770360	0.9367724367	0.9368012798	0.9368160782	0.9370756261	0.9366874548	0.9368623382	0.9369415674	0.9365783511	0.9369240314	0.9367985820	0.9368415490	0.9368926095	0.9367111799	0.9366143752	0.9371700108	0.9365308612	0.9367053875	0.9368965373	0.9368882851	0.9368984416	0.9365929908	0.9363739105	0.9367331991	0.9367087201	0.9368466273	0.9365040415	0.9370685245	0.9367434350	0.9367925912	0.9364283830	0.9367184800
0.9369422022	0.9372923260	0.9364268754	0.9372285300	0.9367766819	0.9363674833	0.9360658015	0.9369939768	0.9371237508	0.9368323843	0.9367750155	0.9367756900	0.9367645813	0.9366427421	0.9370482510	0.9364974556	1.0000000000	0.9369701724	0.9374027390	0.9365745027	0.9366686890	0.9365742647	0.9365687103	0.9367097913	0.9365582363	0.9365900549	0.9363273728	0.9364168775	0.9367313740	0.9368909432	0.9361017463	0.9369019330	0.9369216906	0.9368998699	0.9366358388	0.9372228170	0.9374238456	0.9365480004	0.9365838658	0.9368530942	0.9366724184	0.9367983836	0.9366302845	0.9365781130	0.9370433314	0.9367418083	0.9365545070	0.9371154986	0.9368445245	0.9365520075	0.9364752381	0.9371605287	0.9365605374	0.9375601261	0.9367553372	0.9366211198	0.9372287284	0.9365048350	0.9369736637	0.9368768193	0.9363816470	0.9372288474	0.9366051311	0.9369153428	0.9376358242	0.9368410332	0.9368421044	0.9366437737	0.9367577176	0.9368515865	0.9369958415	0.9367552975	0.9366005289	0.9368918557	0.9367267322	0.9371489042	0.9366013621	0.9367739840	0.9369922709	0.9370676913	0.9367898933	0.9366757510	0.9366500422	0.9369752903	0.9368761051	0.9362745269	0.9364724213	0.9366371481	0.9365706940	0.9364799990	0.9366219132	0.9365234421	0.9365495477	0.9365426841	0.9370543211	0.9366886054
0.9377175925	0.9397218878	0.9365910468	0.9377717477	0.9365881506	0.9370484494	0.9360607233	0.9372771705	0.9371238301	0.9364369923	0.9369125259	0.9374725257	0.9372960553	0.9367437524	0.9375682989	0.9367897743	0.9369701724	1.0000000000	0.9380296689	0.9367825536	0.9373642551	0.9371860391	0.9371319236	0.9363551050	0.9368651551	0.9363704192	0.9361861330	0.9365885077	0.9379984851	0.9368431756	0.9359631250	0.9378188011	0.9369374809	0.9379221918	0.9368474604	0.9372932782	0.9381824935	0.9363263810	0.9379880905	0.9373308495	0.9374832774	0.9368863807	0.9370742375	0.9376585178	0.9369899301	0.9374133320	0.9370561461	0.9369747349	0.9373464811	0.9366336568	0.9362433034	0.9373816720	0.9372792732	0.9381860245	0.9371966718	0.9364629788	0.9383272246	0.9365161024	0.9397242683	0.9368444452	0.9367146713	0.9377715890	0.9368298451	0.9367668824	0.9380935045	0.9365572048	0.9366062816	0.9377022783	0.9369222064	0.9368262745	0.9375457244	0.9374207907	0.9366954293	0.9370411097	0.9370771337	0.9386989708	0.9372258322	0.9370986768	0.9367585905	0.9385125422	0.9378486361	0.9372520568	0.9366249681	0.9366934456	0.9380852126	0.9362658780	0.9380478793	0.9370425379	0.9365602200	0.9362813905	0.9365923957	0.9371783027	0.9367556149	0.9364166792	0.9383142115	0.9379184228
0.9374776040	0.9375203330	0.9371482694	0.9372876841	0.9368232196	0.9376794657	0.9365685119	0.9373792519	0.9371879038	0.9369898507	0.9370565032	0.9374259086	0.9373027603	0.9368092543	0.9371345421	0.9370571380	0.9374027390	0.9380296689	1.0000000000	0.9371608461	0.9367882270	0.9366762667	0.9368702730	0.9370270650	0.9369833442	0.9369069319	0.9371250204	0.9367327230	0.9378005511	0.9369831061	0.9365674010	0.9369923502	0.9374206717	0.9371304954	0.9370112747	0.9375040666	0.9374951399	0.9368563078	0.9372708226	0.9368966960	0.9374957747	0.9376813304	0.9373268424	0.9373707617	0.9373705236	0.9376009507	0.9375225944	0.9373653263	0.9377080311	0.9370232166	0.9370219074	0.9372084946	0.9371030012	0.9377267969	0.9371823494	0.9370162340	0.9379859084	0.9369001079	0.9377795635	0.9372729650	0.9369924295	0.9376115834	0.9372613008	0.9374600284	0.9381650369	0.9371751287	0.9371272421	0.9376451080	0.9371556091	0.9373886547	0.9371010969	0.9373654453	0.9371222035	0.9374522522	0.9371388269	0.9378723612	0.9369717990	0.9372863749	0.9368964579	0.9374716925	0.9374361446	0.9376290003	0.9371804451	0.9371955212	0.9374849040	0.9365495080	0.9371103409	0.9371519194	0.9370987958	0.9369366081	0.9369166520	0.9372121447	0.9369694186	0.9372958967	0.9374598300	0.9374795083
0.9371963147	0.9369607696	0.9365524439	0.9370605103	0.9370060378	0.9365820011	0.9363181684	0.9367789036	0.9367527584	0.9366121534	0.9365875555	0.9370021100	0.9373691747	0.9366884070	0.9370342460	0.9369809637	0.9365745027	0.9367825536	0.9371608461	1.0000000000	0.9366170730	0.9365118573	0.9367737856	0.9367230822	0.9366182632	0.9370097671	0.9365568874	0.9366555172	0.9371929027	0.9366947549	0.9361793091	0.9369572783	0.9365756929	0.9369893350	0.9366580167	0.9370587646	0.9373111315	0.9364504418	0.9366841222	0.9365070964	0.9369483516	0.9370523374	0.9367235583	0.9368503963	0.9368150070	0.9366014017	0.9368094130	0.9371399775	0.9367375235	0.9366530574	0.9369599365	0.9368615051	0.9365737489	0.9370977246	0.9366873755	0.9367929482	0.9370099258	0.9368079847	0.9364674620	0.9367162582	0.9368071516	0.9375885724	0.9368532925	0.9371938946	0.9367565274	0.9367046734	0.9368653138	0.9369051069	0.9369590636	0.9370458705	0.9367155441	0.9368526181	0.9366902320	0.9367205827	0.9368784062	0.9367403801	0.9364432608	0.9372451932	0.9368175065	0.9372505492	0.9365366536	0.9367157821	0.9370030225	0.9368797948	0.9367757694	0.9364117596	0.9367653351	0.9366352041	0.9371128404	0.9366529384	0.9364861882	0.9369484707	0.9370340873	0.9371242665	0.9363978340	0.9368299642
0.9368507534	0.9373358485	0.9363210646	0.9366707520	0.9366797581	0.9363103129	0.9360937718	0.9366767032	0.9368511501	0.9368104445	0.9368410729	0.9368065168	0.9371055007	0.9365877935	0.9372905406	0.9364356037	0.9366686890	0.9373642551	0.9367882270	0.9366170730	1.0000000000	0.9366881690	0.9367528377	0.9361781189	0.9365689880	0.9364265580	0.9363515343	0.9361701444	0.9370908610	0.9366225480	0.9361128153	0.9366678955	0.9365476037	0.9369753697	0.9366369894	0.9371134355	0.9376260644	0.9364440146	0.9364124340	0.9367763248	0.9364141797	0.9365241166	0.9362700041	0.9367426415	0.9367352621	0.9367136794	0.9363488762	0.9366262774	0.9370320640	0.9368327017	0.9363817263	0.9368229418	0.9364978920	0.9370605103	0.9367241137	0.9365966408	0.9372588411	0.9364184645	0.9368340506	0.9365360585	0.9365071361	0.9370530516	0.9365224900	0.9371461270	0.9368163559	0.9363275315	0.9365323688	0.9368450403	0.9365072551	0.9364220352	0.9365592282	0.9366276660	0.9365235215	0.9368768986	0.9368215929	0.9369059797	0.9362772644	0.9369677919	0.9369892159	0.9372903820	0.9369496609	0.9364429037	0.9362587366	0.9366280230	0.9369232776	0.9361392780	0.9369308554	0.9368337332	0.9364283037	0.9362623866	0.9365049143	0.9365958474	0.9363243972	0.9365305835	0.9368289326	0.9370050856
0.9368293294	0.9372173816	0.9363298723	0.9368329397	0.9364861485	0.9360959142	0.9360241041	0.9364754762	0.9368636078	0.9365017801	0.9369012982	0.9365624418	0.9370237721	0.9366569058	0.9365664092	0.9362930944	0.9365742647	0.9371860391	0.9366762667	0.9365118573	0.9366881690	1.0000000000	0.9363256271	0.9365343128	0.9367521236	0.9364115612	0.9360245405	0.9368021526	0.9369410516	0.9365814457	0.9359765745	0.9373013320	0.9365159437	0.9368507931	0.9364867833	0.9369592620	0.9372347192	0.9363460990	0.9367451410	0.9366508753	0.9363931524	0.9365680755	0.9366148512	0.9370716984	0.9365190383	0.9368801519	0.9363841861	0.9367824346	0.9370397607	0.9365864049	0.9366203263	0.9365349873	0.9362860324	0.9374701056	0.9367128462	0.9365129285	0.9371018110	0.9363944220	0.9370166307	0.9366143752	0.9367182816	0.9371685032	0.9363149945	0.9368064374	0.9368084211	0.9366087414	0.9365191177	0.9369191515	0.9368883644	0.9366140578	0.9366676971	0.9367326436	0.9365460564	0.9365489526	0.9369484707	0.9367749759	0.9366451226	0.9364278276	0.9367725954	0.9369248249	0.9367745395	0.9364071971	0.9362918248	0.9364921790	0.9370180987	0.9359417010	0.9369422815	0.9365811679	0.9364627408	0.9363207076	0.9363241592	0.9364073954	0.9362924993	0.9362840487	0.9370115128	0.9368386925
0.9368455957	0.9369309347	0.9364089824	0.9368210375	0.9369228015	0.9366496851	0.9361255904	0.9366148116	0.9372261496	0.9369650941	0.9363634762	0.9366907478	0.9370409906	0.9364792452	0.9369616425	0.9366670623	0.9365687103	0.9371319236	0.9368702730	0.9367737856	0.9367528377	0.9363256271	1.0000000000	0.9368457544	0.9363906133	0.9368743991	0.9363799410	0.9366738466	0.9368541654	0.9366853918	0.9362659573	0.9368160386	0.9365765658	0.9366656738	0.9367925118	0.9371066909	0.9367974314	0.9364373494	0.9366474633	0.9365591488	0.9368669404	0.9366070355	0.9366918983	0.9369776708	0.9367148696	0.9368321462	0.9367910836	0.9367995738	0.9370876870	0.9369732273	0.9366688080	0.9367908852	0.9365139997	0.9368778508	0.9368860633	0.9366483759	0.9373359675	0.9367891792	0.9366158431	0.9368615447	0.9364415945	0.9372643558	0.9367233996	0.9373222006	0.9370610657	0.9367995738	0.9369143509	0.9365610532	0.9370135758	0.9367673584	0.9368137771	0.9369737034	0.9365160628	0.9368478572	0.9367919961	0.9366770602	0.9368112777	0.9368168717	0.9366768222	0.9371199421	0.9367527981	0.9366986429	0.9367030864	0.9371256155	0.9368658295	0.9364055704	0.9369210955	0.9368589659	0.9368467860	0.9366688080	0.9363951758	0.9363925573	0.9366271899	0.9365264574	0.9371507688	0.9371155382
0.9368735263	0.9362838503	0.9369881447	0.9369265706	0.9367271289	0.9365218552	0.9364794833	0.9366459954	0.9370770544	0.9371272818	0.9367364920	0.9366253649	0.9371110551	0.9365097943	0.9368471430	0.9367414909	0.9367097913	0.9363551050	0.9370270650	0.9367230822	0.9361781189	0.9365343128	0.9368457544	1.0000000000	0.9365399466	0.9369257374	0.9364071574	0.9367765232	0.9368953471	0.9365556575	0.9362457235	0.9365994180	0.9368660279	0.9367020152	0.9367076093	0.9369126846	0.9370885599	0.9365906501	0.9363345935	0.9360409259	0.9366093762	0.9371424770	0.9366871374	0.9369306967	0.9366253649	0.9370467831	0.9366434959	0.9370982403	0.9368134597	0.9368489680	0.9368985210	0.9368991161	0.9368680513	0.9367558133	0.9368210772	0.9369266499	0.9368901894	0.9364822604	0.9362732970	0.9366539699	0.9366722597	0.9372746710	0.9367775150	0.9374953383	0.9372491209	0.9366720613	0.9365715668	0.9365664489	0.9368826513	0.9367490290	0.9366606351	0.9363737518	0.9366508753	0.9366569455	0.9366657531	0.9364517907	0.9367189164	0.9371321220	0.9367220506	0.9366408378	0.9364577022	0.9367466486	0.9366722993	0.9366949136	0.9365574825	0.9362685361	0.9365261797	0.9365328449	0.9367837042	0.9364383016	0.9365071361	0.9368394463	0.9367024120	0.9371731450	0.9365691467	0.9369707278
0.9369955638	0.9369901285	0.9362559991	0.9369281575	0.9367472040	0.9361114664	0.9363491142	0.9366476617	0.9369663637	0.9365331226	0.9364936866	0.9367810460	0.9370857430	0.9368336142	0.9367925515	0.9365658141	0.9365582363	0.9368651551	0.9369833442	0.9366182632	0.9365689880	0.9367521236	0.9363906133	0.9365399466	1.0000000000	0.9367864814	0.9364498467	0.9364870610	0.9367894966	0.9364965431	0.9360188671	0.9369179216	0.9367895363	0.9367424828	0.9368812231	0.9370632081	0.9367722780	0.9365075725	0.9365249498	0.9362958716	0.9369991345	0.9368042950	0.9367155441	0.9364622250	0.9366363943	0.9366052898	0.9365253465	0.9366323872	0.9371226002	0.9364367543	0.9365170149	0.9367566861	0.9368859046	0.9372586427	0.9364415548	0.9363461386	0.9372205952	0.9368662263	0.9371041518	0.9366019968	0.9365388754	0.9369830665	0.9364488549	0.9370825691	0.9372444394	0.9365909674	0.9364869817	0.9365734315	0.9366381796	0.9367517269	0.9365551021	0.9367240740	0.9364809909	0.9365405417	0.9367834265	0.9369095504	0.9368438898	0.9370333335	0.9366438927	0.9372159534	0.9371599336	0.9366719026	0.9365165389	0.9368513088	0.9368201250	0.9363243179	0.9370537657	0.9369191912	0.9369819953	0.9365397085	0.9365053904	0.9367230425	0.9367124098	0.9367230028	0.9366927712	0.9372441616
0.9368485316	0.9362994026	0.9368015178	0.9367067761	0.9365266954	0.9364419516	0.9365263780	0.9365360188	0.9367734683	0.9371823494	0.9366110425	0.9365219742	0.9371827858	0.9367034832	0.9367289936	0.9366542873	0.9365900549	0.9363704192	0.9369069319	0.9370097671	0.9364265580	0.9364115612	0.9368743991	0.9369257374	0.9367864814	1.0000000000	0.9367738253	0.9365791842	0.9371806831	0.9368320272	0.9364164015	0.9365848180	0.9367462915	0.9364962654	0.9366017588	0.9381624184	0.9368387718	0.9368485316	0.9364413168	0.9361307480	0.9366891211	0.9370473385	0.9368308370	0.9368280995	0.9368665040	0.9369420435	0.9366427818	0.9369573973	0.9369590636	0.9367169327	0.9365773989	0.9368578550	0.9367175278	0.9366506770	0.9368712252	0.9368733279	0.9366904701	0.9365546260	0.9359718533	0.9366431785	0.9367039989	0.9371058974	0.9368836035	0.9373168842	0.9370431330	0.9368674165	0.9366317921	0.9366919777	0.9369299429	0.9369430353	0.9364746430	0.9369143509	0.9369428766	0.9366667846	0.9367940591	0.9364320330	0.9366099713	0.9368258381	0.9369150254	0.9369096694	0.9367558926	0.9366712678	0.9370391260	0.9367840216	0.9365306628	0.9363423299	0.9366601194	0.9367167740	0.9368986797	0.9365069377	0.9367213762	0.9368649964	0.9370500363	0.9364805941	0.9366576993	0.9367362540
0.9368050092	0.9361866885	0.9364711517	0.9368183793	0.9364952339	0.9365369710	0.9362388599	0.9364087047	0.9369374413	0.9366865423	0.9366614683	0.9363896611	0.9370705478	0.9364654783	0.9367839422	0.9364822208	0.9363273728	0.9361861330	0.9371250204	0.9365568874	0.9363515343	0.9360245405	0.9363799410	0.9364071574	0.9364498467	0.9367738253	1.0000000000	0.9365014627	0.9366727357	0.9364480217	0.9364780153	0.9366258806	0.9368457544	0.9363717284	0.9366785282	0.9368199663	0.9368450006	0.9363679594	0.9365455406	0.9361003180	0.9364882512	0.9370015943	0.9365503015	0.9368275044	0.9366292926	0.9367710085	0.9365437156	0.9368530148	0.9369155412	0.9366857092	0.9368468256	0.9368335348	0.9365830723	0.9367887031	0.9367848547	0.9375217216	0.9369691805	0.9363917638	0.9359855409	0.9365391928	0.9363765687	0.9371050643	0.9366952706	0.9372668552	0.9370738011	0.9365590298	0.9366171523	0.9366796390	0.9369104629	0.9371496976	0.9365878332	0.9363022988	0.9365380025	0.9368136978	0.9365294726	0.9363252701	0.9366633330	0.9368518246	0.9366090192	0.9366513514	0.9363099162	0.9365987039	0.9364631772	0.9369796545	0.9364064433	0.9364039438	0.9366098523	0.9364325885	0.9366608335	0.9364065226	0.9365388357	0.9369558897	0.9366868200	0.9366763064	0.9362655209	0.9368414300
0.9369097487	0.9366722200	0.9365189193	0.9371168078	0.9362568719	0.9364490532	0.9364019998	0.9364736908	0.9367484339	0.9366015604	0.9365385580	0.9365955696	0.9368145706	0.9366579770	0.9366296100	0.9365795810	0.9364168775	0.9365885077	0.9367327230	0.9366555172	0.9361701444	0.9368021526	0.9366738466	0.9367765232	0.9364870610	0.9365791842	0.9365014627	1.0000000000	0.9369898904	0.9366625792	0.9359351151	0.9365822391	0.9367182419	0.9365470086	0.9367139174	0.9371758429	0.9369038770	0.9364421499	0.9364101726	0.9362776612	0.9365552211	0.9368536893	0.9363773225	0.9368789220	0.9367252246	0.9365292346	0.9367469263	0.9369998883	0.9369505337	0.9367913216	0.9367051098	0.9367379203	0.9365184035	0.9370140519	0.9364035074	0.9367045940	0.9369172075	0.9366694825	0.9366031871	0.9366622618	0.9364716278	0.9372762183	0.9367235979	0.9373295403	0.9368761448	0.9364819827	0.9365629575	0.9365383993	0.9367708101	0.9365016611	0.9364624631	0.9366796787	0.9365101513	0.9366382590	0.9368753513	0.9364347706	0.9366124708	0.9369468837	0.9363808138	0.9366771396	0.9367660095	0.9367148696	0.9369569609	0.9368274647	0.9367678742	0.9363065042	0.9366407188	0.9366642852	0.9364902349	0.9365604581	0.9366237382	0.9365089214	0.9366250872	0.9367042370	0.9366585324	0.9366986826
0.9375475891	0.9373163288	0.9366732912	0.9372322197	0.9368180619	0.9368213946	0.9364688506	0.9374219412	0.9370451564	0.9370217487	0.9370074660	0.9370106796	0.9370945507	0.9370444423	0.9371277182	0.9371255361	0.9367313740	0.9379984851	0.9378005511	0.9371929027	0.9370908610	0.9369410516	0.9368541654	0.9368953471	0.9367894966	0.9371806831	0.9366727357	0.9369898904	1.0000000000	0.9370503140	0.9365274096	0.9374090868	0.9369479946	0.9370490841	0.9367699769	0.9372420589	0.9374040482	0.9367319692	0.9370684054	0.9366484949	0.9370845131	0.9370842354	0.9370312705	0.9373008559	0.9370205188	0.9367884254	0.9366822972	0.9374127765	0.9371792548	0.9368715029	0.9368369468	0.9371899272	0.9368553556	0.9375788126	0.9377450073	0.9368640442	0.9375926588	0.9370249226	0.9374245597	0.9373181141	0.9369277608	0.9375318385	0.9368913796	0.9373975020	0.9371643770	0.9370939555	0.9371058974	0.9371570373	0.9369642213	0.9366960244	0.9374080950	0.9369019726	0.9366340535	0.9373556855	0.9371764380	0.9371737798	0.9371030409	0.9374681615	0.9370418238	0.9376327693	0.9372072251	0.9371287100	0.9370817359	0.9371759222	0.9375464782	0.9367996928	0.9372667362	0.9370172655	0.9370772131	0.9368624176	0.9366097333	0.9369067335	0.9368609496	0.9371183948	0.9372397181	0.9373035141
0.9369612060	0.9368396050	0.9365226090	0.9373690160	0.9368766209	0.9366085827	0.9367241930	0.9365067394	0.9369562071	0.9366899940	0.9369842170	0.9372919689	0.9370783636	0.9367487910	0.9369441859	0.9367946542	0.9368909432	0.9368431756	0.9369831061	0.9366947549	0.9366225480	0.9365814457	0.9366853918	0.9365556575	0.9364965431	0.9368320272	0.9364480217	0.9366625792	0.9370503140	1.0000000000	0.9364626614	0.9368643616	0.9367325643	0.9367166946	0.9369138352	0.9372517394	0.9370157976	0.9371935375	0.9365299487	0.9364840855	0.9368183000	0.9372553101	0.9367372061	0.9369483913	0.9365974343	0.9366855108	0.9369570006	0.9372257529	0.9372967695	0.9370326591	0.9366727754	0.9371541411	0.9366892798	0.9367964396	0.9369621582	0.9368754703	0.9370914957	0.9370211933	0.9366482172	0.9369004253	0.9367437524	0.9374301934	0.9367477594	0.9375173177	0.9370817756	0.9368417870	0.9369368858	0.9368721774	0.9367821172	0.9369971508	0.9368140152	0.9371564422	0.9366967386	0.9364969002	0.9369969524	0.9362490562	0.9370175036	0.9367233996	0.9371927440	0.9367178849	0.9367980265	0.9369127243	0.9368793981	0.9371126024	0.9371649722	0.9368914987	0.9367359762	0.9366180649	0.9368171891	0.9369171678	0.9365364949	0.9367653351	0.9368615051	0.9367688661	0.9366130262	0.9367087201
0.9364750398	0.9360455678	0.9362151348	0.9364346119	0.9363879948	0.9363410207	0.9361574090	0.9362777405	0.9369236744	0.9367563290	0.9362765106	0.9364928534	0.9367649383	0.9364798007	0.9363086863	0.9363760926	0.9361017463	0.9359631250	0.9365674010	0.9361793091	0.9361128153	0.9359765745	0.9362659573	0.9362457235	0.9360188671	0.9364164015	0.9364780153	0.9359351151	0.9365274096	0.9364626614	1.0000000000	0.9363012276	0.9362670285	0.9362056924	0.9364842441	0.9368703127	0.9366696015	0.9361517753	0.9362840487	0.9360256117	0.9362916661	0.9366845586	0.9365677184	0.9364589718	0.9366118757	0.9361130137	0.9366696808	0.9365241563	0.9366619841	0.9364741273	0.9365006692	0.9369724338	0.9362715910	0.9361245192	0.9363249924	0.9362556817	0.9366088208	0.9360721097	0.9359254346	0.9364018807	0.9363715301	0.9369808447	0.9363588740	0.9368528561	0.9366002115	0.9365019388	0.9366284595	0.9360580651	0.9363102336	0.9366375448	0.9360538596	0.9362081522	0.9364616299	0.9363271744	0.9365972756	0.9360056953	0.9364185835	0.9367189561	0.9366640471	0.9367684296	0.9365606168	0.9361525688	0.9364978920	0.9367497431	0.9363817263	0.9358414049	0.9361929173	0.9366510737	0.9362335039	0.9362842074	0.9357673730	0.9363681974	0.9361633204	0.9363913274	0.9362140636	0.9365640684
0.9371540618	0.9375820262	0.9367798955	0.9372279746	0.9366856695	0.9363942236	0.9363278886	0.9368431360	0.9373186299	0.9365403036	0.9370314689	0.9374617343	0.9372472562	0.9366196518	0.9365435172	0.9368228625	0.9369019330	0.9378188011	0.9369923502	0.9369572783	0.9366678955	0.9373013320	0.9368160386	0.9365994180	0.9369179216	0.9365848180	0.9366258806	0.9365822391	0.9374090868	0.9368643616	0.9363012276	1.0000000000	0.9367286365	0.9369374016	0.9368268299	0.9374088091	0.9377471101	0.9363688322	0.9374655827	0.9366544857	0.9366505976	0.9371848886	0.9368561887	0.9371320427	0.9369841377	0.9373938123	0.9364723816	0.9372526122	0.9368282582	0.9367617247	0.9363737518	0.9368866188	0.9366530574	0.9374468962	0.9366073528	0.9367456964	0.9376975968	0.9366449639	0.9378127707	0.9365051524	0.9367244311	0.9373221609	0.9367766025	0.9368521816	0.9373858775	0.9364581783	0.9369908029	0.9369850502	0.9366846380	0.9365671233	0.9365730744	0.9367232409	0.9364790468	0.9371300590	0.9369826300	0.9368251636	0.9372751074	0.9370130601	0.9367009837	0.9367921151	0.9372372583	0.9369071303	0.9366375052	0.9372273002	0.9374620914	0.9363461783	0.9374161885	0.9375489380	0.9368672181	0.9366242540	0.9369158189	0.9370444423	0.9366562710	0.9368807073	0.9373872661	0.9368828497
