0.4835052408	-0.0041873059	-0.0061051915	-0.0053292736	-0.0050232173	-0.0048223172	-0.0053279829	-0.0047516277	-0.0060621267	-0.0048659446	-0.0057730790	-0.0039705969	-0.0052492340	-0.0048599956	-0.0056138000	-0.0046064821	-0.0054003958	-0.0040727634	-0.0048897610	-0.0045196273	-0.0052751547	-0.0056170453	-0.0055683475	-0.0053927404	-0.0050401561	-0.0055501571	-0.0049090913	-0.0051672029	-0.0040682256	-0.0056670974	-0.0062728525	-0.0058850066	-0.0063841709	-0.0059726353	-0.0045621479	-0.0038658975	-0.0037845092	-0.0049912247	-0.0038483612	-0.0060304792	-0.0060033969	-0.0045754670	-0.0050291407	-0.0062436524	-0.0039225739	-0.0051008586	-0.0046571920	-0.0070169179	-0.0044695890	-0.0047946837	-0.0049305266	-0.0035058904	-0.0052166115	-0.0032895365	-0.0051203461	-0.0053448645	-0.0041685180	-0.0054114622	-0.0027045868	-0.0049273611	-0.0067845904	-0.0051808337	-0.0063288732	-0.0045002799	-0.0035238201	-0.0060328055	-0.0055106464	-0.0041478576	-0.0045170635	-0.0061500019	-0.0060502785	-0.0057536919	-0.0069867109	-0.0062387975	-0.0061314970	-0.0043284468	-0.0049440458	-0.0043841241	-0.0056112046	-0.0044567024	-0.0048858026	-0.0039115611	-0.0049603397	-0.0051126474	-0.0032963951	-0.0053269590	-0.0048791692	-0.0059605769	-0.0054359868	-0.0060050127	-0.0050523523	-0.0052243048	-0.0050694820	-0.0054525895	-0.0045043693	-0.0051490190
-0.0041873059	0.5687695542	-0.0089159090	-0.0047128512	-0.0066610398	-0.0056005151	-0.0093442760	-0.0045542025	-0.0080103159	-0.0077245588	-0.0060028931	-0.0044444990	-0.0063613621	-0.0075820565	-0.0059232982	-0.0076060360	-0.0041096010	0.0029094748	-0.0054756998	-0.0062249927	-0.0043827415	-0.0052585730	-0.0064332254	-0.0083304559	-0.0057419825	-0.0089195261	-0.0083745988	-0.0067900166	-0.0060066591	-0.0073675708	-0.0086815856	-0.0041400263	-0.0057984165	-0.0041973509	-0.0077300523	-0.0065717149	-0.0025972765	-0.0085233464	-0.0029082072	-0.0045470250	-0.0054969461	-0.0067735883	-0.0063969039	-0.0066539314	-0.0070672781	-0.0052492045	-0.0083166349	-0.0063828105	-0.0045838664	-0.0078494407	-0.0080242189	-0.0054690372	-0.0066229675	-0.0016107009	-0.0062027749	-0.0085328958	-0.0034961475	-0.0072071210	0.0018222579	-0.0074808432	-0.0080846168	-0.0054069233	-0.0071462833	-0.0072793262	-0.0048763247	-0.0075098715	-0.0066312494	-0.0049085231	-0.0079279387	-0.0072731072	-0.0035118518	-0.0059473971	-0.0077792182	-0.0068307887	-0.0066283569	-0.0029693040	-0.0054605913	-0.0068256015	-0.0078897460	-0.0037657279	-0.0036785177	-0.0059411050	-0.0069029167	-0.0077672075	-0.0037827392	-0.0071109527	-0.0035222134	-0.0060764179	-0.0063377439	-0.0066830546	-0.0052424786	-0.0065950606	-0.0069181343	-0.0063473315	-0.0038622512	-0.0059213388
-0.0061051915	-0.0089159090	0.5120490649	-0.0060360053	-0.0043505161	-0.0070119425	-0.0045323742	-0.0063198888	-0.0052264032	-0.0052535996	-0.0046940000	-0.0050122937	-0.0042979941	-0.0049633417	-0.0060478834	-0.0026806707	-0.0059968221	-0.0067334802	-0.0046288393	-0.0054926625	-0.0061229586	-0.0057900286	-0.0059505187	-0.0035679276	-0.0064480533	-0.0043886647	-0.0054123999	-0.0051266039	-0.0058614612	-0.0056971083	-0.0055326926	-0.0042425159	-0.0055694706	-0.0065256336	-0.0051960969	-0.0050289922	-0.0064374307	-0.0049814050	-0.0074481205	-0.0049773122	-0.0069021178	-0.0050387498	-0.0048446268	-0.0055477702	-0.0043330342	-0.0045199434	-0.0056269374	-0.0065611997	-0.0049250292	-0.0060967747	-0.0042291609	-0.0055229154	-0.0048641665	-0.0066745005	-0.0059975932	-0.0007222363	-0.0054121495	-0.0044827529	-0.0087178413	-0.0052031552	-0.0057433204	-0.0047026138	-0.0049798097	-0.0049585966	-0.0041873966	-0.0050393705	-0.0059156786	-0.0035192124	-0.0041847280	-0.0061034741	-0.0061237486	-0.0045873191	-0.0050225478	-0.0054481320	-0.0056339021	-0.0068853049	-0.0043432661	-0.0067023995	-0.0046083746	-0.0068414591	-0.0055594163	-0.0054366676	-0.0052228840	-0.0050670129	-0.0060887864	-0.0037025336	-0.0062657042	-0.0054342832	-0.0062616299	-0.0052202841	-0.0055111694	-0.0052195369	-0.0055151093	-0.0046554662	-0.0054779174	-0.0050521411
-0.0053292736	-0.0047128512	-0.0060360053	0.4987531925	-0.0055582148	-0.0048416851	-0.0022550840	-0.0051395576	-0.0045242772	-0.0046674799	-0.0035346959	-0.0046240707	-0.0063492325	-0.0044031854	-0.0043805747	-0.0046877303	-0.0043993895	-0.0032234762	-0.0055067409	-0.0051957795	-0.0062279810	-0.0054597745	-0.0055354783	-0.0047975127	-0.0046381081	-0.0061773950	-0.0054845033	-0.0039920061	-0.0050479664	-0.0035256011	-0.0061102347	-0.0047099486	-0.0056658464	-0.0050623354	-0.0063264411	-0.0058166633	-0.0055883992	-0.0049792713	-0.0050906357	-0.0053090183	-0.0047977051	-0.0046194102	-0.0056927492	-0.0050579301	-0.0056386986	-0.0062737281	-0.0058402123	-0.0053201598	-0.0053487763	-0.0049926011	-0.0061753385	-0.0055673912	-0.0046537457	-0.0052327223	-0.0042723643	-0.0053322504	-0.0048082127	-0.0057118188	-0.0037840435	-0.0048443013	-0.0074742797	-0.0047087413	-0.0056930744	-0.0050851700	-0.0054013819	-0.0049168902	-0.0059292429	-0.0047590740	-0.0049119254	-0.0054515652	-0.0064518283	-0.0055639782	-0.0067047524	-0.0061069136	-0.0061315373	-0.0050393126	-0.0061594747	-0.0041253245	-0.0054804845	-0.0046658989	-0.0040549069	-0.0049363912	-0.0064174039	-0.0049817409	-0.0058471184	-0.0054414906	-0.0059853448	-0.0054678188	-0.0064172426	-0.0056924766	-0.0038698024	-0.0065588822	-0.0064019654	-0.0056730613	-0.0055766797	-0.0057914330
-0.0050232173	-0.0066610398	-0.0043505161	-0.0055582148	0.4998012888	-0.0053718729	-0.0048341986	-0.0065713383	-0.0039744550	-0.0041215929	-0.0055881278	-0.0052391736	-0.0059702800	-0.0043306793	-0.0046756896	-0.0032880701	-0.0049789072	-0.0075957441	-0.0056468450	-0.0043204586	-0.0050078972	-0.0054886822	-0.0043970156	-0.0045346722	-0.0043095972	-0.0053871751	-0.0052797919	-0.0063233932	-0.0057332342	-0.0047443806	-0.0054320394	-0.0055218044	-0.0063106169	-0.0058007570	-0.0049962473	-0.0041685292	-0.0061387419	-0.0050519386	-0.0059080195	-0.0069523383	-0.0053518554	-0.0053437531	-0.0052511688	-0.0051402340	-0.0043277174	-0.0055738094	-0.0044456053	-0.0053692045	-0.0053366432	-0.0041599786	-0.0044384697	-0.0045683089	-0.0049238199	-0.0067027925	-0.0051350114	-0.0059702465	-0.0062498553	-0.0021786732	-0.0082136475	-0.0045681630	-0.0064907830	-0.0040388784	-0.0054005792	-0.0051410183	-0.0057817669	-0.0044878369	-0.0049864828	-0.0057911385	-0.0037824674	-0.0052561149	-0.0045068009	-0.0051944256	-0.0071062446	-0.0049211559	-0.0053497874	-0.0072138581	-0.0034216875	-0.0051728525	-0.0053944388	-0.0060792188	-0.0065953879	-0.0046346763	-0.0060187917	-0.0030308344	-0.0048904603	-0.0047064719	-0.0057904289	-0.0055723380	-0.0046715950	-0.0045048365	-0.0063482127	-0.0062537798	-0.0052795000	-0.0061447901	-0.0048154374	-0.0061899606
-0.0048223172	-0.0056005151	-0.0070119425	-0.0048416851	-0.0053718729	0.5222122005	-0.0060688032	-0.0048140480	-0.0055165750	-0.0060872370	-0.0049778893	-0.0060199260	-0.0048432188	-0.0063736211	-0.0066046542	-0.0057215191	-0.0063474729	-0.0054673950	-0.0025796258	-0.0058287447	-0.0064466462	-0.0070867961	-0.0053095283	-0.0051502639	-0.0073438073	-0.0058543036	-0.0047283738	-0.0052707114	-0.0054808506	-0.0057412936	-0.0053439642	-0.0063080717	-0.0036612893	-0.0060077513	-0.0061456775	-0.0053449930	-0.0060032758	-0.0050038905	-0.0059665447	-0.0054543796	-0.0059736471	-0.0041321759	-0.0050307140	0.0008706392	-0.0047809228	-0.0054583485	-0.0052952142	-0.0046180914	-0.0053787305	-0.0051503497	-0.0068976020	-0.0050085702	-0.0058908275	-0.0066051224	-0.0060969638	-0.0060968169	-0.0069796149	-0.0062299518	-0.0061893071	-0.0052092124	-0.0082123360	-0.0056228552	-0.0058353908	-0.0040643681	-0.0031666879	-0.0066987864	-0.0052535827	-0.0065117559	-0.0042404820	-0.0064400516	-0.0054260229	-0.0047423892	-0.0071320054	-0.0054186888	-0.0061860940	-0.0050601393	-0.0049554317	-0.0035425016	-0.0056212186	-0.0044289820	-0.0065018752	-0.0051533383	-0.0063183865	-0.0037863228	-0.0056186853	-0.0053754969	-0.0051928927	-0.0050562362	-0.0060537612	-0.0051413028	-0.0065033858	-0.0074368047	-0.0053210779	-0.0062452860	-0.0042384031	-0.0050061562
-0.0053279829	-0.0093442760	-0.0045323742	-0.0022550840	-0.0048341986	-0.0060688032	0.5234048494	-0.0054518096	-0.0043076351	-0.0042734154	-0.0053940195	-0.0061547166	-0.0054071634	-0.0055003762	-0.0054106340	-0.0041140046	-0.0068510949	-0.0086896919	-0.0060735386	-0.0056522596	-0.0062236735	-0.0067847796	-0.0067024399	-0.0047852943	-0.0048605042	-0.0041722875	-0.0055666404	-0.0050506047	-0.0060598792	-0.0040328942	-0.0051343584	-0.0063222177	-0.0049611294	-0.0060161549	-0.0043995834	-0.0057154464	-0.0066286375	-0.0036510140	-0.0058715969	-0.0068676994	-0.0069936570	-0.0055902761	-0.0045899221	-0.0051572059	-0.0053337187	-0.0064109217	-0.0039244232	-0.0048175988	-0.0050038951	-0.0062082065	-0.0054686450	-0.0051914742	-0.0053291475	-0.0062500867	-0.0059275511	-0.0045552404	-0.0078627472	-0.0052468224	-0.0085240687	-0.0058103038	-0.0045151319	-0.0049948439	-0.0053848313	-0.0039345382	-0.0043585822	-0.0053375717	-0.0060934175	-0.0058572927	-0.0044899807	-0.0053607154	-0.0046979666	-0.0063092870	-0.0052977455	-0.0052399393	-0.0052362728	-0.0073604346	-0.0049003388	-0.0046584020	-0.0051525128	-0.0060446887	-0.0069278380	-0.0047975745	-0.0059530734	-0.0035084052	-0.0053574524	-0.0055104880	-0.0060362176	-0.0053040826	-0.0045858206	-0.0045381515	-0.0058855736	-0.0056164096	-0.0045456033	-0.0056359168	-0.0077979575	-0.0065339651
-0.0047516277	-0.0045542025	-0.0063198888	-0.0051395576	-0.0065713383	-0.0048140480	-0.0054518096	0.5220969851	-0.0044451448	-0.0060222252	-0.0054259862	-0.0074639750	-0.0054271824	-0.0045019674	-0.0035526641	-0.0068880574	-0.0035840839	-0.0047856812	-0.0045187015	-0.0054449520	-0.0055337580	-0.0062314476	-0.0050077761	-0.0050956265	-0.0060905646	-0.0058191922	-0.0063814052	-0.0055941742	-0.0025467906	-0.0064046773	-0.0055705730	-0.0051944112	-0.0053108344	-0.0062459887	-0.0061717823	-0.0061327204	-0.0042307864	-0.0064603267	-0.0059447959	-0.0052325694	-0.0061007786	-0.0066391746	-0.0053140582	-0.0067350105	-0.0062013953	-0.0048974120	-0.0025667113	-0.0052957524	-0.0048177238	-0.0054370031	-0.0058742294	-0.0054839956	-0.0052728520	-0.0054761971	-0.0065597947	-0.0055064156	-0.0066214802	-0.0058067118	-0.0052990654	-0.0069550599	-0.0064394905	-0.0063439644	-0.0059107609	-0.0060887281	-0.0058686340	-0.0046151760	-0.0059410616	-0.0052071035	-0.0051008997	-0.0058939719	-0.0049496231	-0.0073226505	-0.0067416267	-0.0064748045	-0.0050454911	-0.0060750599	-0.0047922322	-0.0050485230	-0.0051107470	-0.0043889388	-0.0047825844	-0.0052846389	-0.0059822822	-0.0056358874	-0.0059327415	-0.0041801835	-0.0022945871	-0.0047095498	-0.0056293105	-0.0056023311	-0.0063104938	-0.0058346452	-0.0061416616	-0.0044494386	-0.0056284968	-0.0066145500
-0.0060621267	-0.0080103159	-0.0052264032	-0.0045242772	-0.0039744550	-0.0055165750	-0.0043076351	-0.0044451448	0.4830713359	-0.0039458412	-0.0049735234	-0.0061764884	-0.0063101771	-0.0048930464	-0.0053315159	-0.0053185878	-0.0044684515	-0.0061255611	-0.0054964781	-0.0059792232	-0.0051555013	-0.0050457926	-0.0039311523	-0.0042824377	-0.0050615746	-0.0056439952	-0.0048897407	-0.0057887093	-0.0054781352	-0.0054480139	-0.0033518906	-0.0041748139	-0.0054719127	-0.0065509411	-0.0044474302	-0.0053387583	-0.0055330822	-0.0050640763	-0.0056938034	-0.0056039740	-0.0055471588	-0.0049891068	-0.0046230862	-0.0060759545	-0.0038256963	-0.0045589723	-0.0051108193	-0.0041058431	-0.0049323675	-0.0036797104	-0.0047825595	-0.0046579874	-0.0042031085	-0.0047467472	-0.0036765651	-0.0045546040	-0.0041734233	-0.0066549392	-0.0077902296	-0.0055580541	-0.0064956325	-0.0052429522	-0.0037397002	-0.0024638404	-0.0041697125	-0.0046372465	-0.0052009959	-0.0043389729	-0.0053325641	-0.0056688862	-0.0057368343	-0.0049830246	-0.0068504704	-0.0048665007	-0.0055682669	-0.0052766815	-0.0058990011	-0.0060957726	-0.0048411192	-0.0067223008	-0.0057542183	-0.0059813464	-0.0027675512	-0.0037941099	-0.0049247184	-0.0045102161	-0.0058132036	-0.0043152451	-0.0049754556	-0.0046817185	-0.0050416347	-0.0059669738	-0.0055049897	-0.0036595177	-0.0040386864	-0.0059227796
-0.0048659446	-0.0077245588	-0.0052535996	-0.0046674799	-0.0041215929	-0.0060872370	-0.0042734154	-0.0060222252	-0.0039458412	0.4719424813	-0.0052658981	-0.0050227330	-0.0045310747	-0.0059377347	-0.0064208255	-0.0047692276	-0.0048876879	-0.0081134417	-0.0056216739	-0.0059003826	-0.0046866740	-0.0059835090	-0.0046050373	-0.0031967028	-0.0063197936	-0.0033188431	-0.0049724198	-0.0049567686	-0.0050246540	-0.0056369048	-0.0037326392	-0.0064955042	-0.0050629813	-0.0054151258	-0.0009679743	-0.0044496481	-0.0048048626	-0.0044729015	-0.0054135644	-0.0059991198	-0.0056156997	-0.0048695625	-0.0058294497	-0.0053094272	-0.0050074038	-0.0044174206	-0.0051976244	-0.0042894177	-0.0053428953	-0.0030893597	-0.0044839822	-0.0051325372	-0.0052743882	-0.0064782903	-0.0059242574	-0.0042223190	-0.0058112264	-0.0025262444	-0.0067448544	-0.0038395441	-0.0059964699	-0.0039151731	-0.0040361125	-0.0027956196	-0.0040499834	-0.0039427097	-0.0049525032	-0.0034085644	-0.0038416445	-0.0049714492	-0.0049154190	-0.0049071123	-0.0060708834	-0.0040543167	-0.0056446104	-0.0064098143	-0.0051643445	-0.0047503142	-0.0052421006	-0.0053734983	-0.0044986161	-0.0049741650	-0.0058144527	-0.0038419162	-0.0049087467	-0.0048692312	-0.0070918263	-0.0041963334	-0.0053507986	-0.0037721788	-0.0049847243	-0.0050116353	-0.0037330255	-0.0058480164	-0.0057344108	-0.0045156537
-0.0057730790	-0.0060028931	-0.0046940000	-0.0035346959	-0.0055881278	-0.0049778893	-0.0053940195	-0.0054259862	-0.0049735234	-0.0052658981	0.4817011581	-0.0051628078	-0.0041828921	-0.0051841911	-0.0062750374	-0.0051111380	-0.0049379647	-0.0060844059	-0.0050030643	-0.0058967585	-0.0045344847	-0.0038141517	-0.0068831219	-0.0045261176	-0.0059034611	-0.0052960454	-0.0051833940	-0.0057651494	-0.0052515351	-0.0036059172	-0.0058830298	-0.0045774286	-0.0053526100	-0.0055817713	-0.0052644679	-0.0047497248	-0.0053157169	-0.0042648118	-0.0049935348	-0.0054004160	-0.0053222524	-0.0045480859	-0.0060553690	-0.0063573960	-0.0047292425	-0.0048505031	0.0024081336	-0.0048965929	-0.0057123537	-0.0027499442	-0.0038005105	-0.0046732842	-0.0049143261	-0.0035740255	-0.0058096309	-0.0054261739	-0.0056886103	-0.0048779403	-0.0063807832	-0.0042393663	-0.0065249150	-0.0046807198	-0.0053992997	-0.0047592243	-0.0059057836	-0.0049591872	-0.0049637010	-0.0053168134	-0.0049102183	-0.0062792205	-0.0052900379	-0.0040134762	-0.0059368130	-0.0049996290	-0.0056262993	-0.0050925242	-0.0050721029	-0.0047223954	-0.0038188570	-0.0063105201	-0.0049855585	-0.0053614606	-0.0049482650	-0.0038155976	-0.0049007564	-0.0054471443	-0.0049065583	-0.0059591792	-0.0053323153	-0.0041553394	-0.0053841832	-0.0065178905	-0.0059329653	-0.0052935205	-0.0056103208	-0.0047548461
-0.0039705969	-0.0044444990	-0.0050122937	-0.0046240707	-0.0052391736	-0.0060199260	-0.0061547166	-0.0074639750	-0.0061764884	-0.0050227330	-0.0051628078	0.5014191686	-0.0043109087	-0.0055620221	-0.0051712152	-0.0063741687	-0.0052292676	-0.0046346516	-0.0046346324	-0.0049869231	-0.0054254539	-0.0060166609	-0.0063398275	-0.0057669998	-0.0056038193	-0.0057912794	-0.0065452949	-0.0058723069	-0.0052236493	-0.0037349227	-0.0055040036	-0.0039040275	-0.0057774002	-0.0042392895	-0.0046912360	-0.0050951660	-0.0047152466	-0.0060463344	-0.0055169879	-0.0040549860	-0.0055538769	-0.0056981743	-0.0055931900	-0.0047212859	-0.0045203222	-0.0054222715	-0.0065283724	-0.0060316812	-0.0038442481	-0.0070104459	-0.0043297373	-0.0074778154	-0.0057402525	-0.0049715707	-0.0047622808	-0.0050668343	-0.0053610657	-0.0064112707	-0.0051984870	-0.0048883029	-0.0059497624	-0.0049656824	-0.0064985644	-0.0040384132	-0.0048436151	-0.0066986285	-0.0034704356	-0.0022799333	-0.0059642257	-0.0049182215	-0.0047383011	-0.0051407081	-0.0066306500	-0.0054855818	-0.0052198509	-0.0039552917	-0.0055561335	-0.0044513383	-0.0056280449	-0.0060908567	-0.0040957529	-0.0057449988	-0.0041628482	-0.0062486987	-0.0049400543	-0.0058571534	-0.0052280747	-0.0037800411	-0.0052383369	-0.0058891294	-0.0062802645	-0.0051540400	-0.0059513886	-0.0043114583	-0.0056579280	-0.0051633137
-0.0052492340	-0.0063613621	-0.0042979941	-0.0063492325	-0.0059702800	-0.0048432188	-0.0054071634	-0.0054271824	-0.0063101771	-0.0045310747	-0.0041828921	-0.0043109087	0.4744884710	-0.0057411662	-0.0051435583	-0.0042261379	-0.0063389796	-0.0058219532	-0.0049749966	-0.0041503650	-0.0045825275	-0.0053506961	-0.0047426910	-0.0045204315	-0.0052385245	-0.0044974102	-0.0044369091	-0.0054560655	-0.0060549720	-0.0052593980	-0.0048860630	-0.0046364291	-0.0052263717	-0.0059889126	-0.0040196658	-0.0039131564	-0.0052195124	-0.0051481823	-0.0056745344	-0.0063816734	-0.0062172420	-0.0043855979	-0.0047106965	-0.0047825833	-0.0055405469	-0.0055350267	-0.0045858964	-0.0041979246	-0.0039187537	-0.0051732351	-0.0046918221	-0.0051611810	-0.0057481051	-0.0072855311	-0.0060400685	-0.0045573868	-0.0048133312	-0.0059864854	-0.0065577230	-0.0065164361	-0.0062108520	-0.0047902733	-0.0045443736	-0.0043338495	-0.0056540963	-0.0044931447	-0.0023960200	-0.0052116293	-0.0048315107	-0.0046668682	-0.0049778904	-0.0062673720	-0.0062163626	-0.0056579679	0.0135691148	-0.0056009475	-0.0040983477	-0.0036813022	-0.0051450316	-0.0050856348	-0.0057504154	-0.0055270309	-0.0055030775	-0.0057004531	-0.0053705723	-0.0050863453	-0.0048122821	-0.0054108338	-0.0053380481	-0.0055495107	-0.0056837698	-0.0049368863	-0.0054298415	-0.0058099001	-0.0059069831	-0.0051005853
-0.0048599956	-0.0075820565	-0.0049633417	-0.0044031854	-0.0043306793	-0.0063736211	-0.0055003762	-0.0045019674	-0.0048930464	-0.0059377347	-0.0051841911	-0.0055620221	-0.0057411662	0.4979444681	-0.0055634121	-0.0048285620	-0.0054698572	-0.0062580170	-0.0058387317	-0.0045956005	-0.0045999256	-0.0043170308	-0.0057025026	-0.0050898618	-0.0035794752	-0.0041685367	-0.0049973441	-0.0046372006	-0.0038781618	-0.0049854971	-0.0043265498	-0.0053473291	-0.0056745366	-0.0062809527	-0.0058479942	-0.0050391688	-0.0059898302	-0.0052064064	-0.0064869718	-0.0062001434	-0.0055720453	-0.0057239605	-0.0047316355	-0.0043953715	-0.0050681014	-0.0050712127	-0.0042223272	-0.0048506630	-0.0057824786	-0.0047331153	-0.0036795502	-0.0050090269	-0.0052149157	-0.0056718225	-0.0051106515	-0.0047442704	-0.0036342602	-0.0052578450	-0.0071345540	-0.0045480978	-0.0063243392	-0.0060439288	-0.0053609714	-0.0039005986	-0.0061465498	-0.0066473458	-0.0051028081	-0.0049067296	-0.0047918210	-0.0054245230	-0.0060099693	-0.0063544004	-0.0060266725	-0.0059982157	-0.0055445135	-0.0065728857	-0.0050230196	-0.0042957010	-0.0042813884	-0.0051378831	-0.0043805227	-0.0056941112	-0.0060041704	-0.0038944114	-0.0060406249	-0.0055390799	-0.0050683267	-0.0051651152	-0.0055412002	-0.0054366420	-0.0049282607	-0.0051021133	-0.0040329651	-0.0057457604	-0.0058208812	-0.0047571298
-0.0056138000	-0.0059232982	-0.0060478834	-0.0043805747	-0.0046756896	-0.0066046542	-0.0054106340	-0.0035526641	-0.0053315159	-0.0064208255	-0.0062750374	-0.0051712152	-0.0051435583	-0.0055634121	0.4921679455	-0.0056737043	-0.0036950119	-0.0043406589	-0.0064029532	-0.0049669117	-0.0038486524	-0.0061911105	-0.0046805551	-0.0058798971	-0.0054658087	-0.0054706520	-0.0052937925	-0.0061765180	-0.0051396568	-0.0052977882	-0.0065212664	-0.0070246133	-0.0057397148	-0.0042252306	-0.0056163703	-0.0054725867	-0.0049636619	-0.0055678273	-0.0048725451	-0.0048130047	-0.0046992300	-0.0048501293	-0.0056396262	-0.0059368571	-0.0063302100	-0.0050026760	-0.0003470609	-0.0050900466	-0.0048088838	-0.0051967270	-0.0049588957	-0.0062527995	-0.0050153942	-0.0044745441	-0.0047983904	-0.0058222519	-0.0054913090	-0.0064714317	-0.0040075947	-0.0060192431	-0.0033684043	-0.0047192988	-0.0052757896	-0.0042695858	-0.0053449474	-0.0062068903	-0.0048269888	-0.0045405108	-0.0052009251	-0.0041367753	-0.0040466412	-0.0052436581	-0.0051550199	-0.0047392176	-0.0050916941	-0.0051327038	-0.0052775051	-0.0027788481	-0.0055039816	-0.0036323128	-0.0045137960	-0.0053006159	-0.0053306226	-0.0057882333	-0.0063510762	-0.0064617766	-0.0057872132	-0.0065877905	-0.0054909720	-0.0055381493	-0.0051787391	-0.0039766931	-0.0050030488	-0.0059120887	-0.0054042374	-0.0043826379
-0.0046064821	-0.0076060360	-0.0026806707	-0.0046877303	-0.0032880701	-0.0057215191	-0.0041140046	-0.0068880574	-0.0053185878	-0.0047692276	-0.0051111380	-0.0063741687	-0.0042261379	-0.0048285620	-0.0056737043	0.5034082691	-0.0059045654	-0.0066397376	-0.0058376270	-0.0045602755	-0.0057439757	-0.0063590551	-0.0053387818	-0.0039781068	-0.0053506046	-0.0047576190	-0.0055584672	-0.0053036254	-0.0046551831	-0.0048739431	-0.0052632353	-0.0047706295	-0.0051692390	-0.0052390184	-0.0043881740	-0.0053276189	-0.0042651098	-0.0062069862	-0.0067155625	-0.0063839398	-0.0059561728	-0.0052634052	-0.0034658615	-0.0053054458	-0.0038268438	-0.0051922650	-0.0047445874	-0.0049887191	-0.0047171241	-0.0058236595	-0.0057134416	-0.0050449229	-0.0063426728	-0.0057618215	-0.0054673768	-0.0043346445	-0.0054070347	-0.0054154819	-0.0083758229	-0.0051370875	-0.0065512423	-0.0054494550	-0.0057229066	-0.0048455244	-0.0050647124	-0.0052760057	-0.0049833030	-0.0056460903	-0.0044315386	-0.0057272150	-0.0046727110	-0.0035541716	-0.0072303175	-0.0051109954	-0.0054279794	-0.0055005228	-0.0053029762	-0.0052747002	-0.0055814653	-0.0052738609	-0.0063956167	-0.0052971797	-0.0049165869	-0.0052924488	-0.0050194459	-0.0043456466	-0.0072401742	-0.0049213481	-0.0054957436	-0.0043390658	-0.0059141079	-0.0036942993	-0.0048263453	-0.0051031383	-0.0067919840	-0.0064178760
-0.0054003958	-0.0041096010	-0.0059968221	-0.0043993895	-0.0049789072	-0.0063474729	-0.0068510949	-0.0035840839	-0.0044684515	-0.0048876879	-0.0049379647	-0.0052292676	-0.0063389796	-0.0054698572	-0.0036950119	-0.0059045654	0.4999789295	-0.0051719658	-0.0034607673	-0.0058361303	-0.0045963456	-0.0058425786	-0.0054706457	-0.0049355908	-0.0056839926	-0.0056103018	-0.0064093707	-0.0060986461	-0.0062054353	-0.0042600347	-0.0063437420	-0.0051322017	-0.0048642241	-0.0056029374	-0.0051775601	-0.0047066315	-0.0042563364	-0.0051421424	-0.0062333681	-0.0040495916	-0.0055998418	-0.0060205183	-0.0058536983	-0.0065553024	-0.0039308305	-0.0051030667	-0.0057150468	-0.0033258025	-0.0060956924	-0.0053588522	-0.0066179246	-0.0045600180	-0.0058590997	-0.0030621476	-0.0050185892	-0.0052400259	-0.0047311904	-0.0058338487	-0.0056570242	-0.0048591016	-0.0075703438	-0.0047683411	-0.0054395274	-0.0052702695	-0.0032302037	-0.0044903339	-0.0053813592	-0.0061042664	-0.0054939972	-0.0051217751	-0.0040772472	-0.0056451436	-0.0070154800	-0.0050602709	-0.0050340165	-0.0041867751	-0.0054146881	-0.0051929856	-0.0034547747	-0.0054587244	-0.0051319190	-0.0055770924	-0.0057043285	-0.0051500527	-0.0048429236	-0.0056120713	-0.0065913651	-0.0051121686	-0.0055990240	-0.0054702196	-0.0053886195	-0.0063463503	-0.0050539922	-0.0061021879	-0.0040702316	-0.0061281447
-0.0040727634	0.0029094748	-0.0067334802	-0.0032234762	-0.0075957441	-0.0054673950	-0.0086896919	-0.0047856812	-0.0061255611	-0.0081134417	-0.0060844059	-0.0046346516	-0.0058219532	-0.0062580170	-0.0043406589	-0.0066397376	-0.0051719658	0.5051141375	-0.0030178899	-0.0066094099	-0.0041710135	-0.0049240058	-0.0045886177	-0.0076036464	-0.0060641516	-0.0082294123	-0.0085448357	-0.0070146904	-0.0020787401	-0.0066618983	-0.0086281003	-0.0025485577	-0.0064581362	-0.0026159040	-0.0063323806	-0.0062817959	-0.0027200914	-0.0070487539	-0.0024612008	-0.0037292042	-0.0040563191	-0.0069824378	-0.0062656103	-0.0037381367	-0.0062134846	-0.0047448791	-0.0058331438	-0.0060429738	-0.0053769313	-0.0072367602	-0.0088461533	-0.0052333659	-0.0046725502	-0.0024912020	-0.0046999204	-0.0079705679	-0.0022492844	-0.0075666723	0.0047171454	-0.0061359750	-0.0075533269	-0.0045824063	-0.0069037649	-0.0082465190	-0.0027524352	-0.0075553605	-0.0077916229	-0.0035809948	-0.0065304340	-0.0061921946	-0.0043026841	-0.0042940819	-0.0079844594	-0.0057535943	-0.0057505430	0.0003260953	-0.0048400221	-0.0056867423	-0.0068660975	-0.0014064580	-0.0025925572	-0.0047724513	-0.0075782275	-0.0075713319	-0.0019559744	-0.0072670343	-0.0021428589	-0.0057317663	-0.0080445324	-0.0085581856	-0.0070702226	-0.0052301405	-0.0059964036	-0.0080691329	-0.0007563441	-0.0027085181
-0.0048897610	-0.0054756998	-0.0046288393	-0.0055067409	-0.0056468450	-0.0025796258	-0.0060735386	-0.0045187015	-0.0054964781	-0.0056216739	-0.0050030643	-0.0046346324	-0.0049749966	-0.0058387317	-0.0064029532	-0.0058376270	-0.0034607673	-0.0030178899	0.4738190711	-0.0047225270	-0.0062224917	-0.0065466296	-0.0060225889	-0.0052009245	-0.0054583900	-0.0058066157	-0.0039550497	-0.0061710187	-0.0026709730	-0.0059143928	-0.0061495401	-0.0062531809	-0.0044456303	-0.0056542167	-0.0060268299	-0.0049080057	-0.0059724960	-0.0055822117	-0.0049949853	-0.0056253690	-0.0043904085	-0.0030537610	-0.0043416029	-0.0045675285	-0.0049167186	-0.0038465557	-0.0025341074	-0.0046881328	-0.0039243728	-0.0054546803	-0.0054359180	-0.0059378286	-0.0054172535	-0.0044597408	-0.0050451006	-0.0052983979	-0.0033492075	-0.0057625122	-0.0038005798	-0.0049931833	-0.0067241002	-0.0050439081	-0.0043454624	-0.0047836798	-0.0023145224	-0.0047900077	-0.0056131913	-0.0033242213	-0.0061640413	-0.0040859262	-0.0048699098	-0.0049644441	-0.0066729574	-0.0037775473	-0.0058194948	-0.0033720634	-0.0057691467	-0.0054003485	-0.0063145050	-0.0051540134	-0.0042741323	-0.0030312285	-0.0046937983	-0.0056762382	-0.0047192765	-0.0062058761	-0.0054743591	-0.0046868088	-0.0057657482	-0.0052836254	-0.0060092672	-0.0050295155	-0.0048013173	-0.0041272584	-0.0047746650	-0.0048322409
-0.0045196273	-0.0062249927	-0.0054926625	-0.0051957795	-0.0043204586	-0.0058287447	-0.0056522596	-0.0054449520	-0.0059792232	-0.0059003826	-0.0058967585	-0.0049869231	-0.0041503650	-0.0045956005	-0.0049669117	-0.0045602755	-0.0058361303	-0.0066094099	-0.0047225270	0.4988233565	-0.0053479281	-0.0061990397	-0.0044103661	-0.0053134812	-0.0051828891	-0.0036514845	-0.0055390390	-0.0043436835	-0.0036081331	-0.0056519590	-0.0059438513	-0.0044675948	-0.0060562251	-0.0047363639	-0.0053033255	-0.0054021203	-0.0048034584	-0.0056496363	-0.0063768021	-0.0061210075	-0.0046619975	-0.0048740509	-0.0055969163	-0.0053894372	-0.0053042714	-0.0063568647	-0.0054138047	-0.0039662827	-0.0062761996	-0.0054126438	-0.0041111785	-0.0057928060	-0.0058934320	-0.0055523964	-0.0053910273	-0.0050262892	-0.0059439424	-0.0045024666	-0.0080935532	-0.0051830448	-0.0064121599	-0.0032728163	-0.0045733347	-0.0046892518	-0.0067942268	-0.0049901203	-0.0048575285	-0.0051280224	-0.0046470722	-0.0036354191	-0.0055304543	-0.0051198316	-0.0065689676	-0.0053385570	-0.0047182971	-0.0057057864	-0.0063919965	-0.0039690754	-0.0050537258	-0.0047098768	-0.0067757764	-0.0059995675	-0.0043598060	-0.0049667676	-0.0056794611	-0.0054830046	-0.0059612361	-0.0059700544	-0.0036638020	-0.0048967594	-0.0058624400	-0.0039461909	-0.0037263938	-0.0032262251	-0.0072075234	-0.0052568499
-0.0052751547	-0.0043827415	-0.0061229586	-0.0062279810	-0.0050078972	-0.0064466462	-0.0062236735	-0.0055337580	-0.0051555013	-0.0046866740	-0.0045344847	-0.0054254539	-0.0045825275	-0.0045999256	-0.0038486524	-0.0057439757	-0.0045963456	-0.0041710135	-0.0062224917	-0.0053479281	0.5172866518	-0.0049233705	-0.0050946253	-0.0066539199	-0.0053374473	-0.0063348866	-0.0053905074	-0.0066469739	-0.0047574152	-0.0049162110	-0.0064871258	-0.0053985467	-0.0060558054	-0.0040211069	-0.0048847521	-0.0051687479	-0.0031731411	-0.0046886960	-0.0067134863	-0.0042330866	-0.0067277520	-0.0067586130	-0.0067129266	-0.0051318353	-0.0049218968	-0.0052938006	-0.0064934143	-0.0062233050	-0.0043265909	-0.0043200325	-0.0060663139	-0.0046635138	-0.0058957057	-0.0053455917	-0.0050029964	-0.0058713820	-0.0041986253	-0.0059143373	-0.0057176116	-0.0062144849	-0.0064785868	-0.0053976353	-0.0056524752	-0.0042237250	-0.0060280319	-0.0063846958	-0.0058323177	-0.0052403642	-0.0065375863	-0.0067538558	-0.0061064137	-0.0053239113	-0.0067231630	-0.0043948782	-0.0051138085	-0.0055838293	-0.0073669228	-0.0041316493	-0.0034241086	-0.0036258008	-0.0048893008	-0.0059004698	-0.0070818975	-0.0056903471	-0.0053303927	-0.0059144538	-0.0048775273	-0.0048300526	-0.0065873900	-0.0061158756	-0.0053525331	-0.0056622436	-0.0063821541	-0.0060263539	-0.0052326948	-0.0042728399
-0.0056170453	-0.0052585730	-0.0057900286	-0.0054597745	-0.0054886822	-0.0070867961	-0.0067847796	-0.0062314476	-0.0050457926	-0.0059835090	-0.0038141517	-0.0060166609	-0.0053506961	-0.0043170308	-0.0061911105	-0.0063590551	-0.0058425786	-0.0049240058	-0.0065466296	-0.0061990397	-0.0049233705	0.5267858218	-0.0062400238	-0.0053475129	-0.0048338769	-0.0060346770	-0.0064874900	-0.0037346041	-0.0048226435	-0.0056448520	-0.0066808616	-0.0033744555	-0.0056133825	-0.0052311726	-0.0058269376	-0.0051562795	-0.0042733093	-0.0058697030	-0.0053423690	-0.0047453793	-0.0065389971	-0.0059685827	-0.0058616364	-0.0036037309	-0.0060075161	-0.0049468158	-0.0059764736	-0.0050670560	-0.0043504844	-0.0046221759	-0.0050073998	-0.0063715918	-0.0065480469	-0.0037312663	-0.0050660675	-0.0056773610	-0.0055188191	-0.0056118913	-0.0055596838	-0.0058729412	-0.0059241957	-0.0053639217	-0.0070264914	-0.0053592439	-0.0055334395	-0.0054074621	-0.0060944537	-0.0045913021	-0.0047939185	-0.0058854654	-0.0057715677	-0.0055384281	-0.0069139739	-0.0060313199	-0.0046092709	-0.0051310154	-0.0059696542	-0.0067491158	-0.0045822441	-0.0049947767	-0.0054705038	-0.0063645073	-0.0064331624	-0.0060997237	-0.0047622865	-0.0068404818	-0.0042139584	-0.0052165998	-0.0064964806	-0.0058777552	-0.0058885012	-0.0061151904	-0.0062788561	-0.0062523406	-0.0045024762	-0.0053029115
-0.0055683475	-0.0064332254	-0.0059505187	-0.0055354783	-0.0043970156	-0.0053095283	-0.0067024399	-0.0050077761	-0.0039311523	-0.0046050373	-0.0068831219	-0.0063398275	-0.0047426910	-0.0057025026	-0.0046805551	-0.0053387818	-0.0054706457	-0.0045886177	-0.0060225889	-0.0044103661	-0.0050946253	-0.0062400238	0.5034181958	-0.0045060668	-0.0061727785	-0.0045291701	-0.0061336180	-0.0049967881	-0.0058468244	-0.0053955483	-0.0051197995	-0.0055725543	-0.0058024477	-0.0060006183	-0.0048494311	-0.0049866971	-0.0064284405	-0.0059783645	-0.0058675799	-0.0055096407	-0.0051346041	-0.0062144184	-0.0054511731	-0.0044965722	-0.0050412982	-0.0051366955	-0.0049951738	-0.0050037497	-0.0045746299	-0.0036323511	-0.0054793612	-0.0053277090	-0.0064533303	-0.0060335878	-0.0046420790	-0.0050376132	-0.0039546573	-0.0043393297	-0.0065063407	-0.0047162893	-0.0075083636	-0.0050084328	-0.0043191025	-0.0039723356	-0.0054723983	-0.0048319074	-0.0051845452	-0.0062069011	-0.0045635428	-0.0053386182	-0.0050357876	-0.0051454806	-0.0071240657	-0.0053175899	-0.0048287208	-0.0062988229	-0.0056725058	-0.0052711868	-0.0054740376	-0.0048503888	-0.0053117860	-0.0055194056	-0.0049930511	-0.0040897921	-0.0051513253	-0.0055385960	-0.0046084702	-0.0044914902	-0.0049017959	-0.0044041279	-0.0064285746	-0.0064657157	-0.0050795504	-0.0055877299	-0.0042812993	-0.0043185531
-0.0053927404	-0.0083304559	-0.0035679276	-0.0047975127	-0.0045346722	-0.0051502639	-0.0047852943	-0.0050956265	-0.0042824377	-0.0031967028	-0.0045261176	-0.0057669998	-0.0045204315	-0.0050898618	-0.0058798971	-0.0039781068	-0.0049355908	-0.0076036464	-0.0052009245	-0.0053134812	-0.0066539199	-0.0053475129	-0.0045060668	0.4955994709	-0.0055305511	-0.0040340021	-0.0052616223	-0.0042143522	-0.0048931009	-0.0055201554	-0.0056914567	-0.0055718660	-0.0049884913	-0.0054402940	-0.0050768926	-0.0056312047	-0.0056924624	-0.0044125190	-0.0069247311	-0.0073489014	-0.0057188266	-0.0037828879	-0.0053827616	-0.0046089922	-0.0055273407	-0.0041233651	-0.0047642859	-0.0036562831	-0.0057249543	-0.0043760626	-0.0043807140	-0.0047181767	-0.0044418894	-0.0058945701	-0.0045514145	-0.0032089152	-0.0055222849	-0.0059408843	-0.0078965602	-0.0054998942	-0.0061789141	-0.0041369489	-0.0041148511	-0.0030078136	-0.0040408921	-0.0050002891	-0.0057102255	-0.0058256673	-0.0048419006	-0.0049167818	-0.0055099175	-0.0063774244	-0.0059604165	-0.0057383111	-0.0055397144	-0.0066060233	-0.0050335680	-0.0037669721	-0.0054538242	-0.0067417650	-0.0067632260	-0.0048930292	-0.0053479752	-0.0059070787	-0.0060333007	-0.0057145186	-0.0060061624	-0.0055204464	-0.0056007977	-0.0054733629	-0.0051081443	-0.0049241860	-0.0052013038	-0.0030671174	-0.0064267480	-0.0046999956
-0.0050401561	-0.0057419825	-0.0064480533	-0.0046381081	-0.0043095972	-0.0073438073	-0.0048605042	-0.0060905646	-0.0050615746	-0.0063197936	-0.0059034611	-0.0056038193	-0.0052385245	-0.0035794752	-0.0054658087	-0.0053506046	-0.0056839926	-0.0060641516	-0.0054583900	-0.0051828891	-0.0053374473	-0.0048338769	-0.0061727785	-0.0055305511	0.5172287038	-0.0043557147	-0.0053876369	-0.0054550124	-0.0061491176	-0.0063154007	-0.0064429583	-0.0046243903	-0.0049384022	-0.0052993191	-0.0041426073	-0.0046661231	-0.0070215047	-0.0052780847	-0.0063272136	-0.0067673563	-0.0042115414	-0.0053316440	-0.0052446619	-0.0068342937	-0.0054406645	-0.0055707852	-0.0058146150	-0.0057801658	-0.0048018486	-0.0061553119	-0.0059460708	-0.0057810754	-0.0046241015	-0.0041912138	-0.0064974770	-0.0062537024	-0.0047981233	-0.0038328119	-0.0048162743	-0.0060331980	-0.0066075517	-0.0060964559	-0.0067470599	-0.0049629457	-0.0044610788	-0.0053290243	-0.0063917352	-0.0061931362	-0.0063221166	-0.0052133810	-0.0059964463	-0.0056256466	-0.0072492312	-0.0061434853	-0.0058392908	-0.0049580261	-0.0041767562	-0.0043725937	-0.0050675575	-0.0046850069	-0.0042653690	-0.0049221180	-0.0059392935	-0.0055964002	-0.0055468261	-0.0054939930	-0.0045153427	-0.0046638748	-0.0045992506	-0.0052943632	-0.0056491979	-0.0052836217	-0.0049169961	-0.0054769843	-0.0061128202	-0.0041233924
-0.0055501571	-0.0089195261	-0.0043886647	-0.0061773950	-0.0053871751	-0.0058543036	-0.0041722875	-0.0058191922	-0.0056439952	-0.0033188431	-0.0052960454	-0.0057912794	-0.0044974102	-0.0041685367	-0.0054706520	-0.0047576190	-0.0056103018	-0.0082294123	-0.0058066157	-0.0036514845	-0.0063348866	-0.0060346770	-0.0045291701	-0.0040340021	-0.0043557147	0.4900681471	-0.0042182022	-0.0050230839	-0.0033405378	-0.0046192121	-0.0042682479	-0.0056567694	-0.0047808643	-0.0064980644	-0.0053506740	0.0021851762	-0.0059824622	-0.0033516500	-0.0066086122	-0.0072289295	-0.0056183676	-0.0042842142	-0.0050023937	-0.0047212318	-0.0049813381	-0.0043249144	-0.0056739044	-0.0045260639	-0.0048645664	-0.0044849393	-0.0053605399	-0.0050330267	-0.0052906280	-0.0067644076	-0.0046975012	-0.0042823006	-0.0066339222	-0.0052422830	-0.0091118748	-0.0053882014	-0.0058703962	-0.0049416184	-0.0036521144	-0.0033329024	-0.0050584687	-0.0037540578	-0.0051609261	-0.0056179952	-0.0046981132	-0.0047069411	-0.0062226662	-0.0046972456	-0.0055196342	-0.0054036675	-0.0049048068	-0.0066076916	-0.0055967787	-0.0054014852	-0.0038547571	-0.0055392526	-0.0058313151	-0.0054094171	-0.0037637356	-0.0051646221	-0.0065448280	-0.0053772117	-0.0063767486	-0.0054549154	-0.0046888302	-0.0051665837	-0.0049179655	-0.0045268355	-0.0036514040	-0.0059513194	-0.0059364208	-0.0059363754
-0.0049090913	-0.0083745988	-0.0054123999	-0.0054845033	-0.0052797919	-0.0047283738	-0.0055666404	-0.0063814052	-0.0048897407	-0.0049724198	-0.0051833940	-0.0065452949	-0.0044369091	-0.0049973441	-0.0052937925	-0.0055584672	-0.0064093707	-0.0085448357	-0.0039550497	-0.0055390390	-0.0053905074	-0.0064874900	-0.0061336180	-0.0052616223	-0.0053876369	-0.0042182022	0.5069528935	-0.0048884883	-0.0059955549	-0.0060753392	-0.0041657293	-0.0055354559	-0.0039638220	-0.0063619601	-0.0049003660	-0.0055223497	-0.0062047851	-0.0048511571	-0.0056747436	-0.0065403809	-0.0061406322	-0.0041668247	-0.0052715052	-0.0049938019	-0.0050740367	-0.0044824486	-0.0055653984	-0.0044253875	-0.0046184359	-0.0050500163	-0.0036264353	-0.0051490505	-0.0056061219	-0.0059236171	-0.0048677369	0.0002161898	-0.0053973455	-0.0052717775	-0.0091240536	-0.0052533295	-0.0072052287	-0.0049957856	-0.0049179237	-0.0038956326	-0.0046729525	-0.0052224333	-0.0053130263	-0.0052603334	-0.0044962998	-0.0030022584	-0.0057558602	-0.0068698769	-0.0066414455	-0.0047636841	-0.0058667505	-0.0073158449	-0.0049371104	-0.0044343239	-0.0048124441	-0.0060977062	-0.0067244462	-0.0054187064	-0.0061295433	-0.0041583582	-0.0069325875	-0.0048445003	-0.0040980598	-0.0060004173	-0.0053603953	-0.0046383582	-0.0051270706	-0.0043897016	-0.0046286647	-0.0043111960	-0.0069390443	-0.0049614862
-0.0051672029	-0.0067900166	-0.0051266039	-0.0039920061	-0.0063233932	-0.0052707114	-0.0050506047	-0.0055941742	-0.0057887093	-0.0049567686	-0.0057651494	-0.0058723069	-0.0054560655	-0.0046372006	-0.0061765180	-0.0053036254	-0.0060986461	-0.0070146904	-0.0061710187	-0.0043436835	-0.0066469739	-0.0037346041	-0.0049967881	-0.0042143522	-0.0054550124	-0.0050230839	-0.0048884883	0.5051704725	-0.0046332778	-0.0050375118	-0.0060525803	-0.0051856285	-0.0045826721	-0.0068805850	-0.0044560122	-0.0043693888	-0.0060755576	-0.0053629362	-0.0060985810	-0.0061440249	-0.0058697742	-0.0048486532	-0.0064410935	-0.0050957363	-0.0053575958	-0.0055732317	-0.0045321579	-0.0040933293	-0.0043698539	-0.0041805340	-0.0043125851	-0.0055945020	-0.0055171135	-0.0048934224	-0.0063195961	-0.0047458489	-0.0057387090	-0.0050329101	-0.0065911623	-0.0047276319	-0.0067308154	-0.0041829727	-0.0047018797	-0.0027104539	-0.0055582829	-0.0055136955	-0.0056735532	-0.0060103970	-0.0045351726	-0.0060088642	-0.0058329092	-0.0054263291	-0.0070666962	-0.0057361285	-0.0037337838	-0.0069300055	-0.0050455089	-0.0045321807	-0.0062847977	-0.0066406359	-0.0050243106	-0.0048443572	-0.0029830062	-0.0046322243	-0.0052255047	-0.0046104891	-0.0054806562	-0.0054568520	-0.0059275934	-0.0050433921	-0.0051148513	-0.0059556853	-0.0046507135	-0.0047231771	-0.0060076934	-0.0060623081
-0.0040682256	-0.0060066591	-0.0058614612	-0.0050479664	-0.0057332342	-0.0054808506	-0.0060598792	-0.0025467906	-0.0054781352	-0.0050246540	-0.0052515351	-0.0052236493	-0.0060549720	-0.0038781618	-0.0051396568	-0.0046551831	-0.0062054353	-0.0020787401	-0.0026709730	-0.0036081331	-0.0047574152	-0.0048226435	-0.0058468244	-0.0048931009	-0.0061491176	-0.0033405378	-0.0059955549	-0.0046332778	0.4742914039	-0.0050454046	-0.0055931095	-0.0038862095	-0.0052756213	-0.0056657517	-0.0061091140	-0.0047290756	-0.0056897949	-0.0057176490	-0.0043493031	-0.0062207914	-0.0052770825	-0.0050331254	-0.0054750289	-0.0048921424	-0.0054993280	-0.0067107305	-0.0062536504	-0.0041049485	-0.0059353037	-0.0053215217	-0.0055091663	-0.0053969150	-0.0058824967	-0.0041830923	-0.0009795354	-0.0053576873	-0.0040239309	-0.0043509206	-0.0050899250	-0.0039470642	-0.0061172143	-0.0047215557	-0.0058158258	-0.0047952823	-0.0059710161	-0.0050491563	-0.0050664014	-0.0046164692	-0.0051673008	-0.0057694451	-0.0036732306	-0.0054148099	-0.0076294447	-0.0041328627	-0.0049591462	-0.0051727823	-0.0051561814	-0.0034945951	-0.0049981287	-0.0041063842	-0.0050084258	-0.0047969248	-0.0049279596	-0.0045668488	-0.0041641414	-0.0044629454	-0.0042913197	-0.0050769678	-0.0047394605	-0.0054278960	-0.0064914916	-0.0055295349	-0.0046811934	-0.0045760001	-0.0052587565	-0.0044461169
