0.4847156654	-0.0039891345	-0.0062288752	-0.0052072149	-0.0051313659	-0.0048375237	-0.0053494430	-0.0047299698	-0.0059840365	-0.0047234760	-0.0058886466	-0.0039738565	-0.0054088171	-0.0049428043	-0.0057666322	-0.0045336943	-0.0055010932	-0.0042000113	-0.0050629596	-0.0045373474	-0.0052303567	-0.0056197980	-0.0058575387	-0.0054392437	-0.0049554826	-0.0054988758	-0.0048181097	-0.0051611323	-0.0040365191	-0.0058068824	-0.0063040571	-0.0060296893	-0.0062686625	-0.0060145733	-0.0045324716	-0.0038256777	-0.0035918178	-0.0049414351	-0.0038112456	-0.0061056930	-0.0059199268	-0.0047401096	-0.0050037707	-0.0061671091	-0.0037978330	-0.0050205773	-0.0047823311	-0.0072242722	-0.0045327682	-0.0049677767	-0.0048815244	-0.0033107237	-0.0053183951	-0.0034136241	-0.0050665883	-0.0054000783	-0.0042959857	-0.0052539080	-0.0027032997	-0.0048817875	-0.0065638678	-0.0051506690	-0.0064268583	-0.0046757529	-0.0035877376	-0.0062113347	-0.0055570036	-0.0041945227	-0.0043872954	-0.0063410213	-0.0062080913	-0.0057836105	-0.0071261013	-0.0061694238	-0.0060544244	-0.0042736332	-0.0049908550	-0.0044359206	-0.0056921327	-0.0044921907	-0.0049247510	-0.0039908678	-0.0049531699	-0.0051130770	-0.0032765189	-0.0051538074	-0.0048139790	-0.0060885083	-0.0053667515	-0.0059198661	-0.0051001585	-0.0049551173	-0.0049985248	-0.0054515900	-0.0046244135	-0.0051335638
-0.0039891345	0.5696887968	-0.0092002783	-0.0045863171	-0.0067230059	-0.0054045206	-0.0096418376	-0.0046628409	-0.0082559897	-0.0078900228	-0.0058776121	-0.0044489353	-0.0064416162	-0.0076975196	-0.0057500127	-0.0078771265	-0.0040211444	0.0033006212	-0.0053620394	-0.0060735741	-0.0041810375	-0.0052602713	-0.0066682758	-0.0085852442	-0.0058562818	-0.0090983130	-0.0085460125	-0.0067740343	-0.0061129374	-0.0074975240	-0.0089520431	-0.0040999156	-0.0060364235	-0.0040851412	-0.0078300443	-0.0066706963	-0.0024807050	-0.0087480739	-0.0027816435	-0.0045177974	-0.0052564396	-0.0066158652	-0.0064031987	-0.0067475400	-0.0070299187	-0.0052187517	-0.0085012275	-0.0065382578	-0.0046961175	-0.0079202697	-0.0080989413	-0.0052350347	-0.0066185320	-0.0014523788	-0.0062488616	-0.0083927673	-0.0034520006	-0.0071695419	0.0026190371	-0.0075787448	-0.0080623740	-0.0055645512	-0.0072522989	-0.0075108058	-0.0047833320	-0.0076507476	-0.0068899772	-0.0049365929	-0.0081585874	-0.0072990702	-0.0033702361	-0.0056334039	-0.0078441916	-0.0068744627	-0.0066991570	-0.0028946430	-0.0054209950	-0.0067826972	-0.0080277114	-0.0036012023	-0.0035938095	-0.0059168365	-0.0069630561	-0.0079992800	-0.0036576338	-0.0072258398	-0.0035008626	-0.0060295990	-0.0063892192	-0.0069039177	-0.0049689645	-0.0065887404	-0.0068860258	-0.0062438855	-0.0036485340	-0.0059748806
-0.0062288752	-0.0092002783	0.5112745885	-0.0059322582	-0.0042000221	-0.0069779009	-0.0043835384	-0.0062963154	-0.0053652711	-0.0051423874	-0.0047258041	-0.0049649007	-0.0040843572	-0.0048050580	-0.0061067487	-0.0025029375	-0.0058307177	-0.0070404915	-0.0048750770	-0.0053622031	-0.0062751189	-0.0057946506	-0.0059210997	-0.0036682399	-0.0063254764	-0.0043220313	-0.0054662442	-0.0050476071	-0.0057542907	-0.0058253700	-0.0053345697	-0.0041102303	-0.0056779538	-0.0067228971	-0.0050178384	-0.0051231584	-0.0065427175	-0.0049600957	-0.0074191345	-0.0048035615	-0.0070051353	-0.0049129464	-0.0049197827	-0.0055080410	-0.0044948896	-0.0042682318	-0.0055797538	-0.0067027137	-0.0050574640	-0.0062537869	-0.0040257985	-0.0054339743	-0.0047522227	-0.0066349762	-0.0058767469	-0.0006201944	-0.0053724273	-0.0045163102	-0.0090103940	-0.0053400175	-0.0054231695	-0.0047735709	-0.0049452811	-0.0046313291	-0.0041208698	-0.0050149964	-0.0058902137	-0.0036940277	-0.0037763291	-0.0062314546	-0.0060328155	-0.0045371614	-0.0050161226	-0.0056094836	-0.0054529778	-0.0070150086	-0.0043733418	-0.0067269862	-0.0047278779	-0.0068295984	-0.0053899659	-0.0056881481	-0.0054968624	-0.0048563391	-0.0060470092	-0.0037551118	-0.0063502477	-0.0054765169	-0.0063724708	-0.0051914227	-0.0055142312	-0.0052807213	-0.0054649402	-0.0046211223	-0.0055123716	-0.0050112560
-0.0052072149	-0.0045863171	-0.0059322582	0.4987028545	-0.0054333550	-0.0046012670	-0.0023644483	-0.0051502054	-0.0044078656	-0.0044429117	-0.0033309887	-0.0044854871	-0.0063925673	-0.0043427057	-0.0044300397	-0.0048625135	-0.0043181888	-0.0034559341	-0.0054974002	-0.0053012029	-0.0060890523	-0.0054345993	-0.0055743679	-0.0046967342	-0.0044450688	-0.0062358355	-0.0056087741	-0.0038058066	-0.0050257173	-0.0033657941	-0.0060077867	-0.0046999284	-0.0054488234	-0.0050437843	-0.0063745188	-0.0058698132	-0.0056359089	-0.0048708664	-0.0050444927	-0.0052307297	-0.0047550629	-0.0047083061	-0.0056635559	-0.0049536504	-0.0058350605	-0.0065121272	-0.0059919381	-0.0054313691	-0.0053306201	-0.0050822774	-0.0063977922	-0.0057045481	-0.0046356791	-0.0051939385	-0.0042420430	-0.0051323163	-0.0047691465	-0.0056944193	-0.0036387807	-0.0049159557	-0.0075038850	-0.0048851504	-0.0058122533	-0.0050234141	-0.0053775511	-0.0048741696	-0.0060217087	-0.0048591876	-0.0048790619	-0.0055793978	-0.0066219354	-0.0056698456	-0.0068018542	-0.0063133582	-0.0061635627	-0.0049065253	-0.0062911672	-0.0040230422	-0.0055195684	-0.0045795158	-0.0038595754	-0.0049594935	-0.0064887674	-0.0051106304	-0.0060922614	-0.0054288086	-0.0058567320	-0.0054974967	-0.0064609522	-0.0056996592	-0.0036710282	-0.0066566743	-0.0063698448	-0.0057534718	-0.0056280993	-0.0058233441
-0.0051313659	-0.0067230059	-0.0042000221	-0.0054333550	0.4996307777	-0.0053876271	-0.0045940834	-0.0065894325	-0.0038820745	-0.0040865718	-0.0054164485	-0.0053288410	-0.0060598099	-0.0040553348	-0.0047503116	-0.0032230564	-0.0050412544	-0.0078268305	-0.0060026657	-0.0042145197	-0.0047593920	-0.0055473208	-0.0040026003	-0.0046193080	-0.0041975677	-0.0053181946	-0.0051956856	-0.0064850532	-0.0057948127	-0.0046713111	-0.0054127079	-0.0056087822	-0.0062413813	-0.0056898088	-0.0049927791	-0.0041329153	-0.0062440973	-0.0050387135	-0.0058126029	-0.0069935435	-0.0055611553	-0.0052895482	-0.0051887643	-0.0050397800	-0.0042592566	-0.0055508812	-0.0045261179	-0.0054117460	-0.0053559842	-0.0040796872	-0.0043879313	-0.0045213130	-0.0048299921	-0.0066985238	-0.0050878673	-0.0059205489	-0.0063871544	-0.0019712666	-0.0085214627	-0.0044360393	-0.0064218456	-0.0040687387	-0.0051716798	-0.0050680772	-0.0058361201	-0.0045755255	-0.0049376859	-0.0059333678	-0.0035441635	-0.0052718553	-0.0045534015	-0.0052990240	-0.0071157902	-0.0048895210	-0.0053562613	-0.0072841002	-0.0034238822	-0.0051148033	-0.0054195605	-0.0060512099	-0.0069725821	-0.0045825706	-0.0060681323	-0.0030646458	-0.0049017122	-0.0047978996	-0.0057877644	-0.0057393898	-0.0046310172	-0.0045872870	-0.0063363776	-0.0063376849	-0.0053226048	-0.0062863392	-0.0048018110	-0.0063461367
-0.0048375237	-0.0054045206	-0.0069779009	-0.0046012670	-0.0053876271	0.5215828368	-0.0059035326	-0.0048060414	-0.0053526563	-0.0060474254	-0.0046747705	-0.0060043186	-0.0048199258	-0.0064790892	-0.0065697421	-0.0058612624	-0.0064286283	-0.0054625017	-0.0024861432	-0.0057150734	-0.0064532058	-0.0071368049	-0.0053050911	-0.0052897172	-0.0074086554	-0.0058738286	-0.0046302691	-0.0054415438	-0.0055111377	-0.0058087826	-0.0054745288	-0.0064145664	-0.0035330772	-0.0059797966	-0.0060513682	-0.0053686864	-0.0062336206	-0.0049100482	-0.0059659259	-0.0054026840	-0.0059340167	-0.0042891787	-0.0049877978	0.0010281095	-0.0047610040	-0.0054102955	-0.0055031619	-0.0047372895	-0.0052708501	-0.0050188350	-0.0069524804	-0.0050096418	-0.0057391561	-0.0067140515	-0.0061642440	-0.0060442859	-0.0071613903	-0.0063874027	-0.0063707889	-0.0051520637	-0.0081307455	-0.0057862757	-0.0056929471	-0.0038975880	-0.0031140987	-0.0067495541	-0.0052580414	-0.0065213239	-0.0040970675	-0.0066058756	-0.0054441179	-0.0047716158	-0.0069262366	-0.0053838590	-0.0061197969	-0.0052292304	-0.0048968367	-0.0033636317	-0.0058202510	-0.0044926783	-0.0065022889	-0.0051580363	-0.0061372755	-0.0035970133	-0.0054918204	-0.0051262771	-0.0054033296	-0.0049858486	-0.0061496955	-0.0049478687	-0.0065838364	-0.0075972894	-0.0053224748	-0.0063612273	-0.0043468146	-0.0049768547
-0.0053494430	-0.0096418376	-0.0043835384	-0.0023644483	-0.0045940834	-0.0059035326	0.5219146783	-0.0053057950	-0.0041539456	-0.0045206729	-0.0053801859	-0.0060457866	-0.0053355751	-0.0053642479	-0.0053046370	-0.0040999785	-0.0067714707	-0.0088573948	-0.0060881856	-0.0056926387	-0.0064405621	-0.0065190184	-0.0066458418	-0.0047861051	-0.0048578249	-0.0042007793	-0.0056077491	-0.0050024209	-0.0060433721	-0.0040439822	-0.0048603650	-0.0062535623	-0.0050792953	-0.0061553709	-0.0043934007	-0.0055090336	-0.0066570203	-0.0035527568	-0.0057685713	-0.0068016132	-0.0070421980	-0.0057090441	-0.0045422912	-0.0051453155	-0.0052648984	-0.0064329488	-0.0039325386	-0.0047553800	-0.0050249216	-0.0063227055	-0.0053310581	-0.0051562734	-0.0054306105	-0.0061380365	-0.0058695477	-0.0046453550	-0.0083472235	-0.0050873893	-0.0085438542	-0.0058126960	-0.0045830702	-0.0049617158	-0.0053265790	-0.0039102056	-0.0041903195	-0.0052240095	-0.0058281017	-0.0057961976	-0.0043801873	-0.0053149117	-0.0046652280	-0.0063514111	-0.0053592092	-0.0052262265	-0.0050631178	-0.0073649484	-0.0048750769	-0.0045406128	-0.0052421774	-0.0058948710	-0.0069538372	-0.0047638607	-0.0059456453	-0.0033998218	-0.0053482066	-0.0054819157	-0.0060344099	-0.0053271584	-0.0047072588	-0.0045287837	-0.0060793034	-0.0057399525	-0.0044280251	-0.0055520395	-0.0079001983	-0.0067557552
-0.0047299698	-0.0046628409	-0.0062963154	-0.0051502054	-0.0065894325	-0.0048060414	-0.0053057950	0.5213144511	-0.0045579335	-0.0062543520	-0.0054536122	-0.0075799772	-0.0054437928	-0.0043516180	-0.0034236687	-0.0068322409	-0.0035833404	-0.0050403327	-0.0045228191	-0.0053029699	-0.0056046597	-0.0063030029	-0.0048899744	-0.0051833618	-0.0060898704	-0.0057948314	-0.0063522123	-0.0057102951	-0.0024230896	-0.0063034475	-0.0057306177	-0.0051159627	-0.0052885192	-0.0062593710	-0.0058953333	-0.0061186479	-0.0039883727	-0.0063755840	-0.0058266259	-0.0051618287	-0.0061135034	-0.0067749105	-0.0051939913	-0.0065699561	-0.0063151029	-0.0048387202	-0.0025735090	-0.0051845721	-0.0046292996	-0.0053815194	-0.0059292578	-0.0054268008	-0.0051293090	-0.0054354950	-0.0066267300	-0.0054401415	-0.0067095577	-0.0056027831	-0.0051581758	-0.0069801259	-0.0065513898	-0.0062870604	-0.0058566068	-0.0060156723	-0.0059472499	-0.0044430036	-0.0060781913	-0.0053482901	-0.0051731439	-0.0060858746	-0.0049952791	-0.0074947053	-0.0069110097	-0.0067327553	-0.0050328106	-0.0062753876	-0.0046536320	-0.0051100506	-0.0050031871	-0.0043816584	-0.0047335009	-0.0052331352	-0.0059506941	-0.0056798263	-0.0060015132	-0.0041850391	-0.0021785658	-0.0047608723	-0.0054286278	-0.0055872492	-0.0064103511	-0.0056811275	-0.0064269922	-0.0043094804	-0.0055403623	-0.0065138283
-0.0059840365	-0.0082559897	-0.0053652711	-0.0044078656	-0.0038820745	-0.0053526563	-0.0041539456	-0.0045579335	0.4832957908	-0.0038850458	-0.0050004368	-0.0063717701	-0.0063654372	-0.0049056533	-0.0054072111	-0.0053422643	-0.0045755036	-0.0061842637	-0.0055130249	-0.0059619809	-0.0050615362	-0.0049028441	-0.0038979211	-0.0041192212	-0.0048647394	-0.0056170163	-0.0048900879	-0.0059972346	-0.0054141354	-0.0052689355	-0.0032441682	-0.0040900953	-0.0055043112	-0.0066133927	-0.0045369138	-0.0053731156	-0.0057063508	-0.0051251927	-0.0055857079	-0.0060074521	-0.0054381099	-0.0051325137	-0.0042958339	-0.0061775029	-0.0040244401	-0.0047192824	-0.0051777002	-0.0040065894	-0.0048308970	-0.0035872008	-0.0046622063	-0.0047501042	-0.0043860178	-0.0046043574	-0.0038241393	-0.0047552195	-0.0040453372	-0.0065823938	-0.0081687160	-0.0055238925	-0.0063401139	-0.0053999976	-0.0036572643	-0.0024622466	-0.0038787466	-0.0042276098	-0.0052891227	-0.0041695643	-0.0054554066	-0.0057227472	-0.0058165600	-0.0050442530	-0.0068348959	-0.0050958256	-0.0055838467	-0.0052928329	-0.0059048112	-0.0061466859	-0.0046813236	-0.0067745982	-0.0056961606	-0.0062673337	-0.0029389559	-0.0037457143	-0.0050487769	-0.0043983418	-0.0056711266	-0.0040554113	-0.0049719911	-0.0046083275	-0.0050317833	-0.0060888128	-0.0054467609	-0.0035766563	-0.0040078052	-0.0059781891
-0.0047234760	-0.0078900228	-0.0051423874	-0.0044429117	-0.0040865718	-0.0060474254	-0.0045206729	-0.0062543520	-0.0038850458	0.4720423052	-0.0052808109	-0.0051886193	-0.0044132134	-0.0060894148	-0.0064331683	-0.0046261405	-0.0048030519	-0.0082330289	-0.0056117497	-0.0060437529	-0.0046597075	-0.0060788720	-0.0045866283	-0.0031057756	-0.0065149015	-0.0033634225	-0.0047794769	-0.0049109171	-0.0049780763	-0.0058125860	-0.0034724628	-0.0064132810	-0.0050415781	-0.0054047716	-0.0010129526	-0.0043756745	-0.0048835197	-0.0042622720	-0.0052866024	-0.0061190947	-0.0055858652	-0.0049554593	-0.0059899123	-0.0054100501	-0.0047903145	-0.0042246813	-0.0051702763	-0.0041889720	-0.0052951332	-0.0029689260	-0.0043593712	-0.0053394932	-0.0051632627	-0.0064591436	-0.0061187730	-0.0042104284	-0.0059462655	-0.0023856643	-0.0070255161	-0.0040719308	-0.0059743645	-0.0041113995	-0.0042191899	-0.0028758884	-0.0039014917	-0.0039171426	-0.0047577955	-0.0034533973	-0.0039984007	-0.0048363765	-0.0048946640	-0.0047517549	-0.0059652180	-0.0039952810	-0.0055815008	-0.0065521443	-0.0051747227	-0.0047093027	-0.0052139626	-0.0053114246	-0.0044802895	-0.0051322684	-0.0057340006	-0.0037071060	-0.0050472739	-0.0049067133	-0.0069599047	-0.0041053361	-0.0054137604	-0.0037541676	-0.0052188738	-0.0050830341	-0.0037349630	-0.0057967464	-0.0058364346	-0.0044981826
-0.0058886466	-0.0058776121	-0.0047258041	-0.0033309887	-0.0054164485	-0.0046747705	-0.0053801859	-0.0054536122	-0.0050004368	-0.0052808109	0.4813191111	-0.0051585566	-0.0041574508	-0.0051493270	-0.0064537286	-0.0048994800	-0.0049836490	-0.0061216551	-0.0051378722	-0.0059243144	-0.0044639888	-0.0036788710	-0.0070624430	-0.0045596326	-0.0061141990	-0.0053857577	-0.0052846139	-0.0059268048	-0.0052848917	-0.0038245136	-0.0059582409	-0.0044133257	-0.0050050170	-0.0057781399	-0.0052006589	-0.0047743931	-0.0054059683	-0.0042769196	-0.0049059323	-0.0053653102	-0.0052490234	-0.0044350269	-0.0058588153	-0.0065685062	-0.0048411853	-0.0049774140	0.0024885801	-0.0048506422	-0.0057960082	-0.0024975129	-0.0038175724	-0.0046184763	-0.0048171230	-0.0035309564	-0.0059954051	-0.0054538396	-0.0057550562	-0.0048382445	-0.0063724662	-0.0040309635	-0.0065858483	-0.0044714949	-0.0054386442	-0.0046681416	-0.0058553201	-0.0047762078	-0.0047839503	-0.0054287451	-0.0045572238	-0.0062154667	-0.0054628169	-0.0041772358	-0.0056688438	-0.0051484220	-0.0057575844	-0.0051297346	-0.0051342982	-0.0047073584	-0.0039179179	-0.0061948686	-0.0049152252	-0.0053666907	-0.0049271465	-0.0038156161	-0.0048840498	-0.0054768437	-0.0050684731	-0.0060034227	-0.0055177848	-0.0039579044	-0.0052693155	-0.0067443744	-0.0059740026	-0.0051577137	-0.0057041114	-0.0049556834
-0.0039738565	-0.0044489353	-0.0049649007	-0.0044854871	-0.0053288410	-0.0060043186	-0.0060457866	-0.0075799772	-0.0063717701	-0.0051886193	-0.0051585566	0.5010484264	-0.0043781138	-0.0055819870	-0.0052553662	-0.0064475247	-0.0051885423	-0.0045157766	-0.0047117362	-0.0050033680	-0.0054413881	-0.0059846190	-0.0065627308	-0.0059021042	-0.0054394796	-0.0057055405	-0.0065304633	-0.0058074907	-0.0052493452	-0.0037516383	-0.0055372732	-0.0038739131	-0.0059452419	-0.0040512446	-0.0046136170	-0.0050359289	-0.0046565137	-0.0060306613	-0.0054956109	-0.0039647097	-0.0056012277	-0.0056554293	-0.0056291577	-0.0046996687	-0.0045182481	-0.0054040892	-0.0064164442	-0.0061204877	-0.0037672920	-0.0067441716	-0.0043587471	-0.0074657988	-0.0056767234	-0.0048798344	-0.0046919950	-0.0050649585	-0.0053238384	-0.0065537834	-0.0050368977	-0.0049641150	-0.0059414140	-0.0048453500	-0.0064236110	-0.0039787945	-0.0049374127	-0.0067151878	-0.0033843576	-0.0021889009	-0.0059245449	-0.0050273681	-0.0047613693	-0.0049839565	-0.0067533236	-0.0056895598	-0.0051774523	-0.0038060553	-0.0054990432	-0.0045701394	-0.0057271486	-0.0061843867	-0.0039164401	-0.0057266413	-0.0042641586	-0.0063087412	-0.0050491700	-0.0059177051	-0.0053055614	-0.0036439351	-0.0050909208	-0.0059142931	-0.0062714012	-0.0052314689	-0.0061298547	-0.0041815555	-0.0054912925	-0.0053000248
-0.0054088171	-0.0064416162	-0.0040843572	-0.0063925673	-0.0060598099	-0.0048199258	-0.0053355751	-0.0054437928	-0.0063654372	-0.0044132134	-0.0041574508	-0.0043781138	0.4743128932	-0.0056506788	-0.0050872124	-0.0043137404	-0.0064201987	-0.0058037633	-0.0050372217	-0.0043422556	-0.0043525569	-0.0053837302	-0.0046836611	-0.0045316648	-0.0054041372	-0.0044045118	-0.0043095710	-0.0054505463	-0.0061286332	-0.0051844915	-0.0047185466	-0.0044862289	-0.0053631834	-0.0060659889	-0.0041589876	-0.0039089211	-0.0053739733	-0.0051767972	-0.0056058524	-0.0064580649	-0.0062394521	-0.0043094907	-0.0046667591	-0.0047817235	-0.0053357703	-0.0056051877	-0.0045012310	-0.0041993188	-0.0040091076	-0.0051703775	-0.0047125604	-0.0051869241	-0.0058046918	-0.0073613184	-0.0060704759	-0.0045360679	-0.0047862894	-0.0059955400	-0.0066395669	-0.0064247985	-0.0063829079	-0.0049235796	-0.0043396658	-0.0043962573	-0.0057665230	-0.0044594965	-0.0023994131	-0.0052586903	-0.0049319147	-0.0047352155	-0.0051191330	-0.0062934848	-0.0061132239	-0.0056683832	0.0139917758	-0.0055999792	-0.0038678998	-0.0035265795	-0.0052046064	-0.0050899179	-0.0056891379	-0.0055650587	-0.0056716306	-0.0057031562	-0.0053161261	-0.0050135635	-0.0047392437	-0.0053104758	-0.0052548516	-0.0055908108	-0.0057710200	-0.0051831422	-0.0052756775	-0.0058489717	-0.0059041097	-0.0049483746
-0.0049428043	-0.0076975196	-0.0048050580	-0.0043427057	-0.0040553348	-0.0064790892	-0.0053642479	-0.0043516180	-0.0049056533	-0.0060894148	-0.0051493270	-0.0055819870	-0.0056506788	0.4973933681	-0.0056682181	-0.0047725071	-0.0054268929	-0.0064382415	-0.0059367119	-0.0045873284	-0.0046168312	-0.0043565165	-0.0058667476	-0.0051247319	-0.0033988368	-0.0043103235	-0.0049044842	-0.0045587445	-0.0040439324	-0.0050746449	-0.0042361707	-0.0051743300	-0.0054872857	-0.0062115939	-0.0057919666	-0.0051034934	-0.0061580410	-0.0054626777	-0.0062980188	-0.0061223043	-0.0056199371	-0.0055424013	-0.0048240960	-0.0043452131	-0.0051336607	-0.0052571171	-0.0042149973	-0.0049534352	-0.0057346692	-0.0047516660	-0.0035348946	-0.0049768099	-0.0051381635	-0.0054971532	-0.0049534161	-0.0047028361	-0.0036230828	-0.0053576806	-0.0070778676	-0.0047401346	-0.0062262036	-0.0059992732	-0.0052652955	-0.0039347566	-0.0059365944	-0.0069016228	-0.0051380633	-0.0049362135	-0.0046910832	-0.0056136877	-0.0060399445	-0.0063748431	-0.0058996932	-0.0058772425	-0.0055005471	-0.0066754889	-0.0050370172	-0.0043532136	-0.0043817702	-0.0048539347	-0.0043765558	-0.0057026162	-0.0060655400	-0.0038854351	-0.0059941050	-0.0055314767	-0.0050988135	-0.0051613747	-0.0056661178	-0.0054535749	-0.0047967613	-0.0050110794	-0.0041835893	-0.0056477882	-0.0060076120	-0.0046481937
-0.0057666322	-0.0057500127	-0.0061067487	-0.0044300397	-0.0047503116	-0.0065697421	-0.0053046370	-0.0034236687	-0.0054072111	-0.0064331683	-0.0064537286	-0.0052553662	-0.0050872124	-0.0056682181	0.4925760266	-0.0055841390	-0.0037218598	-0.0041793747	-0.0064000507	-0.0048693096	-0.0038639707	-0.0064018801	-0.0043697312	-0.0058852465	-0.0054503688	-0.0056940176	-0.0054132901	-0.0060205194	-0.0051459738	-0.0052290470	-0.0066056197	-0.0072236492	-0.0060055125	-0.0043086605	-0.0058486178	-0.0056088357	-0.0048247002	-0.0055822441	-0.0048583389	-0.0047341922	-0.0047224656	-0.0049342757	-0.0054774386	-0.0060234861	-0.0062987390	-0.0048701180	-0.0003345769	-0.0048823291	-0.0046137800	-0.0050486379	-0.0050596123	-0.0062862546	-0.0049975831	-0.0045583931	-0.0047217072	-0.0058014258	-0.0055660540	-0.0065385878	-0.0037377093	-0.0058473924	-0.0032833192	-0.0046361488	-0.0055106514	-0.0042368883	-0.0053589235	-0.0063055367	-0.0048277888	-0.0045624313	-0.0054884594	-0.0042427737	-0.0041363900	-0.0052208085	-0.0051937807	-0.0045144051	-0.0050044665	-0.0051383341	-0.0053022242	-0.0028843419	-0.0054723803	-0.0035542931	-0.0044459694	-0.0050735690	-0.0052891107	-0.0058421207	-0.0061349356	-0.0064867145	-0.0057956668	-0.0067339845	-0.0056381411	-0.0056626690	-0.0054361641	-0.0040559958	-0.0050336042	-0.0058194885	-0.0054511121	-0.0042460217
-0.0045336943	-0.0078771265	-0.0025029375	-0.0048625135	-0.0032230564	-0.0058612624	-0.0040999785	-0.0068322409	-0.0053422643	-0.0046261405	-0.0048994800	-0.0064475247	-0.0043137404	-0.0047725071	-0.0055841390	0.5025137033	-0.0059398602	-0.0067977630	-0.0059793640	-0.0045870722	-0.0058129253	-0.0062713573	-0.0053869653	-0.0039129689	-0.0052465169	-0.0047577354	-0.0055776997	-0.0053540776	-0.0047072876	-0.0049296896	-0.0050969844	-0.0047013572	-0.0049300293	-0.0050108251	-0.0042996817	-0.0052124039	-0.0041323530	-0.0061299389	-0.0065740551	-0.0063652195	-0.0060025681	-0.0053216024	-0.0035396303	-0.0053203383	-0.0036636459	-0.0053328587	-0.0047105494	-0.0049757521	-0.0046961181	-0.0058884067	-0.0056650816	-0.0052221790	-0.0063646965	-0.0057592830	-0.0054291766	-0.0042384809	-0.0055576411	-0.0054038453	-0.0086173526	-0.0050796377	-0.0066325003	-0.0052340147	-0.0056970172	-0.0047944638	-0.0051121189	-0.0052518677	-0.0048226399	-0.0059036180	-0.0045101010	-0.0055598284	-0.0045064412	-0.0035239483	-0.0072759405	-0.0050588348	-0.0054676692	-0.0055535544	-0.0051811197	-0.0052650105	-0.0053685447	-0.0054312492	-0.0066236901	-0.0054553989	-0.0047806105	-0.0053524352	-0.0049659321	-0.0043633050	-0.0072606265	-0.0050099674	-0.0054523095	-0.0041704408	-0.0059277090	-0.0036346512	-0.0045352082	-0.0052760865	-0.0068834863	-0.0063897824
-0.0055010932	-0.0040211444	-0.0058307177	-0.0043181888	-0.0050412544	-0.0064286283	-0.0067714707	-0.0035833404	-0.0045755036	-0.0048030519	-0.0049836490	-0.0051885423	-0.0064201987	-0.0054268929	-0.0037218598	-0.0059398602	0.4995872954	-0.0053532391	-0.0035456069	-0.0059042525	-0.0044882217	-0.0056409313	-0.0055293072	-0.0048001173	-0.0057255716	-0.0053830774	-0.0064407580	-0.0060874624	-0.0062105394	-0.0042820737	-0.0062783655	-0.0051542621	-0.0049120157	-0.0054530429	-0.0050887555	-0.0047891195	-0.0041685334	-0.0051253677	-0.0063083500	-0.0038096231	-0.0056664098	-0.0060310390	-0.0059038938	-0.0064020716	-0.0038265148	-0.0050501158	-0.0057349403	-0.0032575782	-0.0060324842	-0.0051690771	-0.0066717115	-0.0044425216	-0.0057626757	-0.0030824441	-0.0050391264	-0.0054318958	-0.0047180710	-0.0058523011	-0.0054374234	-0.0047782050	-0.0075843179	-0.0048031081	-0.0053385828	-0.0053205075	-0.0030915148	-0.0044691260	-0.0054539620	-0.0061408502	-0.0057200665	-0.0053526233	-0.0038744654	-0.0055782517	-0.0069616619	-0.0050257020	-0.0052427455	-0.0043631097	-0.0054931243	-0.0052475603	-0.0034279179	-0.0055465350	-0.0052566584	-0.0058277748	-0.0054566322	-0.0054058859	-0.0048421312	-0.0055955607	-0.0064302006	-0.0051794721	-0.0056695051	-0.0053831008	-0.0050410656	-0.0064080945	-0.0051218730	-0.0062509721	-0.0039980244	-0.0063601206
-0.0042000113	0.0033006212	-0.0070404915	-0.0034559341	-0.0078268305	-0.0054625017	-0.0088573948	-0.0050403327	-0.0061842637	-0.0082330289	-0.0061216551	-0.0045157766	-0.0058037633	-0.0064382415	-0.0041793747	-0.0067977630	-0.0053532391	0.5061304292	-0.0029078583	-0.0067011332	-0.0041732952	-0.0047922435	-0.0045129556	-0.0078422960	-0.0061598443	-0.0085323837	-0.0085820031	-0.0071581012	-0.0018981426	-0.0068671425	-0.0088220476	-0.0025033952	-0.0064514222	-0.0023939946	-0.0063764965	-0.0064190664	-0.0024261055	-0.0073121627	-0.0021941556	-0.0036748074	-0.0040105379	-0.0073134286	-0.0062181658	-0.0032890798	-0.0062083556	-0.0047694265	-0.0057015760	-0.0063239064	-0.0055251921	-0.0072422358	-0.0092447370	-0.0051047952	-0.0047509377	-0.0024329102	-0.0046086742	-0.0079185768	-0.0019766042	-0.0075637225	0.0054918968	-0.0059495418	-0.0076359623	-0.0047056157	-0.0070470454	-0.0083895732	-0.0028142616	-0.0076888772	-0.0079183345	-0.0034568309	-0.0065056498	-0.0063629585	-0.0043366020	-0.0041180356	-0.0081553317	-0.0056649562	-0.0056616916	0.0010406375	-0.0049752135	-0.0057423600	-0.0069018506	-0.0009907353	-0.0024433325	-0.0048405553	-0.0076344373	-0.0076569593	-0.0017901949	-0.0074385969	-0.0020374379	-0.0059212817	-0.0082721758	-0.0088337031	-0.0070233552	-0.0051286722	-0.0061029396	-0.0080885501	-0.0007313290	-0.0025841183
-0.0050629596	-0.0053620394	-0.0048750770	-0.0054974002	-0.0060026657	-0.0024861432	-0.0060881856	-0.0045228191	-0.0055130249	-0.0056117497	-0.0051378722	-0.0047117362	-0.0050372217	-0.0059367119	-0.0064000507	-0.0059793640	-0.0035456069	-0.0029078583	0.4749359262	-0.0048119947	-0.0062712327	-0.0067430664	-0.0059487260	-0.0052080898	-0.0053513197	-0.0057355870	-0.0039078793	-0.0062619942	-0.0028318428	-0.0060038285	-0.0062576436	-0.0062815468	-0.0043565581	-0.0058909663	-0.0061710843	-0.0046560314	-0.0061755582	-0.0055847792	-0.0050481689	-0.0057570071	-0.0041433789	-0.0033431952	-0.0042027014	-0.0046224840	-0.0048885272	-0.0037919449	-0.0023412457	-0.0048301658	-0.0039247307	-0.0056400414	-0.0056395348	-0.0057483397	-0.0053587279	-0.0042295808	-0.0049139315	-0.0053358413	-0.0031473119	-0.0058751161	-0.0037467480	-0.0048143317	-0.0067976054	-0.0050874607	-0.0043428685	-0.0049521255	-0.0021736087	-0.0046953957	-0.0057268245	-0.0032927074	-0.0059249067	-0.0039312852	-0.0049861514	-0.0049139614	-0.0067657306	-0.0039369554	-0.0059959968	-0.0031667653	-0.0058240697	-0.0054141436	-0.0065412968	-0.0052113002	-0.0041130674	-0.0028746599	-0.0048257846	-0.0056084656	-0.0045941706	-0.0062087315	-0.0055423978	-0.0045476549	-0.0058049707	-0.0053479856	-0.0057896790	-0.0047925723	-0.0046862430	-0.0042313323	-0.0047909195	-0.0050248615
-0.0045373474	-0.0060735741	-0.0053622031	-0.0053012029	-0.0042145197	-0.0057150734	-0.0056926387	-0.0053029699	-0.0059619809	-0.0060437529	-0.0059243144	-0.0050033680	-0.0043422556	-0.0045873284	-0.0048693096	-0.0045870722	-0.0059042525	-0.0067011332	-0.0048119947	0.4984501208	-0.0052670568	-0.0062267896	-0.0043988484	-0.0054141278	-0.0050822024	-0.0034745870	-0.0056109785	-0.0043175598	-0.0037000924	-0.0055189715	-0.0058547367	-0.0044921129	-0.0061205381	-0.0048224307	-0.0052431837	-0.0053741534	-0.0047453274	-0.0056713029	-0.0065167744	-0.0061372311	-0.0044541738	-0.0048080206	-0.0057636726	-0.0055364709	-0.0052608564	-0.0062546771	-0.0053759155	-0.0040773317	-0.0063727883	-0.0054811207	-0.0040457212	-0.0058920856	-0.0057746900	-0.0054529573	-0.0053677359	-0.0048756403	-0.0061158439	-0.0043615136	-0.0082311774	-0.0053475215	-0.0064072898	-0.0033493695	-0.0044863262	-0.0047140964	-0.0069369561	-0.0049878427	-0.0049280282	-0.0050082981	-0.0045764810	-0.0034982203	-0.0055440869	-0.0053837023	-0.0064366888	-0.0053742792	-0.0046555916	-0.0056599968	-0.0066223496	-0.0037945871	-0.0051605910	-0.0046362952	-0.0068538693	-0.0058230553	-0.0044148992	-0.0049474184	-0.0057258414	-0.0055068036	-0.0058555568	-0.0058709021	-0.0035922406	-0.0048423457	-0.0059829892	-0.0038308929	-0.0035307469	-0.0030426124	-0.0073071016	-0.0053865576
-0.0052303567	-0.0041810375	-0.0062751189	-0.0060890523	-0.0047593920	-0.0064532058	-0.0064405621	-0.0056046597	-0.0050615362	-0.0046597075	-0.0044639888	-0.0054413881	-0.0043525569	-0.0046168312	-0.0038639707	-0.0058129253	-0.0044882217	-0.0041732952	-0.0062712327	-0.0052670568	0.5172154346	-0.0048273114	-0.0049232619	-0.0067420466	-0.0055243739	-0.0064650340	-0.0054082070	-0.0066234856	-0.0046173715	-0.0049289037	-0.0063778857	-0.0054227018	-0.0061717870	-0.0040815684	-0.0047105115	-0.0050467692	-0.0032930657	-0.0047709918	-0.0068547380	-0.0041921920	-0.0066619024	-0.0070058011	-0.0069416375	-0.0049299340	-0.0048636569	-0.0054098479	-0.0066172151	-0.0062567659	-0.0044069406	-0.0040780088	-0.0060923839	-0.0046646966	-0.0059306720	-0.0053011886	-0.0050369101	-0.0058520169	-0.0041474759	-0.0060731356	-0.0056074322	-0.0061034335	-0.0063875096	-0.0054474399	-0.0057011690	-0.0041257832	-0.0062246630	-0.0064488418	-0.0058664877	-0.0054165382	-0.0065919996	-0.0068160878	-0.0061250187	-0.0053722333	-0.0066652578	-0.0043075102	-0.0052522344	-0.0055384646	-0.0074282501	-0.0039349492	-0.0033061199	-0.0037001645	-0.0049170500	-0.0058243981	-0.0072076186	-0.0057107955	-0.0050369574	-0.0059271904	-0.0047525971	-0.0047575938	-0.0067578078	-0.0061338779	-0.0054529089	-0.0055330351	-0.0065661122	-0.0061010518	-0.0051658903	-0.0042444688
-0.0056197980	-0.0052602713	-0.0057946506	-0.0054345993	-0.0055473208	-0.0071368049	-0.0065190184	-0.0063030029	-0.0049028441	-0.0060788720	-0.0036788710	-0.0059846190	-0.0053837302	-0.0043565165	-0.0064018801	-0.0062713573	-0.0056409313	-0.0047922435	-0.0067430664	-0.0062267896	-0.0048273114	0.5257559893	-0.0063014764	-0.0053893198	-0.0046898222	-0.0061253012	-0.0065860853	-0.0035572006	-0.0048648824	-0.0055950372	-0.0066962625	-0.0032198907	-0.0056878678	-0.0049718759	-0.0056444011	-0.0051895630	-0.0043830379	-0.0059855686	-0.0055530626	-0.0046907967	-0.0067259377	-0.0059616638	-0.0054998104	-0.0038679933	-0.0062873320	-0.0047552862	-0.0058893602	-0.0050139765	-0.0043555668	-0.0045922274	-0.0048525772	-0.0064576999	-0.0066244213	-0.0034652718	-0.0050027075	-0.0057180288	-0.0054283815	-0.0057362848	-0.0056601416	-0.0057939783	-0.0059843162	-0.0051394889	-0.0069530716	-0.0055282872	-0.0055186270	-0.0055745990	-0.0062111789	-0.0044122103	-0.0047202805	-0.0057942093	-0.0057773204	-0.0053658393	-0.0071023963	-0.0062063078	-0.0046110363	-0.0052157046	-0.0059903054	-0.0067587766	-0.0045264604	-0.0047906816	-0.0054656420	-0.0065103672	-0.0067665498	-0.0061178465	-0.0046257783	-0.0068342207	-0.0040502210	-0.0050698082	-0.0063889432	-0.0061202946	-0.0056149991	-0.0061391319	-0.0062292572	-0.0065128099	-0.0043215219	-0.0050829023
-0.0058575387	-0.0066682758	-0.0059210997	-0.0055743679	-0.0040026003	-0.0053050911	-0.0066458418	-0.0048899744	-0.0038979211	-0.0045866283	-0.0070624430	-0.0065627308	-0.0046836611	-0.0058667476	-0.0043697312	-0.0053869653	-0.0055293072	-0.0045129556	-0.0059487260	-0.0043988484	-0.0049232619	-0.0063014764	0.5034435732	-0.0045607418	-0.0062121924	-0.0044567065	-0.0060011722	-0.0048230551	-0.0059480763	-0.0055256473	-0.0050560617	-0.0058115608	-0.0059087545	-0.0061673486	-0.0048487220	-0.0050984426	-0.0064852147	-0.0061925362	-0.0058795629	-0.0054647405	-0.0052064835	-0.0063415038	-0.0053794741	-0.0046306589	-0.0049379205	-0.0052122153	-0.0048827048	-0.0050099399	-0.0044593569	-0.0036516276	-0.0055673198	-0.0052373310	-0.0065374222	-0.0062399072	-0.0044714747	-0.0048377906	-0.0039439231	-0.0043720865	-0.0066513094	-0.0047811494	-0.0074875207	-0.0050274469	-0.0043849783	-0.0040299240	-0.0054955033	-0.0047541346	-0.0050698189	-0.0061490477	-0.0043175599	-0.0052090129	-0.0051536406	-0.0050641628	-0.0071523330	-0.0051888522	-0.0049109417	-0.0063448016	-0.0056617047	-0.0055351652	-0.0052202362	-0.0047430626	-0.0053993058	-0.0055599086	-0.0050974372	-0.0038973861	-0.0052471193	-0.0054092442	-0.0043945159	-0.0043127529	-0.0048551068	-0.0042243997	-0.0062999020	-0.0067314241	-0.0050326636	-0.0058253385	-0.0042943699	-0.0042745221
-0.0054392437	-0.0085852442	-0.0036682399	-0.0046967342	-0.0046193080	-0.0052897172	-0.0047861051	-0.0051833618	-0.0041192212	-0.0031057756	-0.0045596326	-0.0059021042	-0.0045316648	-0.0051247319	-0.0058852465	-0.0039129689	-0.0048001173	-0.0078422960	-0.0052080898	-0.0054141278	-0.0067420466	-0.0053893198	-0.0045607418	0.4949803136	-0.0052447364	-0.0038492607	-0.0052393723	-0.0040765024	-0.0047779487	-0.0052444161	-0.0056974898	-0.0054981855	-0.0049014474	-0.0054999773	-0.0049126379	-0.0055229578	-0.0055190563	-0.0043751645	-0.0069437503	-0.0075563315	-0.0056695731	-0.0036236287	-0.0053109348	-0.0045829289	-0.0054630351	-0.0039876910	-0.0047654645	-0.0036583365	-0.0056831553	-0.0042600138	-0.0043272690	-0.0046880447	-0.0044288731	-0.0060384025	-0.0047526278	-0.0030792958	-0.0055599657	-0.0058437793	-0.0079344420	-0.0056882897	-0.0063814056	-0.0041307213	-0.0040118817	-0.0029277322	-0.0040144603	-0.0049496556	-0.0056846206	-0.0056605837	-0.0050555552	-0.0047286886	-0.0055371900	-0.0064539016	-0.0062906764	-0.0057545962	-0.0053927340	-0.0067345639	-0.0049519415	-0.0037143939	-0.0052502238	-0.0067846102	-0.0069640199	-0.0049232432	-0.0050990011	-0.0059302232	-0.0060961473	-0.0057067597	-0.0061410537	-0.0053683163	-0.0054661030	-0.0055220315	-0.0050711220	-0.0049189575	-0.0052322558	-0.0032907013	-0.0066057248	-0.0046634921
-0.0049554826	-0.0058562818	-0.0063254764	-0.0044450688	-0.0041975677	-0.0074086554	-0.0048578249	-0.0060898704	-0.0048647394	-0.0065149015	-0.0061141990	-0.0054394796	-0.0054041372	-0.0033988368	-0.0054503688	-0.0052465169	-0.0057255716	-0.0061598443	-0.0053513197	-0.0050822024	-0.0055243739	-0.0046898222	-0.0062121924	-0.0052447364	0.5166771588	-0.0042321652	-0.0053528776	-0.0054969554	-0.0059923383	-0.0063366008	-0.0063343029	-0.0047685643	-0.0051407028	-0.0054351302	-0.0039461892	-0.0046385476	-0.0072052545	-0.0052158131	-0.0065398049	-0.0067284948	-0.0040218894	-0.0053279688	-0.0051363642	-0.0067258739	-0.0054138218	-0.0056126469	-0.0058839546	-0.0057460771	-0.0048458983	-0.0060109363	-0.0058714946	-0.0057966276	-0.0044300088	-0.0041630790	-0.0066262791	-0.0063935905	-0.0046702554	-0.0039701925	-0.0048003359	-0.0058729400	-0.0065593392	-0.0062559687	-0.0066909810	-0.0050562841	-0.0044124669	-0.0052100284	-0.0062905769	-0.0064877548	-0.0064121165	-0.0053923771	-0.0058880077	-0.0057738456	-0.0072361613	-0.0061923399	-0.0058145732	-0.0051099780	-0.0040792998	-0.0043037702	-0.0052160640	-0.0046463265	-0.0043418125	-0.0051161228	-0.0057926932	-0.0054854932	-0.0055937143	-0.0054661952	-0.0044227237	-0.0046340885	-0.0044831259	-0.0053169890	-0.0055241406	-0.0053351737	-0.0049479790	-0.0054909298	-0.0062751595	-0.0041791117
-0.0054988758	-0.0090983130	-0.0043220313	-0.0062358355	-0.0053181946	-0.0058738286	-0.0042007793	-0.0057948314	-0.0056170163	-0.0033634225	-0.0053857577	-0.0057055405	-0.0044045118	-0.0043103235	-0.0056940176	-0.0047577354	-0.0053830774	-0.0085323837	-0.0057355870	-0.0034745870	-0.0064650340	-0.0061253012	-0.0044567065	-0.0038492607	-0.0042321652	0.4893746720	-0.0042160237	-0.0051320921	-0.0034294057	-0.0043678067	-0.0041794384	-0.0055949233	-0.0047964623	-0.0064606736	-0.0053492819	0.0023505553	-0.0060181509	-0.0032546436	-0.0069203848	-0.0072294173	-0.0056206004	-0.0040725664	-0.0048989764	-0.0047873214	-0.0050204581	-0.0042022278	-0.0056654255	-0.0043723142	-0.0049928919	-0.0046928167	-0.0052110012	-0.0050493220	-0.0052905601	-0.0068126701	-0.0046737661	-0.0041979004	-0.0066873203	-0.0052905508	-0.0094521168	-0.0054368645	-0.0057043871	-0.0049823188	-0.0036285022	-0.0035003174	-0.0052286754	-0.0037412322	-0.0049233593	-0.0055221571	-0.0046312408	-0.0046653923	-0.0060374915	-0.0047360383	-0.0053005294	-0.0052464437	-0.0047430414	-0.0066860070	-0.0056758949	-0.0056256430	-0.0037347729	-0.0056387795	-0.0059505354	-0.0054863700	-0.0034727127	-0.0053016406	-0.0066847898	-0.0052423783	-0.0066536771	-0.0054719844	-0.0045508180	-0.0049382028	-0.0047176733	-0.0043872001	-0.0036648250	-0.0060397831	-0.0060424086	-0.0059565111
-0.0048181097	-0.0085460125	-0.0054662442	-0.0056087741	-0.0051956856	-0.0046302691	-0.0056077491	-0.0063522123	-0.0048900879	-0.0047794769	-0.0052846139	-0.0065304633	-0.0043095710	-0.0049044842	-0.0054132901	-0.0055776997	-0.0064407580	-0.0085820031	-0.0039078793	-0.0056109785	-0.0054082070	-0.0065860853	-0.0060011722	-0.0052393723	-0.0053528776	-0.0042160237	0.5060632439	-0.0048797024	-0.0061411006	-0.0062893603	-0.0038653944	-0.0054379879	-0.0040359058	-0.0066160716	-0.0050297541	-0.0056564973	-0.0063078929	-0.0046219526	-0.0057087329	-0.0065103048	-0.0060997718	-0.0041826840	-0.0052204173	-0.0048448576	-0.0050556382	-0.0043487044	-0.0054746434	-0.0044132920	-0.0046686598	-0.0048652015	-0.0036949695	-0.0050836341	-0.0054418629	-0.0058992467	-0.0049574090	0.0002897495	-0.0051326810	-0.0050660095	-0.0092894371	-0.0052027697	-0.0070630163	-0.0048631132	-0.0049058442	-0.0038045496	-0.0045866957	-0.0051211149	-0.0054728270	-0.0054067856	-0.0045058791	-0.0028100263	-0.0055966562	-0.0069143053	-0.0065632619	-0.0047428185	-0.0058886622	-0.0075472000	-0.0050712909	-0.0044237870	-0.0049299903	-0.0059937052	-0.0068081978	-0.0054733842	-0.0060743268	-0.0041850320	-0.0070284727	-0.0048800931	-0.0042015628	-0.0060756353	-0.0053334438	-0.0044593035	-0.0052428401	-0.0043416944	-0.0044402313	-0.0042506102	-0.0070418483	-0.0050021400
-0.0051611323	-0.0067740343	-0.0050476071	-0.0038058066	-0.0064850532	-0.0054415438	-0.0050024209	-0.0057102951	-0.0059972346	-0.0049109171	-0.0059268048	-0.0058074907	-0.0054505463	-0.0045587445	-0.0060205194	-0.0053540776	-0.0060874624	-0.0071581012	-0.0062619942	-0.0043175598	-0.0066234856	-0.0035572006	-0.0048230551	-0.0040765024	-0.0054969554	-0.0051320921	-0.0048797024	0.5046148719	-0.0045842573	-0.0048292475	-0.0061045536	-0.0054199343	-0.0046306738	-0.0070464936	-0.0044195843	-0.0043360127	-0.0062338518	-0.0053871258	-0.0061490403	-0.0063133910	-0.0059086981	-0.0048020232	-0.0062851196	-0.0052252499	-0.0052121696	-0.0057590803	-0.0042564719	-0.0041217229	-0.0043349620	-0.0042622161	-0.0040799590	-0.0056224510	-0.0057181613	-0.0047933769	-0.0063631510	-0.0044681205	-0.0057567779	-0.0048343029	-0.0064990459	-0.0049019987	-0.0065803620	-0.0040123813	-0.0048271489	-0.0024027982	-0.0056291916	-0.0055217573	-0.0055938404	-0.0060435643	-0.0046650651	-0.0059760347	-0.0059229985	-0.0054331428	-0.0069962904	-0.0056614646	-0.0037407177	-0.0069485035	-0.0050073869	-0.0045770372	-0.0062558205	-0.0066157013	-0.0048327075	-0.0049117917	-0.0029875708	-0.0046837370	-0.0050956049	-0.0045231792	-0.0055296506	-0.0058738974	-0.0058133587	-0.0049261430	-0.0050754573	-0.0059636715	-0.0046445629	-0.0046647812	-0.0061581177	-0.0059918686
-0.0040365191	-0.0061129374	-0.0057542907	-0.0050257173	-0.0057948127	-0.0055111377	-0.0060433721	-0.0024230896	-0.0054141354	-0.0049780763	-0.0052848917	-0.0052493452	-0.0061286332	-0.0040439324	-0.0051459738	-0.0047072876	-0.0062105394	-0.0018981426	-0.0028318428	-0.0037000924	-0.0046173715	-0.0048648824	-0.0059480763	-0.0047779487	-0.0059923383	-0.0034294057	-0.0061411006	-0.0045842573	0.4754510732	-0.0050522658	-0.0055011709	-0.0039726353	-0.0051785968	-0.0057581161	-0.0061698878	-0.0047834011	-0.0056087539	-0.0057940848	-0.0044420082	-0.0061479872	-0.0052700989	-0.0052409631	-0.0056222602	-0.0048855367	-0.0054517323	-0.0066685141	-0.0064587932	-0.0041456846	-0.0059521657	-0.0054282392	-0.0055674623	-0.0053225105	-0.0059900016	-0.0042631364	-0.0009480428	-0.0053937747	-0.0039000934	-0.0045070879	-0.0050819559	-0.0038547427	-0.0063128028	-0.0045869529	-0.0061077908	-0.0048563408	-0.0059825024	-0.0051071945	-0.0051077074	-0.0047162910	-0.0052680512	-0.0058539818	-0.0036383826	-0.0054063421	-0.0077373778	-0.0041390086	-0.0049079729	-0.0049738924	-0.0051987395	-0.0031422482	-0.0049686640	-0.0040767507	-0.0051568927	-0.0047967458	-0.0047896053	-0.0044733851	-0.0041703334	-0.0044327733	-0.0043211819	-0.0050896331	-0.0046760160	-0.0053803599	-0.0066514477	-0.0053938080	-0.0048758782	-0.0044143942	-0.0054391549	-0.0042886151
