1.0000000000	0.9276129410	0.9272616411	0.9273735028	0.9271843047	0.9279934801	0.9268606726	0.9269250561	0.9276230842	0.9274565537	0.9278407597	0.9274039802	0.9271833522	0.9274375053	0.9266498546	0.9269069125	0.9272401641	0.9273288343	0.9269194845	0.9279523832	0.9267466680	0.9267153810	0.9264484655	0.9289449946	0.9280721500	0.9288520385	0.9270312985	0.9266859036	0.9282558716	0.9268751494	0.9460218255	0.9278934285	0.9303910529	0.9274093613	0.9280210527	0.9267968129	0.9275564149	0.9261580252	0.9270713954	0.9279659076	0.9264595136	0.9320422623	0.9336480889	0.9284909764	0.9285029292	0.9269109603	0.9275807492	0.9281530104	0.9284608323	0.9273775505	0.9271343026	0.9287218428	0.9275593674	0.9275897019	0.9282694912	0.9271473032	0.9272452595	0.9267086665	0.9277323267	0.9277787096	0.9279331444
0.9276129410	1.0000000000	0.9269172939	0.9267136190	0.9266606169	0.9273969323	0.9262595531	0.9265544221	0.9268588154	0.9274326956	0.9273224055	0.9272145916	0.9271041586	0.9264472274	0.9261683590	0.9270929677	0.9264886576	0.9272902137	0.9267505729	0.9277112783	0.9265505172	0.9262737918	0.9261561204	0.9273536448	0.9271115874	0.9274619349	0.9265427550	0.9266130912	0.9272844516	0.9269496762	0.9282149652	0.9267227623	0.9284393076	0.9268315762	0.9272815467	0.9266872370	0.9270259650	0.9265107537	0.9263759864	0.9274637445	0.9262501242	0.9279757651	0.9275545577	0.9273413586	0.9268238616	0.9264759428	0.9266774271	0.9273198816	0.9279825749	0.9267283339	0.9269402472	0.9280168144	0.9271394933	0.9266236154	0.9273901701	0.9271742090	0.9269900587	0.9264545134	0.9270922533	0.9274340766	0.9269414377
0.9272616411	0.9269172939	1.0000000000	0.9270339653	0.9288701821	0.9267561922	0.9267733357	0.9269361042	0.9273916463	0.9273533115	0.9265879473	0.9274486486	0.9264888481	0.9268855783	0.9265122300	0.9270450133	0.9269697722	0.9270309175	0.9269904397	0.9270038688	0.9268721969	0.9263161268	0.9267241909	0.9272520693	0.9269742962	0.9274094090	0.9263842248	0.9266723793	0.9276477519	0.9267238099	0.9282816822	0.9271423506	0.9284337359	0.9271183972	0.9277177071	0.9271174924	0.9265989477	0.9269894873	0.9268199567	0.9273377870	0.9264269408	0.9281297237	0.9272709748	0.9273216912	0.9270222029	0.9263291274	0.9269731057	0.9273551687	0.9281514865	0.9266875227	0.9266888561	0.9271333979	0.9269273419	0.9269340565	0.9274098376	0.9271166353	0.9269645815	0.9269334374	0.9270728716	0.9270922057	0.9268771018
0.9273735028	0.9267136190	0.9270339653	1.0000000000	0.9266720459	0.9267123333	0.9272601649	0.9262984118	0.9265766135	0.9269178177	0.9268353382	0.9268315285	0.9262065986	0.9266767604	0.9263696052	0.9294292522	0.9267273339	0.9268599106	0.9282587289	0.9266077100	0.9266264250	0.9262311234	0.9267418583	0.9270030593	0.9264286076	0.9269582003	0.9266063766	0.9264617517	0.9267390010	0.9265273734	0.9279778128	0.9269681055	0.9280138619	0.9264949912	0.9271724947	0.9269317231	0.9266910943	0.9268713397	0.9265062773	0.9266231392	0.9263623192	0.9276689909	0.9266053766	0.9268383860	0.9268591011	0.9264670853	0.9268538152	0.9271898763	0.9275490336	0.9266191867	0.9267192859	0.9273915511	0.9270884437	0.9269020076	0.9271881620	0.9267299054	0.9270097738	0.9264616565	0.9267307150	0.9270549185	0.9267480014
0.9271843047	0.9266606169	0.9288701821	0.9266720459	1.0000000000	0.9264542753	0.9263896060	0.9266538071	0.9267275244	0.9270944439	0.9269241513	0.9268118611	0.9263182698	0.9268170042	0.9265496600	0.9265675655	0.9267347151	0.9267324293	0.9263667003	0.9268781495	0.9266219963	0.9264185119	0.9261948362	0.9269086269	0.9267524777	0.9269119604	0.9261317385	0.9264443701	0.9271176353	0.9263459852	0.9274443151	0.9269552954	0.9281617250	0.9268693396	0.9266773795	0.9266849988	0.9267079998	0.9273591212	0.9265485171	0.9268288142	0.9260494970	0.9278855234	0.9268401003	0.9269368185	0.9266367588	0.9262815064	0.9270441562	0.9269993448	0.9272710701	0.9265773278	0.9266670457	0.9275075082	0.9268050513	0.9265976620	0.9272116391	0.9267352866	0.9264952293	0.9261382625	0.9266659028	0.9267883840	0.9265048011
0.9279934801	0.9273969323	0.9267561922	0.9267123333	0.9264542753	1.0000000000	0.9267142857	0.9262896972	0.9308491190	0.9268878641	0.9270072975	0.9269482475	0.9268702920	0.9266406161	0.9258367742	0.9270240601	0.9264384175	0.9267492871	0.9268153850	0.9279668600	0.9265702799	0.9261986935	0.9258638705	0.9281016273	0.9271083968	0.9273734075	0.9263259367	0.9270104881	0.9278519506	0.9266199962	0.9296758336	0.9274217904	0.9295602575	0.9266641885	0.9273773124	0.9265173730	0.9268341001	0.9262944117	0.9268358621	0.9276638002	0.9262716965	0.9292625312	0.9294184899	0.9275532243	0.9275257470	0.9260861652	0.9263368896	0.9273414539	0.9285662651	0.9267780978	0.9266059004	0.9282320135	0.9270142978	0.9268710063	0.9275432715	0.9270467277	0.9268232425	0.9264365603	0.9274519345	0.9274958410	0.9272248301
0.9268606726	0.9262595531	0.9267733357	0.9272601649	0.9263896060	0.9267142857	1.0000000000	0.9265324689	0.9267195240	0.9264882290	0.9265219446	0.9263945109	0.9265500886	0.9267953842	0.9261854549	0.9280040044	0.9268761494	0.9268753875	0.9268325286	0.9264913720	0.9263421755	0.9262625056	0.9263383658	0.9265385167	0.9263052216	0.9264784191	0.9264916577	0.9261425484	0.9265664702	0.9265188493	0.9273461207	0.9268345287	0.9277167547	0.9264051304	0.9270420608	0.9267134762	0.9267482871	0.9265147063	0.9266792843	0.9266570929	0.9261181665	0.9272695938	0.9261260716	0.9269251037	0.9268797210	0.9261614063	0.9265107061	0.9271725899	0.9269161986	0.9266934277	0.9267650497	0.9266743317	0.9271164924	0.9266093767	0.9269057220	0.9262876495	0.9267515253	0.9262413143	0.9264287504	0.9267393344	0.9267963367
0.9269250561	0.9265544221	0.9269361042	0.9262984118	0.9266538071	0.9262896972	0.9265324689	1.0000000000	0.9264695140	0.9270253935	0.9263567951	0.9271139685	0.9267747644	0.9264596564	0.9263122219	0.9265851853	0.9263884155	0.9269128175	0.9262714584	0.9265533745	0.9264629423	0.9260962132	0.9265568508	0.9264695616	0.9261217857	0.9264441320	0.9262736489	0.9266494260	0.9269920112	0.9265964715	0.9271760186	0.9270973012	0.9275366522	0.9264146546	0.9273101669	0.9261730734	0.9265034201	0.9265392787	0.9266454734	0.9268239568	0.9261647398	0.9272394974	0.9258920621	0.9269400567	0.9266919991	0.9263080789	0.9265019438	0.9269261990	0.9270104881	0.9266497117	0.9262885543	0.9267218575	0.9265917094	0.9266284251	0.9269452474	0.9267734786	0.9265939952	0.9264158928	0.9266012336	0.9265953286	0.9268429100
0.9276230842	0.9268588154	0.9273916463	0.9265766135	0.9267275244	0.9308491190	0.9267195240	0.9264695140	1.0000000000	0.9276802770	0.9274595062	0.9271947337	0.9266821892	0.9272120677	0.9262034556	0.9276847534	0.9265529935	0.9268571962	0.9272842611	0.9279174294	0.9261289288	0.9260579260	0.9262135036	0.9283471610	0.9272689747	0.9277268503	0.9267451917	0.9269016266	0.9282755867	0.9267695260	0.9293698213	0.9274995078	0.9293909174	0.9273032618	0.9278428550	0.9268206233	0.9266817130	0.9261904075	0.9264101306	0.9274187427	0.9257228172	0.9288983261	0.9290316172	0.9275704631	0.9274618397	0.9263901774	0.9274492201	0.9275751776	0.9278936666	0.9264730379	0.9268311476	0.9278828566	0.9272424022	0.9268764351	0.9277477559	0.9268505293	0.9267118094	0.9266793319	0.9270693477	0.9270491564	0.9273595974
0.9274565537	0.9274326956	0.9273533115	0.9269178177	0.9270944439	0.9268878641	0.9264882290	0.9270253935	0.9276802770	1.0000000000	0.9279276679	0.9277667091	0.9273400728	0.9272902137	0.9260267342	0.9267960985	0.9267166668	0.9270257268	0.9268137183	0.9277271837	0.9265949952	0.9259149202	0.9266374731	0.9274986983	0.9272186394	0.9278372833	0.9270585853	0.9274572204	0.9283323033	0.9269261514	0.9291795755	0.9274547918	0.9294294427	0.9271464460	0.9282628243	0.9265142777	0.9272181632	0.9266230440	0.9270693477	0.9268918167	0.9267229051	0.9291111442	0.9293992034	0.9284505462	0.9278253305	0.9263408897	0.9273265961	0.9277120878	0.9285288826	0.9264387032	0.9269383424	0.9277842336	0.9268463387	0.9269280086	0.9278250448	0.9275057462	0.9266368064	0.9265010867	0.9273868366	0.9272037816	0.9275006031
0.9278407597	0.9273224055	0.9265879473	0.9268353382	0.9269241513	0.9270072975	0.9265219446	0.9263567951	0.9274595062	0.9279276679	1.0000000000	0.9274964125	0.9269140557	0.9274338385	0.9260479732	0.9267546683	0.9266191390	0.9270412513	0.9264887528	0.9275565101	0.9259488739	0.9258619657	0.9262869828	0.9276885155	0.9277473273	0.9279838607	0.9265636130	0.9267456679	0.9282422997	0.9263461280	0.9293352961	0.9274026944	0.9295470665	0.9272627364	0.9277154689	0.9269862014	0.9271749233	0.9260864509	0.9267939080	0.9268015273	0.9264711807	0.9291289544	0.9295738771	0.9275289852	0.9272581648	0.9265488029	0.9270834435	0.9273707407	0.9283112548	0.9266041384	0.9263141268	0.9283686381	0.9268924358	0.9269030552	0.9280739119	0.9268023845	0.9266447115	0.9268184328	0.9263062217	0.9269336755	0.9272884993
0.9274039802	0.9272145916	0.9274486486	0.9268315285	0.9268118611	0.9269482475	0.9263945109	0.9271139685	0.9271947337	0.9277667091	0.9274964125	1.0000000000	0.9271735899	0.9268254331	0.9261416912	0.9270155360	0.9268366716	0.9272125915	0.9266521880	0.9276332751	0.9265606129	0.9259815895	0.9310616513	0.9276584190	0.9273340726	0.9279381446	0.9266105673	0.9265957571	0.9276782769	0.9265468980	0.9288588959	0.9271893525	0.9292941992	0.9271140637	0.9277773762	0.9268472435	0.9271288262	0.9265035153	0.9264695140	0.9274007896	0.9261552632	0.9289494234	0.9287838453	0.9276288940	0.9276183698	0.9261120234	0.9269502952	0.9274046469	0.9279499069	0.9267960509	0.9265446122	0.9284168305	0.9270717763	0.9266035194	0.9277367555	0.9269972495	0.9267646211	0.9263435565	0.9272150202	0.9271741614	0.9268922929
0.9271833522	0.9271041586	0.9264888481	0.9262065986	0.9263182698	0.9268702920	0.9265500886	0.9267747644	0.9266821892	0.9273400728	0.9269140557	0.9271735899	1.0000000000	0.9269693912	0.9260739266	0.9266838559	0.9265524221	0.9265277544	0.9264054638	0.9270498707	0.9262142656	0.9261305955	0.9260125432	0.9269218655	0.9270432514	0.9275868447	0.9264134641	0.9265514220	0.9273599308	0.9264976103	0.9279872894	0.9269488190	0.9282322040	0.9267505729	0.9271760662	0.9266972850	0.9269779154	0.9262187896	0.9265103251	0.9264021303	0.9267650497	0.9280170525	0.9271021109	0.9272274969	0.9270270602	0.9264244645	0.9266935706	0.9273732647	0.9276571809	0.9266423781	0.9266460925	0.9273577878	0.9269571527	0.9265868996	0.9273223102	0.9271876858	0.9265487552	0.9263629382	0.9270271555	0.9271635419	0.9267051901
0.9274375053	0.9264472274	0.9268855783	0.9266767604	0.9268170042	0.9266406161	0.9267953842	0.9264596564	0.9272120677	0.9272902137	0.9274338385	0.9268254331	0.9269693912	1.0000000000	0.9261687399	0.9264074162	0.9267720976	0.9269183892	0.9265347547	0.9268694348	0.9261611682	0.9261705495	0.9258964909	0.9271158257	0.9269012933	0.9274851739	0.9266934277	0.9264345126	0.9274607444	0.9263812723	0.9284173543	0.9270607759	0.9282234894	0.9268831021	0.9273932655	0.9266969517	0.9268555771	0.9266308538	0.9264921815	0.9268496245	0.9261072613	0.9279766223	0.9276440851	0.9274477438	0.9268627203	0.9267317626	0.9268583868	0.9274216952	0.9278225685	0.9268725302	0.9266360445	0.9273476446	0.9274743640	0.9269361042	0.9276242748	0.9270524898	0.9267798598	0.9267070950	0.9264432748	0.9270371083	0.9270839197
0.9266498546	0.9261683590	0.9265122300	0.9263696052	0.9265496600	0.9258367742	0.9261854549	0.9263122219	0.9262034556	0.9260267342	0.9260479732	0.9261416912	0.9260739266	0.9261687399	1.0000000000	0.9265246590	0.9261067374	0.9265603748	0.9262735061	0.9261784546	0.9262529814	0.9259668270	0.9258585846	0.9262607436	0.9262007889	0.9261663589	0.9261263573	0.9261115472	0.9264739427	0.9260084001	0.9269360566	0.9265954238	0.9271765901	0.9265180397	0.9261823595	0.9263597000	0.9261478343	0.9266986661	0.9264572278	0.9265283735	0.9257407703	0.9268581010	0.9254149477	0.9262600770	0.9260902130	0.9260122098	0.9259112058	0.9266304252	0.9270264412	0.9266656647	0.9261960268	0.9264245598	0.9263930823	0.9263442708	0.9264662281	0.9264457035	0.9262748871	0.9258062968	0.9257602949	0.9262324092	0.9260174005
0.9269069125	0.9270929677	0.9270450133	0.9294292522	0.9265675655	0.9270240601	0.9280040044	0.9265851853	0.9276847534	0.9267960985	0.9267546683	0.9270155360	0.9266838559	0.9264074162	0.9265246590	1.0000000000	0.9266327586	0.9270029640	0.9579060185	0.9268175280	0.9260612594	0.9265150396	0.9259587791	0.9270145835	0.9272277826	0.9274764117	0.9261409293	0.9261572633	0.9270957773	0.9264830859	0.9283523041	0.9265683751	0.9285363591	0.9267903364	0.9269934398	0.9265062773	0.9265581366	0.9263737006	0.9269928684	0.9272020197	0.9258540130	0.9278417597	0.9273088335	0.9268985789	0.9271753995	0.9263938442	0.9268655299	0.9274997936	0.9279775271	0.9265918522	0.9268419575	0.9275687011	0.9267314769	0.9269878206	0.9272279731	0.9271699231	0.9266137579	0.9262386951	0.9269987258	0.9271078730	0.9267641925
0.9272401641	0.9264886576	0.9269697722	0.9267273339	0.9267347151	0.9264384175	0.9268761494	0.9263884155	0.9265529935	0.9267166668	0.9266191390	0.9268366716	0.9265524221	0.9267720976	0.9261067374	0.9266327586	1.0000000000	0.9269622005	0.9264403699	0.9265662798	0.9264175595	0.9264477988	0.9262230755	0.9268432433	0.9266100434	0.9270817291	0.9266757127	0.9267902412	0.9268609107	0.9263186984	0.9275431286	0.9273065953	0.9277655662	0.9269555812	0.9270514422	0.9269425806	0.9268731016	0.9264881814	0.9269381043	0.9269978210	0.9263232700	0.9275868923	0.9262838398	0.9267878125	0.9271092064	0.9263019358	0.9265133253	0.9272444499	0.9268317667	0.9269168177	0.9267968129	0.9268717206	0.9270948249	0.9268256235	0.9272698795	0.9264919911	0.9266426162	0.9269178654	0.9267045234	0.9266442353	0.9267744786
0.9273288343	0.9272902137	0.9270309175	0.9268599106	0.9267324293	0.9267492871	0.9268753875	0.9269128175	0.9268571962	0.9270257268	0.9270412513	0.9272125915	0.9265277544	0.9269183892	0.9265603748	0.9270029640	0.9269622005	1.0000000000	0.9266367588	0.9272073532	0.9269208179	0.9263566523	0.9269179606	0.9268363859	0.9268996741	0.9268327667	0.9269248656	0.9267278577	0.9271820665	0.9269034838	0.9279520023	0.9268100039	0.9280713880	0.9267309054	0.9271229689	0.9265674227	0.9270061546	0.9268120040	0.9268479102	0.9268914357	0.9267375724	0.9278740467	0.9267270958	0.9272278302	0.9269228179	0.9265137538	0.9266113292	0.9271038729	0.9275021746	0.9266743317	0.9267847171	0.9271775425	0.9267878601	0.9268679110	0.9272720701	0.9268437195	0.9268693872	0.9266543309	0.9270984441	0.9273597879	0.9272409736
0.9269194845	0.9267505729	0.9269904397	0.9282587289	0.9263667003	0.9268153850	0.9268325286	0.9262714584	0.9272842611	0.9268137183	0.9264887528	0.9266521880	0.9264054638	0.9265347547	0.9262735061	0.9579060185	0.9264403699	0.9266367588	1.0000000000	0.9267306673	0.9261206904	0.9264835145	0.9260600213	0.9267844790	0.9267345246	0.9270086785	0.9262355998	0.9262606960	0.9271855904	0.9263117457	0.9278331403	0.9266837131	0.9280641496	0.9265354690	0.9270795385	0.9265555174	0.9262128846	0.9264850384	0.9268526723	0.9268700063	0.9262415524	0.9278399501	0.9267849076	0.9267593352	0.9270050117	0.9262230755	0.9269743914	0.9266911896	0.9277783762	0.9266809034	0.9268813877	0.9271877334	0.9266631884	0.9266262822	0.9268613869	0.9269330564	0.9265292783	0.9261182141	0.9267712880	0.9268950073	0.9270830625
0.9279523832	0.9277112783	0.9270038688	0.9266077100	0.9268781495	0.9279668600	0.9264913720	0.9265533745	0.9279174294	0.9277271837	0.9275565101	0.9276332751	0.9270498707	0.9268694348	0.9261784546	0.9268175280	0.9265662798	0.9272073532	0.9267306673	1.0000000000	0.9263984159	0.9263038882	0.9264090830	0.9283334938	0.9274711257	0.9281776780	0.9261828357	0.9272292112	0.9284060205	0.9263847010	0.9296583567	0.9270372511	0.9299239388	0.9270275841	0.9277896624	0.9265821852	0.9268791019	0.9261890265	0.9267125714	0.9272944996	0.9259283969	0.9293694403	0.9297212164	0.9278666179	0.9270977774	0.9262658391	0.9275192705	0.9269380566	0.9288367046	0.9268528151	0.9267988129	0.9282808250	0.9273143575	0.9268252426	0.9282092507	0.9273299296	0.9267063330	0.9263965110	0.9274378863	0.9274992221	0.9274799356
0.9267466680	0.9265505172	0.9268721969	0.9266264250	0.9266219963	0.9265702799	0.9263421755	0.9264629423	0.9261289288	0.9265949952	0.9259488739	0.9265606129	0.9262142656	0.9261611682	0.9262529814	0.9260612594	0.9264175595	0.9269208179	0.9261206904	0.9263984159	1.0000000000	0.9260747838	0.9262523624	0.9260256389	0.9259197775	0.9265953762	0.9261156426	0.9264303695	0.9265958048	0.9262666486	0.9268393384	0.9263420326	0.9276458947	0.9265658988	0.9268478625	0.9266702363	0.9269365804	0.9264438463	0.9265019438	0.9264924196	0.9260001617	0.9271468270	0.9259209204	0.9269295801	0.9266220915	0.9261152140	0.9268567200	0.9269010552	0.9268347668	0.9264301790	0.9263714148	0.9265578509	0.9265363738	0.9264019398	0.9267958128	0.9263266987	0.9260431158	0.9261213095	0.9263106504	0.9265721848	0.9267691927
0.9267153810	0.9262737918	0.9263161268	0.9262311234	0.9264185119	0.9261986935	0.9262625056	0.9260962132	0.9260579260	0.9259149202	0.9258619657	0.9259815895	0.9261305955	0.9261705495	0.9259668270	0.9265150396	0.9264477988	0.9263566523	0.9264835145	0.9263038882	0.9260747838	1.0000000000	0.9256051458	0.9261174998	0.9259913518	0.9260098764	0.9259784466	0.9260990705	0.9266696649	0.9261651684	0.9268172899	0.9267154286	0.9272915471	0.9264017493	0.9260013046	0.9263646526	0.9264450844	0.9262700774	0.9262593150	0.9263106504	0.9259214443	0.9269056268	0.9251648424	0.9261098804	0.9261710734	0.9254467585	0.9259977807	0.9265647083	0.9265342309	0.9266822368	0.9263319370	0.9265271353	0.9263170792	0.9263674146	0.9265827090	0.9260427349	0.9261244048	0.9261442151	0.9258031538	0.9262481241	0.9261997888
0.9264484655	0.9261561204	0.9267241909	0.9267418583	0.9261948362	0.9258638705	0.9263383658	0.9265568508	0.9262135036	0.9266374731	0.9262869828	0.9310616513	0.9260125432	0.9258964909	0.9258585846	0.9259587791	0.9262230755	0.9269179606	0.9260600213	0.9264090830	0.9262523624	0.9256051458	1.0000000000	0.9262519338	0.9260077811	0.9263085075	0.9260948798	0.9262969356	0.9267206669	0.9261579776	0.9263213175	0.9265575651	0.9272877850	0.9264094163	0.9266134721	0.9261634540	0.9260884510	0.9261883122	0.9260277343	0.9264509894	0.9263734149	0.9270374892	0.9253364207	0.9265710895	0.9262231231	0.9260498780	0.9264033684	0.9266616169	0.9267718119	0.9261867407	0.9259384449	0.9264133688	0.9264154165	0.9260304010	0.9268586725	0.9263403183	0.9263853201	0.9259622554	0.9260754028	0.9259481596	0.9263639383
0.9289449946	0.9273536448	0.9272520693	0.9270030593	0.9269086269	0.9281016273	0.9265385167	0.9264695616	0.9283471610	0.9274986983	0.9276885155	0.9276584190	0.9269218655	0.9271158257	0.9262607436	0.9270145835	0.9268432433	0.9268363859	0.9267844790	0.9283334938	0.9260256389	0.9261174998	0.9262519338	1.0000000000	0.9285564076	0.9288172276	0.9265868520	0.9264593707	0.9283288746	0.9263837486	0.9326788593	0.9273100240	0.9310300786	0.9272514026	0.9282811108	0.9268662919	0.9269852014	0.9258963480	0.9262487432	0.9277832812	0.9260739266	0.9313138996	0.9332245956	0.9284155924	0.9279613360	0.9263987016	0.9274878407	0.9275934164	0.9294651108	0.9270529184	0.9268924358	0.9291064773	0.9273350250	0.9269212464	0.9284552606	0.9272132582	0.9266810939	0.9265156587	0.9275511290	0.9278819042	0.9278194731
0.9280721500	0.9271115874	0.9269742962	0.9264286076	0.9267524777	0.9271083968	0.9263052216	0.9261217857	0.9272689747	0.9272186394	0.9277473273	0.9273340726	0.9270432514	0.9269012933	0.9262007889	0.9272277826	0.9266100434	0.9268996741	0.9267345246	0.9274711257	0.9259197775	0.9259913518	0.9260077811	0.9285564076	1.0000000000	0.9284243070	0.9263876535	0.9266920944	0.9282286324	0.9264841812	0.9297144066	0.9270241554	0.9299971323	0.9271892572	0.9277961865	0.9266694744	0.9268446719	0.9260079239	0.9265752801	0.9273968370	0.9261338814	0.9294910166	0.9299882271	0.9277652328	0.9278826185	0.9266822844	0.9273250246	0.9277148022	0.9286521733	0.9264837050	0.9273901225	0.9288872780	0.9269438188	0.9267389058	0.9277562325	0.9271053015	0.9266257107	0.9265432312	0.9273993609	0.9274699352	0.9271253023
0.9288520385	0.9274619349	0.9274094090	0.9269582003	0.9269119604	0.9273734075	0.9264784191	0.9264441320	0.9277268503	0.9278372833	0.9279838607	0.9279381446	0.9275868447	0.9274851739	0.9261663589	0.9274764117	0.9270817291	0.9268327667	0.9270086785	0.9281776780	0.9265953762	0.9260098764	0.9263085075	0.9288172276	0.9284243070	1.0000000000	0.9265320879	0.9268469101	0.9289337561	0.9267966224	0.9312486113	0.9274267906	0.9311111295	0.9271866381	0.9285148345	0.9271418268	0.9278923808	0.9261678828	0.9272588791	0.9277213739	0.9263715576	0.9307018749	0.9320741683	0.9285064532	0.9280438155	0.9265320403	0.9276101313	0.9285037388	0.9291924332	0.9268084324	0.9271873048	0.9294351572	0.9279429543	0.9270670618	0.9290337601	0.9275664153	0.9268560533	0.9266537595	0.9279520023	0.9283181122	0.9276681337
0.9270312985	0.9265427550	0.9263842248	0.9266063766	0.9261317385	0.9263259367	0.9264916577	0.9262736489	0.9267451917	0.9270585853	0.9265636130	0.9266105673	0.9264134641	0.9266934277	0.9261263573	0.9261409293	0.9266757127	0.9269248656	0.9262355998	0.9261828357	0.9261156426	0.9259784466	0.9260948798	0.9265868520	0.9263876535	0.9265320879	1.0000000000	0.9261355481	0.9266298538	0.9265329927	0.9275442715	0.9265718038	0.9273343107	0.9259706843	0.9269898206	0.9266257107	0.9264334649	0.9262829350	0.9268233377	0.9262145513	0.9262446001	0.9272847849	0.9259936376	0.9265874235	0.9266816654	0.9261301193	0.9264007493	0.9267358580	0.9271990195	0.9265717562	0.9262634580	0.9267942890	0.9265969953	0.9266622836	0.9267610971	0.9266177104	0.9264627042	0.9262640295	0.9264228930	0.9267604304	0.9265441836
0.9266859036	0.9266130912	0.9266723793	0.9264617517	0.9264443701	0.9270104881	0.9261425484	0.9266494260	0.9269016266	0.9274572204	0.9267456679	0.9265957571	0.9265514220	0.9264345126	0.9261115472	0.9261572633	0.9267902412	0.9267278577	0.9262606960	0.9272292112	0.9264303695	0.9260990705	0.9262969356	0.9264593707	0.9266920944	0.9268469101	0.9261355481	1.0000000000	0.9272203061	0.9261215952	0.9273670739	0.9270510136	0.9278559031	0.9264107497	0.9271321597	0.9265612796	0.9266542833	0.9264988961	0.9263153649	0.9262215516	0.9260784506	0.9273824555	0.9263287464	0.9270200600	0.9271133494	0.9263654145	0.9264393699	0.9270029640	0.9270903961	0.9265111347	0.9266040908	0.9270457753	0.9266617122	0.9265411835	0.9272620221	0.9265101346	0.9264901815	0.9265658036	0.9265862806	0.9264972294	0.9268646251
0.9282558716	0.9272844516	0.9276477519	0.9267390010	0.9271176353	0.9278519506	0.9265664702	0.9269920112	0.9282755867	0.9283323033	0.9282422997	0.9276782769	0.9273599308	0.9274607444	0.9264739427	0.9270957773	0.9268609107	0.9271820665	0.9271855904	0.9284060205	0.9265958048	0.9266696649	0.9267206669	0.9283288746	0.9282286324	0.9289337561	0.9266298538	0.9272203061	1.0000000000	0.9268644823	0.9303417652	0.9274716972	0.9303692425	0.9275224135	0.9283904009	0.9275137941	0.9273630738	0.9266306157	0.9268169089	0.9276361800	0.9264205596	0.9297911240	0.9302280463	0.9282995401	0.9281032941	0.9268631489	0.9278568556	0.9279607169	0.9291274306	0.9267856219	0.9265072298	0.9285138344	0.9275645105	0.9270177741	0.9286096002	0.9276628478	0.9272862135	0.9268956264	0.9276711814	0.9275640342	0.9277551372
0.9268751494	0.9269496762	0.9267238099	0.9265273734	0.9263459852	0.9266199962	0.9265188493	0.9265964715	0.9267695260	0.9269261514	0.9263461280	0.9265468980	0.9264976103	0.9263812723	0.9260084001	0.9264830859	0.9263186984	0.9269034838	0.9263117457	0.9263847010	0.9262666486	0.9261651684	0.9261579776	0.9263837486	0.9264841812	0.9267966224	0.9265329927	0.9261215952	0.9268644823	1.0000000000	0.9269609623	0.9270664428	0.9273808364	0.9264413224	0.9272141630	0.9265074679	0.9264688473	0.9267581446	0.9264314648	0.9266992851	0.9263972253	0.9270694905	0.9256010980	0.9270872055	0.9265831376	0.9263252224	0.9262312663	0.9268362906	0.9274046945	0.9268612440	0.9263883678	0.9272669270	0.9263250320	0.9266687125	0.9266473306	0.9267825266	0.9264586564	0.9261895027	0.9268458148	0.9272390688	0.9268464339
0.9460218255	0.9282149652	0.9282816822	0.9279778128	0.9274443151	0.9296758336	0.9273461207	0.9271760186	0.9293698213	0.9291795755	0.9293352961	0.9288588959	0.9279872894	0.9284173543	0.9269360566	0.9283523041	0.9275431286	0.9279520023	0.9278331403	0.9296583567	0.9268393384	0.9268172899	0.9263213175	0.9326788593	0.9297144066	0.9312486113	0.9275442715	0.9273670739	0.9303417652	0.9269609623	1.0000000000	0.9285326923	0.9337247110	0.9281458672	0.9297254070	0.9280173382	0.9282648244	0.9258682993	0.9279435257	0.9291645273	0.9265700894	0.9379700249	0.9435332490	0.9295073983	0.9297731709	0.9269960114	0.9286370775	0.9294141088	0.9310334121	0.9277768047	0.9281438671	0.9316017683	0.9285321685	0.9280030519	0.9306385391	0.9282046791	0.9273840270	0.9272086866	0.9292006716	0.9294585868	0.9296841673
0.9278934285	0.9267227623	0.9271423506	0.9269681055	0.9269552954	0.9274217904	0.9268345287	0.9270973012	0.9274995078	0.9274547918	0.9274026944	0.9271893525	0.9269488190	0.9270607759	0.9265954238	0.9265683751	0.9273065953	0.9268100039	0.9266837131	0.9270372511	0.9263420326	0.9267154286	0.9265575651	0.9273100240	0.9270241554	0.9274267906	0.9265718038	0.9270510136	0.9274716972	0.9270664428	0.9285326923	1.0000000000	0.9289454232	0.9272030197	0.9278673798	0.9266272346	0.9271833999	0.9264758952	0.9269164843	0.9275859399	0.9266102339	0.9284260690	0.9278839995	0.9273505018	0.9271354932	0.9268070037	0.9272037340	0.9278520935	0.9278792374	0.9269366280	0.9267485252	0.9276748006	0.9272007339	0.9270732526	0.9273985514	0.9270900152	0.9269470094	0.9268225282	0.9266876656	0.9267961462	0.9274345052
0.9303910529	0.9284393076	0.9284337359	0.9280138619	0.9281617250	0.9295602575	0.9277167547	0.9275366522	0.9293909174	0.9294294427	0.9295470665	0.9292941992	0.9282322040	0.9282234894	0.9271765901	0.9285363591	0.9277655662	0.9280713880	0.9280641496	0.9299239388	0.9276458947	0.9272915471	0.9272877850	0.9310300786	0.9299971323	0.9311111295	0.9273343107	0.9278559031	0.9303692425	0.9273808364	0.9337247110	0.9289454232	1.0000000000	0.9286470779	0.9300617539	0.9282181558	0.9290718569	0.9266031384	0.9282027266	0.9293046758	0.9266398542	0.9330969238	0.9354121123	0.9299714646	0.9299777029	0.9273641691	0.9290019017	0.9294867308	0.9310806045	0.9279473354	0.9283899247	0.9311561790	0.9284564988	0.9281117706	0.9305234392	0.9284368313	0.9277723760	0.9272550218	0.9291575746	0.9293722499	0.9293321055
0.9274093613	0.9268315762	0.9271183972	0.9264949912	0.9268693396	0.9266641885	0.9264051304	0.9264146546	0.9273032618	0.9271464460	0.9272627364	0.9271140637	0.9267505729	0.9268831021	0.9265180397	0.9267903364	0.9269555812	0.9267309054	0.9265354690	0.9270275841	0.9265658988	0.9264017493	0.9264094163	0.9272514026	0.9271892572	0.9271866381	0.9259706843	0.9264107497	0.9275224135	0.9264413224	0.9281458672	0.9272030197	0.9286470779	1.0000000000	0.9292053861	0.9269047220	0.9268481006	0.9267197621	0.9269768201	0.9275175086	0.9264633232	0.9281471530	0.9271735423	0.9278321879	0.9275987976	0.9267349532	0.9272965473	0.9278245209	0.9278606176	0.9268413385	0.9272971664	0.9276892298	0.9269490571	0.9269244371	0.9275530814	0.9266439496	0.9269303897	0.9270424894	0.9268568629	0.9272038293	0.9270698715
0.9280210527	0.9272815467	0.9277177071	0.9271724947	0.9266773795	0.9273773124	0.9270420608	0.9273101669	0.9278428550	0.9282628243	0.9277154689	0.9277773762	0.9271760662	0.9273932655	0.9261823595	0.9269934398	0.9270514422	0.9271229689	0.9270795385	0.9277896624	0.9268478625	0.9260013046	0.9266134721	0.9282811108	0.9277961865	0.9285148345	0.9269898206	0.9271321597	0.9283904009	0.9272141630	0.9297254070	0.9278673798	0.9300617539	0.9292053861	1.0000000000	0.9272995474	0.9273130241	0.9266688553	0.9269778202	0.9276607048	0.9265797565	0.9295483999	0.9299081763	0.9286614118	0.9282552526	0.9266905229	0.9272533551	0.9281924881	0.9286137432	0.9273012141	0.9269783440	0.9288153228	0.9276680861	0.9273085001	0.9286019332	0.9273662168	0.9269733914	0.9268362430	0.9277322791	0.9278692370	0.9276732767
0.9267968129	0.9266872370	0.9271174924	0.9269317231	0.9266849988	0.9265173730	0.9267134762	0.9261730734	0.9268206233	0.9265142777	0.9269862014	0.9268472435	0.9266972850	0.9266969517	0.9263597000	0.9265062773	0.9269425806	0.9265674227	0.9265555174	0.9265821852	0.9266702363	0.9263646526	0.9261634540	0.9268662919	0.9266694744	0.9271418268	0.9266257107	0.9265612796	0.9275137941	0.9265074679	0.9280173382	0.9266272346	0.9282181558	0.9269047220	0.9272995474	1.0000000000	0.9267627163	0.9264902767	0.9265883759	0.9270870627	0.9262433620	0.9281242473	0.9273271199	0.9271032538	0.9268771018	0.9263353657	0.9266833321	0.9274837929	0.9275093178	0.9268791019	0.9270083452	0.9279038575	0.9270042498	0.9265250400	0.9277692330	0.9269401996	0.9263615572	0.9263500330	0.9263666051	0.9270614902	0.9268441005
0.9275564149	0.9270259650	0.9265989477	0.9266910943	0.9267079998	0.9268341001	0.9267482871	0.9265034201	0.9266817130	0.9272181632	0.9271749233	0.9271288262	0.9269779154	0.9268555771	0.9261478343	0.9265581366	0.9268731016	0.9270061546	0.9262128846	0.9268791019	0.9269365804	0.9264450844	0.9260884510	0.9269852014	0.9268446719	0.9278923808	0.9264334649	0.9266542833	0.9273630738	0.9264688473	0.9282648244	0.9271833999	0.9290718569	0.9268481006	0.9273130241	0.9267627163	1.0000000000	0.9262334568	0.9271724470	0.9275456049	0.9264043685	0.9284462126	0.9280670069	0.9274045516	0.9274031706	0.9262417905	0.9270672999	0.9277148022	0.9277541371	0.9269555335	0.9273177386	0.9281078181	0.9269846776	0.9269642482	0.9283422561	0.9265040392	0.9266446639	0.9266575215	0.9266439972	0.9270997298	0.9273406443
0.9261580252	0.9265107537	0.9269894873	0.9268713397	0.9273591212	0.9262944117	0.9265147063	0.9265392787	0.9261904075	0.9266230440	0.9260864509	0.9265035153	0.9262187896	0.9266308538	0.9266986661	0.9263737006	0.9264881814	0.9268120040	0.9264850384	0.9261890265	0.9264438463	0.9262700774	0.9261883122	0.9258963480	0.9260079239	0.9261678828	0.9262829350	0.9264988961	0.9266306157	0.9267581446	0.9258682993	0.9264758952	0.9266031384	0.9267197621	0.9266688553	0.9264902767	0.9262334568	1.0000000000	0.9265404692	0.9264843717	0.9263459376	0.9263881774	0.9241837552	0.9265214208	0.9263037454	0.9264400366	0.9261773117	0.9266403304	0.9265009914	0.9266818559	0.9263477472	0.9263904632	0.9266580454	0.9264759904	0.9264975627	0.9263735101	0.9268006225	0.9264890862	0.9260145909	0.9263844153	0.9266238059
0.9270713954	0.9263759864	0.9268199567	0.9265062773	0.9265485171	0.9268358621	0.9266792843	0.9266454734	0.9264101306	0.9270693477	0.9267939080	0.9264695140	0.9265103251	0.9264921815	0.9264572278	0.9269928684	0.9269381043	0.9268479102	0.9268526723	0.9267125714	0.9265019438	0.9262593150	0.9260277343	0.9262487432	0.9265752801	0.9272588791	0.9268233377	0.9263153649	0.9268169089	0.9264314648	0.9279435257	0.9269164843	0.9282027266	0.9269768201	0.9269778202	0.9265883759	0.9271724470	0.9265404692	1.0000000000	0.9266657123	0.9265911855	0.9275218421	0.9267751929	0.9267583827	0.9269567241	0.9262311710	0.9265273258	0.9273758838	0.9277419938	0.9267576684	0.9268147183	0.9273202149	0.9268363383	0.9273188815	0.9274165521	0.9269220084	0.9266095672	0.9267789074	0.9276728482	0.9274390292	0.9269741057
0.9279659076	0.9274637445	0.9273377870	0.9266231392	0.9268288142	0.9276638002	0.9266570929	0.9268239568	0.9274187427	0.9268918167	0.9268015273	0.9274007896	0.9264021303	0.9268496245	0.9265283735	0.9272020197	0.9269978210	0.9268914357	0.9268700063	0.9272944996	0.9264924196	0.9263106504	0.9264509894	0.9277832812	0.9273968370	0.9277213739	0.9262145513	0.9262215516	0.9276361800	0.9266992851	0.9291645273	0.9275859399	0.9293046758	0.9275175086	0.9276607048	0.9270870627	0.9275456049	0.9264843717	0.9266657123	1.0000000000	0.9262662201	0.9288001793	0.9285599315	0.9308621671	0.9290058542	0.9264137498	0.9266896181	0.9274676018	0.9281757256	0.9269390091	0.9270864436	0.9278818566	0.9271407315	0.9267641925	0.9278384739	0.9270474420	0.9267783359	0.9265604224	0.9273789316	0.9271060634	0.9273907892
0.9264595136	0.9262501242	0.9264269408	0.9263623192	0.9260494970	0.9262716965	0.9261181665	0.9261647398	0.9257228172	0.9267229051	0.9264711807	0.9261552632	0.9267650497	0.9261072613	0.9257407703	0.9258540130	0.9263232700	0.9267375724	0.9262415524	0.9259283969	0.9260001617	0.9259214443	0.9263734149	0.9260739266	0.9261338814	0.9263715576	0.9262446001	0.9260784506	0.9264205596	0.9263972253	0.9265700894	0.9266102339	0.9266398542	0.9264633232	0.9265797565	0.9262433620	0.9264043685	0.9263459376	0.9265911855	0.9262662201	1.0000000000	0.9269692960	0.9251247931	0.9264309886	0.9264486560	0.9259873041	0.9258991577	0.9268024798	0.9269216274	0.9264270361	0.9264875147	0.9262033604	0.9265457075	0.9261993602	0.9267688594	0.9267694784	0.9263853201	0.9265178016	0.9260607356	0.9262132179	0.9266009002
0.9320422623	0.9279757651	0.9281297237	0.9276689909	0.9278855234	0.9292625312	0.9272695938	0.9272394974	0.9288983261	0.9291111442	0.9291289544	0.9289494234	0.9280170525	0.9279766223	0.9268581010	0.9278417597	0.9275868923	0.9278740467	0.9278399501	0.9293694403	0.9271468270	0.9269056268	0.9270374892	0.9313138996	0.9294910166	0.9307018749	0.9272847849	0.9273824555	0.9297911240	0.9270694905	0.9379700249	0.9284260690	0.9330969238	0.9281471530	0.9295483999	0.9281242473	0.9284462126	0.9263881774	0.9275218421	0.9288001793	0.9269692960	1.0000000000	0.9405774633	0.9298066008	0.9300525631	0.9271956861	0.9287488439	0.9292732936	0.9302400944	0.9282097269	0.9278745706	0.9308517857	0.9283796385	0.9280891030	0.9300242762	0.9280069092	0.9276081789	0.9274812214	0.9284496414	0.9288167990	0.9296432609
0.9336480889	0.9275545577	0.9272709748	0.9266053766	0.9268401003	0.9294184899	0.9261260716	0.9258920621	0.9290316172	0.9293992034	0.9295738771	0.9287838453	0.9271021109	0.9276440851	0.9254149477	0.9273088335	0.9262838398	0.9267270958	0.9267849076	0.9297212164	0.9259209204	0.9251648424	0.9253364207	0.9332245956	0.9299882271	0.9320741683	0.9259936376	0.9263287464	0.9302280463	0.9256010980	0.9435332490	0.9278839995	0.9354121123	0.9271735423	0.9299081763	0.9273271199	0.9280670069	0.9241837552	0.9267751929	0.9285599315	0.9251247931	0.9405774633	1.0000000000	0.9299733218	0.9300443246	0.9260989276	0.9284679278	0.9289780912	0.9314215230	0.9270531565	0.9269407710	0.9323769424	0.9275946069	0.9271129208	0.9309165503	0.9271164448	0.9262718870	0.9256543383	0.9286974132	0.9288283709	0.9290151879
0.9284909764	0.9273413586	0.9273216912	0.9268383860	0.9269368185	0.9275532243	0.9269251037	0.9269400567	0.9275704631	0.9284505462	0.9275289852	0.9276288940	0.9272274969	0.9274477438	0.9262600770	0.9268985789	0.9267878125	0.9272278302	0.9267593352	0.9278666179	0.9269295801	0.9261098804	0.9265710895	0.9284155924	0.9277652328	0.9285064532	0.9265874235	0.9270200600	0.9282995401	0.9270872055	0.9295073983	0.9273505018	0.9299714646	0.9278321879	0.9286614118	0.9271032538	0.9274045516	0.9265214208	0.9267583827	0.9308621671	0.9264309886	0.9298066008	0.9299733218	1.0000000000	0.9584460879	0.9266519499	0.9272164012	0.9279134293	0.9288143227	0.9270608235	0.9272682604	0.9282712056	0.9269161510	0.9270610616	0.9285785989	0.9271254451	0.9274582681	0.9267877649	0.9278940952	0.9275895115	0.9279676696
0.9285029292	0.9268238616	0.9270222029	0.9268591011	0.9266367588	0.9275257470	0.9268797210	0.9266919991	0.9274618397	0.9278253305	0.9272581648	0.9276183698	0.9270270602	0.9268627203	0.9260902130	0.9271753995	0.9271092064	0.9269228179	0.9270050117	0.9270977774	0.9266220915	0.9261710734	0.9262231231	0.9279613360	0.9278826185	0.9280438155	0.9266816654	0.9271133494	0.9281032941	0.9265831376	0.9297731709	0.9271354932	0.9299777029	0.9275987976	0.9282552526	0.9268771018	0.9274031706	0.9263037454	0.9269567241	0.9290058542	0.9264486560	0.9300525631	0.9300443246	0.9584460879	1.0000000000	0.9263290321	0.9272883565	0.9277541371	0.9284853095	0.9268252426	0.9270318223	0.9284304025	0.9270045831	0.9269350089	0.9279971946	0.9267511920	0.9272836420	0.9265918046	0.9275685106	0.9277064209	0.9281227710
0.9269109603	0.9264759428	0.9263291274	0.9264670853	0.9262815064	0.9260861652	0.9261614063	0.9263080789	0.9263901774	0.9263408897	0.9265488029	0.9261120234	0.9264244645	0.9267317626	0.9260122098	0.9263938442	0.9263019358	0.9265137538	0.9262230755	0.9262658391	0.9261152140	0.9254467585	0.9260498780	0.9263987016	0.9266822844	0.9265320403	0.9261301193	0.9263654145	0.9268631489	0.9263252224	0.9269960114	0.9268070037	0.9273641691	0.9267349532	0.9266905229	0.9263353657	0.9262417905	0.9264400366	0.9262311710	0.9264137498	0.9259873041	0.9271956861	0.9260989276	0.9266519499	0.9263290321	1.0000000000	0.9582227455	0.9269235323	0.9267748596	0.9263041740	0.9260628309	0.9266641409	0.9267991463	0.9261437389	0.9267975272	0.9264500370	0.9261084518	0.9262278852	0.9262432191	0.9262911258	0.9263901298
0.9275807492	0.9266774271	0.9269731057	0.9268538152	0.9270441562	0.9263368896	0.9265107061	0.9265019438	0.9274492201	0.9273265961	0.9270834435	0.9269502952	0.9266935706	0.9268583868	0.9259112058	0.9268655299	0.9265133253	0.9266113292	0.9269743914	0.9275192705	0.9268567200	0.9259977807	0.9264033684	0.9274878407	0.9273250246	0.9276101313	0.9264007493	0.9264393699	0.9278568556	0.9262312663	0.9286370775	0.9272037340	0.9290019017	0.9272965473	0.9272533551	0.9266833321	0.9270672999	0.9261773117	0.9265273258	0.9266896181	0.9258991577	0.9287488439	0.9284679278	0.9272164012	0.9272883565	0.9582227455	1.0000000000	0.9275175086	0.9275392237	0.9265124205	0.9266552834	0.9279753842	0.9269512000	0.9267197145	0.9276773245	0.9269659149	0.9266007097	0.9262738394	0.9265990906	0.9269455808	0.9275034604
0.9281530104	0.9273198816	0.9273551687	0.9271898763	0.9269993448	0.9273414539	0.9271725899	0.9269261990	0.9275751776	0.9277120878	0.9273707407	0.9274046469	0.9273732647	0.9274216952	0.9266304252	0.9274997936	0.9272444499	0.9271038729	0.9266911896	0.9269380566	0.9269010552	0.9265647083	0.9266616169	0.9275934164	0.9277148022	0.9285037388	0.9267358580	0.9270029640	0.9279607169	0.9268362906	0.9294141088	0.9278520935	0.9294867308	0.9278245209	0.9281924881	0.9274837929	0.9277148022	0.9266403304	0.9273758838	0.9274676018	0.9268024798	0.9292732936	0.9289780912	0.9279134293	0.9277541371	0.9269235323	0.9275175086	1.0000000000	0.9280889125	0.9269255323	0.9274536488	0.9282039172	0.9277280409	0.9273091192	0.9277588992	0.9270210124	0.9272677366	0.9267697165	0.9273431682	0.9276141315	0.9274124567
0.9284608323	0.9279825749	0.9281514865	0.9275490336	0.9272710701	0.9285662651	0.9269161986	0.9270104881	0.9278936666	0.9285288826	0.9283112548	0.9279499069	0.9276571809	0.9278225685	0.9270264412	0.9279775271	0.9268317667	0.9275021746	0.9277783762	0.9288367046	0.9268347668	0.9265342309	0.9267718119	0.9294651108	0.9286521733	0.9291924332	0.9271990195	0.9270903961	0.9291274306	0.9274046945	0.9310334121	0.9278792374	0.9310806045	0.9278606176	0.9286137432	0.9275093178	0.9277541371	0.9265009914	0.9277419938	0.9281757256	0.9269216274	0.9302400944	0.9314215230	0.9288143227	0.9284853095	0.9267748596	0.9275392237	0.9280889125	1.0000000000	0.9273516447	0.9272729749	0.9296371178	0.9278127109	0.9277274218	0.9289117076	0.9581719816	0.9273232626	0.9272064008	0.9281257712	0.9285375973	0.9277859956
0.9273775505	0.9267283339	0.9266875227	0.9266191867	0.9265773278	0.9267780978	0.9266934277	0.9266497117	0.9264730379	0.9264387032	0.9266041384	0.9267960509	0.9266423781	0.9268725302	0.9266656647	0.9265918522	0.9269168177	0.9266743317	0.9266809034	0.9268528151	0.9264301790	0.9266822368	0.9261867407	0.9270529184	0.9264837050	0.9268084324	0.9265717562	0.9265111347	0.9267856219	0.9268612440	0.9277768047	0.9269366280	0.9279473354	0.9268413385	0.9273012141	0.9268791019	0.9269555335	0.9266818559	0.9267576684	0.9269390091	0.9264270361	0.9282097269	0.9270531565	0.9270608235	0.9268252426	0.9263041740	0.9265124205	0.9269255323	0.9273516447	1.0000000000	0.9271293501	0.9272552123	0.9271901144	0.9268334810	0.9270731573	0.9267109999	0.9267033329	0.9266104720	0.9265189445	0.9268642918	0.9266439496
