1.0000000000	0.9086244097	0.9081898452	0.9082585899	0.9080619802	0.9091573771	0.9077202210	0.9076139614	0.9086697320	0.9082891813	0.9088850992	0.9086377167	0.9080566770	0.9082973815	0.9074357164	0.9080502445	0.9081047492	0.9081146189	0.9080472983	0.9091048366	0.9075036263	0.9073402104	0.9071485601	0.9103260854	0.9091677870	0.9102291063	0.9077445763	0.9074636562	0.9094097682	0.9076406737	0.9307597463	0.9089506521	0.9122906111	0.9082544652	0.9090337841	0.9075680498	0.9084039357	0.9067083488	0.9078582014	0.9090695313	0.9071214060	0.9139348360	0.9155742977	0.9099679748	0.9101594287	0.9078124371	0.9087115190	0.9093470633	0.9099013416	0.9082654644	0.9081298410	0.9101128296	0.9084684575	0.9086368328	0.9095080240	0.9083178576	0.9080623730	0.9074924798	0.9089591961	0.9089816854	0.9089902785
0.9086244097	1.0000000000	0.9076390041	0.9072472578	0.9073106993	0.9083235045	0.9068057207	0.9071538633	0.9075952531	0.9081391215	0.9080849114	0.9080954195	0.9078311946	0.9069960452	0.9067601528	0.9080557441	0.9070637587	0.9079784063	0.9075738440	0.9086551483	0.9070277169	0.9067070722	0.9067137993	0.9081443265	0.9078868777	0.9082754814	0.9069958488	0.9072199073	0.9080164123	0.9075471809	0.9091622384	0.9073036284	0.9095830539	0.9073443842	0.9080877594	0.9072686178	0.9075800802	0.9069203770	0.9069039274	0.9082329089	0.9068276699	0.9087959767	0.9077672620	0.9082730263	0.9077996211	0.9071528812	0.9074649820	0.9079518414	0.9092398216	0.9071974671	0.9076873218	0.9089917025	0.9079189913	0.9073776272	0.9082028576	0.9080420933	0.9076435217	0.9069550930	0.9079160451	0.9084785728	0.9075838611
0.9081898452	0.9076390041	1.0000000000	0.9076384149	0.9099306563	0.9074997471	0.9074364038	0.9075593586	0.9080871702	0.9080798047	0.9072779474	0.9083686304	0.9070018394	0.9075851869	0.9069617711	0.9081787970	0.9075936818	0.9075759555	0.9079197278	0.9077279794	0.9074571745	0.9066489338	0.9073177702	0.9080695912	0.9076693500	0.9083166300	0.9067826422	0.9073040704	0.9085010621	0.9072310537	0.9092300010	0.9078026164	0.9096091768	0.9077467368	0.9085392154	0.9077776228	0.9071891195	0.9076043863	0.9074823645	0.9079753128	0.9069253855	0.9091185855	0.9073928983	0.9082775438	0.9080503427	0.9070447557	0.9079179110	0.9081065169	0.9093608122	0.9071864679	0.9074920870	0.9078996446	0.9075883295	0.9076834427	0.9082451847	0.9080203897	0.9076234875	0.9074734277	0.9080032526	0.9080758273	0.9075074563
0.9082585899	0.9072472578	0.9076384149	1.0000000000	0.9072396959	0.9073816045	0.9079515959	0.9066649906	0.9072064530	0.9075010729	0.9074807441	0.9075641216	0.9066025312	0.9071829325	0.9067327532	0.9108894969	0.9072325759	0.9074390554	0.9093678831	0.9071264636	0.9071750268	0.9065184172	0.9074161733	0.9075490960	0.9069447813	0.9075797855	0.9070416131	0.9070403855	0.9073193415	0.9069897600	0.9090162051	0.9074309043	0.9089858592	0.9068871340	0.9080405220	0.9075181609	0.9072793714	0.9074397920	0.9069479240	0.9070998005	0.9067488100	0.9085500672	0.9066599821	0.9076335046	0.9077902915	0.9070923859	0.9076549136	0.9077945144	0.9086132632	0.9069334876	0.9073239572	0.9081555711	0.9076883039	0.9076200994	0.9078549115	0.9075364273	0.9075438419	0.9068380307	0.9072597301	0.9078072321	0.9073275418
0.9080619802	0.9073106993	0.9099306563	0.9072396959	1.0000000000	0.9071135986	0.9069863228	0.9073899521	0.9074246681	0.9077733017	0.9076631139	0.9076514273	0.9068099436	0.9074719546	0.9071279367	0.9075774777	0.9073646639	0.9074059598	0.9072422002	0.9076226036	0.9072048817	0.9068011541	0.9068078813	0.9077023965	0.9073853364	0.9076064977	0.9066256097	0.9071374137	0.9077614678	0.9068401913	0.9081888141	0.9077537095	0.9092747832	0.9073948624	0.9073529773	0.9073369696	0.9072641494	0.9080999370	0.9070344440	0.9074619867	0.9065520039	0.9087935215	0.9068795721	0.9078310963	0.9077438397	0.9070748070	0.9080768094	0.9077659362	0.9081727082	0.9071116344	0.9073960409	0.9083764379	0.9074839358	0.9072535922	0.9079770805	0.9074621831	0.9070441665	0.9066986755	0.9074707762	0.9077011690	0.9071503770
0.9091573771	0.9083235045	0.9074997471	0.9073816045	0.9071135986	1.0000000000	0.9074492689	0.9069530307	0.9123393216	0.9075918159	0.9076860942	0.9078527509	0.9076369418	0.9072577659	0.9063941367	0.9080898218	0.9070275204	0.9074069418	0.9076738184	0.9090485642	0.9071576443	0.9066874308	0.9064325355	0.9091962179	0.9079381416	0.9082472961	0.9069010794	0.9077556245	0.9087409809	0.9072327232	0.9110361194	0.9082055583	0.9110164781	0.9072745593	0.9081893051	0.9071374137	0.9073839615	0.9068185367	0.9076771083	0.9085690702	0.9068757912	0.9106378424	0.9100541020	0.9085851270	0.9088334425	0.9067921682	0.9070370956	0.9080982675	0.9100034765	0.9074527061	0.9073889700	0.9093003660	0.9077042134	0.9076707740	0.9084834340	0.9080648773	0.9074559470	0.9070694056	0.9084924199	0.9087219289	0.9079876869
0.9077202210	0.9068057207	0.9074364038	0.9079515959	0.9069863228	0.9074492689	1.0000000000	0.9071795934	0.9073218458	0.9071049073	0.9071703129	0.9071327980	0.9071080008	0.9074311007	0.9067323604	0.9092065296	0.9075912266	0.9074980776	0.9077231181	0.9071868607	0.9067795487	0.9068016452	0.9069990896	0.9072238355	0.9069921170	0.9071662373	0.9069947685	0.9066363634	0.9070803065	0.9070204005	0.9080905092	0.9075275396	0.9087963204	0.9068293885	0.9077945144	0.9073533701	0.9072293842	0.9069246981	0.9072380264	0.9072279602	0.9065626102	0.9081354388	0.9060175142	0.9076448965	0.9078398858	0.9067687950	0.9072375354	0.9077715340	0.9079591087	0.9073088334	0.9075287181	0.9073790511	0.9078502466	0.9072173539	0.9076254025	0.9072416109	0.9072630691	0.9068118095	0.9071052510	0.9075283253	0.9073504239
0.9076139614	0.9071538633	0.9075593586	0.9066649906	0.9073899521	0.9069530307	0.9071795934	1.0000000000	0.9071330926	0.9077112351	0.9067838698	0.9078328150	0.9073287693	0.9069013740	0.9069242562	0.9074486306	0.9069134043	0.9074563398	0.9070507954	0.9071522920	0.9068429902	0.9063833830	0.9071935388	0.9069127169	0.9065474372	0.9071327489	0.9066485901	0.9073079986	0.9076762245	0.9069833766	0.9079911241	0.9078063483	0.9085716236	0.9068739744	0.9079666706	0.9066301763	0.9069172835	0.9069413932	0.9072394013	0.9074538355	0.9065795999	0.9080425353	0.9056398114	0.9077847428	0.9076506416	0.9069364338	0.9072885046	0.9076311967	0.9080280498	0.9070884577	0.9068222195	0.9073879880	0.9071347130	0.9071536178	0.9076881566	0.9076804965	0.9070465234	0.9069056951	0.9072726933	0.9073051015	0.9074453897
0.9086697320	0.9075952531	0.9080871702	0.9072064530	0.9074246681	0.9123393216	0.9073218458	0.9071330926	1.0000000000	0.9083514934	0.9082476890	0.9079934319	0.9072750012	0.9080441557	0.9067207229	0.9088822021	0.9071136968	0.9074976357	0.9082620271	0.9087902316	0.9065617754	0.9064459898	0.9067765043	0.9094965829	0.9081113290	0.9087116663	0.9073959918	0.9074463227	0.9092749796	0.9073660388	0.9106964717	0.9082636475	0.9108013564	0.9080028107	0.9087540424	0.9075212544	0.9072815810	0.9066430905	0.9069766494	0.9081265019	0.9059754817	0.9101226012	0.9096862690	0.9085855689	0.9085137308	0.9070991131	0.9085513930	0.9084230860	0.9090401184	0.9070172088	0.9075992796	0.9087916065	0.9079266023	0.9076754388	0.9086826462	0.9077630391	0.9072440661	0.9072710729	0.9079571446	0.9080051676	0.9081341621
0.9082891813	0.9081391215	0.9080798047	0.9075010729	0.9077733017	0.9075918159	0.9071049073	0.9077112351	0.9083514934	1.0000000000	0.9087271338	0.9087009126	0.9080871702	0.9079383871	0.9064571362	0.9077764935	0.9073178684	0.9076992539	0.9077164892	0.9085358764	0.9070839402	0.9062571384	0.9073592625	0.9083304772	0.9080047748	0.9088004451	0.9076617390	0.9081499733	0.9091233485	0.9074413633	0.9103424368	0.9081251762	0.9107622702	0.9077692753	0.9093281585	0.9070104816	0.9077997193	0.9071111434	0.9076888440	0.9074988633	0.9072616942	0.9102580281	0.9101349752	0.9094960428	0.9090411005	0.9070360644	0.9082979217	0.9085970100	0.9097234403	0.9068910132	0.9077131993	0.9085523751	0.9073825375	0.9076186754	0.9086743968	0.9084750373	0.9071885794	0.9069338313	0.9082689507	0.9082291770	0.9083178085
0.9088850992	0.9080849114	0.9072779474	0.9074807441	0.9076631139	0.9076860942	0.9071703129	0.9067838698	0.9082476890	0.9087271338	1.0000000000	0.9083527701	0.9075316152	0.9082613888	0.9066045444	0.9077294525	0.9071985473	0.9076495614	0.9072804517	0.9084307952	0.9063839232	0.9062044996	0.9069579901	0.9085681372	0.9085518840	0.9088806799	0.9070817305	0.9074046831	0.9091700949	0.9067417391	0.9105268688	0.9080196040	0.9109105622	0.9079580284	0.9085591022	0.9075386370	0.9077751677	0.9065159129	0.9073978577	0.9074769632	0.9070076336	0.9104009188	0.9102926951	0.9084231351	0.9082779366	0.9073635836	0.9080307996	0.9082257889	0.9095384189	0.9070327254	0.9069015213	0.9093786858	0.9074259448	0.9075800802	0.9090158614	0.9076826079	0.9072008552	0.9074901720	0.9069664359	0.9077314657	0.9080172962
0.9086377167	0.9080954195	0.9083686304	0.9075641216	0.9076514273	0.9078527509	0.9071327980	0.9078328150	0.9079934319	0.9087009126	0.9083527701	1.0000000000	0.9079463419	0.9074743607	0.9068246255	0.9082098794	0.9075837138	0.9079799285	0.9075789999	0.9085920506	0.9072046361	0.9065438036	0.9126978741	0.9085391663	0.9081231138	0.9089077849	0.9072643949	0.9072764252	0.9086504835	0.9071368244	0.9099960619	0.9080099798	0.9106804640	0.9079543948	0.9086218563	0.9075872492	0.9078446980	0.9071908872	0.9071317177	0.9083250758	0.9067637865	0.9101991042	0.9092635876	0.9086778832	0.9088187606	0.9069957015	0.9080150865	0.9082967923	0.9092697255	0.9074374350	0.9073781182	0.9094603937	0.9077847919	0.9072539359	0.9088251440	0.9080700331	0.9073608338	0.9070000226	0.9081625929	0.9082543179	0.9075285217
0.9080566770	0.9078311946	0.9070018394	0.9066025312	0.9068099436	0.9076369418	0.9071080008	0.9073287693	0.9072750012	0.9080871702	0.9075316152	0.9079463419	1.0000000000	0.9076099350	0.9065657037	0.9076995485	0.9071001934	0.9070883595	0.9072026229	0.9078505413	0.9066470679	0.9064413250	0.9064450077	0.9076197065	0.9078695934	0.9084274071	0.9068268352	0.9072164700	0.9079743798	0.9070165704	0.9088894203	0.9074735259	0.9093060129	0.9072582570	0.9078061028	0.9072729389	0.9075832228	0.9066359705	0.9070965106	0.9069485623	0.9073610302	0.9088875053	0.9070926806	0.9080451868	0.9079593051	0.9071799863	0.9075859726	0.9081004281	0.9087781522	0.9071034833	0.9073658915	0.9081496787	0.9075252808	0.9072651805	0.9081302829	0.9081152573	0.9069591195	0.9068187822	0.9078235344	0.9081508572	0.9072838398
0.9082973815	0.9069960452	0.9075851869	0.9071829325	0.9074719546	0.9072577659	0.9074311007	0.9069013740	0.9080441557	0.9079383871	0.9082613888	0.9074743607	0.9076099350	1.0000000000	0.9066404389	0.9072034086	0.9074519696	0.9074340469	0.9072312010	0.9075060323	0.9065477810	0.9066371490	0.9063153749	0.9078757313	0.9075687864	0.9084167026	0.9072551144	0.9069179218	0.9082106650	0.9068630734	0.9094288694	0.9078907078	0.9092849967	0.9074694013	0.9081893051	0.9072696980	0.9074298240	0.9071770892	0.9069436029	0.9073875460	0.9065719398	0.9089338588	0.9079208572	0.9084077658	0.9078237800	0.9075736967	0.9076895806	0.9083312137	0.9089284083	0.9074510366	0.9072926293	0.9081046019	0.9082236283	0.9075695229	0.9084916834	0.9079095144	0.9073246447	0.9072696489	0.9070243287	0.9078418009	0.9077499286
0.9074357164	0.9067601528	0.9069617711	0.9067327532	0.9071279367	0.9063941367	0.9067323604	0.9069242562	0.9067207229	0.9064571362	0.9066045444	0.9068246255	0.9065657037	0.9066404389	1.0000000000	0.9074197578	0.9066166238	0.9070972963	0.9069755691	0.9065835773	0.9066406845	0.9063101209	0.9062594954	0.9068629261	0.9066305201	0.9067647686	0.9064807549	0.9067172856	0.9070945465	0.9063383553	0.9076610515	0.9071792006	0.9081246851	0.9069694312	0.9068147066	0.9069291174	0.9065956567	0.9071371191	0.9069976165	0.9070583573	0.9061449373	0.9074691066	0.9050701146	0.9069670743	0.9069178236	0.9067399223	0.9065874074	0.9073957954	0.9079432974	0.9071462032	0.9066946490	0.9070713697	0.9069180691	0.9069732122	0.9070572771	0.9072618415	0.9066752041	0.9062295423	0.9062690214	0.9069868138	0.9064719654
0.9080502445	0.9080557441	0.9081787970	0.9108894969	0.9075774777	0.9080898218	0.9092065296	0.9074486306	0.9088822021	0.9077764935	0.9077294525	0.9082098794	0.9076995485	0.9072034086	0.9074197578	1.0000000000	0.9073639273	0.9080229430	0.9452489097	0.9078193607	0.9067593672	0.9073897557	0.9068229560	0.9081760963	0.9082831907	0.9087317004	0.9068491772	0.9071059385	0.9081626911	0.9073505221	0.9096949603	0.9074892881	0.9100217921	0.9075641216	0.9079999136	0.9074157804	0.9072767689	0.9072214295	0.9078995955	0.9083293969	0.9064875312	0.9090387926	0.9077808636	0.9080345314	0.9085022406	0.9074846724	0.9081608252	0.9086988503	0.9094451226	0.9072297279	0.9078352701	0.9086434126	0.9076020293	0.9081013610	0.9083010152	0.9083519844	0.9074789764	0.9070350824	0.9081208551	0.9083015553	0.9077326933
0.9081047492	0.9070637587	0.9075936818	0.9072325759	0.9073646639	0.9070275204	0.9075912266	0.9069134043	0.9071136968	0.9073178684	0.9071985473	0.9075837138	0.9071001934	0.9074519696	0.9066166238	0.9073639273	1.0000000000	0.9075075545	0.9071791024	0.9071775802	0.9069180691	0.9069514594	0.9068158851	0.9074528043	0.9071339765	0.9077945144	0.9071591174	0.9074060580	0.9074479431	0.9067781738	0.9083827231	0.9080102744	0.9088153234	0.9075181609	0.9078338461	0.9075355925	0.9073735025	0.9069481204	0.9075280797	0.9076511818	0.9069319163	0.9083339635	0.9061167520	0.9075370165	0.9081515446	0.9069906930	0.9071978108	0.9079863611	0.9076728854	0.9074799585	0.9074898773	0.9076754879	0.9077206630	0.9074656694	0.9080787735	0.9072088590	0.9071085409	0.9075356416	0.9074520678	0.9075205178	0.9073708018
0.9081146189	0.9079784063	0.9075759555	0.9074390554	0.9074059598	0.9074069418	0.9074980776	0.9074563398	0.9074976357	0.9076992539	0.9076495614	0.9079799285	0.9070883595	0.9074340469	0.9070972963	0.9080229430	0.9075075545	1.0000000000	0.9074770123	0.9079339187	0.9074408722	0.9067450781	0.9076972407	0.9074029645	0.9075946147	0.9074564380	0.9075585729	0.9072832506	0.9078392475	0.9073808189	0.9087945527	0.9073857292	0.9092425714	0.9073138419	0.9078393948	0.9070972472	0.9075930434	0.9074779943	0.9073843543	0.9075782633	0.9071892668	0.9087879237	0.9066763826	0.9080829964	0.9079836604	0.9072299735	0.9073977104	0.9077454110	0.9086036389	0.9071371682	0.9074927744	0.9079104473	0.9073520443	0.9076338483	0.9080863845	0.9077792923	0.9074363056	0.9071076080	0.9079235088	0.9083630818	0.9079337714
0.9080472983	0.9075738440	0.9079197278	0.9093678831	0.9072422002	0.9076738184	0.9077231181	0.9070507954	0.9082620271	0.9077164892	0.9072804517	0.9075789999	0.9072026229	0.9072312010	0.9069755691	0.9452489097	0.9071791024	0.9074770123	1.0000000000	0.9076138141	0.9067679112	0.9072332143	0.9068736306	0.9078258914	0.9075052958	0.9080574136	0.9069177254	0.9071423731	0.9080907056	0.9070616964	0.9089920953	0.9075328919	0.9095078767	0.9073023027	0.9080707206	0.9072973432	0.9068392583	0.9072253577	0.9076516237	0.9077282740	0.9069167925	0.9089641556	0.9071024521	0.9077955946	0.9081508572	0.9071431097	0.9080911967	0.9075458060	0.9090331457	0.9072422984	0.9078212266	0.9081775203	0.9074238825	0.9074771596	0.9077668692	0.9079630861	0.9072615469	0.9067828877	0.9077992283	0.9079893564	0.9079567027
0.9091048366	0.9086551483	0.9077279794	0.9071264636	0.9076226036	0.9090485642	0.9071868607	0.9071522920	0.9087902316	0.9085358764	0.9084307952	0.9085920506	0.9078505413	0.9075060323	0.9065835773	0.9078193607	0.9071775802	0.9079339187	0.9076138141	1.0000000000	0.9068616494	0.9067615768	0.9069471383	0.9094625543	0.9083292987	0.9093076333	0.9066934705	0.9080278534	0.9094400159	0.9068317455	0.9110857138	0.9077451655	0.9114333653	0.9076457804	0.9087742239	0.9071730627	0.9074036028	0.9067179731	0.9073794440	0.9080254964	0.9063599117	0.9106197723	0.9105747937	0.9089624369	0.9082055092	0.9070683253	0.9085693157	0.9077179132	0.9101923279	0.9074553577	0.9074655712	0.9094177230	0.9080738632	0.9076790234	0.9093162264	0.9082881992	0.9072185815	0.9069305414	0.9083361731	0.9084642346	0.9082793606
0.9075036263	0.9070277169	0.9074571745	0.9071750268	0.9072048817	0.9071576443	0.9067795487	0.9068429902	0.9065617754	0.9070839402	0.9063839232	0.9072046361	0.9066470679	0.9065477810	0.9066406845	0.9067593672	0.9069180691	0.9074408722	0.9067679112	0.9068616494	1.0000000000	0.9064259556	0.9066792797	0.9063742989	0.9063380116	0.9070686690	0.9064697067	0.9069915277	0.9070946938	0.9066238911	0.9073539102	0.9066915555	0.9084994908	0.9069715427	0.9074193159	0.9071899051	0.9075601933	0.9068276208	0.9069245017	0.9069081503	0.9063489616	0.9077729089	0.9056609749	0.9077124136	0.9073640255	0.9067000013	0.9075462480	0.9075123176	0.9076174969	0.9068742199	0.9068917007	0.9070067006	0.9069975674	0.9068796703	0.9075303876	0.9069151229	0.9062715257	0.9063801422	0.9068404368	0.9072541814	0.9073453663
0.9073402104	0.9067070722	0.9066489338	0.9065184172	0.9068011541	0.9066874308	0.9068016452	0.9063833830	0.9064459898	0.9062571384	0.9062044996	0.9065438036	0.9064413250	0.9066371490	0.9063101209	0.9073897557	0.9069514594	0.9067450781	0.9072332143	0.9067615768	0.9064259556	1.0000000000	0.9060766837	0.9065668822	0.9064484941	0.9065174351	0.9063718929	0.9064800675	0.9071427168	0.9064862054	0.9074098880	0.9072791259	0.9081357334	0.9067761114	0.9063746918	0.9069181673	0.9067534257	0.9066663655	0.9067018672	0.9066396533	0.9062405415	0.9075516493	0.9047056207	0.9066083745	0.9068187822	0.9059148391	0.9065489595	0.9070941537	0.9071426677	0.9070513847	0.9069309833	0.9070773112	0.9069279389	0.9068506012	0.9071580862	0.9065100205	0.9064688228	0.9065307912	0.9062212439	0.9069190021	0.9066260026
0.9071485601	0.9067137993	0.9073177702	0.9074161733	0.9068078813	0.9064325355	0.9069990896	0.9071935388	0.9067765043	0.9073592625	0.9069579901	0.9126978741	0.9064450077	0.9063153749	0.9062594954	0.9068229560	0.9068158851	0.9076972407	0.9068736306	0.9069471383	0.9066792797	0.9060766837	1.0000000000	0.9068492754	0.9067416900	0.9069299521	0.9065639360	0.9067843608	0.9073543031	0.9065726764	0.9069546511	0.9071226336	0.9081594503	0.9068858574	0.9073021062	0.9067390875	0.9065254390	0.9068512395	0.9065035389	0.9070067988	0.9069220465	0.9078130263	0.9050944699	0.9073364295	0.9071811156	0.9068697515	0.9072404816	0.9072474051	0.9077021019	0.9065729710	0.9065145380	0.9071497386	0.9069563697	0.9065683062	0.9075768884	0.9071513590	0.9069213100	0.9065439018	0.9066937652	0.9066154945	0.9069202788
0.9103260854	0.9081443265	0.9080695912	0.9075490960	0.9077023965	0.9091962179	0.9072238355	0.9069127169	0.9094965829	0.9083304772	0.9085681372	0.9085391663	0.9076197065	0.9078757313	0.9068629261	0.9081760963	0.9074528043	0.9074029645	0.9078258914	0.9094625543	0.9063742989	0.9065668822	0.9068492754	1.0000000000	0.9096871529	0.9099750948	0.9070922386	0.9071329453	0.9093215295	0.9067191516	0.9147992509	0.9080392453	0.9128124322	0.9080239251	0.9093306137	0.9076119973	0.9076448474	0.9062764851	0.9066606204	0.9086567196	0.9064728002	0.9130472934	0.9149705724	0.9095693049	0.9093292388	0.9072261925	0.9085513930	0.9084440040	0.9110095545	0.9075893607	0.9077475716	0.9102803211	0.9080687073	0.9076994012	0.9095963609	0.9081349477	0.9071585281	0.9070346895	0.9085527679	0.9089993135	0.9086748879
0.9091677870	0.9078868777	0.9076693500	0.9069447813	0.9073853364	0.9079381416	0.9069921170	0.9065474372	0.9081113290	0.9080047748	0.9085518840	0.9081231138	0.9078695934	0.9075687864	0.9066305201	0.9082831907	0.9071339765	0.9075946147	0.9075052958	0.9083292987	0.9063380116	0.9064484941	0.9067416900	0.9096871529	1.0000000000	0.9095815317	0.9068008104	0.9073591643	0.9093047853	0.9070630222	0.9111654576	0.9077622535	0.9115713457	0.9078726378	0.9087909190	0.9073305862	0.9073351528	0.9063887844	0.9070800119	0.9081541471	0.9066343010	0.9106608227	0.9108203103	0.9087997085	0.9091376867	0.9075812586	0.9083674029	0.9085911667	0.9100421699	0.9070203023	0.9082877573	0.9101060534	0.9076890895	0.9074616920	0.9087952401	0.9080427808	0.9072280093	0.9070766729	0.9084097299	0.9086731202	0.9078348773
0.9102291063	0.9082754814	0.9083166300	0.9075797855	0.9076064977	0.9082472961	0.9071662373	0.9071327489	0.9087116663	0.9088004451	0.9088806799	0.9089077849	0.9084274071	0.9084167026	0.9067647686	0.9087317004	0.9077945144	0.9074564380	0.9080574136	0.9093076333	0.9070686690	0.9065174351	0.9069299521	0.9099750948	0.9095815317	1.0000000000	0.9071776293	0.9076970934	0.9099826076	0.9074501528	0.9132042276	0.9082659554	0.9129880748	0.9078956181	0.9096880368	0.9077969695	0.9087834062	0.9066891985	0.9080495079	0.9087073452	0.9069538655	0.9123850368	0.9135301264	0.9097284488	0.9093588481	0.9074230477	0.9088047171	0.9096405047	0.9107515166	0.9074421980	0.9081881757	0.9107828936	0.9088558827	0.9078324221	0.9102239504	0.9086135578	0.9074753919	0.9072819248	0.9091324326	0.9095944949	0.9085358764
0.9077445763	0.9069958488	0.9067826422	0.9070416131	0.9066256097	0.9069010794	0.9069947685	0.9066485901	0.9073959918	0.9076617390	0.9070817305	0.9072643949	0.9068268352	0.9072551144	0.9064807549	0.9068491772	0.9071591174	0.9075585729	0.9069177254	0.9066934705	0.9064697067	0.9063718929	0.9065639360	0.9070922386	0.9068008104	0.9071776293	1.0000000000	0.9066753514	0.9070694056	0.9070724500	0.9083314101	0.9070869846	0.9081804665	0.9062052853	0.9076442582	0.9071816067	0.9068498155	0.9065853941	0.9072905670	0.9067219996	0.9066031695	0.9080955669	0.9057254476	0.9072363569	0.9075160003	0.9067071213	0.9071138932	0.9072980798	0.9081502189	0.9069666814	0.9068952852	0.9074112629	0.9070741195	0.9072321831	0.9073490490	0.9074582548	0.9069109983	0.9066877745	0.9070593885	0.9075573944	0.9070154410
0.9074636562	0.9072199073	0.9073040704	0.9070403855	0.9071374137	0.9077556245	0.9066363634	0.9073079986	0.9074463227	0.9081499733	0.9074046831	0.9072764252	0.9072164700	0.9069179218	0.9067172856	0.9071059385	0.9074060580	0.9072832506	0.9071423731	0.9080278534	0.9069915277	0.9064800675	0.9067843608	0.9071329453	0.9073591643	0.9076970934	0.9066753514	1.0000000000	0.9079621531	0.9064752063	0.9082474925	0.9078141557	0.9089280646	0.9070936135	0.9078754858	0.9071731118	0.9070734812	0.9070261947	0.9069051550	0.9066256097	0.9065089402	0.9082791642	0.9063143438	0.9079103982	0.9082763653	0.9072610559	0.9072293351	0.9077194354	0.9080946830	0.9070018885	0.9072451464	0.9078360558	0.9073716365	0.9070704859	0.9080816215	0.9073014679	0.9070462779	0.9070668031	0.9074803513	0.9073854837	0.9074402339
0.9094097682	0.9080164123	0.9085010621	0.9073193415	0.9077614678	0.9087409809	0.9070803065	0.9076762245	0.9092749796	0.9091233485	0.9091700949	0.9086504835	0.9079743798	0.9082106650	0.9070945465	0.9081626911	0.9074479431	0.9078392475	0.9080907056	0.9094400159	0.9070946938	0.9071427168	0.9073543031	0.9093215295	0.9093047853	0.9099826076	0.9070694056	0.9079621531	1.0000000000	0.9073801314	0.9117639289	0.9081792389	0.9119266573	0.9080840767	0.9093634638	0.9082831907	0.9079822364	0.9071964359	0.9072021810	0.9083222769	0.9068170636	0.9110428466	0.9110533547	0.9095157332	0.9094366277	0.9075118265	0.9088701227	0.9088019182	0.9103996421	0.9072613014	0.9071684961	0.9095724966	0.9082827487	0.9076869781	0.9095271743	0.9086069780	0.9078634063	0.9074361092	0.9086069289	0.9085525224	0.9086011838
0.9076406737	0.9075471809	0.9072310537	0.9069897600	0.9068401913	0.9072327232	0.9070204005	0.9069833766	0.9073660388	0.9074413633	0.9067417391	0.9071368244	0.9070165704	0.9068630734	0.9063383553	0.9073505221	0.9067781738	0.9073808189	0.9070616964	0.9068317455	0.9066238911	0.9064862054	0.9065726764	0.9067191516	0.9070630222	0.9074501528	0.9070724500	0.9064752063	0.9073801314	1.0000000000	0.9077187970	0.9077771809	0.9082236774	0.9069515576	0.9078577595	0.9068866921	0.9069091323	0.9072414145	0.9067719376	0.9072949372	0.9067770935	0.9076122919	0.9051231462	0.9078480861	0.9073055435	0.9070226592	0.9069637352	0.9074247663	0.9083542923	0.9072786840	0.9070679325	0.9079882270	0.9068207464	0.9072093992	0.9072593863	0.9076179388	0.9068361648	0.9065617754	0.9075650545	0.9081250288	0.9073071148
0.9307597463	0.9091622384	0.9092300010	0.9090162051	0.9081888141	0.9110361194	0.9080905092	0.9079911241	0.9106964717	0.9103424368	0.9105268688	0.9099960619	0.9088894203	0.9094288694	0.9076610515	0.9096949603	0.9083827231	0.9087945527	0.9089920953	0.9110857138	0.9073539102	0.9074098880	0.9069546511	0.9147992509	0.9111654576	0.9132042276	0.9083314101	0.9082474925	0.9117639289	0.9077187970	1.0000000000	0.9095319864	0.9161663856	0.9091203041	0.9111971292	0.9089898366	0.9092184126	0.9063103664	0.9087880710	0.9103992002	0.9071346148	0.9210904179	0.9280254768	0.9110594926	0.9115053999	0.9078671873	0.9099410171	0.9106550285	0.9129804638	0.9084780326	0.9091858080	0.9133470201	0.9094951589	0.9089835514	0.9122565825	0.9094443370	0.9082002060	0.9078996937	0.9106591041	0.9109784721	0.9109742001
0.9089506521	0.9073036284	0.9078026164	0.9074309043	0.9077537095	0.9082055583	0.9075275396	0.9078063483	0.9082636475	0.9081251762	0.9080196040	0.9080099798	0.9074735259	0.9078907078	0.9071792006	0.9074892881	0.9080102744	0.9073857292	0.9075328919	0.9077451655	0.9066915555	0.9072791259	0.9071226336	0.9080392453	0.9077622535	0.9082659554	0.9070869846	0.9078141557	0.9081792389	0.9077771809	0.9095319864	1.0000000000	0.9100850862	0.9078745037	0.9087376910	0.9072341472	0.9078929665	0.9069151720	0.9075387352	0.9083064656	0.9071313249	0.9094170355	0.9080079665	0.9081809084	0.9081915639	0.9076081673	0.9081121638	0.9087487884	0.9089752529	0.9074923816	0.9074950332	0.9085285600	0.9078920827	0.9076965041	0.9082748431	0.9080714571	0.9075252808	0.9075640725	0.9074004602	0.9075957932	0.9082349712
0.9122906111	0.9095830539	0.9096091768	0.9089858592	0.9092747832	0.9110164781	0.9087963204	0.9085716236	0.9108013564	0.9107622702	0.9109105622	0.9106804640	0.9093060129	0.9092849967	0.9081246851	0.9100217921	0.9088153234	0.9092425714	0.9095078767	0.9114333653	0.9084994908	0.9081357334	0.9081594503	0.9128124322	0.9115713457	0.9129880748	0.9081804665	0.9089280646	0.9119266573	0.9082236774	0.9161663856	0.9100850862	1.0000000000	0.9097515765	0.9116275690	0.9092053020	0.9103923748	0.9073075567	0.9092630966	0.9105496528	0.9074021297	0.9151573614	0.9175368103	0.9117276906	0.9119855322	0.9084794075	0.9104821357	0.9109016254	0.9130008907	0.9089088652	0.9096254791	0.9129712814	0.9096114356	0.9092364335	0.9120901223	0.9097115573	0.9086604024	0.9081613162	0.9107232330	0.9109528402	0.9107083547
0.9082544652	0.9073443842	0.9077467368	0.9068871340	0.9073948624	0.9072745593	0.9068293885	0.9068739744	0.9080028107	0.9077692753	0.9079580284	0.9079543948	0.9072582570	0.9074694013	0.9069694312	0.9075641216	0.9075181609	0.9073138419	0.9073023027	0.9076457804	0.9069715427	0.9067761114	0.9068858574	0.9080239251	0.9078726378	0.9078956181	0.9062052853	0.9070936135	0.9080840767	0.9069515576	0.9091203041	0.9078745037	0.9097515765	1.0000000000	0.9102196293	0.9074974393	0.9072369461	0.9071187544	0.9075366728	0.9081475673	0.9069637843	0.9089403404	0.9072559982	0.9087611133	0.9086654109	0.9074599734	0.9081186454	0.9086105134	0.9088715467	0.9073397685	0.9079381416	0.9085241407	0.9074715618	0.9075176698	0.9083594972	0.9073868586	0.9073348582	0.9075557249	0.9075532697	0.9080658102	0.9077495357
0.9090337841	0.9080877594	0.9085392154	0.9080405220	0.9073529773	0.9081893051	0.9077945144	0.9079666706	0.9087540424	0.9093281585	0.9085591022	0.9086218563	0.9078061028	0.9081893051	0.9068147066	0.9079999136	0.9078338461	0.9078393948	0.9080707206	0.9087742239	0.9074193159	0.9063746918	0.9073021062	0.9093306137	0.9087909190	0.9096880368	0.9076442582	0.9078754858	0.9093634638	0.9078577595	0.9111971292	0.9087376910	0.9116275690	0.9102196293	1.0000000000	0.9081285643	0.9079496809	0.9072241793	0.9076468116	0.9084609938	0.9071311776	0.9108937198	0.9107036899	0.9099659616	0.9096751226	0.9075618628	0.9083242410	0.9091832055	0.9098969714	0.9079673581	0.9076964059	0.9099087071	0.9085938183	0.9081853277	0.9097538843	0.9083375480	0.9076141088	0.9074168116	0.9087908208	0.9090561752	0.9084479323
0.9075680498	0.9072686178	0.9077776228	0.9075181609	0.9073369696	0.9071374137	0.9073533701	0.9066301763	0.9075212544	0.9070104816	0.9075386370	0.9075872492	0.9072729389	0.9072696980	0.9069291174	0.9074157804	0.9075355925	0.9070972472	0.9072973432	0.9071730627	0.9071899051	0.9069181673	0.9067390875	0.9076119973	0.9073305862	0.9077969695	0.9071816067	0.9071731118	0.9082831907	0.9068866921	0.9089898366	0.9072341472	0.9092053020	0.9074974393	0.9081285643	1.0000000000	0.9072934641	0.9069278898	0.9070841857	0.9078728342	0.9066180478	0.9090394801	0.9075706032	0.9079772769	0.9078925737	0.9069766494	0.9075028406	0.9083235045	0.9086914848	0.9074399884	0.9077903897	0.9087199156	0.9076037971	0.9072301699	0.9085159895	0.9077982953	0.9067913335	0.9068617476	0.9069834257	0.9079290575	0.9074322792
0.9084039357	0.9075800802	0.9071891195	0.9072793714	0.9072641494	0.9073839615	0.9072293842	0.9069172835	0.9072815810	0.9077997193	0.9077751677	0.9078446980	0.9075832228	0.9074298240	0.9065956567	0.9072767689	0.9073735025	0.9075930434	0.9068392583	0.9074036028	0.9075601933	0.9067534257	0.9065254390	0.9076448474	0.9073351528	0.9087834062	0.9068498155	0.9070734812	0.9079822364	0.9069091323	0.9092184126	0.9078929665	0.9103923748	0.9072369461	0.9079496809	0.9072934641	1.0000000000	0.9066185880	0.9076372364	0.9081421659	0.9067931012	0.9094053489	0.9083035685	0.9080451868	0.9083429985	0.9068993117	0.9078849136	0.9084565254	0.9086037372	0.9074292347	0.9080828982	0.9090919715	0.9075777232	0.9075243479	0.9092974689	0.9071676613	0.9070585046	0.9071565149	0.9073397685	0.9079664251	0.9079623495
0.9067083488	0.9069203770	0.9076043863	0.9074397920	0.9080999370	0.9068185367	0.9069246981	0.9069413932	0.9066430905	0.9071111434	0.9065159129	0.9071908872	0.9066359705	0.9071770892	0.9071371191	0.9072214295	0.9069481204	0.9074779943	0.9072253577	0.9067179731	0.9068276208	0.9066663655	0.9068512395	0.9062764851	0.9063887844	0.9066891985	0.9065853941	0.9070261947	0.9071964359	0.9072414145	0.9063103664	0.9069151720	0.9073075567	0.9071187544	0.9072241793	0.9069278898	0.9066185880	1.0000000000	0.9070177980	0.9068429411	0.9066847301	0.9068848262	0.9033848394	0.9072413163	0.9071262672	0.9070089594	0.9067649159	0.9072447045	0.9072396959	0.9070959705	0.9069040747	0.9069256802	0.9072207911	0.9069963398	0.9071165448	0.9071446319	0.9073411925	0.9068894419	0.9065139979	0.9070365555	0.9071528812
0.9078582014	0.9069039274	0.9074823645	0.9069479240	0.9070344440	0.9076771083	0.9072380264	0.9072394013	0.9069766494	0.9076888440	0.9073978577	0.9071317177	0.9070965106	0.9069436029	0.9069976165	0.9078995955	0.9075280797	0.9073843543	0.9076516237	0.9073794440	0.9069245017	0.9067018672	0.9065035389	0.9066606204	0.9070800119	0.9080495079	0.9072905670	0.9069051550	0.9072021810	0.9067719376	0.9087880710	0.9075387352	0.9092630966	0.9075366728	0.9076468116	0.9070841857	0.9076372364	0.9070177980	1.0000000000	0.9070206460	0.9071186562	0.9083473687	0.9067404133	0.9075070144	0.9079449670	0.9068621896	0.9072396959	0.9081168286	0.9088299071	0.9072509897	0.9073523389	0.9080289827	0.9072556054	0.9080588867	0.9082200438	0.9077406971	0.9070907164	0.9072704346	0.9085601825	0.9083327359	0.9076148944
0.9090695313	0.9082329089	0.9079753128	0.9070998005	0.9074619867	0.9085690702	0.9072279602	0.9074538355	0.9081265019	0.9074988633	0.9074769632	0.9083250758	0.9069485623	0.9073875460	0.9070583573	0.9083293969	0.9076511818	0.9075782633	0.9077282740	0.9080254964	0.9069081503	0.9066396533	0.9070067988	0.9086567196	0.9081541471	0.9087073452	0.9067219996	0.9066256097	0.9083222769	0.9072949372	0.9103992002	0.9083064656	0.9105496528	0.9081475673	0.9084609938	0.9078728342	0.9081421659	0.9068429411	0.9070206460	1.0000000000	0.9066672494	0.9098299454	0.9088602529	0.9123882286	0.9104837561	0.9071269056	0.9074668970	0.9083187906	0.9093647896	0.9074074820	0.9078301634	0.9087639122	0.9078418500	0.9073764978	0.9086997342	0.9078899221	0.9072695998	0.9071280841	0.9082225972	0.9079733487	0.9082007462
0.9071214060	0.9068276699	0.9069253855	0.9067488100	0.9065520039	0.9068757912	0.9065626102	0.9065795999	0.9059754817	0.9072616942	0.9070076336	0.9067637865	0.9073610302	0.9065719398	0.9061449373	0.9064875312	0.9069319163	0.9071892668	0.9069167925	0.9063599117	0.9063489616	0.9062405415	0.9069220465	0.9064728002	0.9066343010	0.9069538655	0.9066031695	0.9065089402	0.9068170636	0.9067770935	0.9071346148	0.9071313249	0.9074021297	0.9069637843	0.9071311776	0.9066180478	0.9067931012	0.9066847301	0.9071186562	0.9066672494	1.0000000000	0.9076590874	0.9046627044	0.9071194419	0.9073194397	0.9066176059	0.9064876785	0.9073652040	0.9077588163	0.9068922899	0.9070450012	0.9066856631	0.9070592412	0.9066020401	0.9073338761	0.9075943201	0.9068252148	0.9069609363	0.9066703429	0.9068831567	0.9071041707
0.9139348360	0.9087959767	0.9091185855	0.9085500672	0.9087935215	0.9106378424	0.9081354388	0.9080425353	0.9101226012	0.9102580281	0.9104009188	0.9101991042	0.9088875053	0.9089338588	0.9074691066	0.9090387926	0.9083339635	0.9087879237	0.9089641556	0.9106197723	0.9077729089	0.9075516493	0.9078130263	0.9130472934	0.9106608227	0.9123850368	0.9080955669	0.9082791642	0.9110428466	0.9076122919	0.9210904179	0.9094170355	0.9151573614	0.9089403404	0.9108937198	0.9090394801	0.9094053489	0.9068848262	0.9083473687	0.9098299454	0.9076590874	1.0000000000	0.9240701549	0.9113077099	0.9118475028	0.9081060750	0.9100504684	0.9104866532	0.9118737239	0.9091426461	0.9088109041	0.9124273639	0.9092457631	0.9090604963	0.9113882885	0.9091346423	0.9084340852	0.9082911945	0.9096857289	0.9100513523	0.9109967386
0.9155742977	0.9077672620	0.9073928983	0.9066599821	0.9068795721	0.9100541020	0.9060175142	0.9056398114	0.9096862690	0.9101349752	0.9102926951	0.9092635876	0.9070926806	0.9079208572	0.9050701146	0.9077808636	0.9061167520	0.9066763826	0.9071024521	0.9105747937	0.9056609749	0.9047056207	0.9050944699	0.9149705724	0.9108203103	0.9135301264	0.9057254476	0.9063143438	0.9110533547	0.9051231462	0.9280254768	0.9080079665	0.9175368103	0.9072559982	0.9107036899	0.9075706032	0.9083035685	0.9033848394	0.9067404133	0.9088602529	0.9046627044	0.9240701549	1.0000000000	0.9109800925	0.9111856881	0.9060171213	0.9090300031	0.9094881862	0.9128397827	0.9070143117	0.9071943244	0.9139468172	0.9077406480	0.9071612779	0.9120373362	0.9073429602	0.9060765364	0.9053144528	0.9093676376	0.9096544010	0.9095954279
0.9099679748	0.9082730263	0.9082775438	0.9076335046	0.9078310963	0.9085851270	0.9076448965	0.9077847428	0.9085855689	0.9094960428	0.9084231351	0.9086778832	0.9080451868	0.9084077658	0.9069670743	0.9080345314	0.9075370165	0.9080829964	0.9077955946	0.9089624369	0.9077124136	0.9066083745	0.9073364295	0.9095693049	0.9087997085	0.9097284488	0.9072363569	0.9079103982	0.9095157332	0.9078480861	0.9110594926	0.9081809084	0.9117276906	0.9087611133	0.9099659616	0.9079772769	0.9080451868	0.9072413163	0.9075070144	0.9123882286	0.9071194419	0.9113077099	0.9109800925	1.0000000000	0.9460289160	0.9077342646	0.9083902850	0.9090747362	0.9103244158	0.9077837607	0.9083115233	0.9095060107	0.9078251057	0.9078911497	0.9098457566	0.9082818158	0.9083685813	0.9075799819	0.9091461816	0.9088410535	0.9090299540
0.9101594287	0.9077996211	0.9080503427	0.9077902915	0.9077438397	0.9088334425	0.9078398858	0.9076506416	0.9085137308	0.9090411005	0.9082779366	0.9088187606	0.9079593051	0.9078237800	0.9069178236	0.9085022406	0.9081515446	0.9079836604	0.9081508572	0.9082055092	0.9073640255	0.9068187822	0.9071811156	0.9093292388	0.9091376867	0.9093588481	0.9075160003	0.9082763653	0.9094366277	0.9073055435	0.9115053999	0.9081915639	0.9119855322	0.9086654109	0.9096751226	0.9078925737	0.9083429985	0.9071262672	0.9079449670	0.9104837561	0.9073194397	0.9118475028	0.9111856881	0.9460289160	1.0000000000	0.9075129559	0.9087155945	0.9090171380	0.9100930901	0.9077466877	0.9081201676	0.9098550863	0.9081462906	0.9080174926	0.9092791534	0.9080191621	0.9082722897	0.9075689337	0.9088087926	0.9091574262	0.9095054215
0.9078124371	0.9071528812	0.9070447557	0.9070923859	0.9070748070	0.9067921682	0.9067687950	0.9069364338	0.9070991131	0.9070360644	0.9073635836	0.9069957015	0.9071799863	0.9075736967	0.9067399223	0.9074846724	0.9069906930	0.9072299735	0.9071431097	0.9070683253	0.9067000013	0.9059148391	0.9068697515	0.9072261925	0.9075812586	0.9074230477	0.9067071213	0.9072610559	0.9075118265	0.9070226592	0.9078671873	0.9076081673	0.9084794075	0.9074599734	0.9075618628	0.9069766494	0.9068993117	0.9070089594	0.9068621896	0.9071269056	0.9066176059	0.9081060750	0.9060171213	0.9077342646	0.9075129559	1.0000000000	0.9457411214	0.9077216450	0.9079336732	0.9068911605	0.9067902041	0.9074813825	0.9075860708	0.9067907442	0.9077053427	0.9074074820	0.9067062374	0.9068821255	0.9070987694	0.9072113142	0.9071782677
0.9087115190	0.9074649820	0.9079179110	0.9076549136	0.9080768094	0.9070370956	0.9072375354	0.9072885046	0.9085513930	0.9082979217	0.9080307996	0.9080150865	0.9075859726	0.9076895806	0.9065874074	0.9081608252	0.9071978108	0.9073977104	0.9080911967	0.9085693157	0.9075462480	0.9065489595	0.9072404816	0.9085513930	0.9083674029	0.9088047171	0.9071138932	0.9072293351	0.9088701227	0.9069637352	0.9099410171	0.9081121638	0.9104821357	0.9081186454	0.9083242410	0.9075028406	0.9078849136	0.9067649159	0.9072396959	0.9074668970	0.9064876785	0.9100504684	0.9090300031	0.9083902850	0.9087155945	0.9457411214	1.0000000000	0.9086293691	0.9087420121	0.9070804047	0.9075493415	0.9092330945	0.9077571467	0.9075156075	0.9086517602	0.9079513504	0.9073273944	0.9069090341	0.9076251570	0.9080338931	0.9085229131
0.9093470633	0.9079518414	0.9081065169	0.9077945144	0.9077659362	0.9080982675	0.9077715340	0.9076311967	0.9084230860	0.9085970100	0.9082257889	0.9082967923	0.9081004281	0.9083312137	0.9073957954	0.9086988503	0.9079863611	0.9077454110	0.9075458060	0.9077179132	0.9075123176	0.9070941537	0.9072474051	0.9084440040	0.9085911667	0.9096405047	0.9072980798	0.9077194354	0.9088019182	0.9074247663	0.9106550285	0.9087487884	0.9109016254	0.9086105134	0.9091832055	0.9083235045	0.9084565254	0.9072447045	0.9081168286	0.9083187906	0.9073652040	0.9104866532	0.9094881862	0.9090747362	0.9090171380	0.9077216450	0.9086293691	1.0000000000	0.9092021594	0.9074518714	0.9083510514	0.9091709788	0.9086021658	0.9080973346	0.9086373729	0.9079103491	0.9079363248	0.9073823411	0.9083020463	0.9086898644	0.9083897940
0.9099013416	0.9092398216	0.9093608122	0.9086132632	0.9081727082	0.9100034765	0.9079591087	0.9080280498	0.9090401184	0.9097234403	0.9095384189	0.9092697255	0.9087781522	0.9089284083	0.9079432974	0.9094451226	0.9076728854	0.9086036389	0.9090331457	0.9101923279	0.9076174969	0.9071426677	0.9077021019	0.9110095545	0.9100421699	0.9107515166	0.9081502189	0.9080946830	0.9103996421	0.9083542923	0.9129804638	0.9089752529	0.9130008907	0.9088715467	0.9098969714	0.9086914848	0.9086037372	0.9072396959	0.9088299071	0.9093647896	0.9077588163	0.9118737239	0.9128397827	0.9103244158	0.9100930901	0.9079336732	0.9087420121	0.9092021594	1.0000000000	0.9082594246	0.9082678704	0.9113233739	0.9089517815	0.9088533294	0.9103172959	0.9455145586	0.9083037158	0.9082027594	0.9095312989	0.9100979513	0.9088794523
0.9082654644	0.9071974671	0.9071864679	0.9069334876	0.9071116344	0.9074527061	0.9073088334	0.9070884577	0.9070172088	0.9068910132	0.9070327254	0.9074374350	0.9071034833	0.9074510366	0.9071462032	0.9072297279	0.9074799585	0.9071371682	0.9072422984	0.9074553577	0.9068742199	0.9070513847	0.9065729710	0.9075893607	0.9070203023	0.9074421980	0.9069666814	0.9070018885	0.9072613014	0.9072786840	0.9084780326	0.9074923816	0.9089088652	0.9073397685	0.9079673581	0.9074399884	0.9074292347	0.9070959705	0.9072509897	0.9074074820	0.9068922899	0.9091426461	0.9070143117	0.9077837607	0.9077466877	0.9068911605	0.9070804047	0.9074518714	0.9082594246	1.0000000000	0.9078705754	0.9078455327	0.9077706993	0.9073385409	0.9076480883	0.9073303898	0.9071394269	0.9070522194	0.9070891451	0.9075304858	0.9071609833
