0.4617317642	-0.0091499433	-0.0106775385	-0.0090075272	-0.0099639042	-0.0085035474	-0.0106649305	-0.0097565659	-0.0100613936	-0.0096446352	-0.0092579337	-0.0105578376	-0.0099868885	-0.0095030199	-0.0099441712	-0.0124171348	-0.0095015859	-0.0100515080	-0.0116072037	-0.0090626208	-0.0103566397	-0.0092792698	-0.0111175482	-0.0062207938	-0.0084329746	-0.0074629570	-0.0089478873	-0.0108915517	-0.0090671498	-0.0097753021	0.0779150608	-0.0084883909	-0.0062435500	-0.0099378210	-0.0096311174	-0.0110171114	-0.0089598318	-0.0117300410	-0.0098733338	-0.0086203796	-0.0105412155	0.0007256143	0.0102836200	-0.0097086850	-0.0087663522	-0.0115014156	-0.0109649729	-0.0084759417	-0.0102451739	-0.0090403617	-0.0100714135	-0.0083540483	-0.0096971674	-0.0084923478	-0.0092498986	-0.0115092004	-0.0095026246	-0.0103638065	-0.0095607239	-0.0107727143	-0.0084644544
-0.0091499433	0.5121362077	-0.0086024946	-0.0085796905	-0.0084692514	-0.0072597759	-0.0092774802	-0.0084568180	-0.0094343716	-0.0068150999	-0.0074947978	-0.0084000033	-0.0070017980	-0.0093227235	-0.0080613853	-0.0087033935	-0.0082993073	-0.0063068096	-0.0097440796	-0.0062092537	-0.0076914510	-0.0081141192	-0.0087230582	-0.0094028308	-0.0087094822	-0.0084600855	-0.0078354575	-0.0084148608	-0.0085751879	-0.0061845814	-0.0112458979	-0.0095145607	-0.0089750385	-0.0085990912	-0.0089211343	-0.0084002462	-0.0072951409	-0.0076266473	-0.0092712242	-0.0074421199	-0.0084828121	-0.0107284427	-0.0112106221	-0.0097959366	-0.0108998317	-0.0097622907	-0.0104364160	-0.0085116360	-0.0090890249	-0.0085189571	-0.0077954650	-0.0064580564	-0.0079831372	-0.0082085129	-0.0083683473	-0.0086656512	-0.0068232969	-0.0081128020	-0.0096050623	-0.0092098814	-0.0084793327
-0.0106775385	-0.0086024946	0.5048616998	-0.0076852534	0.0035414565	-0.0093982474	-0.0074613034	-0.0076756387	-0.0073740416	-0.0081189299	-0.0103977095	-0.0077403762	-0.0091817452	-0.0083901848	-0.0076170262	-0.0095899282	-0.0069955747	-0.0074611548	-0.0090861700	-0.0088556148	-0.0072464697	-0.0083706075	-0.0073307398	-0.0094026722	-0.0089178736	-0.0089674125	-0.0088296907	-0.0078601754	-0.0074963128	-0.0076775961	-0.0104974914	-0.0081037182	-0.0092090096	-0.0079991685	-0.0073465640	-0.0073207712	-0.0090550729	-0.0064622614	-0.0079441525	-0.0080136069	-0.0078707632	-0.0099300317	-0.0118939274	-0.0102379487	-0.0104707042	-0.0103354710	-0.0103389594	-0.0079233296	-0.0086663284	-0.0086835592	-0.0090779407	-0.0101366896	-0.0089928615	-0.0075533796	-0.0087190890	-0.0093514233	-0.0070395124	-0.0065306250	-0.0086721077	-0.0104728010	-0.0091454047
-0.0090075272	-0.0085796905	-0.0076852534	0.5087674921	-0.0080201416	-0.0092633868	-0.0043795243	-0.0088686206	-0.0101545936	-0.0089705977	-0.0078674883	-0.0089532199	-0.0097830517	-0.0086200221	-0.0072979268	0.0035262337	-0.0072817598	-0.0078362521	-0.0023403954	-0.0094343593	-0.0076023350	-0.0073834592	-0.0070866254	-0.0095673697	-0.0102330491	-0.0100651309	-0.0075318091	-0.0083971347	-0.0099910481	-0.0080404701	-0.0114548271	-0.0077673774	-0.0097291960	-0.0092706441	-0.0086266791	-0.0071282734	-0.0086668429	-0.0058018854	-0.0087843656	-0.0095964887	-0.0070817375	-0.0110583750	-0.0141620719	-0.0109473010	-0.0108801134	-0.0095257292	-0.0096530230	-0.0086382766	-0.0102635936	-0.0083273064	-0.0084392103	-0.0088400013	-0.0073160090	-0.0073370000	-0.0092598150	-0.0099241351	-0.0068340757	-0.0078893720	-0.0101797237	-0.0093762600	-0.0092917741
-0.0099639042	-0.0084692514	0.0035414565	-0.0080201416	0.5113392908	-0.0101478406	-0.0081552501	-0.0070370887	-0.0089104271	-0.0076184109	-0.0080372136	-0.0086769153	-0.0089471220	-0.0079727719	-0.0066160500	-0.0096341913	-0.0066472184	-0.0076841606	-0.0102156927	-0.0091167944	-0.0068351008	-0.0069342596	-0.0082060065	-0.0094733723	-0.0087553690	-0.0095935194	-0.0087194594	-0.0085161394	-0.0085032111	-0.0082593914	-0.0126844846	-0.0079085033	-0.0092834483	-0.0080777762	-0.0099477509	-0.0080086309	-0.0082099186	-0.0023719899	-0.0082194829	-0.0088741967	-0.0085886925	-0.0101948699	-0.0128290296	-0.0101750921	-0.0114066362	-0.0101805041	-0.0090675957	-0.0082902735	-0.0111377225	-0.0079405756	-0.0077476104	-0.0080024518	-0.0080875196	-0.0079888314	-0.0078053738	-0.0097869677	-0.0078696286	-0.0089565207	-0.0098919082	-0.0101722918	-0.0095081954
-0.0085035474	-0.0072597759	-0.0093982474	-0.0092633868	-0.0101478406	0.5124936964	-0.0087214673	-0.0096102092	0.0106108307	-0.0098480699	-0.0094150006	-0.0095976875	-0.0086975358	-0.0097513272	-0.0107265890	-0.0102441001	-0.0099921723	-0.0092963363	-0.0103526509	-0.0065802490	-0.0083616795	-0.0087253400	-0.0103770620	-0.0071524325	-0.0092903297	-0.0095486581	-0.0098107673	-0.0077074481	-0.0075027772	-0.0084407326	-0.0070369488	-0.0071109685	-0.0061341071	-0.0093636875	-0.0091859302	-0.0092205783	-0.0097992034	-0.0088861921	-0.0082348050	-0.0071969903	-0.0086716610	-0.0074990195	-0.0054553603	-0.0101177772	-0.0095076387	-0.0114312238	-0.0123399973	-0.0084347714	-0.0081423192	-0.0080476405	-0.0095781265	-0.0075485510	-0.0089764179	-0.0086837140	-0.0087072360	-0.0096005787	-0.0082592224	-0.0089994790	-0.0086640264	-0.0092614247	-0.0086855101
-0.0106649305	-0.0092774802	-0.0074613034	-0.0043795243	-0.0081552501	-0.0087214673	0.5116547797	-0.0068921687	-0.0089348827	-0.0093780094	-0.0086525368	-0.0097732551	-0.0074484850	-0.0067058626	-0.0076172610	-0.0021953764	-0.0058989489	-0.0069790309	-0.0073920429	-0.0097872218	-0.0070631603	-0.0070855264	-0.0069059744	-0.0106114235	-0.0100597200	-0.0106628921	-0.0074028884	-0.0081952384	-0.0098162931	-0.0071312876	-0.0130501324	-0.0079586464	-0.0103338569	-0.0090333785	-0.0082488890	-0.0072160771	-0.0075826017	-0.0068303880	-0.0069236028	-0.0091207189	-0.0077230483	-0.0117027457	-0.0153215790	-0.0101502754	-0.0100057601	-0.0094243914	-0.0101558634	-0.0072846282	-0.0110540026	-0.0071125241	-0.0070460003	-0.0101413476	-0.0069413510	-0.0076435163	-0.0092177422	-0.0102327238	-0.0070094188	-0.0076043849	-0.0104391394	-0.0097420278	-0.0081545757
-0.0097565659	-0.0084568180	-0.0076756387	-0.0088686206	-0.0070370887	-0.0096102092	-0.0068921687	0.5237591347	-0.0100041496	-0.0073465769	-0.0093700764	-0.0068413437	-0.0069795761	-0.0084307217	-0.0068967837	-0.0096023718	-0.0079883508	-0.0068600024	-0.0098090765	-0.0093332556	-0.0071070347	-0.0073004828	-0.0062294658	-0.0107676083	-0.0106581747	-0.0105338637	-0.0078239707	-0.0065893137	-0.0088011646	-0.0065216243	-0.0132851677	-0.0066595504	-0.0108824739	-0.0087157798	-0.0077854094	-0.0088842717	-0.0080079348	-0.0062797819	-0.0074539282	-0.0081775187	-0.0072491905	-0.0118250406	-0.0160171012	-0.0099256872	-0.0106242293	-0.0090368821	-0.0105347944	-0.0081329838	-0.0109439328	-0.0070416386	-0.0086051627	-0.0093610741	-0.0088580147	-0.0074184069	-0.0094214741	-0.0090250929	-0.0074373508	-0.0072808391	-0.0105137633	-0.0105735707	-0.0077089898
-0.0100613936	-0.0094343716	-0.0073740416	-0.0101545936	-0.0089104271	0.0106108307	-0.0089348827	-0.0100041496	0.5085891455	-0.0075142229	-0.0077512117	-0.0090547562	-0.0093297745	-0.0080603892	-0.0097959404	-0.0063566757	-0.0087837189	-0.0090181990	-0.0079785585	-0.0067266985	-0.0102118569	-0.0088399570	-0.0099152487	-0.0073561790	-0.0088127026	-0.0086915865	-0.0082131773	-0.0084162553	-0.0067549633	-0.0080294595	-0.0086652933	-0.0072923981	-0.0066586019	-0.0075841120	-0.0082269338	-0.0086462417	-0.0097264249	-0.0100602207	-0.0092566582	-0.0080712867	-0.0111894134	-0.0087670476	-0.0074132426	-0.0096261865	-0.0101068474	-0.0105478002	-0.0085979289	-0.0079848518	-0.0103029702	-0.0100054716	-0.0089683028	-0.0082739022	-0.0081390022	-0.0085018778	-0.0086164535	-0.0110349706	-0.0090058784	-0.0081206282	-0.0101063250	-0.0108562090	-0.0083611034
-0.0096446352	-0.0068150999	-0.0081189299	-0.0089705977	-0.0076184109	-0.0098480699	-0.0093780094	-0.0073465769	-0.0075142229	0.5062994109	-0.0062412467	-0.0070476507	-0.0075573965	-0.0074459208	-0.0100287488	-0.0110851312	-0.0086772136	-0.0073604530	-0.0103727489	-0.0070641420	-0.0086167381	-0.0099251647	-0.0087354707	-0.0096339932	-0.0093700402	-0.0081160019	-0.0072617840	-0.0058149926	-0.0062059706	-0.0078932216	-0.0087764541	-0.0074883919	-0.0068719432	-0.0084989644	-0.0065066129	-0.0098620842	-0.0084264736	-0.0080915633	-0.0080408167	-0.0101042835	-0.0079743902	-0.0077480864	-0.0056916799	-0.0069987262	-0.0093052751	-0.0108901771	-0.0093891312	-0.0073113584	-0.0084077429	-0.0101525522	-0.0088604968	-0.0090273700	-0.0093887529	-0.0087551662	-0.0088919497	-0.0086875453	-0.0097053587	-0.0088827650	-0.0090499678	-0.0106521514	-0.0081525970
-0.0092579337	-0.0074947978	-0.0103977095	-0.0078674883	-0.0080372136	-0.0094150006	-0.0086525368	-0.0093700764	-0.0077512117	-0.0062412467	0.5169133854	-0.0075196608	-0.0084547064	-0.0072929500	-0.0096933054	-0.0108273431	-0.0087312615	-0.0075153797	-0.0106510829	-0.0071252299	-0.0106643969	-0.0100047824	-0.0093254714	-0.0085208884	-0.0066342960	-0.0071435323	-0.0084408049	-0.0082022152	-0.0058709948	-0.0093923101	-0.0080611786	-0.0074695595	-0.0059469495	-0.0079659628	-0.0078643877	-0.0074248059	-0.0077603230	-0.0097111764	-0.0083544125	-0.0103424592	-0.0084431932	-0.0074272812	-0.0049628103	-0.0100428409	-0.0107699670	-0.0101709089	-0.0097142004	-0.0090154133	-0.0086724407	-0.0090944215	-0.0109679013	-0.0067371005	-0.0093675538	-0.0084445459	-0.0074575538	-0.0104227751	-0.0084860461	-0.0074853601	-0.0126258078	-0.0110302155	-0.0081780058
-0.0105578376	-0.0084000033	-0.0077403762	-0.0089532199	-0.0086769153	-0.0095976875	-0.0097732551	-0.0068413437	-0.0090547562	-0.0070476507	-0.0075196608	0.5098048360	-0.0072972762	-0.0093427716	-0.0096861369	-0.0094589698	-0.0081838217	-0.0073671480	-0.0100635079	-0.0078485374	-0.0083915941	-0.0091815870	0.0170409202	-0.0090471690	-0.0084714300	-0.0071923697	-0.0087273403	-0.0092493054	-0.0085383416	-0.0089162447	-0.0101883289	-0.0081044693	-0.0070706569	-0.0090584113	-0.0079058483	-0.0084487341	-0.0086261140	-0.0082682114	-0.0099348977	-0.0080045519	-0.0097213653	-0.0086783524	-0.0079200328	-0.0101217889	-0.0097680085	-0.0121956251	-0.0105753974	-0.0087058019	-0.0105580319	-0.0090348336	-0.0102614345	-0.0068035750	-0.0088377248	-0.0094833366	-0.0090342086	-0.0104720566	-0.0086948504	-0.0092775694	-0.0097119811	-0.0104833528	-0.0097699467
-0.0099868885	-0.0070017980	-0.0091817452	-0.0097830517	-0.0089471220	-0.0086975358	-0.0074484850	-0.0069795761	-0.0093297745	-0.0075573965	-0.0084547064	-0.0072972762	0.5202677119	-0.0070345707	-0.0082255906	-0.0097172109	-0.0084147519	-0.0087677512	-0.0103689346	-0.0087099531	-0.0080574359	-0.0074794081	-0.0087658644	-0.0100770754	-0.0080961572	-0.0078710587	-0.0086557816	-0.0079560371	-0.0077999350	-0.0077430265	-0.0112368660	-0.0080911439	-0.0092844150	-0.0084409523	-0.0088853185	-0.0078375550	-0.0073616354	-0.0083077104	-0.0082047045	-0.0102474417	-0.0062218742	-0.0098508831	-0.0125242431	-0.0095286055	-0.0102441750	-0.0095780556	-0.0101243751	-0.0078022318	-0.0096379603	-0.0080886859	-0.0088870334	-0.0089361724	-0.0077982033	-0.0085933911	-0.0091983124	-0.0080090402	-0.0079366203	-0.0081961889	-0.0087730249	-0.0088785140	-0.0091564800
-0.0095030199	-0.0093227235	-0.0083901848	-0.0086200221	-0.0079727719	-0.0097513272	-0.0067058626	-0.0084307217	-0.0080603892	-0.0074459208	-0.0072929500	-0.0093427716	-0.0070345707	0.5196667785	-0.0080911878	-0.0109345481	-0.0069685243	-0.0078095224	-0.0093695901	-0.0091826351	-0.0092785131	-0.0082771741	-0.0098292254	-0.0095290498	-0.0087450372	-0.0084586185	-0.0074174969	-0.0085439114	-0.0081359132	-0.0088977520	-0.0102042017	-0.0077600346	-0.0095708622	-0.0084237379	-0.0081789349	-0.0081467669	-0.0078665834	-0.0066794247	-0.0084456307	-0.0089222544	-0.0088750234	-0.0109170078	-0.0110153319	-0.0091108001	-0.0107341877	-0.0085332687	-0.0099546289	-0.0080751525	-0.0095322566	-0.0074823964	-0.0084357803	-0.0091628626	-0.0067904579	-0.0077683474	-0.0083985082	-0.0087327752	-0.0076419326	-0.0077240505	-0.0114568974	-0.0096631862	-0.0081215595
-0.0099441712	-0.0080613853	-0.0076170262	-0.0072979268	-0.0066160500	-0.0107265890	-0.0076172610	-0.0068967837	-0.0097959404	-0.0100287488	-0.0096933054	-0.0096861369	-0.0082255906	-0.0080911878	0.5391051267	-0.0093542384	-0.0079844345	-0.0071697067	-0.0094349597	-0.0098131472	-0.0073845027	-0.0066491510	-0.0077233737	-0.0101425955	-0.0092284134	-0.0106501945	-0.0070045059	-0.0076649977	-0.0092178045	-0.0077625913	-0.0130344046	-0.0075492930	-0.0111516853	-0.0077636983	-0.0103937737	-0.0076993349	-0.0087219788	-0.0044647827	-0.0071593283	-0.0077170000	-0.0080431702	-0.0120202055	-0.0163696503	-0.0114507691	-0.0115860208	-0.0089712695	-0.0112805385	-0.0082080885	-0.0102819681	-0.0066861302	-0.0081935066	-0.0108215054	-0.0078567509	-0.0076396382	-0.0096526844	-0.0085257874	-0.0074464303	-0.0082140836	-0.0118713289	-0.0110728347	-0.0097747661
-0.0124171348	-0.0087033935	-0.0095899282	0.0035262337	-0.0096341913	-0.0102441001	-0.0021953764	-0.0096023718	-0.0063566757	-0.0110851312	-0.0108273431	-0.0094589698	-0.0097172109	-0.0109345481	-0.0093542384	0.4281384717	-0.0099171485	-0.0085306144	0.1587364639	-0.0107804740	-0.0107773647	-0.0085176191	-0.0105341788	-0.0116419443	-0.0091413193	-0.0096806376	-0.0106366745	-0.0113909828	-0.0108254185	-0.0100116282	-0.0115928447	-0.0106008628	-0.0095988944	-0.0100596105	-0.0105845017	-0.0104859279	-0.0105534824	-0.0093466762	-0.0090609231	-0.0093405132	-0.0110113961	-0.0119643356	-0.0132758109	-0.0129107456	-0.0115135346	-0.0114470224	-0.0113060360	-0.0089122308	-0.0103598519	-0.0105245598	-0.0093189315	-0.0105707210	-0.0104205025	-0.0091336070	-0.0107779924	-0.0099132189	-0.0097253657	-0.0105144494	-0.0110867878	-0.0114487178	-0.0105344966
-0.0095015859	-0.0082993073	-0.0069955747	-0.0072817598	-0.0066472184	-0.0099921723	-0.0058989489	-0.0079883508	-0.0087837189	-0.0086772136	-0.0087312615	-0.0081838217	-0.0084147519	-0.0069685243	-0.0079844345	-0.0099171485	0.5055296210	-0.0068867292	-0.0100605272	-0.0092844502	-0.0076012390	-0.0068689399	-0.0076025393	-0.0089832809	-0.0090743490	-0.0087840797	-0.0067525185	-0.0068126945	-0.0090654236	-0.0072857285	-0.0122826088	-0.0066370497	-0.0095220350	-0.0069919736	-0.0083382446	-0.0069445401	-0.0075766382	-0.0069414156	-0.0066299878	-0.0073751443	-0.0073772833	-0.0109323674	-0.0146977045	-0.0109389174	-0.0098049521	-0.0097398578	-0.0101150342	-0.0073383045	-0.0121698232	-0.0066864467	-0.0075774981	-0.0099649738	-0.0071277531	-0.0068063744	-0.0081242046	-0.0095073621	-0.0074808032	-0.0054284681	-0.0095970667	-0.0105524633	-0.0089940325
-0.0100515080	-0.0063068096	-0.0074611548	-0.0078362521	-0.0076841606	-0.0092963363	-0.0069790309	-0.0068600024	-0.0090181990	-0.0073604530	-0.0075153797	-0.0073671480	-0.0087677512	-0.0078095224	-0.0071697067	-0.0085306144	-0.0068867292	0.5047375170	-0.0095470752	-0.0082260432	-0.0068292054	-0.0071670808	-0.0058933709	-0.0106453419	-0.0085703374	-0.0104013528	-0.0063633317	-0.0075929695	-0.0084131978	-0.0063363644	-0.0114040986	-0.0086951607	-0.0092644844	-0.0088370124	-0.0088474464	-0.0084398982	-0.0072813155	-0.0062510429	-0.0073461568	-0.0085433456	-0.0062743241	-0.0100715743	-0.0134217664	-0.0105061827	-0.0108308721	-0.0093298545	-0.0109900301	-0.0081959798	-0.0106870005	-0.0081153150	-0.0079537609	-0.0093594494	-0.0087630407	-0.0074036129	-0.0091446307	-0.0096101652	-0.0072455783	-0.0073835174	-0.0092288823	-0.0089646552	-0.0074609337
-0.0116072037	-0.0097440796	-0.0090861700	-0.0023403954	-0.0102156927	-0.0103526509	-0.0073920429	-0.0098090765	-0.0079785585	-0.0103727489	-0.0106510829	-0.0100635079	-0.0103689346	-0.0093695901	-0.0094349597	0.1587364639	-0.0100605272	-0.0095470752	0.4348463159	-0.0108806108	-0.0100505704	-0.0079774751	-0.0097320166	-0.0118030139	-0.0103977917	-0.0111203772	-0.0098143252	-0.0106824794	-0.0098186406	-0.0098071456	-0.0124151614	-0.0095697068	-0.0110507719	-0.0103963257	-0.0097963670	-0.0097992630	-0.0110834793	-0.0084226442	-0.0090613913	-0.0097275853	-0.0091381203	-0.0116441985	-0.0140188015	-0.0125570097	-0.0114039421	-0.0107609251	-0.0100809486	-0.0111461896	-0.0106959677	-0.0090779703	-0.0084826560	-0.0105743527	-0.0098767060	-0.0094849460	-0.0113443694	-0.0106652786	-0.0092898715	-0.0101380786	-0.0112010411	-0.0114924281	-0.0087075396
-0.0090626208	-0.0062092537	-0.0088556148	-0.0094343593	-0.0091167944	-0.0065802490	-0.0097872218	-0.0093332556	-0.0067266985	-0.0070641420	-0.0071252299	-0.0078485374	-0.0087099531	-0.0091826351	-0.0098131472	-0.0107804740	-0.0092844502	-0.0082260432	-0.0108806108	0.5195420855	-0.0089755728	-0.0087304784	-0.0091824670	-0.0068437149	-0.0082510566	-0.0071409684	-0.0102106737	-0.0073122361	-0.0061541443	-0.0099018991	-0.0075921159	-0.0090091643	-0.0047961397	-0.0089463923	-0.0081700696	-0.0100911127	-0.0094263993	-0.0094260499	-0.0085553607	-0.0092092348	-0.0101497264	-0.0072389222	-0.0049926888	-0.0094946561	-0.0115022390	-0.0119172250	-0.0093208304	-0.0101664206	-0.0074631772	-0.0089418042	-0.0096101124	-0.0074457027	-0.0081703563	-0.0096179310	-0.0072389280	-0.0089365149	-0.0092195433	-0.0095142530	-0.0092119028	-0.0093197742	-0.0081228356
-0.0103566397	-0.0076914510	-0.0072464697	-0.0076023350	-0.0068351008	-0.0083616795	-0.0070631603	-0.0071070347	-0.0102118569	-0.0086167381	-0.0106643969	-0.0083915941	-0.0080574359	-0.0092785131	-0.0073845027	-0.0107773647	-0.0076012390	-0.0068292054	-0.0100505704	-0.0089755728	0.5307309940	-0.0069923511	-0.0074019891	-0.0114286601	-0.0109623726	-0.0102253022	-0.0079356595	-0.0069573213	-0.0091198095	-0.0074047407	-0.0141209937	-0.0090845566	-0.0097066931	-0.0076442999	-0.0087342254	-0.0058899923	-0.0068003453	-0.0061742449	-0.0077253059	-0.0088986023	-0.0076997385	-0.0116943365	-0.0153885869	-0.0092811267	-0.0104923215	-0.0095562248	-0.0086840436	-0.0079592906	-0.0116829862	-0.0077241328	-0.0075657812	-0.0106805767	-0.0085636944	-0.0078477283	-0.0094786711	-0.0095482222	-0.0089475794	-0.0076982860	-0.0101484949	-0.0100141785	-0.0077646669
-0.0092792698	-0.0081141192	-0.0083706075	-0.0073834592	-0.0069342596	-0.0087253400	-0.0070855264	-0.0073004828	-0.0088399570	-0.0099251647	-0.0100047824	-0.0091815870	-0.0074794081	-0.0082771741	-0.0066491510	-0.0085176191	-0.0068689399	-0.0071670808	-0.0079774751	-0.0087304784	-0.0069923511	0.5282553779	-0.0084096235	-0.0106087768	-0.0094263463	-0.0110137595	-0.0073637031	-0.0077030137	-0.0083863365	-0.0069663580	-0.0130072420	-0.0069352780	-0.0102506392	-0.0081274374	-0.0104210793	-0.0071402109	-0.0073305306	-0.0055930646	-0.0075506809	-0.0085803221	-0.0069074740	-0.0116408067	-0.0170863920	-0.0119231227	-0.0111350869	-0.0107057712	-0.0105737714	-0.0074369500	-0.0117730924	-0.0061689092	-0.0078290355	-0.0096727570	-0.0086131176	-0.0075940706	-0.0094440091	-0.0099102574	-0.0074292740	-0.0069334715	-0.0113431865	-0.0106464384	-0.0088697481
-0.0111175482	-0.0087230582	-0.0073307398	-0.0070866254	-0.0082060065	-0.0103770620	-0.0069059744	-0.0062294658	-0.0099152487	-0.0087354707	-0.0093254714	0.0170409202	-0.0087658644	-0.0098292254	-0.0077233737	-0.0105341788	-0.0076025393	-0.0058933709	-0.0097320166	-0.0091824670	-0.0074019891	-0.0084096235	0.5281955465	-0.0101104726	-0.0107642838	-0.0105528681	-0.0073564104	-0.0075271334	-0.0086152122	-0.0074308222	-0.0153568984	-0.0076143812	-0.0110318907	-0.0086263063	-0.0085891850	-0.0085530282	-0.0093726602	-0.0069670603	-0.0087083984	-0.0085656126	-0.0065878526	-0.0120180256	-0.0171576014	-0.0112263313	-0.0116214233	-0.0097000312	-0.0099840858	-0.0084052977	-0.0115127901	-0.0087638841	-0.0092200841	-0.0106963394	-0.0085585097	-0.0087897500	-0.0090914296	-0.0094517559	-0.0074621150	-0.0086515095	-0.0105067483	-0.0121297155	-0.0089312426
-0.0062207938	-0.0094028308	-0.0094026722	-0.0095673697	-0.0094733723	-0.0071524325	-0.0106114235	-0.0107676083	-0.0073561790	-0.0096339932	-0.0085208884	-0.0090471690	-0.0100770754	-0.0095290498	-0.0101425955	-0.0116419443	-0.0089832809	-0.0106453419	-0.0118030139	-0.0068437149	-0.0114286601	-0.0106087768	-0.0101104726	0.5223465748	-0.0058116703	-0.0066588022	-0.0100437596	-0.0107627278	-0.0073892538	-0.0112020222	0.0025107875	-0.0096742029	-0.0029071522	-0.0093522474	-0.0078541899	-0.0099587365	-0.0105720065	-0.0118878953	-0.0122989937	-0.0081126042	-0.0107520465	-0.0008334754	0.0082999602	-0.0084646320	-0.0095846635	-0.0121340785	-0.0104417919	-0.0090517451	-0.0066752744	-0.0093798622	-0.0103954141	-0.0064315070	-0.0090631772	-0.0094258341	-0.0079075822	-0.0109463986	-0.0106449700	-0.0102062441	-0.0100666905	-0.0096122842	-0.0076827279
-0.0084329746	-0.0087094822	-0.0089178736	-0.0102330491	-0.0087553690	-0.0092903297	-0.0100597200	-0.0106581747	-0.0088127026	-0.0093700402	-0.0066342960	-0.0084714300	-0.0080961572	-0.0087450372	-0.0092284134	-0.0091413193	-0.0090743490	-0.0085703374	-0.0103977917	-0.0082510566	-0.0109623726	-0.0094263463	-0.0107642838	-0.0058116703	0.5168550980	-0.0061309259	-0.0095603051	-0.0092170429	-0.0065686858	-0.0092011121	-0.0074509041	-0.0088300213	-0.0046276326	-0.0085298222	-0.0076200323	-0.0094140993	-0.0088671692	-0.0098115695	-0.0099401680	-0.0085408040	-0.0097832665	-0.0066035215	-0.0038185331	-0.0095789098	-0.0085111604	-0.0097987787	-0.0093457967	-0.0072510413	-0.0079684458	-0.0096003799	-0.0071860174	-0.0052162332	-0.0087470554	-0.0089539243	-0.0086089823	-0.0095706280	-0.0094352886	-0.0088163725	-0.0089344748	-0.0093164167	-0.0086849999
-0.0074629570	-0.0084600855	-0.0089674125	-0.0100651309	-0.0095935194	-0.0095486581	-0.0106628921	-0.0105338637	-0.0086915865	-0.0081160019	-0.0071435323	-0.0071923697	-0.0078710587	-0.0084586185	-0.0106501945	-0.0096806376	-0.0087840797	-0.0104013528	-0.0111203772	-0.0071409684	-0.0102253022	-0.0110137595	-0.0105528681	-0.0066588022	-0.0061309259	0.5032606530	-0.0108320317	-0.0094743421	-0.0054913933	-0.0094425903	-0.0035410034	-0.0087363317	-0.0021225121	-0.0097235667	-0.0066811980	-0.0094708331	-0.0072360575	-0.0113012699	-0.0085674972	-0.0089250454	-0.0105962916	-0.0043723339	0.0019676239	-0.0084483648	-0.0094029653	-0.0114753455	-0.0097542620	-0.0065784483	-0.0070424566	-0.0103871084	-0.0092270518	-0.0043761273	-0.0076693397	-0.0092452046	-0.0056995176	-0.0096270408	-0.0096318438	-0.0102730704	-0.0084567737	-0.0080352296	-0.0082568741
-0.0089478873	-0.0078354575	-0.0088296907	-0.0075318091	-0.0087194594	-0.0098107673	-0.0074028884	-0.0078239707	-0.0082131773	-0.0072617840	-0.0084408049	-0.0087273403	-0.0086557816	-0.0074174969	-0.0070045059	-0.0106366745	-0.0067525185	-0.0063633317	-0.0098143252	-0.0102106737	-0.0079356595	-0.0073637031	-0.0073564104	-0.0100437596	-0.0095603051	-0.0108320317	0.5296033739	-0.0087914865	-0.0098098542	-0.0067553000	-0.0118234087	-0.0080232962	-0.0113074966	-0.0104082452	-0.0079636222	-0.0069476065	-0.0081907557	-0.0069410075	-0.0061026421	-0.0095487636	-0.0069298205	-0.0112107047	-0.0149633395	-0.0111888834	-0.0102536162	-0.0093514390	-0.0099582149	-0.0083821436	-0.0106772680	-0.0071274999	-0.0086399384	-0.0100000476	-0.0082213555	-0.0072480828	-0.0098125920	-0.0093630285	-0.0074442903	-0.0078955601	-0.0102306325	-0.0095087056	-0.0090905115
-0.0108915517	-0.0084148608	-0.0078601754	-0.0083971347	-0.0085161394	-0.0077074481	-0.0081952384	-0.0065893137	-0.0084162553	-0.0058149926	-0.0082022152	-0.0092493054	-0.0079560371	-0.0085439114	-0.0076649977	-0.0113909828	-0.0068126945	-0.0075929695	-0.0106824794	-0.0073122361	-0.0069573213	-0.0077030137	-0.0075271334	-0.0107627278	-0.0092170429	-0.0094743421	-0.0087914865	0.5286272832	-0.0083808865	-0.0082739708	-0.0128546087	-0.0073284126	-0.0099349051	-0.0090143579	-0.0082161319	-0.0078569698	-0.0082821678	-0.0070870838	-0.0085473649	-0.0102031655	-0.0084839797	-0.0113336224	-0.0139246526	-0.0097602487	-0.0092355487	-0.0093456575	-0.0107386884	-0.0078864740	-0.0111929424	-0.0083385435	-0.0079874316	-0.0086131357	-0.0086586626	-0.0080611108	-0.0085056120	-0.0103025069	-0.0080811940	-0.0061814622	-0.0101504577	-0.0109557975	-0.0082655223
-0.0090671498	-0.0085751879	-0.0074963128	-0.0099910481	-0.0085032111	-0.0075027772	-0.0098162931	-0.0088011646	-0.0067549633	-0.0062059706	-0.0058709948	-0.0085383416	-0.0077999350	-0.0081359132	-0.0092178045	-0.0108254185	-0.0090654236	-0.0084131978	-0.0098186406	-0.0061541443	-0.0091198095	-0.0083863365	-0.0086152122	-0.0073892538	-0.0065686858	-0.0054913933	-0.0098098542	-0.0083808865	0.4941787186	-0.0086505751	-0.0062341484	-0.0085393209	-0.0043644018	-0.0080699907	-0.0068300955	-0.0074163201	-0.0087320485	-0.0091450469	-0.0097674892	-0.0084682506	-0.0095249097	-0.0069365660	-0.0037450711	-0.0083287910	-0.0086158446	-0.0104473767	-0.0082752850	-0.0082160145	-0.0074721068	-0.0095656958	-0.0112724619	-0.0078375177	-0.0085829253	-0.0093114807	-0.0063846825	-0.0094369680	-0.0074691663	-0.0085829758	-0.0093256541	-0.0104116258	-0.0079025871
-0.0097753021	-0.0061845814	-0.0076775961	-0.0080404701	-0.0082593914	-0.0084407326	-0.0071312876	-0.0065216243	-0.0080294595	-0.0078932216	-0.0093923101	-0.0089162447	-0.0077430265	-0.0088977520	-0.0077625913	-0.0100116282	-0.0072857285	-0.0063363644	-0.0098071456	-0.0099018991	-0.0074047407	-0.0069663580	-0.0074308222	-0.0112020222	-0.0092011121	-0.0094425903	-0.0067553000	-0.0082739708	-0.0086505751	0.5170210573	-0.0133487631	-0.0068577139	-0.0110037977	-0.0086510631	-0.0080718138	-0.0077832718	-0.0086576104	-0.0053638166	-0.0077060667	-0.0080702183	-0.0062914145	-0.0124973165	-0.0169890942	-0.0096168114	-0.0106315845	-0.0084224389	-0.0107663435	-0.0086717168	-0.0096406713	-0.0057488258	-0.0083032863	-0.0083608835	-0.0090670828	-0.0072738105	-0.0101014248	-0.0086358662	-0.0077239899	-0.0079439166	-0.0092307800	-0.0084617060	-0.0077921098
0.0779150608	-0.0112458979	-0.0104974914	-0.0114548271	-0.0126844846	-0.0070369488	-0.0130501324	-0.0132851677	-0.0086652933	-0.0087764541	-0.0080611786	-0.0101883289	-0.0112368660	-0.0102042017	-0.0130344046	-0.0115928447	-0.0122826088	-0.0114040986	-0.0124151614	-0.0075921159	-0.0141209937	-0.0130072420	-0.0153568984	0.0025107875	-0.0074509041	-0.0035410034	-0.0118234087	-0.0128546087	-0.0062341484	-0.0133487631	0.4334988272	-0.0101834518	0.0004484252	-0.0112322340	-0.0081272690	-0.0111681890	-0.0110108402	-0.0169317276	-0.0115078610	-0.0082610850	-0.0140588804	0.0205001094	0.0460818800	-0.0102274220	-0.0081399655	-0.0148562601	-0.0111601071	-0.0082844372	-0.0065698559	-0.0119428787	-0.0110158936	-0.0031944902	-0.0106420802	-0.0115218680	-0.0056787284	-0.0118199016	-0.0129698143	-0.0130296359	-0.0093625383	-0.0092081386	-0.0064030592
-0.0084883909	-0.0095145607	-0.0081037182	-0.0077673774	-0.0079085033	-0.0071109685	-0.0079586464	-0.0066595504	-0.0072923981	-0.0074883919	-0.0074695595	-0.0081044693	-0.0080911439	-0.0077600346	-0.0075492930	-0.0106008628	-0.0066370497	-0.0086951607	-0.0095697068	-0.0090091643	-0.0090845566	-0.0069352780	-0.0076143812	-0.0096742029	-0.0088300213	-0.0087363317	-0.0080232962	-0.0073284126	-0.0085393209	-0.0068577139	-0.0101834518	0.5045777426	-0.0079334629	-0.0078390085	-0.0068089575	-0.0089237658	-0.0076560683	-0.0078934601	-0.0081609820	-0.0072504200	-0.0073572882	-0.0093025194	-0.0105596205	-0.0103362586	-0.0108826112	-0.0095049766	-0.0098848435	-0.0063430816	-0.0098532686	-0.0076491199	-0.0088492707	-0.0086674647	-0.0080351964	-0.0075901813	-0.0093363353	-0.0092895778	-0.0077340707	-0.0074149047	-0.0110919192	-0.0113381605	-0.0075050306
-0.0062435500	-0.0089750385	-0.0092090096	-0.0097291960	-0.0092834483	-0.0061341071	-0.0103338569	-0.0108824739	-0.0066586019	-0.0068719432	-0.0059469495	-0.0070706569	-0.0092844150	-0.0095708622	-0.0111516853	-0.0095988944	-0.0095220350	-0.0092644844	-0.0110507719	-0.0047961397	-0.0097066931	-0.0102506392	-0.0110318907	-0.0029071522	-0.0046276326	-0.0021225121	-0.0113074966	-0.0099349051	-0.0043644018	-0.0110037977	0.0004484252	-0.0079334629	0.4669801546	-0.0086573337	-0.0054860770	-0.0093271211	-0.0067198534	-0.0125742090	-0.0093422473	-0.0068649262	-0.0129517198	-0.0005625313	0.0090304681	-0.0068659650	-0.0067104273	-0.0125312686	-0.0086118099	-0.0069350024	-0.0047713507	-0.0101338480	-0.0083836975	-0.0029640813	-0.0091761929	-0.0094050816	-0.0052498153	-0.0104411483	-0.0106121953	-0.0116411026	-0.0077911705	-0.0079457213	-0.0070344470
-0.0099378210	-0.0085990912	-0.0079991685	-0.0092706441	-0.0080777762	-0.0093636875	-0.0090333785	-0.0087157798	-0.0075841120	-0.0084989644	-0.0079659628	-0.0090584113	-0.0084409523	-0.0084237379	-0.0077636983	-0.0100596105	-0.0069919736	-0.0088370124	-0.0103963257	-0.0089463923	-0.0076442999	-0.0081274374	-0.0086263063	-0.0093522474	-0.0085298222	-0.0097235667	-0.0104082452	-0.0090143579	-0.0080699907	-0.0086510631	-0.0112322340	-0.0078390085	-0.0086573337	0.5093404527	0.0010249848	-0.0079361489	-0.0082354063	-0.0071271945	-0.0070605077	-0.0070510044	-0.0079917443	-0.0101853119	-0.0129349680	-0.0086777878	-0.0091741063	-0.0092199831	-0.0087739536	-0.0062642922	-0.0098177241	-0.0080473452	-0.0067416876	-0.0082697534	-0.0084373862	-0.0078000442	-0.0079745668	-0.0101969232	-0.0076887497	-0.0059939079	-0.0103066647	-0.0095067923	-0.0091110698
-0.0096311174	-0.0089211343	-0.0073465640	-0.0086266791	-0.0099477509	-0.0091859302	-0.0082488890	-0.0077854094	-0.0082269338	-0.0065066129	-0.0078643877	-0.0079058483	-0.0088853185	-0.0081789349	-0.0103937737	-0.0105845017	-0.0083382446	-0.0088474464	-0.0097963670	-0.0081700696	-0.0087342254	-0.0104210793	-0.0085891850	-0.0078541899	-0.0076200323	-0.0066811980	-0.0079636222	-0.0082161319	-0.0068300955	-0.0080718138	-0.0081272690	-0.0068089575	-0.0054860770	0.0010249848	0.4919846155	-0.0082326191	-0.0087463512	-0.0083319864	-0.0092343448	-0.0084454460	-0.0088974845	-0.0072742264	-0.0052443766	-0.0071051188	-0.0078393794	-0.0109814190	-0.0108381950	-0.0067845520	-0.0086134649	-0.0082622507	-0.0094444673	-0.0066944255	-0.0077817140	-0.0083019888	-0.0070795749	-0.0095084995	-0.0089948434	-0.0088880493	-0.0089683264	-0.0093623197	-0.0083583861
-0.0110171114	-0.0084002462	-0.0073207712	-0.0071282734	-0.0080086309	-0.0092205783	-0.0072160771	-0.0088842717	-0.0086462417	-0.0098620842	-0.0074248059	-0.0084487341	-0.0078375550	-0.0081467669	-0.0076993349	-0.0104859279	-0.0069445401	-0.0084398982	-0.0097992630	-0.0100911127	-0.0058899923	-0.0071402109	-0.0085530282	-0.0099587365	-0.0094140993	-0.0094708331	-0.0069476065	-0.0078569698	-0.0074163201	-0.0077832718	-0.0111681890	-0.0089237658	-0.0093271211	-0.0079361489	-0.0082326191	0.5134551397	-0.0081447549	-0.0065328086	-0.0080570732	-0.0075916065	-0.0074352450	-0.0091095831	-0.0109721045	-0.0101561753	-0.0105636468	-0.0095408264	-0.0099055567	-0.0071639814	-0.0099009870	-0.0074059098	-0.0065955047	-0.0073220703	-0.0079802004	-0.0089390467	-0.0066485523	-0.0092920938	-0.0092513987	-0.0084882104	-0.0111666806	-0.0098093787	-0.0084406066
-0.0089598318	-0.0072951409	-0.0090550729	-0.0086668429	-0.0082099186	-0.0097992034	-0.0075826017	-0.0080079348	-0.0097264249	-0.0084264736	-0.0077603230	-0.0086261140	-0.0073616354	-0.0078665834	-0.0087219788	-0.0105534824	-0.0075766382	-0.0072813155	-0.0110834793	-0.0094263993	-0.0068003453	-0.0073305306	-0.0093726602	-0.0105720065	-0.0088671692	-0.0072360575	-0.0081907557	-0.0082821678	-0.0087320485	-0.0086576104	-0.0110108402	-0.0076560683	-0.0067198534	-0.0082354063	-0.0087463512	-0.0081447549	0.5119257331	-0.0087990533	-0.0072657193	-0.0065794480	-0.0076749867	-0.0092574422	-0.0098756452	-0.0101680349	-0.0095075364	-0.0104309631	-0.0097570402	-0.0066406452	-0.0100720360	-0.0075867769	-0.0065502342	-0.0069882878	-0.0086613768	-0.0078444130	-0.0060941981	-0.0114079689	-0.0080874742	-0.0076377473	-0.0108974831	-0.0102736838	-0.0073255174
-0.0117300410	-0.0076266473	-0.0064622614	-0.0058018854	-0.0023719899	-0.0088861921	-0.0068303880	-0.0062797819	-0.0100602207	-0.0080915633	-0.0097111764	-0.0082682114	-0.0083077104	-0.0066794247	-0.0044647827	-0.0093466762	-0.0069414156	-0.0062510429	-0.0084226442	-0.0094260499	-0.0061742449	-0.0055930646	-0.0069670603	-0.0118878953	-0.0098115695	-0.0113012699	-0.0069410075	-0.0070870838	-0.0091450469	-0.0053638166	-0.0169317276	-0.0078934601	-0.0125742090	-0.0071271945	-0.0083319864	-0.0065328086	-0.0087990533	0.5195731088	-0.0071265496	-0.0084233404	-0.0063686722	-0.0138042367	-0.0209929262	-0.0104217189	-0.0107450226	-0.0080385483	-0.0108197432	-0.0079563469	-0.0125355393	-0.0065448088	-0.0081955405	-0.0110235973	-0.0079635444	-0.0072758606	-0.0098468731	-0.0097852514	-0.0059017998	-0.0060179816	-0.0110282912	-0.0107558574	-0.0075784537
-0.0098733338	-0.0092712242	-0.0079441525	-0.0087843656	-0.0082194829	-0.0082348050	-0.0069236028	-0.0074539282	-0.0092566582	-0.0080408167	-0.0083544125	-0.0099348977	-0.0082047045	-0.0084456307	-0.0071593283	-0.0090609231	-0.0066299878	-0.0073461568	-0.0090613913	-0.0085553607	-0.0077253059	-0.0075506809	-0.0087083984	-0.0122989937	-0.0099401680	-0.0085674972	-0.0061026421	-0.0085473649	-0.0097674892	-0.0077060667	-0.0115078610	-0.0081609820	-0.0093422473	-0.0070605077	-0.0092343448	-0.0080570732	-0.0072657193	-0.0071265496	0.5094962357	-0.0093894008	-0.0065940428	-0.0117380304	-0.0133359564	-0.0113743329	-0.0106212836	-0.0100135250	-0.0107321078	-0.0076346221	-0.0093094623	-0.0073722461	-0.0076726018	-0.0080984027	-0.0076640125	-0.0058266133	-0.0071729683	-0.0085786374	-0.0076847114	-0.0064334280	-0.0047427389	-0.0078824822	-0.0081995737
-0.0086203796	-0.0074421199	-0.0080136069	-0.0095964887	-0.0088741967	-0.0071969903	-0.0091207189	-0.0081775187	-0.0080712867	-0.0101042835	-0.0103424592	-0.0080045519	-0.0102474417	-0.0089222544	-0.0077170000	-0.0093405132	-0.0073751443	-0.0085433456	-0.0097275853	-0.0092092348	-0.0088986023	-0.0085803221	-0.0085656126	-0.0081126042	-0.0085408040	-0.0089250454	-0.0095487636	-0.0102031655	-0.0084682506	-0.0080702183	-0.0082610850	-0.0072504200	-0.0068649262	-0.0070510044	-0.0084454460	-0.0075916065	-0.0065794480	-0.0084233404	-0.0093894008	0.5039080293	-0.0093701455	-0.0088033662	-0.0086044318	0.0053513129	-0.0031347719	-0.0105472755	-0.0114002578	-0.0084205247	-0.0094091216	-0.0083595961	-0.0079268349	-0.0087744264	-0.0084865032	-0.0092094589	-0.0079582407	-0.0101967325	-0.0087755592	-0.0091752386	-0.0093139950	-0.0108250097	-0.0081506657
-0.0105412155	-0.0084828121	-0.0078707632	-0.0070817375	-0.0085886925	-0.0086716610	-0.0077230483	-0.0072491905	-0.0111894134	-0.0079743902	-0.0084431932	-0.0097213653	-0.0062218742	-0.0088750234	-0.0080431702	-0.0110113961	-0.0073772833	-0.0062743241	-0.0091381203	-0.0101497264	-0.0076997385	-0.0069074740	-0.0065878526	-0.0107520465	-0.0097832665	-0.0105962916	-0.0069298205	-0.0084839797	-0.0095249097	-0.0062914145	-0.0140588804	-0.0073572882	-0.0129517198	-0.0079917443	-0.0088974845	-0.0074352450	-0.0076749867	-0.0063686722	-0.0065940428	-0.0093701455	0.5330680922	-0.0119837789	-0.0173309801	-0.0112974639	-0.0107860689	-0.0090338071	-0.0109554384	-0.0072791579	-0.0106794967	-0.0068471913	-0.0070753216	-0.0110575634	-0.0074586009	-0.0078323611	-0.0091788631	-0.0084545747	-0.0072174649	-0.0062207243	-0.0109010902	-0.0109213538	-0.0076713868
0.0007256143	-0.0107284427	-0.0099300317	-0.0110583750	-0.0101948699	-0.0074990195	-0.0117027457	-0.0118250406	-0.0087670476	-0.0077480864	-0.0074272812	-0.0086783524	-0.0098508831	-0.0109170078	-0.0120202055	-0.0119643356	-0.0109323674	-0.0100715743	-0.0116441985	-0.0072389222	-0.0116943365	-0.0116408067	-0.0120180256	-0.0008334754	-0.0066035215	-0.0043723339	-0.0112107047	-0.0113336224	-0.0069365660	-0.0124973165	0.0205001094	-0.0093025194	-0.0005625313	-0.0101853119	-0.0072742264	-0.0091095831	-0.0092574422	-0.0138042367	-0.0117380304	-0.0088033662	-0.0119837789	0.4743135373	0.0376518681	-0.0076134605	-0.0065146455	-0.0125959625	-0.0097262073	-0.0075518207	-0.0080232267	-0.0085953635	-0.0104201319	-0.0042487168	-0.0094272211	-0.0095685671	-0.0070898734	-0.0118350283	-0.0113514736	-0.0106238603	-0.0106796192	-0.0101764455	-0.0057889823
0.0102836200	-0.0112106221	-0.0118939274	-0.0141620719	-0.0128290296	-0.0054553603	-0.0153215790	-0.0160171012	-0.0074132426	-0.0056916799	-0.0049628103	-0.0079200328	-0.0125242431	-0.0110153319	-0.0163696503	-0.0132758109	-0.0146977045	-0.0134217664	-0.0140188015	-0.0049926888	-0.0153885869	-0.0170863920	-0.0171576014	0.0082999602	-0.0038185331	0.0019676239	-0.0149633395	-0.0139246526	-0.0037450711	-0.0169890942	0.0460818800	-0.0105596205	0.0090304681	-0.0129349680	-0.0052443766	-0.0109721045	-0.0098756452	-0.0209929262	-0.0133359564	-0.0086044318	-0.0173309801	0.0376518681	0.4762830553	-0.0062300637	-0.0047308108	-0.0159119625	-0.0097622627	-0.0080270245	-0.0024818297	-0.0113964961	-0.0130604570	0.0022949788	-0.0112754915	-0.0125125015	-0.0019433424	-0.0136246268	-0.0146917371	-0.0160154971	-0.0089766388	-0.0089430628	-0.0061919148
-0.0097086850	-0.0097959366	-0.0102379487	-0.0109473010	-0.0101750921	-0.0101177772	-0.0101502754	-0.0099256872	-0.0096261865	-0.0069987262	-0.0100428409	-0.0101217889	-0.0095286055	-0.0091108001	-0.0114507691	-0.0129107456	-0.0109389174	-0.0105061827	-0.0125570097	-0.0094946561	-0.0092811267	-0.0119231227	-0.0112263313	-0.0084646320	-0.0095789098	-0.0084483648	-0.0111888834	-0.0097602487	-0.0083287910	-0.0096168114	-0.0102274220	-0.0103362586	-0.0068659650	-0.0086777878	-0.0071051188	-0.0101561753	-0.0101680349	-0.0104217189	-0.0113743329	0.0053513129	-0.0112974639	-0.0076134605	-0.0062300637	0.4155543006	0.1551893653	-0.0119913862	-0.0118304199	-0.0091204617	-0.0092621082	-0.0101164679	-0.0098041720	-0.0098496836	-0.0114945273	-0.0107911200	-0.0077894087	-0.0119019132	-0.0091889442	-0.0106204500	-0.0097508373	-0.0108291646	-0.0091169579
-0.0087663522	-0.0108998317	-0.0104707042	-0.0108801134	-0.0114066362	-0.0095076387	-0.0100057601	-0.0106242293	-0.0101068474	-0.0093052751	-0.0107699670	-0.0097680085	-0.0102441750	-0.0107341877	-0.0115860208	-0.0115135346	-0.0098049521	-0.0108308721	-0.0114039421	-0.0115022390	-0.0104923215	-0.0111350869	-0.0116214233	-0.0095846635	-0.0085111604	-0.0094029653	-0.0102536162	-0.0092355487	-0.0086158446	-0.0106315845	-0.0081399655	-0.0108826112	-0.0067104273	-0.0091741063	-0.0078393794	-0.0105636468	-0.0095075364	-0.0107450226	-0.0106212836	-0.0031347719	-0.0107860689	-0.0065146455	-0.0047308108	0.1551893653	0.4307048083	-0.0130764212	-0.0113201991	-0.0093999042	-0.0103198181	-0.0106915917	-0.0103345825	-0.0087725887	-0.0112989185	-0.0104679556	-0.0098986005	-0.0127775481	-0.0094088996	-0.0105875839	-0.0103811932	-0.0107170759	-0.0074755141
-0.0115014156	-0.0097622907	-0.0103354710	-0.0095257292	-0.0101805041	-0.0114312238	-0.0094243914	-0.0090368821	-0.0105478002	-0.0108901771	-0.0101709089	-0.0121956251	-0.0095780556	-0.0085332687	-0.0089712695	-0.0114470224	-0.0097398578	-0.0093298545	-0.0107609251	-0.0119172250	-0.0095562248	-0.0107057712	-0.0097000312	-0.0121340785	-0.0097987787	-0.0114753455	-0.0093514390	-0.0093456575	-0.0104473767	-0.0084224389	-0.0148562601	-0.0095049766	-0.0125312686	-0.0092199831	-0.0109814190	-0.0095408264	-0.0104309631	-0.0080385483	-0.0100135250	-0.0105472755	-0.0090338071	-0.0125959625	-0.0159119625	-0.0119913862	-0.0130764212	0.4555104229	0.1701927932	-0.0092446899	-0.0125663947	-0.0094545376	-0.0110961673	-0.0116734014	-0.0093999109	-0.0103712584	-0.0110998715	-0.0111676641	-0.0101405030	-0.0095485863	-0.0122080161	-0.0123549593	-0.0108856302
