1.0000000000	0.9177708462	0.9186644244	0.9181577404	0.9187841496	0.9189040041	0.9189884515	0.9181639431	0.9182947169	0.9182299115	0.9183920866	0.9183585532	0.9184331795	0.9177282026	0.9177167664	0.9173491911	0.9172646791	0.9183506706	0.9182270686	0.9180558479	0.9178284152	0.9181472087	0.9189511706	0.9184867425	0.9186354784	0.9187826636	0.9176259871	0.9178797168	0.9183343884	0.9179887811	0.9194152109	0.9183981601	0.9187902877	0.9176908571	0.9179623550	0.9186089230	0.9193960213	0.9183339362	0.9187522961	0.9179226188	0.9180879599	0.9181338341	0.9186555726	0.9191443592	0.9187017699	0.9185214390	0.9183732846	0.9184090794	0.9184095963	0.9183420772	0.9174702086	0.9185056091	0.9187389861	0.9185688639	0.9184094671	0.9187842789	0.9188986414	0.9184041043	0.9187455765	0.9186453640	0.9188742182	0.9183259243	0.9180695456	0.9183129374	0.9174317647	0.9181460457	0.9177223876	0.9185306138	0.9195249214	0.9186429733	0.9180596600	0.9180312309	0.9177192216	0.9184493324	0.9182803732	0.9177010657	0.9179387071	0.9175344325	0.9182844437	0.9196283645	0.9188351282	0.9193871695	0.9184862903	0.9180191485	0.9177848023	0.9182118849
0.9177708462	1.0000000000	0.9179210682	0.9182790163	0.9182983352	0.9178757108	0.9186000713	0.9176476320	0.9179210682	0.9174728576	0.9180490637	0.9182826346	0.9179808339	0.9177972724	0.9174950840	0.9166356854	0.9171459877	0.9178523214	0.9175316542	0.9179779910	0.9178623362	0.9174780266	0.9187736826	0.9176658524	0.9184976619	0.9184597995	0.9172276567	0.9175731348	0.9183649497	0.9177297533	0.9187263869	0.9176807777	0.9178095486	0.9177944295	0.9181371293	0.9182125310	0.9189740431	0.9176800024	0.9184101778	0.9175972995	0.9179317937	0.9177784058	0.9184009384	0.9187672214	0.9183194632	0.9183368437	0.9177282672	0.9174616798	0.9178961281	0.9177623175	0.9176170707	0.9179281754	0.9177369252	0.9176474381	0.9179739204	0.9184304012	0.9180311017	0.9186767006	0.9180598538	0.9179801878	0.9180088753	0.9184276876	0.9171699586	0.9182663524	0.9169362585	0.9171605253	0.9173192759	0.9180612107	0.9187912569	0.9184242631	0.9182693246	0.9177112098	0.9174184547	0.9179761818	0.9180139796	0.9176418169	0.9173726451	0.9173073228	0.9181547683	0.9184468126	0.9187873802	0.9188353220	0.9174503728	0.9179232004	0.9174835186	0.9177227106
0.9186644244	0.9179210682	1.0000000000	0.9184807337	0.9185750020	0.9189543365	0.9192284835	0.9187462873	0.9182531717	0.9185684116	0.9187813713	0.9185802355	0.9184214848	0.9181687890	0.9177513336	0.9173200513	0.9177754337	0.9189812150	0.9180966178	0.9187024160	0.9181614879	0.9180904151	0.9198432626	0.9187679967	0.9192299695	0.9191684593	0.9179514356	0.9184099840	0.9184864195	0.9184245862	0.9190566813	0.9181284067	0.9179759880	0.9183658543	0.9185313891	0.9191882951	0.9194113342	0.9184908777	0.9188879158	0.9180289049	0.9187407307	0.9182313330	0.9190365871	0.9196061382	0.9190303198	0.9194878344	0.9189271997	0.9186997669	0.9186634552	0.9185213744	0.9182528486	0.9187130769	0.9187652831	0.9185894750	0.9189049733	0.9185306784	0.9187848604	0.9182254533	0.9185665378	0.9187423460	0.9191510788	0.9191176100	0.9180945503	0.9186612584	0.9174665903	0.9183670819	0.9182547224	0.9189776613	0.9193465288	0.9187809191	0.9188791287	0.9184446804	0.9182145986	0.9178793937	0.9187796268	0.9177205138	0.9182336590	0.9175363062	0.9188853960	0.9193303113	0.9190189481	0.9194254842	0.9187214118	0.9184367332	0.9182202198	0.9186065970
0.9181577404	0.9182790163	0.9184807337	1.0000000000	0.9181374523	0.9183671465	0.9192976179	0.9182421877	0.9182680323	0.9180405350	0.9186114429	0.9188389403	0.9182652541	0.9188213659	0.9182192506	0.9169294097	0.9175716487	0.9187375001	0.9182786933	0.9185009571	0.9182832161	0.9182952338	0.9195203340	0.9189518813	0.9186063386	0.9188280855	0.9180371106	0.9179256556	0.9191231020	0.9185367519	0.9192387567	0.9177294948	0.9185108427	0.9179301138	0.9184643223	0.9184111470	0.9197023448	0.9184925576	0.9188031454	0.9179308245	0.9178532260	0.9181857172	0.9192003128	0.9192170472	0.9188225289	0.9183637221	0.9183864008	0.9186581571	0.9186846478	0.9179070475	0.9182019347	0.9185381087	0.9185368165	0.9186885891	0.9190279937	0.9188234981	0.9187123662	0.9184422898	0.9183056363	0.9187318789	0.9180167579	0.9186277250	0.9177068808	0.9185527110	0.9175697104	0.9182027100	0.9180048048	0.9186325063	0.9193161614	0.9189147943	0.9184397699	0.9182301700	0.9177584408	0.9183770321	0.9186555726	0.9175437365	0.9178236339	0.9182005132	0.9181936644	0.9189051671	0.9185462498	0.9195969633	0.9186347031	0.9185134917	0.9180019619	0.9181881724
0.9187841496	0.9182983352	0.9185750020	0.9181374523	1.0000000000	0.9188875928	0.9189277166	0.9182215766	0.9185181438	0.9184786661	0.9184338257	0.9180999776	0.9186868446	0.9181079895	0.9183481507	0.9177086899	0.9178234401	0.9187197319	0.9177765967	0.9181329941	0.9182937478	0.9182756565	0.9198554742	0.9185310661	0.9190294798	0.9191292401	0.9174988315	0.9182778533	0.9185348136	0.9181979934	0.9191049461	0.9178054134	0.9187476441	0.9181440427	0.9182129187	0.9186611292	0.9190192066	0.9182100112	0.9190182374	0.9185103258	0.9181718257	0.9183075100	0.9188035331	0.9191033955	0.9186456870	0.9188764150	0.9185154301	0.9183566148	0.9184948836	0.9181289882	0.9178618840	0.9183327085	0.9182334652	0.9185960007	0.9183146173	0.9183814903	0.9188177477	0.9187062281	0.9187920969	0.9190451804	0.9184528215	0.9186682365	0.9181552205	0.9188028224	0.9181769946	0.9188230458	0.9183325793	0.9186889122	0.9196316597	0.9190279291	0.9177941064	0.9184709773	0.9180372398	0.9179474297	0.9182889019	0.9184238109	0.9178601394	0.9174105075	0.9185860505	0.9190303198	0.9186472377	0.9189063301	0.9181620694	0.9185607228	0.9179990543	0.9180628906
0.9189040041	0.9178757108	0.9189543365	0.9183671465	0.9188875928	1.0000000000	0.9190511893	0.9179333444	0.9179016847	0.9181223332	0.9182109803	0.9182739766	0.9184837704	0.9184657438	0.9182417354	0.9174664611	0.9177303348	0.9185640826	0.9181564482	0.9180538450	0.9180137858	0.9182435446	0.9198205194	0.9187407307	0.9191921072	0.9189601516	0.9177888729	0.9182536240	0.9187408599	0.9180445409	0.9187632155	0.9183716047	0.9184782784	0.9179045276	0.9181924368	0.9185275771	0.9192765545	0.9187776239	0.9185956131	0.9181203949	0.9184720757	0.9184042336	0.9187473857	0.9189663543	0.9189826364	0.9189136959	0.9183583593	0.9185580091	0.9186900752	0.9182130479	0.9184218725	0.9186982162	0.9187006715	0.9186335401	0.9186657812	0.9190165575	0.9188524441	0.9185155593	0.9186270143	0.9191813170	0.9186759252	0.9186206177	0.9180340738	0.9186799958	0.9175074248	0.9179441345	0.9181621986	0.9183550641	0.9193953752	0.9191797017	0.9182691954	0.9181437197	0.9184195465	0.9181440427	0.9184367978	0.9180866030	0.9179816738	0.9178624655	0.9184882932	0.9184611564	0.9187146276	0.9190477649	0.9185527756	0.9180696102	0.9184450681	0.9186482069
0.9189884515	0.9186000713	0.9192284835	0.9192976179	0.9189277166	0.9190511893	1.0000000000	0.9184487509	0.9190227602	0.9192723547	0.9191861629	0.9182030977	0.9188270517	0.9179870366	0.9186075016	0.9177354391	0.9178022475	0.9190908608	0.9182730721	0.9182265517	0.9182792748	0.9183392343	0.9200237228	0.9193319912	0.9194415725	0.9194522980	0.9178032813	0.9184158636	0.9192401136	0.9189953003	0.9193836805	0.9185804939	0.9188903065	0.9187314912	0.9186980224	0.9187270330	0.9198258175	0.9188870113	0.9192274497	0.9180240590	0.9185753896	0.9188116096	0.9189332732	0.9193122201	0.9188424939	0.9192731301	0.9191079183	0.9189549180	0.9190898270	0.9184401576	0.9181937290	0.9191300154	0.9192083247	0.9188444969	0.9189736554	0.9191296924	0.9192567187	0.9183144235	0.9187791746	0.9190233417	0.9188895957	0.9189670004	0.9182597621	0.9187654769	0.9178097424	0.9185291924	0.9183864654	0.9187487425	0.9194653495	0.9189936850	0.9182311391	0.9188669171	0.9185857921	0.9188079267	0.9192786221	0.9182467751	0.9179321167	0.9176795501	0.9188146463	0.9189893560	0.9192622107	0.9191894581	0.9185678301	0.9181713734	0.9183354222	0.9188399094
0.9181639431	0.9176476320	0.9187462873	0.9182421877	0.9182215766	0.9179333444	0.9184487509	1.0000000000	0.9185289339	0.9183933142	0.9182438030	0.9183316101	0.9181773823	0.9179478174	0.9180777512	0.9171826870	0.9173762633	0.9183228230	0.9174791896	0.9182737828	0.9180268373	0.9178982603	0.9193117678	0.9182821177	0.9188005610	0.9187904816	0.9174793834	0.9177711047	0.9182442553	0.9182678385	0.9191918487	0.9179782494	0.9185404348	0.9180019619	0.9180599831	0.9184248447	0.9191254926	0.9177674864	0.9182817300	0.9178434697	0.9180731638	0.9184335672	0.9187506162	0.9188057299	0.9187677383	0.9192697057	0.9178963865	0.9181199426	0.9186054340	0.9178844334	0.9181081187	0.9185342321	0.9182699707	0.9185490281	0.9184877117	0.9185138794	0.9179123456	0.9179946608	0.9183131312	0.9184093379	0.9184973388	0.9184789892	0.9184371209	0.9180825971	0.9172656483	0.9180605646	0.9180257389	0.9182643495	0.9194532672	0.9187841496	0.9179210682	0.9176146801	0.9176377464	0.9179085981	0.9183561625	0.9182296531	0.9179200344	0.9177941064	0.9181997379	0.9191053338	0.9187902231	0.9189441279	0.9184291090	0.9177216122	0.9181819697	0.9184596703
0.9182947169	0.9179210682	0.9182531717	0.9182680323	0.9185181438	0.9179016847	0.9190227602	0.9185289339	1.0000000000	0.9182271332	0.9188333191	0.9189326271	0.9184738202	0.9181632324	0.9181530883	0.9171023102	0.9178706711	0.9185499973	0.9176960260	0.9179458144	0.9184753709	0.9176682431	0.9198241376	0.9183163618	0.9186456224	0.9190425960	0.9181937290	0.9182457414	0.9183737369	0.9188135479	0.9186497576	0.9176306391	0.9185228604	0.9179228773	0.9178480571	0.9181397784	0.9189719755	0.9186902690	0.9188379065	0.9183934434	0.9180079061	0.9183933788	0.9190970635	0.9191601890	0.9184311120	0.9189958818	0.9183142942	0.9185550370	0.9185116180	0.9182087835	0.9179757942	0.9189597639	0.9183035687	0.9182118849	0.9184371855	0.9187007361	0.9185850814	0.9179843229	0.9182552393	0.9185080644	0.9182001256	0.9183325793	0.9182458706	0.9182463229	0.9171008888	0.9186498222	0.9179998943	0.9182586637	0.9192520667	0.9188836515	0.9180770405	0.9181531530	0.9179774741	0.9178355870	0.9185169162	0.9180762652	0.9178374608	0.9175453518	0.9186463331	0.9188125141	0.9189761753	0.9189266828	0.9185154301	0.9184762755	0.9182702291	0.9176413000
0.9182299115	0.9174728576	0.9185684116	0.9180405350	0.9184786661	0.9181223332	0.9192723547	0.9183933142	0.9182271332	1.0000000000	0.9184081103	0.9183196570	0.9186138335	0.9187024160	0.9180660566	0.9171769366	0.9178124561	0.9184417729	0.9179382548	0.9180201823	0.9184081103	0.9180690287	0.9195472770	0.9188576130	0.9189976909	0.9190915069	0.9178664714	0.9181699520	0.9186783805	0.9186369645	0.9201035827	0.9183393635	0.9180861508	0.9182050361	0.9185340382	0.9186819341	0.9196739803	0.9191404179	0.9185173684	0.9179093089	0.9183496368	0.9184922991	0.9185724821	0.9194305885	0.9187245132	0.9189354700	0.9181988333	0.9182385049	0.9187976535	0.9188031454	0.9182083312	0.9188648495	0.9187364017	0.9186427795	0.9183838809	0.9188585822	0.9185288047	0.9184504954	0.9183308994	0.9187404722	0.9185559415	0.9186532466	0.9178485740	0.9188043731	0.9175249346	0.9187756209	0.9179402578	0.9188028870	0.9199052252	0.9188808732	0.9180363998	0.9183907297	0.9180771697	0.9184234878	0.9179907841	0.9179111826	0.9178326149	0.9178079979	0.9186475608	0.9188642680	0.9186521482	0.9189951064	0.9186355430	0.9185145901	0.9178061242	0.9185703499
0.9183920866	0.9180490637	0.9187813713	0.9186114429	0.9184338257	0.9182109803	0.9191861629	0.9182438030	0.9188333191	0.9184081103	1.0000000000	0.9187749102	0.9185595598	0.9184110178	0.9183966094	0.9169060849	0.9173835644	0.9188242734	0.9176157138	0.9184461019	0.9182299115	0.9179228773	0.9199859896	0.9190060904	0.9189665481	0.9193087311	0.9179123456	0.9186774113	0.9188718276	0.9184113408	0.9191329876	0.9180651520	0.9187282606	0.9182630573	0.9183162972	0.9184228417	0.9195129683	0.9187499055	0.9182988521	0.9181151614	0.9180495806	0.9185235711	0.9186996377	0.9190683760	0.9186482715	0.9191405471	0.9184009384	0.9190336149	0.9189860608	0.9188965738	0.9181858464	0.9191482359	0.9183399450	0.9183413019	0.9186190671	0.9181539283	0.9192865693	0.9199538777	0.9189193817	0.9184996002	0.9184625132	0.9185187253	0.9181121892	0.9185769403	0.9175342386	0.9182529132	0.9184182543	0.9186784451	0.9190625609	0.9185414039	0.9182210597	0.9181530883	0.9179567338	0.9184595411	0.9184073995	0.9177014534	0.9178258953	0.9176883373	0.9186762483	0.9189684219	0.9198470747	0.9199717751	0.9183728323	0.9185103258	0.9182391510	0.9185362350
0.9183585532	0.9182826346	0.9185802355	0.9188389403	0.9180999776	0.9182739766	0.9182030977	0.9183316101	0.9189326271	0.9183196570	0.9187749102	1.0000000000	0.9184625778	0.9181257577	0.9185035416	0.9174119289	0.9173518402	0.9185793309	0.9181812590	0.9185868905	0.9182388925	0.9184283337	0.9195399759	0.9187771716	0.9189509767	0.9187850542	0.9185506434	0.9177978539	0.9188385526	0.9178054781	0.9190993249	0.9182957507	0.9179832245	0.9180772990	0.9184458434	0.9186583509	0.9194588884	0.9187017699	0.9188146463	0.9178074164	0.9179399348	0.9185710607	0.9189514290	0.9193200381	0.9184004861	0.9184562459	0.9184264599	0.9180407288	0.9190751602	0.9180979101	0.9178915407	0.9186409704	0.9186118952	0.9186458163	0.9190357471	0.9187281314	0.9186155780	0.9182600851	0.9182054883	0.9185765526	0.9181184565	0.9187968781	0.9180250282	0.9181883017	0.9172307581	0.9179804462	0.9182481320	0.9186588678	0.9188680155	0.9182429631	0.9189492968	0.9183207554	0.9181837142	0.9185973576	0.9179739204	0.9176383279	0.9177517858	0.9176980936	0.9184390592	0.9188719568	0.9191638073	0.9188609082	0.9186716609	0.9182298469	0.9179385133	0.9184490740
0.9184331795	0.9179808339	0.9184214848	0.9182652541	0.9186868446	0.9184837704	0.9188270517	0.9181773823	0.9184738202	0.9186138335	0.9185595598	0.9184625778	1.0000000000	0.9181001069	0.9177152157	0.9174066954	0.9174552833	0.9185212451	0.9177401557	0.9181775761	0.9180276773	0.9176808423	0.9195350008	0.9180378213	0.9187968781	0.9199781070	0.9178359747	0.9180828556	0.9186184209	0.9185396594	0.9188812608	0.9178855318	0.9187042251	0.9181749271	0.9183478276	0.9185821738	0.9194867360	0.9182707460	0.9191011987	0.9178368147	0.9178585888	0.9189105945	0.9184516585	0.9193609372	0.9188392633	0.9187502932	0.9187237378	0.9182439322	0.9183921512	0.9183920866	0.9178509000	0.9182350158	0.9184472003	0.9182423169	0.9184518523	0.9188620712	0.9188235627	0.9188651726	0.9184298844	0.9189203509	0.9181700812	0.9181382923	0.9181120600	0.9183514459	0.9176802608	0.9179554415	0.9178598810	0.9183804565	0.9198275620	0.9188999982	0.9181923722	0.9187681906	0.9178894085	0.9184430005	0.9182231273	0.9178407560	0.9182922617	0.9181665922	0.9188912756	0.9189455494	0.9192040603	0.9193309574	0.9181243362	0.9184360225	0.9179941439	0.9182576299
0.9177282026	0.9177972724	0.9181687890	0.9188213659	0.9181079895	0.9184657438	0.9179870366	0.9179478174	0.9181632324	0.9187024160	0.9184110178	0.9181257577	0.9181001069	1.0000000000	0.9175505208	0.9171316439	0.9175386968	0.9180740684	0.9174017849	0.9175935521	0.9177335008	0.9176204305	0.9189277166	0.9185317768	0.9181735702	0.9185156239	0.9175814697	0.9184592180	0.9180813049	0.9178173666	0.9185997482	0.9184185127	0.9187358202	0.9175244823	0.9180154011	0.9180179209	0.9186455578	0.9179460729	0.9179973098	0.9173608212	0.9176955738	0.9178782953	0.9179860028	0.9184384777	0.9189884515	0.9187988165	0.9181191673	0.9179634534	0.9180917720	0.9177068808	0.9179344428	0.9183190755	0.9182791455	0.9181219456	0.9182693246	0.9187680614	0.9181415875	0.9184338903	0.9180887998	0.9182930370	0.9180365291	0.9181307327	0.9177491368	0.9177234860	0.9168690624	0.9176722490	0.9177165079	0.9180189547	0.9192423750	0.9184943021	0.9182801793	0.9183832994	0.9175082648	0.9177672280	0.9181198134	0.9174323462	0.9178167851	0.9177857069	0.9186651997	0.9186517605	0.9185244111	0.9190838181	0.9180738746	0.9177561148	0.9171507689	0.9179139609
0.9177167664	0.9174950840	0.9177513336	0.9182192506	0.9183481507	0.9182417354	0.9186075016	0.9180777512	0.9181530883	0.9180660566	0.9183966094	0.9185035416	0.9177152157	0.9175505208	1.0000000000	0.9171408834	0.9167905594	0.9180366583	0.9176980290	0.9179333444	0.9177714278	0.9179626780	0.9195463724	0.9181785453	0.9181484363	0.9187659938	0.9174638120	0.9172935605	0.9181688536	0.9184087564	0.9189146004	0.9175247407	0.9181355140	0.9177910051	0.9176205597	0.9183462124	0.9189415434	0.9175566589	0.9183642390	0.9173200513	0.9174782850	0.9185072890	0.9183888560	0.9189603454	0.9183593285	0.9182573068	0.9178917991	0.9182581468	0.9183066055	0.9180573986	0.9179675885	0.9182240319	0.9177606376	0.9182150509	0.9185143963	0.9183684387	0.9181572881	0.9175890939	0.9181866864	0.9180756191	0.9180881537	0.9184935268	0.9178002445	0.9177775659	0.9171952863	0.9182722967	0.9177995338	0.9187108801	0.9186826449	0.9186468500	0.9179609335	0.9179415500	0.9174512128	0.9176440137	0.9184022306	0.9177116620	0.9175528468	0.9172753400	0.9176126125	0.9182976245	0.9186474962	0.9185552308	0.9186350261	0.9175451580	0.9179113118	0.9182125310
0.9173491911	0.9166356854	0.9173200513	0.9169294097	0.9177086899	0.9174664611	0.9177354391	0.9171826870	0.9171023102	0.9171769366	0.9169060849	0.9174119289	0.9174066954	0.9171316439	0.9171408834	1.0000000000	0.9166184987	0.9169438826	0.9169533805	0.9167457189	0.9172371546	0.9169735394	0.9184976619	0.9173736789	0.9178237631	0.9176547392	0.9164842359	0.9168761051	0.9174186485	0.9170394432	0.9178923806	0.9171871452	0.9171909573	0.9171798441	0.9172865825	0.9168550417	0.9179250095	0.9170783393	0.9177997276	0.9166373007	0.9168912888	0.9176171353	0.9173211497	0.9181453996	0.9175468379	0.9178451496	0.9173829829	0.9174753775	0.9173148823	0.9169889169	0.9166168834	0.9177756921	0.9172712049	0.9170826037	0.9169077002	0.9174980562	0.9173743896	0.9170329820	0.9171481845	0.9176018224	0.9183277981	0.9172460710	0.9173431176	0.9172659068	0.9166986171	0.9168060661	0.9167001678	0.9174653627	0.9182403786	0.9173058367	0.9169376799	0.9170887418	0.9167897840	0.9168934210	0.9172086609	0.9168906427	0.9171002427	0.9164041821	0.9174567048	0.9178121977	0.9176911802	0.9182626050	0.9172098885	0.9169625554	0.9160323425	0.9173213435
0.9172646791	0.9171459877	0.9177754337	0.9175716487	0.9178234401	0.9177303348	0.9178022475	0.9173762633	0.9178706711	0.9178124561	0.9173835644	0.9173518402	0.9174552833	0.9175386968	0.9167905594	0.9166184987	1.0000000000	0.9173509356	0.9168764928	0.9172292720	0.9171607837	0.9170447413	0.9190935099	0.9174716300	0.9179880058	0.9182458060	0.9172930436	0.9171740937	0.9176699876	0.9176035023	0.9175259038	0.9170791147	0.9175427028	0.9166267690	0.9172386407	0.9179097611	0.9182108511	0.9177254889	0.9178633054	0.9169785791	0.9174469484	0.9173757464	0.9177703294	0.9184665191	0.9180050632	0.9176921493	0.9177778889	0.9172466525	0.9172218417	0.9172460710	0.9172567965	0.9181576758	0.9177719446	0.9178700896	0.9179120225	0.9175603417	0.9179511126	0.9174766051	0.9175098801	0.9173211497	0.9180572048	0.9174391304	0.9172569257	0.9170849943	0.9167534077	0.9176523486	0.9173044153	0.9176184921	0.9181328649	0.9179976975	0.9175328818	0.9177731077	0.9171529011	0.9168726161	0.9175164705	0.9175585972	0.9172749524	0.9171186570	0.9174799649	0.9176800024	0.9182259056	0.9187094587	0.9170911324	0.9174001050	0.9169653337	0.9177552749
0.9183506706	0.9178523214	0.9189812150	0.9187375001	0.9187197319	0.9185640826	0.9190908608	0.9183228230	0.9185499973	0.9184417729	0.9188242734	0.9185793309	0.9185212451	0.9180740684	0.9180366583	0.9169438826	0.9173509356	1.0000000000	0.9178317104	0.9183571317	0.9185065137	0.9179394825	0.9198069509	0.9188274394	0.9190416914	0.9187743287	0.9180844062	0.9180260620	0.9184922345	0.9185695746	0.9188444969	0.9176961553	0.9183526735	0.9179833537	0.9182122079	0.9188338359	0.9196248109	0.9181870740	0.9189418019	0.9182940708	0.9186585447	0.9184984372	0.9188710522	0.9192414704	0.9187228979	0.9194561747	0.9185325522	0.9180477069	0.9182918094	0.9181860403	0.9181200072	0.9183498306	0.9188947647	0.9182772718	0.9187139815	0.9182235150	0.9185841768	0.9190246986	0.9187256116	0.9185038000	0.9187078434	0.9185952900	0.9184011968	0.9182794040	0.9177426110	0.9183632052	0.9174920473	0.9191040416	0.9190729634	0.9185673132	0.9181558666	0.9185519356	0.9183517043	0.9178715111	0.9188645264	0.9183148111	0.9182490365	0.9181013991	0.9185897334	0.9187729718	0.9191667794	0.9190530630	0.9183142296	0.9185535509	0.9186283065	0.9180752314
0.9182270686	0.9175316542	0.9180966178	0.9182786933	0.9177765967	0.9181564482	0.9182730721	0.9174791896	0.9176960260	0.9179382548	0.9176157138	0.9181812590	0.9177401557	0.9174017849	0.9176980290	0.9169533805	0.9168764928	0.9178317104	1.0000000000	0.9184546306	0.9178334549	0.9177238736	0.9190601057	0.9179039461	0.9181778992	0.9183562272	0.9174167748	0.9178552936	0.9178841750	0.9179799939	0.9182129187	0.9174481114	0.9176276670	0.9168055493	0.9177570194	0.9181808067	0.9185910902	0.9175739748	0.9182721029	0.9173810446	0.9180454455	0.9176903402	0.9184716880	0.9185828846	0.9184288506	0.9182257764	0.9179365103	0.9175050342	0.9180291633	0.9176009824	0.9179100842	0.9175904507	0.9177424172	0.9179790894	0.9182408309	0.9178709296	0.9176242426	0.9176776117	0.9176084127	0.9180283234	0.9179803816	0.9179434238	0.9177010011	0.9178429528	0.9168435409	0.9178829473	0.9178753878	0.9180887998	0.9187482902	0.9184292382	0.9178969680	0.9179277232	0.9173133317	0.9174624552	0.9181191027	0.9168746836	0.9171346806	0.9171134234	0.9178227293	0.9186038833	0.9181613586	0.9181364186	0.9178165266	0.9175645415	0.9174926288	0.9176218519
0.9180558479	0.9179779910	0.9187024160	0.9185009571	0.9181329941	0.9180538450	0.9182265517	0.9182737828	0.9179458144	0.9180201823	0.9184461019	0.9185868905	0.9181775761	0.9175935521	0.9179333444	0.9167457189	0.9172292720	0.9183571317	0.9184546306	1.0000000000	0.9178497370	0.9179871012	0.9192072909	0.9181415875	0.9186335401	0.9187246424	0.9175361770	0.9176769656	0.9183708294	0.9181306681	0.9188233689	0.9178444388	0.9183801334	0.9181329295	0.9182447076	0.9181107678	0.9188601329	0.9181271791	0.9184160575	0.9173234111	0.9179502080	0.9184767924	0.9183025349	0.9187961028	0.9184756294	0.9187000254	0.9181895293	0.9176327067	0.9185326168	0.9179699145	0.9178779076	0.9189793412	0.9186100214	0.9185735159	0.9186018804	0.9178381069	0.9181254992	0.9184565689	0.9178027644	0.9183552580	0.9182856067	0.9187341403	0.9176707629	0.9182606020	0.9169687581	0.9177136650	0.9176442076	0.9185735159	0.9190793599	0.9181797083	0.9181665276	0.9184230355	0.9176727013	0.9177945587	0.9186305679	0.9180877014	0.9179658440	0.9176073143	0.9181003007	0.9184676821	0.9187277437	0.9190169452	0.9184945605	0.9186062094	0.9178760339	0.9182067160
0.9178284152	0.9178623362	0.9181614879	0.9182832161	0.9182937478	0.9180137858	0.9182792748	0.9180268373	0.9184753709	0.9184081103	0.9182299115	0.9182388925	0.9180276773	0.9177335008	0.9177714278	0.9172371546	0.9171607837	0.9185065137	0.9178334549	0.9178497370	1.0000000000	0.9172976957	0.9195231123	0.9186332816	0.9188772549	0.9185691869	0.9173453144	0.9175504562	0.9185792663	0.9182454183	0.9182780471	0.9177218061	0.9181679490	0.9174275003	0.9179035584	0.9182144047	0.9193547991	0.9182228042	0.9183694079	0.9177778889	0.9179463313	0.9179690746	0.9186095692	0.9188508934	0.9184156698	0.9185573630	0.9180900274	0.9181931475	0.9183828471	0.9177264581	0.9179208097	0.9182882558	0.9186472377	0.9181875263	0.9185543263	0.9188641388	0.9182393448	0.9183444032	0.9180908028	0.9177338238	0.9182278439	0.9186643598	0.9181637493	0.9178260245	0.9174035940	0.9178179481	0.9177403496	0.9185905734	0.9190590719	0.9187115908	0.9178496724	0.9177523673	0.9170834437	0.9179184837	0.9179142840	0.9176403309	0.9169323172	0.9175729410	0.9180639890	0.9183848501	0.9186220392	0.9183854316	0.9181600018	0.9180447347	0.9180393720	0.9181821636
0.9181472087	0.9174780266	0.9180904151	0.9182952338	0.9182756565	0.9182435446	0.9183392343	0.9178982603	0.9176682431	0.9180690287	0.9179228773	0.9184283337	0.9176808423	0.9176204305	0.9179626780	0.9169735394	0.9170447413	0.9179394825	0.9177238736	0.9179871012	0.9172976957	1.0000000000	0.9186508560	0.9179600290	0.9186814818	0.9189191232	0.9174404226	0.9175896108	0.9180777512	0.9178970327	0.9190279291	0.9173953884	0.9181621340	0.9178774554	0.9179524048	0.9180621799	0.9189264243	0.9180987500	0.9186263036	0.9170798254	0.9176055698	0.9180360122	0.9181696935	0.9180190839	0.9183004027	0.9187621817	0.9179618381	0.9183047963	0.9182209305	0.9178368147	0.9177010011	0.9180848585	0.9178190465	0.9176316083	0.9184801522	0.9182698415	0.9185532279	0.9175578219	0.9183088023	0.9179630657	0.9182323668	0.9177468754	0.9180987500	0.9181289236	0.9171412710	0.9177025518	0.9174877183	0.9180517128	0.9188601975	0.9185655687	0.9176171999	0.9176351619	0.9172890377	0.9177084961	0.9184062365	0.9172097593	0.9178481217	0.9173561045	0.9184846104	0.9183428526	0.9186290172	0.9187871864	0.9179155116	0.9176339343	0.9175241592	0.9181280191
0.9189511706	0.9187736826	0.9198432626	0.9195203340	0.9198554742	0.9198205194	0.9200237228	0.9193117678	0.9198241376	0.9195472770	0.9199859896	0.9195399759	0.9195350008	0.9189277166	0.9195463724	0.9184976619	0.9190935099	0.9198069509	0.9190601057	0.9192072909	0.9195231123	0.9186508560	1.0000000000	0.9199577544	0.9200336084	0.9199745534	0.9190922177	0.9194277456	0.9201709726	0.9197403364	0.9200737968	0.9189772737	0.9191041062	0.9192781698	0.9195094792	0.9197519665	0.9204897015	0.9198845494	0.9197659872	0.9188968968	0.9191408056	0.9193858127	0.9202194959	0.9196617041	0.9201358239	0.9199682861	0.9195877885	0.9198179349	0.9195123221	0.9192265451	0.9192123306	0.9196270723	0.9195806812	0.9196250693	0.9199425060	0.9194962339	0.9197929302	0.9195580025	0.9194875113	0.9197439546	0.9196338565	0.9190833659	0.9193208780	0.9195783552	0.9188212367	0.9190016968	0.9191621274	0.9195202694	0.9204243792	0.9199139477	0.9190856273	0.9191252988	0.9188585176	0.9195077347	0.9197435024	0.9188320914	0.9191371873	0.9181946982	0.9198938535	0.9200427186	0.9199724858	0.9199260947	0.9192973594	0.9196102087	0.9188279563	0.9197044770
0.9184867425	0.9176658524	0.9187679967	0.9189518813	0.9185310661	0.9187407307	0.9193319912	0.9182821177	0.9183163618	0.9188576130	0.9190060904	0.9187771716	0.9180378213	0.9185317768	0.9181785453	0.9173736789	0.9174716300	0.9188274394	0.9179039461	0.9181415875	0.9186332816	0.9179600290	0.9199577544	1.0000000000	0.9191103089	0.9185724821	0.9178541306	0.9181370647	0.9187473210	0.9178548413	0.9186819341	0.9180528112	0.9186568648	0.9179470420	0.9187598557	0.9188077329	0.9193343172	0.9188244027	0.9187363371	0.9179569276	0.9183671465	0.9184405453	0.9186675257	0.9194754935	0.9190433713	0.9193730842	0.9182632511	0.9184430005	0.9187358202	0.9183031164	0.9184260077	0.9186076308	0.9186160303	0.9187413122	0.9187703228	0.9188090251	0.9184588303	0.9184624486	0.9188123203	0.9187990749	0.9187384693	0.9185547139	0.9179372857	0.9180952610	0.9174393242	0.9180143027	0.9182321083	0.9186707563	0.9194420247	0.9186226207	0.9183030518	0.9185162700	0.9183871115	0.9184028767	0.9185134271	0.9178076102	0.9176719259	0.9181831973	0.9182253241	0.9190024722	0.9188288609	0.9192313910	0.9182912279	0.9185141379	0.9181935998	0.9183255367
0.9186354784	0.9184976619	0.9192299695	0.9186063386	0.9190294798	0.9191921072	0.9194415725	0.9188005610	0.9186456224	0.9189976909	0.9189665481	0.9189509767	0.9187968781	0.9181735702	0.9181484363	0.9178237631	0.9179880058	0.9190416914	0.9181778992	0.9186335401	0.9188772549	0.9186814818	0.9200336084	0.9191103089	1.0000000000	0.9193806437	0.9182854775	0.9187148214	0.9192017989	0.9186107968	0.9190126162	0.9185081936	0.9194466768	0.9182766903	0.9185552954	0.9184081749	0.9196379917	0.9188459829	0.9195233061	0.9183725093	0.9185938039	0.9187533945	0.9194022886	0.9199939368	0.9189778552	0.9191345382	0.9188326083	0.9189853501	0.9192533589	0.9185392071	0.9182368250	0.9190348426	0.9189560164	0.9186089877	0.9192448302	0.9192672504	0.9194308469	0.9188740243	0.9189995646	0.9187971366	0.9197305154	0.9191594783	0.9188873343	0.9186245590	0.9178844980	0.9186599016	0.9185861798	0.9190884056	0.9194986245	0.9193487256	0.9190329042	0.9187974596	0.9184328565	0.9184733033	0.9189428357	0.9187204426	0.9183207554	0.9179450391	0.9191430670	0.9191836430	0.9195752538	0.9188456599	0.9186428441	0.9189050379	0.9184591534	0.9187836327
0.9187826636	0.9184597995	0.9191684593	0.9188280855	0.9191292401	0.9189601516	0.9194522980	0.9187904816	0.9190425960	0.9190915069	0.9193087311	0.9187850542	0.9199781070	0.9185156239	0.9187659938	0.9176547392	0.9182458060	0.9187743287	0.9183562272	0.9187246424	0.9185691869	0.9189191232	0.9199745534	0.9185724821	0.9193806437	1.0000000000	0.9180159180	0.9182668047	0.9190105486	0.9186031726	0.9196352134	0.9183672111	0.9184760816	0.9183976432	0.9189065240	0.9187970073	0.9197827216	0.9189383775	0.9190472480	0.9181408121	0.9185060614	0.9189716524	0.9191380273	0.9194425416	0.9195388129	0.9194807271	0.9186354138	0.9194642511	0.9189560164	0.9184376377	0.9188090251	0.9194077806	0.9189022596	0.9186561541	0.9193411015	0.9191681363	0.9194603098	0.9191448761	0.9189271997	0.9188450784	0.9191894581	0.9188272456	0.9188236273	0.9191101797	0.9174969578	0.9184942375	0.9187287129	0.9190047982	0.9197123596	0.9193643616	0.9187731657	0.9185890227	0.9185217620	0.9184682636	0.9193115094	0.9181956674	0.9181382923	0.9183321916	0.9187134000	0.9192846955	0.9191931409	0.9194855729	0.9190060904	0.9184990187	0.9179160285	0.9186979578
0.9176259871	0.9172276567	0.9179514356	0.9180371106	0.9174988315	0.9177888729	0.9178032813	0.9174793834	0.9181937290	0.9178664714	0.9179123456	0.9185506434	0.9178359747	0.9175814697	0.9174638120	0.9164842359	0.9172930436	0.9180844062	0.9174167748	0.9175361770	0.9173453144	0.9174404226	0.9190922177	0.9178541306	0.9182854775	0.9180159180	1.0000000000	0.9177620591	0.9181836496	0.9178868886	0.9184373147	0.9176252117	0.9176137755	0.9173124271	0.9181373877	0.9178186588	0.9187026744	0.9178501893	0.9181912738	0.9174820325	0.9175542036	0.9181375170	0.9178253784	0.9182451598	0.9182433507	0.9184897147	0.9179192590	0.9180218622	0.9180700625	0.9177123082	0.9172644207	0.9179385133	0.9177149572	0.9185782325	0.9178985833	0.9186442656	0.9180776220	0.9177959155	0.9175146613	0.9182532363	0.9183028580	0.9179640349	0.9177586993	0.9178749355	0.9171401726	0.9171560025	0.9173166915	0.9179509833	0.9183079623	0.9181039189	0.9179768926	0.9181674967	0.9169678535	0.9179013616	0.9176613296	0.9171275088	0.9168645396	0.9171553563	0.9180705148	0.9183257305	0.9181448827	0.9187146276	0.9174574801	0.9171730599	0.9174780912	0.9172131837
0.9178797168	0.9175731348	0.9184099840	0.9179256556	0.9182778533	0.9182536240	0.9184158636	0.9177711047	0.9182457414	0.9181699520	0.9186774113	0.9177978539	0.9180828556	0.9184592180	0.9172935605	0.9168761051	0.9171740937	0.9180260620	0.9178552936	0.9176769656	0.9175504562	0.9175896108	0.9194277456	0.9181370647	0.9187148214	0.9182668047	0.9177620591	1.0000000000	0.9184390592	0.9175852172	0.9182795978	0.9180378859	0.9185469605	0.9180939041	0.9182713275	0.9180524881	0.9187415060	0.9182946523	0.9184353117	0.9176043422	0.9175401829	0.9185695746	0.9180203116	0.9185182730	0.9179005863	0.9188366142	0.9180136566	0.9178066411	0.9180210223	0.9178715757	0.9179401932	0.9182920032	0.9181622632	0.9179301138	0.9178890854	0.9179333444	0.9178444388	0.9176821345	0.9181117369	0.9185285462	0.9187205718	0.9181970888	0.9177259412	0.9180433779	0.9172944005	0.9176739935	0.9179053676	0.9181399722	0.9188922448	0.9187361432	0.9180940334	0.9176323190	0.9176073143	0.9177548872	0.9175987210	0.9174716946	0.9176639787	0.9175710026	0.9179986021	0.9184769862	0.9185930932	0.9188682093	0.9178098070	0.9176420754	0.9179540847	0.9180360122
0.9183343884	0.9183649497	0.9184864195	0.9191231020	0.9185348136	0.9187408599	0.9192401136	0.9182442553	0.9183737369	0.9186783805	0.9188718276	0.9188385526	0.9186184209	0.9180813049	0.9181688536	0.9174186485	0.9176699876	0.9184922345	0.9178841750	0.9183708294	0.9185792663	0.9180777512	0.9201709726	0.9187473210	0.9192017989	0.9190105486	0.9181836496	0.9184390592	1.0000000000	0.9185874074	0.9191136687	0.9180615984	0.9185938039	0.9182526548	0.9179710775	0.9189692618	0.9197480898	0.9192742285	0.9190230833	0.9183918927	0.9186179687	0.9183906651	0.9190014384	0.9194252257	0.9192390152	0.9188890142	0.9189517521	0.9184156052	0.9189456786	0.9183608792	0.9183175894	0.9184545014	0.9188221413	0.9189308825	0.9188401033	0.9187838266	0.9184633532	0.9187767193	0.9192223454	0.9190320643	0.9191568938	0.9190924115	0.9178698312	0.9189017427	0.9176570653	0.9183213369	0.9182879327	0.9187827928	0.9199556868	0.9193343819	0.9184184481	0.9189830241	0.9180901567	0.9182864466	0.9188415247	0.9181059865	0.9177771136	0.9181313789	0.9190139730	0.9191346675	0.9192394028	0.9192841140	0.9185651810	0.9180100383	0.9179861966	0.9185158824
0.9179887811	0.9177297533	0.9184245862	0.9185367519	0.9181979934	0.9180445409	0.9189953003	0.9182678385	0.9188135479	0.9186369645	0.9184113408	0.9178054781	0.9185396594	0.9178173666	0.9184087564	0.9170394432	0.9176035023	0.9185695746	0.9179799939	0.9181306681	0.9182454183	0.9178970327	0.9197403364	0.9178548413	0.9186107968	0.9186031726	0.9178868886	0.9175852172	0.9185874074	1.0000000000	0.9190378793	0.9180150134	0.9181578696	0.9183704417	0.9183182355	0.9187331065	0.9192386275	0.9181795145	0.9186172579	0.9179598351	0.9176044068	0.9186977640	0.9190389777	0.9190396884	0.9185978745	0.9187828574	0.9185204698	0.9181563189	0.9189642221	0.9178966450	0.9180754898	0.9184263953	0.9183422711	0.9183406558	0.9186555080	0.9187841496	0.9180293572	0.9180187609	0.9185319706	0.9183869177	0.9184658730	0.9183052486	0.9180594662	0.9178762923	0.9171384281	0.9179562169	0.9177395742	0.9185793309	0.9196547907	0.9186605477	0.9181520546	0.9179237172	0.9179174499	0.9180851816	0.9186839371	0.9179277232	0.9178513523	0.9176727013	0.9185346197	0.9186690118	0.9191692993	0.9192973594	0.9185139440	0.9179843875	0.9179107949	0.9178469587
0.9194152109	0.9187263869	0.9190566813	0.9192387567	0.9191049461	0.9187632155	0.9193836805	0.9191918487	0.9186497576	0.9201035827	0.9191329876	0.9190993249	0.9188812608	0.9185997482	0.9189146004	0.9178923806	0.9175259038	0.9188444969	0.9182129187	0.9188233689	0.9182780471	0.9190279291	0.9200737968	0.9186819341	0.9190126162	0.9196352134	0.9184373147	0.9182795978	0.9191136687	0.9190378793	1.0000000000	0.9182816654	0.9190574566	0.9190666315	0.9187175997	0.9190205634	0.9197929302	0.9191818339	0.9192519375	0.9183248259	0.9186493699	0.9193790931	0.9191549555	0.9191984391	0.9194415078	0.9192910275	0.9188646557	0.9188707292	0.9190702497	0.9188812608	0.9185707376	0.9190889871	0.9188496658	0.9191027493	0.9190298029	0.9190564874	0.9192004420	0.9187274853	0.9189248737	0.9190579089	0.9192200840	0.9192149150	0.9183321916	0.9188332544	0.9179975683	0.9184443573	0.9186496283	0.9191236835	0.9198657475	0.9190126162	0.9190543553	0.9191019094	0.9181652353	0.9184840289	0.9190954482	0.9186016865	0.9183380713	0.9179588659	0.9196861919	0.9191725298	0.9196297860	0.9198423581	0.9194391172	0.9191730467	0.9184684575	0.9186144796
0.9183981601	0.9176807777	0.9181284067	0.9177294948	0.9178054134	0.9183716047	0.9185804939	0.9179782494	0.9176306391	0.9183393635	0.9180651520	0.9182957507	0.9178855318	0.9184185127	0.9175247407	0.9171871452	0.9170791147	0.9176961553	0.9174481114	0.9178444388	0.9177218061	0.9173953884	0.9189772737	0.9180528112	0.9185081936	0.9183672111	0.9176252117	0.9180378859	0.9180615984	0.9180150134	0.9182816654	1.0000000000	0.9177103698	0.9175883831	0.9184145068	0.9179656502	0.9187035144	0.9179989897	0.9176863343	0.9171674387	0.9175405706	0.9182379880	0.9179378672	0.9186980224	0.9184687805	0.9179841291	0.9175342386	0.9179356058	0.9179348304	0.9175485178	0.9172753400	0.9179637764	0.9178331318	0.9184455850	0.9178252492	0.9178571027	0.9183389759	0.9181452703	0.9181508916	0.9180699332	0.9185297092	0.9184492032	0.9182956861	0.9184978557	0.9173136547	0.9180244467	0.9177252305	0.9179673301	0.9191074014	0.9181200072	0.9177106283	0.9180087461	0.9177652250	0.9170311083	0.9181618755	0.9172366377	0.9174927580	0.9172665529	0.9182228042	0.9182300407	0.9183442094	0.9184655499	0.9176564191	0.9181804190	0.9168922580	0.9178041858
0.9187902877	0.9178095486	0.9179759880	0.9185108427	0.9187476441	0.9184782784	0.9188903065	0.9185404348	0.9185228604	0.9180861508	0.9187282606	0.9179832245	0.9187042251	0.9187358202	0.9181355140	0.9171909573	0.9175427028	0.9183526735	0.9176276670	0.9183801334	0.9181679490	0.9181621340	0.9191041062	0.9186568648	0.9194466768	0.9184760816	0.9176137755	0.9185469605	0.9185938039	0.9181578696	0.9190574566	0.9177103698	1.0000000000	0.9182345636	0.9177541118	0.9179889749	0.9191413871	0.9182876097	0.9186878784	0.9174819033	0.9183428526	0.9186186148	0.9183986124	0.9190304490	0.9184361517	0.9189376021	0.9186036249	0.9184787953	0.9180359476	0.9187406660	0.9183544180	0.9185638242	0.9181320896	0.9183161680	0.9186849063	0.9183584239	0.9183558395	0.9180712901	0.9185587845	0.9185901211	0.9183336131	0.9182156324	0.9181480486	0.9184727218	0.9175045819	0.9179520171	0.9182262933	0.9185660856	0.9193129308	0.9182804378	0.9181076664	0.9182317206	0.9173206328	0.9181289236	0.9179202928	0.9176795501	0.9176599082	0.9178075456	0.9182560792	0.9188171662	0.9192399197	0.9187741995	0.9177101114	0.9181432674	0.9176420754	0.9184304659
0.9176908571	0.9177944295	0.9183658543	0.9179301138	0.9181440427	0.9179045276	0.9187314912	0.9180019619	0.9179228773	0.9182050361	0.9182630573	0.9180772990	0.9181749271	0.9175244823	0.9177910051	0.9171798441	0.9166267690	0.9179833537	0.9168055493	0.9181329295	0.9174275003	0.9178774554	0.9192781698	0.9179470420	0.9182766903	0.9183976432	0.9173124271	0.9180939041	0.9182526548	0.9183704417	0.9190666315	0.9175883831	0.9182345636	1.0000000000	0.9180452516	0.9184004215	0.9187095233	0.9178463126	0.9187860880	0.9171659526	0.9176203659	0.9184419667	0.9183270227	0.9187734241	0.9185972930	0.9186300510	0.9175238362	0.9179923994	0.9184343426	0.9180508728	0.9177251012	0.9179420023	0.9179095673	0.9183663066	0.9178521922	0.9181077310	0.9185213744	0.9180475130	0.9181987687	0.9182602143	0.9179693330	0.9184594765	0.9177212246	0.9180157887	0.9170241302	0.9174773805	0.9177563086	0.9184461665	0.9189521397	0.9186581571	0.9181836496	0.9182985290	0.9169776745	0.9176867220	0.9178550351	0.9174552187	0.9177979185	0.9173330382	0.9180265789	0.9184726572	0.9189570502	0.9191010048	0.9180795604	0.9176911156	0.9176515087	0.9176769656
0.9179623550	0.9181371293	0.9185313891	0.9184643223	0.9182129187	0.9181924368	0.9186980224	0.9180599831	0.9178480571	0.9185340382	0.9183162972	0.9184458434	0.9183478276	0.9180154011	0.9176205597	0.9172865825	0.9172386407	0.9182122079	0.9177570194	0.9182447076	0.9179035584	0.9179524048	0.9195094792	0.9187598557	0.9185552954	0.9189065240	0.9181373877	0.9182713275	0.9179710775	0.9183182355	0.9187175997	0.9184145068	0.9177541118	0.9180452516	1.0000000000	0.9184394469	0.9195702787	0.9185074182	0.9188088313	0.9178434697	0.9176142924	0.9182137586	0.9182156324	0.9189964633	0.9187232855	0.9186649413	0.9180452516	0.9185072244	0.9184486863	0.9181696289	0.9174901735	0.9184126331	0.9180912551	0.9185021201	0.9185272540	0.9184249739	0.9186275958	0.9186260451	0.9178278983	0.9182478089	0.9182489719	0.9183279273	0.9185158178	0.9181528945	0.9172333425	0.9177527550	0.9176173937	0.9182282962	0.9190216618	0.9189222892	0.9179133148	0.9183433694	0.9176028561	0.9177723969	0.9187991395	0.9174592246	0.9175682889	0.9174922411	0.9187047420	0.9184850626	0.9187354325	0.9187499055	0.9180282588	0.9185177561	0.9180099737	0.9175941336
