1.0000000000	0.9243675227	0.9251935338	0.9246917933	0.9252677757	0.9254772239	0.9256308192	0.9247274494	0.9248193946	0.9248029380	0.9249496140	0.9249355885	0.9249576553	0.9244934409	0.9242968339	0.9239680128	0.9239268088	0.9250030981	0.9247040111	0.9246416753	0.9244344089	0.9247334959	0.9254732967	0.9250282194	0.9251703449	0.9253148392	0.9242461549	0.9245106456	0.9250021631	0.9246444181	0.9259990989	0.9249173864	0.9252917127	0.9243142879	0.9246245953	0.9250994692	0.9259666843	0.9249311626	0.9252182188	0.9245931158	0.9246688537	0.9247360517	0.9252204629	0.9255744677	0.9253304232	0.9251955286	0.9248998701	0.9250357620	0.9248872782	0.9249346534	0.9241876217	0.9250135082	0.9251101909	0.9251951546	0.9249329704	0.9253994289	0.9252030089	0.9248935118	0.9252364832	0.9251743344	0.9254126440	0.9248245685	0.9246290212	0.9249762937	0.9241847542	0.9247055072	0.9243499440	0.9249867038	0.9259911199	0.9250942330	0.9245427485	0.9245910587	0.9241938552	0.9250254766	0.9247633548	0.9243005117	0.9244921942	0.9241788947	0.9248857822	0.9260869300	0.9254052884	0.9259074030	0.9249211889	0.9245812097	0.9244786673	0.9248062418
0.9243675227	1.0000000000	0.9245405044	0.9249112152	0.9248260645	0.9243993139	0.9252700198	0.9243879688	0.9245137000	0.9241091409	0.9245213673	0.9249246174	0.9246523348	0.9244207574	0.9241488488	0.9234982505	0.9237801951	0.9245606389	0.9240898792	0.9245525352	0.9244689430	0.9241113850	0.9253689467	0.9244398945	0.9253432643	0.9251646100	0.9239619039	0.9243317419	0.9250941706	0.9244580342	0.9253580379	0.9243654656	0.9244900748	0.9244397075	0.9247404152	0.9249063530	0.9257038767	0.9242800033	0.9251612439	0.9244360297	0.9244456917	0.9245499171	0.9250248533	0.9252918373	0.9250365724	0.9250817035	0.9243222669	0.9242757644	0.9244465644	0.9244864593	0.9242685335	0.9246372495	0.9245304683	0.9243527491	0.9246957205	0.9250395022	0.9246404910	0.9253156496	0.9247530070	0.9247482072	0.9248173375	0.9250078356	0.9239641480	0.9250144432	0.9239777995	0.9239630883	0.9241114474	0.9246429844	0.9254505442	0.9249069763	0.9249128982	0.9243533101	0.9241221691	0.9244891397	0.9246811962	0.9241992785	0.9242227790	0.9240740459	0.9248792993	0.9250233572	0.9254196256	0.9253320439	0.9242767618	0.9246087621	0.9241198627	0.9243803638
0.9251935338	0.9245405044	1.0000000000	0.9250152536	0.9251631140	0.9255170564	0.9257728824	0.9253764270	0.9248655854	0.9251578154	0.9253566042	0.9252055646	0.9250313985	0.9247829905	0.9244638314	0.9240986062	0.9244814101	0.9255759014	0.9246654253	0.9251348135	0.9247799361	0.9246653629	0.9263485531	0.9253405839	0.9257298084	0.9257332992	0.9245727320	0.9250893084	0.9251525792	0.9250563952	0.9256560652	0.9248866549	0.9246933517	0.9249111528	0.9250414346	0.9257585452	0.9259566482	0.9250224845	0.9254810887	0.9248936365	0.9252876608	0.9249110282	0.9255086411	0.9262458862	0.9257761862	0.9259943614	0.9253893928	0.9254083429	0.9250601353	0.9250563952	0.9248893353	0.9252150397	0.9252498854	0.9251345019	0.9252478283	0.9251593738	0.9252733859	0.9248827277	0.9251666048	0.9253924472	0.9257590439	0.9256809995	0.9247556251	0.9253320439	0.9243539958	0.9249607721	0.9249914413	0.9255166201	0.9259696141	0.9251567557	0.9253921979	0.9250593873	0.9246932270	0.9245084015	0.9252997540	0.9244610263	0.9249186331	0.9243501310	0.9255230407	0.9258806609	0.9254599569	0.9259916186	0.9253927589	0.9250065266	0.9247901591	0.9250854436
0.9246917933	0.9249112152	0.9250152536	1.0000000000	0.9247510123	0.9249781638	0.9258160811	0.9248905197	0.9249232460	0.9245916197	0.9252237667	0.9252649706	0.9249267368	0.9255238510	0.9248634660	0.9236535912	0.9241987174	0.9254420665	0.9248143454	0.9250665559	0.9248332331	0.9249075374	0.9260302044	0.9256928433	0.9250945446	0.9254897534	0.9246928530	0.9246790768	0.9258311040	0.9251872379	0.9257704513	0.9243233266	0.9251935962	0.9247653495	0.9249752963	0.9249417597	0.9263289797	0.9250271597	0.9254107116	0.9248370980	0.9244500552	0.9248968780	0.9257167802	0.9257768096	0.9255558293	0.9251886716	0.9250052175	0.9252940814	0.9251325071	0.9246666097	0.9247983874	0.9251471560	0.9251473430	0.9252779365	0.9253685727	0.9254677488	0.9252001414	0.9250241676	0.9249326587	0.9252968865	0.9246863078	0.9251695346	0.9242799409	0.9250788984	0.9242740190	0.9247990108	0.9246921673	0.9252285665	0.9259397552	0.9255542709	0.9251147414	0.9248396537	0.9243826079	0.9249658836	0.9252021985	0.9241815751	0.9245661244	0.9247803101	0.9249630785	0.9254968596	0.9253317322	0.9261022646	0.9251532026	0.9251164245	0.9244694416	0.9246936634
0.9252677757	0.9248260645	0.9251631140	0.9247510123	1.0000000000	0.9255029062	0.9254850782	0.9249537282	0.9250713557	0.9251042690	0.9251073235	0.9247352413	0.9251750825	0.9247080006	0.9248907690	0.9244006230	0.9245156324	0.9253336023	0.9244827192	0.9248672061	0.9248632790	0.9248046834	0.9263255513	0.9253119718	0.9255318923	0.9256470888	0.9241428023	0.9248780526	0.9251866769	0.9248680788	0.9257250709	0.9244841529	0.9254338382	0.9248382823	0.9249123372	0.9253167716	0.9256900382	0.9248627180	0.9256543198	0.9251829368	0.9246956581	0.9250438657	0.9254922468	0.9255381883	0.9253118471	0.9256216558	0.9251145544	0.9249436298	0.9249420090	0.9247192210	0.9245147597	0.9249805949	0.9248709463	0.9252810532	0.9249527931	0.9249988593	0.9252321820	0.9252488257	0.9253859643	0.9255585721	0.9251636750	0.9252782481	0.9247318752	0.9255653667	0.9249675667	0.9252523165	0.9249260511	0.9252733236	0.9262006927	0.9254180049	0.9244488708	0.9249562216	0.9247041358	0.9245899990	0.9248713203	0.9248296177	0.9246535191	0.9241083306	0.9252890946	0.9255367545	0.9252565553	0.9255628109	0.9248852835	0.9250771530	0.9244391465	0.9247892864
0.9254772239	0.9243993139	0.9255170564	0.9249781638	0.9255029062	1.0000000000	0.9255398090	0.9245777189	0.9244372764	0.9248428328	0.9248539909	0.9248721307	0.9251462833	0.9251130584	0.9248443912	0.9241858139	0.9242712763	0.9252733859	0.9247134861	0.9247958940	0.9247088110	0.9248385940	0.9263225591	0.9253448851	0.9256630468	0.9254857639	0.9244756752	0.9248245685	0.9255337624	0.9247295688	0.9252686484	0.9249880752	0.9252675264	0.9245947989	0.9248816680	0.9252553086	0.9257561141	0.9252784975	0.9254966103	0.9248543026	0.9251195413	0.9251227827	0.9254024833	0.9255532735	0.9257115440	0.9254418795	0.9249396403	0.9251120610	0.9252248887	0.9248694502	0.9251268969	0.9252138553	0.9253296128	0.9251641114	0.9251951546	0.9257958843	0.9253724375	0.9250957290	0.9253001903	0.9258726196	0.9253488122	0.9253129068	0.9246345067	0.9253235039	0.9243917089	0.9246021545	0.9248007562	0.9248701359	0.9261070644	0.9256411669	0.9249414480	0.9247713337	0.9249311626	0.9248458250	0.9250024747	0.9246740276	0.9246790768	0.9244752389	0.9253115354	0.9250511590	0.9254090286	0.9256140509	0.9251403614	0.9248291813	0.9250342036	0.9252033206
0.9256308192	0.9252700198	0.9257728824	0.9258160811	0.9254850782	0.9255398090	1.0000000000	0.9251726514	0.9256776334	0.9258153954	0.9257793030	0.9248271242	0.9254739201	0.9247254546	0.9253192651	0.9244543564	0.9244436970	0.9258049853	0.9249357755	0.9248926391	0.9249911920	0.9250699844	0.9264884969	0.9260254669	0.9261127370	0.9261569954	0.9245558390	0.9252124216	0.9258748637	0.9256432864	0.9261041970	0.9252586124	0.9255961605	0.9254992907	0.9254005509	0.9253353477	0.9264087695	0.9254103999	0.9258530462	0.9248832264	0.9251763915	0.9254670008	0.9256308815	0.9259685544	0.9255285262	0.9259262284	0.9257369147	0.9257132271	0.9255456685	0.9251802563	0.9248947585	0.9258089125	0.9257990011	0.9256372398	0.9255626862	0.9258911333	0.9258485580	0.9249851454	0.9255042776	0.9256125548	0.9255356948	0.9256045135	0.9250631274	0.9254196256	0.9247487682	0.9252101775	0.9250726648	0.9255903633	0.9259418746	0.9255890542	0.9249980489	0.9254641334	0.9251696592	0.9252718276	0.9257465144	0.9249236200	0.9246587553	0.9244625224	0.9255811999	0.9254967350	0.9258446309	0.9256272661	0.9252875985	0.9248310514	0.9247762583	0.9253710037
0.9247274494	0.9243879688	0.9253764270	0.9248905197	0.9249537282	0.9245777189	0.9251726514	1.0000000000	0.9251032717	0.9249502997	0.9247547524	0.9248054314	0.9248740007	0.9247031384	0.9247824295	0.9240029208	0.9240216839	0.9250961030	0.9241240392	0.9249501127	0.9245590805	0.9245742904	0.9259180000	0.9249339677	0.9254089662	0.9253071096	0.9241365687	0.9243979425	0.9250760933	0.9247881644	0.9257920195	0.9246655499	0.9252105515	0.9246848117	0.9246389326	0.9250615690	0.9256941523	0.9243760003	0.9249652603	0.9246469739	0.9246850610	0.9250818905	0.9253514927	0.9254929325	0.9254123324	0.9258067931	0.9246288342	0.9247298181	0.9250917395	0.9246188605	0.9247942733	0.9249717432	0.9248370356	0.9251239671	0.9250542757	0.9251166738	0.9245396317	0.9246657369	0.9248544896	0.9250890591	0.9251090689	0.9251053287	0.9250888098	0.9248195816	0.9241603186	0.9247920292	0.9247333089	0.9246149333	0.9260411132	0.9252733859	0.9245604518	0.9241631860	0.9243080544	0.9245335228	0.9247870423	0.9247790010	0.9245499171	0.9243198981	0.9250014774	0.9255810129	0.9253887071	0.9255792675	0.9249723042	0.9244915708	0.9247535680	0.9249918777
0.9248193946	0.9245137000	0.9248655854	0.9249232460	0.9250713557	0.9244372764	0.9256776334	0.9251032717	1.0000000000	0.9249324093	0.9252869128	0.9253602820	0.9250346400	0.9247435943	0.9246980892	0.9238427802	0.9246255304	0.9252597344	0.9242548819	0.9247051955	0.9250395022	0.9241575758	0.9261686521	0.9249949944	0.9252337404	0.9256986405	0.9247962680	0.9248839744	0.9251345019	0.9253204494	0.9254352719	0.9242240257	0.9251425432	0.9245229257	0.9245577091	0.9247775050	0.9256089393	0.9251912897	0.9255413050	0.9250908668	0.9246545788	0.9250783374	0.9257180893	0.9257515636	0.9250734128	0.9256339360	0.9249779768	0.9251421692	0.9250010410	0.9249594007	0.9246886142	0.9255800779	0.9249807195	0.9249052309	0.9250308998	0.9254211840	0.9250021007	0.9245191856	0.9248274982	0.9249901322	0.9248636530	0.9250371957	0.9247929019	0.9249330950	0.9239776125	0.9251196036	0.9246396183	0.9248137220	0.9258042996	0.9253623391	0.9248200803	0.9248031873	0.9246079517	0.9244742415	0.9250787114	0.9245294710	0.9245549663	0.9242359319	0.9253492486	0.9253569159	0.9255444842	0.9254484248	0.9251825627	0.9251098792	0.9248910184	0.9242892913
0.9248029380	0.9241091409	0.9251578154	0.9245916197	0.9251042690	0.9248428328	0.9258153954	0.9249502997	0.9249324093	1.0000000000	0.9249067893	0.9249243057	0.9252093048	0.9251829368	0.9247596769	0.9239093548	0.9244213184	0.9252645966	0.9245838901	0.9246558256	0.9249714315	0.9246648642	0.9260705357	0.9253754919	0.9256608650	0.9255667380	0.9246169904	0.9248262515	0.9252978216	0.9252814273	0.9266570528	0.9249600864	0.9249109035	0.9248615336	0.9250105160	0.9252261978	0.9262306762	0.9257642801	0.9252566800	0.9247446540	0.9249090334	0.9251858042	0.9252367325	0.9259785904	0.9254828341	0.9255384376	0.9248246308	0.9248312384	0.9253543601	0.9254724240	0.9248534299	0.9253845929	0.9252579890	0.9252826116	0.9250563328	0.9256743919	0.9250402502	0.9249458115	0.9249438168	0.9252975722	0.9252933957	0.9252629759	0.9245160065	0.9254775356	0.9242870472	0.9253650819	0.9245210556	0.9254379524	0.9262996196	0.9253955017	0.9247743258	0.9250157522	0.9247065669	0.9250448630	0.9246613111	0.9246596280	0.9245578337	0.9243899012	0.9253917616	0.9254965480	0.9253544848	0.9255294613	0.9253542354	0.9251027730	0.9242362436	0.9250345776
0.9249496140	0.9245213673	0.9253566042	0.9252237667	0.9251073235	0.9248539909	0.9257793030	0.9247547524	0.9252869128	0.9249067893	1.0000000000	0.9253052395	0.9251760798	0.9249988593	0.9249918777	0.9236396280	0.9240261720	0.9255481620	0.9241457320	0.9250685506	0.9247777543	0.9245600778	0.9264012269	0.9256487096	0.9255741560	0.9257604152	0.9245549663	0.9252241407	0.9256433487	0.9250156899	0.9257253202	0.9247051955	0.9252991930	0.9249497387	0.9249053556	0.9251937208	0.9261691508	0.9253362204	0.9250057785	0.9247790010	0.9246664850	0.9252595474	0.9252861648	0.9255136280	0.9252333041	0.9258636433	0.9250143185	0.9256651039	0.9255361935	0.9254601439	0.9248922651	0.9256608027	0.9248699489	0.9250881864	0.9251406731	0.9248235711	0.9258039256	0.9263672539	0.9254514169	0.9251365590	0.9251379927	0.9250121991	0.9247425969	0.9251770149	0.9244511773	0.9248104806	0.9249878882	0.9251957779	0.9256132405	0.9250690493	0.9247854839	0.9247879150	0.9245848251	0.9250910538	0.9249236823	0.9244645794	0.9245100222	0.9244241235	0.9253747439	0.9255560786	0.9262505613	0.9265704061	0.9250130718	0.9250741609	0.9248104183	0.9250674286
0.9249355885	0.9249246174	0.9252055646	0.9252649706	0.9247352413	0.9248721307	0.9248271242	0.9248054314	0.9253602820	0.9249243057	0.9253052395	1.0000000000	0.9250244169	0.9247520720	0.9250577665	0.9240618281	0.9239867135	0.9252148527	0.9246741523	0.9249474323	0.9247194704	0.9248304280	0.9259990989	0.9253734972	0.9255298353	0.9253253740	0.9250325206	0.9245570857	0.9254703670	0.9245400057	0.9256401072	0.9248604739	0.9245620726	0.9247541914	0.9250269727	0.9252452725	0.9258904476	0.9253043668	0.9254014236	0.9245507898	0.9244821581	0.9252177201	0.9255562656	0.9258525475	0.9250756569	0.9250979731	0.9249015531	0.9246058323	0.9255256588	0.9246998346	0.9244503669	0.9251753941	0.9250150042	0.9251285176	0.9254415678	0.9252872868	0.9250078356	0.9247814945	0.9247849853	0.9252005778	0.9247625444	0.9253219455	0.9245765968	0.9248414615	0.9240066610	0.9245368889	0.9248648997	0.9252642849	0.9255416167	0.9247690273	0.9254167582	0.9247886007	0.9247696507	0.9251191673	0.9246321380	0.9242635466	0.9243825456	0.9242861745	0.9251652334	0.9254494221	0.9256785061	0.9254534116	0.9252935204	0.9248409628	0.9243991892	0.9250591379
0.9249576553	0.9246523348	0.9250313985	0.9249267368	0.9251750825	0.9251462833	0.9254739201	0.9248740007	0.9250346400	0.9252093048	0.9251760798	0.9250244169	1.0000000000	0.9248976883	0.9243683330	0.9239654570	0.9240991672	0.9252819259	0.9243508790	0.9248778655	0.9246979022	0.9243733822	0.9261250171	0.9247197197	0.9254587725	0.9264198653	0.9244869580	0.9247378594	0.9253485629	0.9251282060	0.9255724106	0.9244820958	0.9251848068	0.9248359759	0.9249185085	0.9252005154	0.9260475338	0.9246853727	0.9257440209	0.9246097594	0.9244809114	0.9254452456	0.9250613197	0.9259322126	0.9254496715	0.9254208724	0.9253074836	0.9249082854	0.9249587774	0.9250110147	0.9245630700	0.9249249290	0.9250389411	0.9249335314	0.9250483538	0.9253979951	0.9255093891	0.9255019712	0.9251431665	0.9255742183	0.9248253788	0.9246954711	0.9246411767	0.9250829502	0.9244407672	0.9245370136	0.9244337856	0.9249354015	0.9262699478	0.9255564526	0.9250054668	0.9253157119	0.9245803993	0.9249461232	0.9249186331	0.9245531586	0.9249288562	0.9247872293	0.9255313937	0.9256018954	0.9257745031	0.9258514878	0.9248754968	0.9250376944	0.9246388079	0.9248736267
0.9244934409	0.9244207574	0.9247829905	0.9255238510	0.9247080006	0.9251130584	0.9247254546	0.9247031384	0.9247435943	0.9251829368	0.9249988593	0.9247520720	0.9248976883	1.0000000000	0.9243610398	0.9239279932	0.9242336255	0.9247854216	0.9240426287	0.9243995633	0.9243881558	0.9243232019	0.9255279029	0.9251100039	0.9248720060	0.9251071365	0.9242925327	0.9250798957	0.9248564220	0.9246062686	0.9253444487	0.9250613820	0.9253375918	0.9242472147	0.9247559991	0.9247177250	0.9254365810	0.9245271022	0.9248220127	0.9242163584	0.9243184021	0.9246949101	0.9247833645	0.9250203028	0.9256783814	0.9255158097	0.9245940508	0.9245228634	0.9246504024	0.9244011840	0.9244746155	0.9249643876	0.9248022523	0.9247716454	0.9248602869	0.9253855903	0.9246826299	0.9251394887	0.9247482695	0.9249869531	0.9248901457	0.9247956447	0.9243361678	0.9244850879	0.9237532661	0.9243642812	0.9244468138	0.9247834892	0.9258527345	0.9252399740	0.9249789741	0.9249860181	0.9241951020	0.9244855243	0.9247293194	0.9239691348	0.9244889527	0.9244067942	0.9253303608	0.9252869128	0.9251745214	0.9256805008	0.9245678698	0.9245171285	0.9238700210	0.9246794508
0.9242968339	0.9241488488	0.9244638314	0.9248634660	0.9248907690	0.9248443912	0.9253192651	0.9247824295	0.9246980892	0.9247596769	0.9249918777	0.9250577665	0.9243683330	0.9243610398	1.0000000000	0.9239413331	0.9235842115	0.9248148441	0.9243161580	0.9245833291	0.9243376638	0.9245691789	0.9261397907	0.9248520585	0.9247482072	0.9253285531	0.9240802171	0.9240440001	0.9248912054	0.9250988458	0.9255576370	0.9242002758	0.9248364123	0.9245060327	0.9243102984	0.9249679407	0.9255702288	0.9243324900	0.9249347158	0.9241199874	0.9241957253	0.9252116735	0.9250941706	0.9255283392	0.9251597479	0.9249445648	0.9244365907	0.9249701848	0.9249167007	0.9248642140	0.9246244707	0.9248668944	0.9245571481	0.9248151558	0.9249895712	0.9251468444	0.9247458384	0.9242337501	0.9248871536	0.9247191587	0.9247245819	0.9249916283	0.9243680837	0.9244461904	0.9240041052	0.9249210642	0.9244737428	0.9251966506	0.9252721392	0.9252157877	0.9246173021	0.9247020164	0.9241227925	0.9242384253	0.9250023501	0.9241790817	0.9242445965	0.9238073735	0.9244134018	0.9249206279	0.9251249022	0.9250558965	0.9253326049	0.9242063224	0.9244307935	0.9247043851
0.9239680128	0.9234982505	0.9240986062	0.9236535912	0.9244006230	0.9241858139	0.9244543564	0.9240029208	0.9238427802	0.9239093548	0.9236396280	0.9240618281	0.9239654570	0.9239279932	0.9239413331	1.0000000000	0.9234744382	0.9238025737	0.9237216619	0.9236180598	0.9240588360	0.9237811925	0.9252337404	0.9239876485	0.9245820824	0.9243100491	0.9232948489	0.9236259141	0.9243794911	0.9238928359	0.9245928664	0.9240781601	0.9239898303	0.9240212475	0.9240411950	0.9237601854	0.9246164294	0.9238170356	0.9244576602	0.9235080372	0.9236124496	0.9243254460	0.9242050757	0.9247814945	0.9243381002	0.9245605142	0.9241196133	0.9241470411	0.9239888329	0.9238667795	0.9233467746	0.9244193860	0.9241068969	0.9238542500	0.9238013893	0.9243145996	0.9240335277	0.9237457235	0.9239232557	0.9244319778	0.9249524191	0.9239803553	0.9240099647	0.9241419296	0.9236035979	0.9235329092	0.9235376467	0.9242818733	0.9248748734	0.9239885836	0.9237331940	0.9238191550	0.9233850487	0.9237103791	0.9239162741	0.9236355762	0.9239087938	0.9233123652	0.9243680837	0.9246997723	0.9245135754	0.9249047323	0.9239725010	0.9238058151	0.9228404212	0.9241036554
0.9239268088	0.9237801951	0.9244814101	0.9241987174	0.9245156324	0.9242712763	0.9244436970	0.9240216839	0.9246255304	0.9244213184	0.9240261720	0.9239867135	0.9240991672	0.9242336255	0.9235842115	0.9234744382	1.0000000000	0.9242559417	0.9236703595	0.9239031213	0.9237834989	0.9238020750	0.9256525744	0.9240268577	0.9245740410	0.9249005558	0.9238730131	0.9238693353	0.9244162069	0.9242214076	0.9242699049	0.9237610581	0.9240462442	0.9234443301	0.9237917896	0.9246305796	0.9249196928	0.9242457186	0.9245301567	0.9238687742	0.9239623402	0.9242252725	0.9245178142	0.9250956044	0.9246777678	0.9243966335	0.9244359673	0.9240771627	0.9238870386	0.9239673271	0.9238942696	0.9245946118	0.9243540581	0.9245280373	0.9244567251	0.9242807513	0.9244756752	0.9241204237	0.9241530877	0.9241844425	0.9246763340	0.9240926220	0.9239580391	0.9239127210	0.9236625052	0.9241567031	0.9238296897	0.9243364171	0.9248734397	0.9246405533	0.9242336878	0.9242989533	0.9238149785	0.9235835258	0.9242403577	0.9242497704	0.9239978716	0.9238306871	0.9241696690	0.9243896519	0.9248431445	0.9251811914	0.9239420188	0.9242234024	0.9236467343	0.9242697802
0.9250030981	0.9245606389	0.9255759014	0.9254420665	0.9253336023	0.9252733859	0.9258049853	0.9250961030	0.9252597344	0.9252645966	0.9255481620	0.9252148527	0.9252819259	0.9247854216	0.9248148441	0.9238025737	0.9242559417	1.0000000000	0.9245616362	0.9250121991	0.9252457712	0.9245644413	0.9264655574	0.9254271683	0.9257909598	0.9254255475	0.9247712714	0.9247128628	0.9251758305	0.9252377299	0.9256042642	0.9245304060	0.9252093048	0.9249039842	0.9249756704	0.9255424271	0.9262880875	0.9249632032	0.9254906261	0.9249656343	0.9252450855	0.9253202624	0.9255316430	0.9258680691	0.9255840050	0.9261739507	0.9251392394	0.9247649755	0.9248839121	0.9250406242	0.9248578558	0.9250691117	0.9255581357	0.9250445514	0.9252131073	0.9249701848	0.9253278051	0.9256305699	0.9254456820	0.9251626153	0.9254699929	0.9253136548	0.9250869397	0.9250836359	0.9247218391	0.9250464838	0.9242843668	0.9257855989	0.9257336732	0.9251042067	0.9249057920	0.9252640356	0.9250534654	0.9246911076	0.9254733591	0.9249394533	0.9249964905	0.9248557363	0.9254216204	0.9253986185	0.9258734300	0.9257107960	0.9250835112	0.9251273956	0.9251798200	0.9248670815
0.9247040111	0.9240898792	0.9246654253	0.9248143454	0.9244827192	0.9247134861	0.9249357755	0.9241240392	0.9242548819	0.9245838901	0.9241457320	0.9246741523	0.9243508790	0.9240426287	0.9243161580	0.9237216619	0.9236703595	0.9245616362	1.0000000000	0.9249294172	0.9244261806	0.9244160822	0.9254599569	0.9244846516	0.9248238828	0.9248748734	0.9241318312	0.9245865705	0.9245264165	0.9246823183	0.9248744371	0.9242419161	0.9243495700	0.9236613832	0.9245041627	0.9249012415	0.9253233792	0.9241328909	0.9249273601	0.9241146265	0.9245598908	0.9244244976	0.9249222486	0.9251101909	0.9251365590	0.9248939482	0.9245669971	0.9241734091	0.9245704879	0.9241970967	0.9247132368	0.9241937929	0.9243612891	0.9246285225	0.9247129251	0.9245337098	0.9242215947	0.9242255218	0.9243292485	0.9246833780	0.9246040245	0.9246649889	0.9244148355	0.9245191232	0.9237002807	0.9245388213	0.9245178765	0.9247535680	0.9253196391	0.9251224087	0.9245689295	0.9245374500	0.9239347878	0.9241106370	0.9247659729	0.9236417474	0.9239286789	0.9238937709	0.9245477977	0.9251990194	0.9248137220	0.9246722822	0.9244554161	0.9242105612	0.9240101518	0.9242889796
0.9246416753	0.9245525352	0.9251348135	0.9250665559	0.9248672061	0.9247958940	0.9248926391	0.9249501127	0.9247051955	0.9246558256	0.9250685506	0.9249474323	0.9248778655	0.9243995633	0.9245833291	0.9236180598	0.9239031213	0.9250121991	0.9249294172	1.0000000000	0.9243761873	0.9246053336	0.9258026789	0.9246815079	0.9251250892	0.9254501078	0.9241435503	0.9243309939	0.9249010544	0.9247374231	0.9255158721	0.9246497167	0.9249811559	0.9247816815	0.9249196928	0.9248169635	0.9255055243	0.9246962815	0.9251077598	0.9242068834	0.9244934409	0.9251722773	0.9249592760	0.9252161617	0.9251780746	0.9253299245	0.9248251918	0.9242879822	0.9250807684	0.9247215898	0.9245894380	0.9255423648	0.9252091801	0.9251440392	0.9252289405	0.9245783422	0.9246566983	0.9250626911	0.9243951997	0.9250386918	0.9248983740	0.9253206365	0.9243761873	0.9250121991	0.9239138430	0.9243427130	0.9243049376	0.9251202270	0.9256725842	0.9247017670	0.9248622816	0.9249564709	0.9241994655	0.9243668370	0.9251788849	0.9246975905	0.9246535191	0.9242524509	0.9247633548	0.9250620054	0.9253783594	0.9255787688	0.9251899807	0.9251797576	0.9243547438	0.9248569831
0.9244344089	0.9244689430	0.9247799361	0.9248332331	0.9248632790	0.9247088110	0.9249911920	0.9245590805	0.9250395022	0.9249714315	0.9247777543	0.9247194704	0.9246979022	0.9243881558	0.9243376638	0.9240588360	0.9237834989	0.9252457712	0.9244261806	0.9243761873	1.0000000000	0.9239851551	0.9260421105	0.9252383532	0.9255006621	0.9250497252	0.9241009750	0.9242081301	0.9251964636	0.9249620188	0.9250116381	0.9244311051	0.9247601756	0.9242203479	0.9246151826	0.9248510612	0.9258257431	0.9247303791	0.9249612085	0.9245755994	0.9245102092	0.9245720463	0.9251421068	0.9254833951	0.9249835247	0.9252420934	0.9246840013	0.9248671438	0.9249153917	0.9244512396	0.9245052224	0.9247887877	0.9252052530	0.9248411498	0.9251114376	0.9255072074	0.9247619834	0.9247635418	0.9246346314	0.9244837165	0.9248314877	0.9253053642	0.9247164783	0.9245629453	0.9241514046	0.9245108326	0.9244216924	0.9252093048	0.9255694185	0.9252143540	0.9244000619	0.9243745666	0.9237978362	0.9244924435	0.9246712848	0.9242632973	0.9237135582	0.9242136157	0.9248764942	0.9250635638	0.9251713423	0.9249583410	0.9248641517	0.9246469739	0.9245559013	0.9247352413
0.9247334959	0.9241113850	0.9246653629	0.9249075374	0.9248046834	0.9248385940	0.9250699844	0.9245742904	0.9241575758	0.9246648642	0.9245600778	0.9248304280	0.9243733822	0.9243232019	0.9245691789	0.9237811925	0.9238020750	0.9245644413	0.9244160822	0.9246053336	0.9239851551	1.0000000000	0.9252617915	0.9246011571	0.9253368438	0.9254656294	0.9240779107	0.9243321783	0.9248028756	0.9246082010	0.9254746681	0.9240741706	0.9248107923	0.9246205435	0.9245976040	0.9247197821	0.9254122077	0.9245267905	0.9252853544	0.9238588629	0.9241716014	0.9248415861	0.9247356777	0.9246987126	0.9249680654	0.9253150262	0.9245377616	0.9247849853	0.9246783911	0.9243490089	0.9243482609	0.9247665962	0.9244091006	0.9242770111	0.9250717921	0.9248390927	0.9249949944	0.9243456428	0.9249992956	0.9246949101	0.9248895847	0.9244556031	0.9246081387	0.9247727675	0.9239804799	0.9243248227	0.9242714633	0.9246378105	0.9254938675	0.9250444267	0.9243728835	0.9243699538	0.9238629147	0.9242341241	0.9249883245	0.9238061268	0.9244671976	0.9240463065	0.9251796953	0.9249953685	0.9252850427	0.9253394619	0.9245058457	0.9241153745	0.9241509682	0.9247418489
0.9254732967	0.9253689467	0.9263485531	0.9260302044	0.9263255513	0.9263225591	0.9264884969	0.9259180000	0.9261686521	0.9260705357	0.9264012269	0.9259990989	0.9261250171	0.9255279029	0.9261397907	0.9252337404	0.9256525744	0.9264655574	0.9254599569	0.9258026789	0.9260421105	0.9252617915	1.0000000000	0.9264557707	0.9264924241	0.9264379426	0.9256260817	0.9258087878	0.9266633487	0.9261745740	0.9263829002	0.9254798420	0.9257576725	0.9258705002	0.9258854608	0.9261992590	0.9268827083	0.9262431434	0.9262160273	0.9254651307	0.9256782567	0.9259571469	0.9267446346	0.9262015031	0.9266616033	0.9264972863	0.9261238327	0.9262963781	0.9260718447	0.9258908217	0.9258135253	0.9260464741	0.9259241090	0.9261523202	0.9261771298	0.9260734654	0.9262273724	0.9262162143	0.9261093708	0.9264292156	0.9261444035	0.9254794056	0.9259721698	0.9261348038	0.9255357572	0.9255212953	0.9257206450	0.9260585672	0.9269359430	0.9263683136	0.9255945398	0.9256025811	0.9255293989	0.9259727932	0.9261728286	0.9253567912	0.9257516882	0.9248354772	0.9264833854	0.9265882965	0.9264660561	0.9265758293	0.9257922065	0.9261041346	0.9253029331	0.9261740754
0.9250282194	0.9244398945	0.9253405839	0.9256928433	0.9253119718	0.9253448851	0.9260254669	0.9249339677	0.9249949944	0.9253754919	0.9256487096	0.9253734972	0.9247197197	0.9251100039	0.9248520585	0.9239876485	0.9240268577	0.9254271683	0.9244846516	0.9246815079	0.9252383532	0.9246011571	0.9264557707	1.0000000000	0.9257241982	0.9252455842	0.9246302056	0.9249104048	0.9255941658	0.9246104451	0.9254766629	0.9248032496	0.9253049902	0.9247872293	0.9253746816	0.9255581980	0.9260504012	0.9255179291	0.9253811021	0.9248380330	0.9250915525	0.9251956533	0.9252846064	0.9261285702	0.9256290738	0.9259967301	0.9249938101	0.9252689601	0.9254047274	0.9250637508	0.9251137441	0.9252024479	0.9252265718	0.9253585366	0.9253857150	0.9254239268	0.9249829013	0.9249968022	0.9255391233	0.9255068957	0.9254430016	0.9252548722	0.9245970429	0.9249132723	0.9243694551	0.9246990866	0.9249277342	0.9252732613	0.9260007819	0.9251484027	0.9247799361	0.9250421826	0.9248220127	0.9250428683	0.9251824381	0.9245626336	0.9244163316	0.9247745129	0.9249938101	0.9255622499	0.9255033426	0.9258402674	0.9248505625	0.9251684749	0.9247960187	0.9249697485
0.9251703449	0.9253432643	0.9257298084	0.9250945446	0.9255318923	0.9256630468	0.9261127370	0.9254089662	0.9252337404	0.9256608650	0.9255741560	0.9255298353	0.9254587725	0.9248720060	0.9247482072	0.9245820824	0.9245740410	0.9257909598	0.9248238828	0.9251250892	0.9255006621	0.9253368438	0.9264924241	0.9257241982	1.0000000000	0.9259684297	0.9249885115	0.9253795437	0.9258517371	0.9252310600	0.9257640307	0.9251857419	0.9259560249	0.9250285934	0.9252394130	0.9251525169	0.9263165749	0.9255154357	0.9261741377	0.9252025725	0.9252175954	0.9255436115	0.9259287841	0.9266165346	0.9256992639	0.9257250709	0.9254100883	0.9256399826	0.9257900871	0.9252616045	0.9248847225	0.9256440344	0.9254885067	0.9253256233	0.9259059692	0.9258837154	0.9258958709	0.9255219186	0.9256974561	0.9256770723	0.9263873883	0.9257225151	0.9255280899	0.9254719253	0.9247581809	0.9252699575	0.9252386649	0.9257064948	0.9261075008	0.9258347195	0.9256709634	0.9254133297	0.9251939079	0.9250850073	0.9256202845	0.9254032937	0.9249494270	0.9245292840	0.9259022914	0.9257139751	0.9261682158	0.9253926966	0.9253973718	0.9253110991	0.9250767790	0.9254144518
0.9253148392	0.9251646100	0.9257332992	0.9254897534	0.9256470888	0.9254857639	0.9261569954	0.9253071096	0.9256986405	0.9255667380	0.9257604152	0.9253253740	0.9264198653	0.9251071365	0.9253285531	0.9243100491	0.9249005558	0.9254255475	0.9248748734	0.9254501078	0.9250497252	0.9254656294	0.9264379426	0.9252455842	0.9259684297	1.0000000000	0.9246752120	0.9249724912	0.9256775710	0.9252468932	0.9261662210	0.9250629404	0.9251103779	0.9251618673	0.9255398713	0.9252841700	0.9262814175	0.9253137172	0.9255984046	0.9249324093	0.9251399251	0.9255772728	0.9257200840	0.9260411755	0.9260813821	0.9261452139	0.9252583630	0.9259717335	0.9253978705	0.9249409493	0.9253877721	0.9258037386	0.9254385134	0.9253577886	0.9258276755	0.9257083025	0.9259415006	0.9256701531	0.9255389986	0.9254866989	0.9257543063	0.9254944909	0.9252843570	0.9257351069	0.9243906492	0.9250979108	0.9253049902	0.9255671121	0.9262807942	0.9258084138	0.9253555445	0.9252396623	0.9250429306	0.9251320084	0.9257909598	0.9247599886	0.9248136597	0.9248640270	0.9255672991	0.9258377739	0.9257938272	0.9258922554	0.9257252579	0.9251134947	0.9245253568	0.9252288159
0.9242461549	0.9239619039	0.9245727320	0.9246928530	0.9241428023	0.9244756752	0.9245558390	0.9241365687	0.9247962680	0.9246169904	0.9245549663	0.9250325206	0.9244869580	0.9242925327	0.9240802171	0.9232948489	0.9238730131	0.9247712714	0.9241318312	0.9241435503	0.9241009750	0.9240779107	0.9256260817	0.9246302056	0.9249885115	0.9246752120	1.0000000000	0.9244351570	0.9248844108	0.9246714095	0.9250262247	0.9243521881	0.9243932673	0.9240044169	0.9247396048	0.9245871316	0.9253426410	0.9244081032	0.9248212023	0.9243579230	0.9241800790	0.9248692632	0.9245757241	0.9248562974	0.9249290432	0.9251302630	0.9245626959	0.9245643167	0.9247662845	0.9243527491	0.9239560443	0.9244712494	0.9243730706	0.9252933334	0.9245689918	0.9252404103	0.9246090114	0.9243522504	0.9241393114	0.9249206902	0.9249373339	0.9246212916	0.9243403443	0.9246150580	0.9238731378	0.9239145287	0.9240696201	0.9245460523	0.9250777140	0.9248048080	0.9246162424	0.9248425835	0.9237305135	0.9245310917	0.9244214431	0.9237622424	0.9237241553	0.9238435906	0.9248238828	0.9249629539	0.9249304769	0.9254329655	0.9241553941	0.9238553097	0.9242230284	0.9239675141
0.9245106456	0.9243317419	0.9250893084	0.9246790768	0.9248780526	0.9248245685	0.9252124216	0.9243979425	0.9248839744	0.9248262515	0.9252241407	0.9245570857	0.9247378594	0.9250798957	0.9240440001	0.9236259141	0.9238693353	0.9247128628	0.9245865705	0.9243309939	0.9242081301	0.9243321783	0.9258087878	0.9249104048	0.9253795437	0.9249724912	0.9244351570	1.0000000000	0.9251851808	0.9243963218	0.9250297778	0.9247174133	0.9252359845	0.9248450146	0.9249057296	0.9248397784	0.9254883196	0.9249234330	0.9250653715	0.9245423745	0.9242783825	0.9251532026	0.9248069274	0.9252306236	0.9246262784	0.9255399960	0.9248274359	0.9244601536	0.9247348050	0.9245022926	0.9246041492	0.9250368217	0.9248605985	0.9245971053	0.9245653140	0.9246576333	0.9244567251	0.9244326012	0.9246542672	0.9253260597	0.9253263713	0.9249445025	0.9243803015	0.9247906578	0.9240922479	0.9243080544	0.9245414394	0.9247040734	0.9254193763	0.9252861024	0.9247394802	0.9242843668	0.9242291373	0.9245150714	0.9242960859	0.9241497839	0.9243900882	0.9242303840	0.9246799495	0.9250828255	0.9251877366	0.9254134544	0.9243966958	0.9242762631	0.9245473613	0.9246183618
0.9250021631	0.9250941706	0.9251525792	0.9258311040	0.9251866769	0.9255337624	0.9258748637	0.9250760933	0.9251345019	0.9252978216	0.9256433487	0.9254703670	0.9253485629	0.9248564220	0.9248912054	0.9243794911	0.9244162069	0.9251758305	0.9245264165	0.9249010544	0.9251964636	0.9248028756	0.9266633487	0.9255941658	0.9258517371	0.9256775710	0.9248844108	0.9251851808	1.0000000000	0.9254173192	0.9258511761	0.9246905466	0.9253699440	0.9250672416	0.9246376235	0.9255926074	0.9262917653	0.9258478100	0.9258387713	0.9250676779	0.9251962766	0.9252001414	0.9256867967	0.9260543907	0.9259370125	0.9256518887	0.9254893794	0.9251641114	0.9254340252	0.9251090065	0.9251171102	0.9251858665	0.9255032179	0.9256540081	0.9254480507	0.9255464789	0.9251887340	0.9254276670	0.9258511761	0.9258137123	0.9258155201	0.9256098120	0.9246304549	0.9255337624	0.9245089625	0.9249641382	0.9250831995	0.9254460560	0.9265498353	0.9259110184	0.9251035833	0.9255079554	0.9248753721	0.9249362742	0.9256665376	0.9247596146	0.9246456025	0.9248632790	0.9257486961	0.9257552414	0.9259290958	0.9259446174	0.9251981467	0.9248284956	0.9246228499	0.9251167362
0.9246444181	0.9244580342	0.9250563952	0.9251872379	0.9248680788	0.9247295688	0.9256432864	0.9247881644	0.9253204494	0.9252814273	0.9250156899	0.9245400057	0.9251282060	0.9246062686	0.9250988458	0.9238928359	0.9242214076	0.9252377299	0.9246823183	0.9247374231	0.9249620188	0.9246082010	0.9261745740	0.9246104451	0.9252310600	0.9252468932	0.9246714095	0.9243963218	0.9254173192	1.0000000000	0.9257103596	0.9245886276	0.9248635907	0.9251928481	0.9250058409	0.9254387004	0.9259223012	0.9248210777	0.9252344261	0.9247413502	0.9243076803	0.9254611413	0.9255726599	0.9256970198	0.9253552328	0.9255140643	0.9252174084	0.9248069898	0.9255333261	0.9245549040	0.9247046345	0.9250752206	0.9249754210	0.9250112641	0.9253254363	0.9255136280	0.9247167899	0.9246499037	0.9253233792	0.9252553709	0.9250290298	0.9249542269	0.9248127870	0.9246720952	0.9239604702	0.9245884406	0.9245262295	0.9252133566	0.9262443278	0.9254672502	0.9248521832	0.9246137489	0.9245717346	0.9247621704	0.9253267454	0.9244599666	0.9246208552	0.9243222669	0.9253983068	0.9254327785	0.9257126037	0.9259050342	0.9251743968	0.9246371872	0.9245492314	0.9246310783
0.9259990989	0.9253580379	0.9256560652	0.9257704513	0.9257250709	0.9252686484	0.9261041970	0.9257920195	0.9254352719	0.9266570528	0.9257253202	0.9256401072	0.9255724106	0.9253444487	0.9255576370	0.9245928664	0.9242699049	0.9256042642	0.9248744371	0.9255158721	0.9250116381	0.9254746681	0.9263829002	0.9254766629	0.9257640307	0.9261662210	0.9250262247	0.9250297778	0.9258511761	0.9257103596	1.0000000000	0.9249977995	0.9256351827	0.9257017573	0.9254441859	0.9256679713	0.9263805937	0.9257630957	0.9257514389	0.9251500235	0.9252408467	0.9259872551	0.9258407037	0.9257952609	0.9260548894	0.9258719963	0.9255986539	0.9256090017	0.9255486607	0.9255590084	0.9252496984	0.9256640442	0.9255480373	0.9257307434	0.9255687951	0.9258120916	0.9256000877	0.9253412073	0.9256963964	0.9257929545	0.9259892498	0.9258059827	0.9249739873	0.9254904391	0.9248824161	0.9250269103	0.9253405839	0.9257668982	0.9264726013	0.9256936536	0.9256563145	0.9257197100	0.9248638400	0.9250556471	0.9256788177	0.9251582518	0.9251301384	0.9245999104	0.9263708694	0.9258600278	0.9262925756	0.9263457480	0.9260948466	0.9258127149	0.9251096299	0.9251826251
0.9249173864	0.9243654656	0.9248866549	0.9243233266	0.9244841529	0.9249880752	0.9252586124	0.9246655499	0.9242240257	0.9249600864	0.9247051955	0.9248604739	0.9244820958	0.9250613820	0.9242002758	0.9240781601	0.9237610581	0.9245304060	0.9242419161	0.9246497167	0.9244311051	0.9240741706	0.9254798420	0.9248032496	0.9251857419	0.9250629404	0.9243521881	0.9247174133	0.9246905466	0.9245886276	0.9249977995	1.0000000000	0.9244518630	0.9243198358	0.9250605093	0.9246902349	0.9253513680	0.9246631812	0.9245355799	0.9240072220	0.9242567520	0.9249551619	0.9247854216	0.9254175686	0.9251579401	0.9248298047	0.9243289368	0.9245964819	0.9245257932	0.9243990022	0.9241360700	0.9245370759	0.9245685555	0.9251070741	0.9243687694	0.9245707996	0.9247724558	0.9247326232	0.9247510746	0.9247382958	0.9252008895	0.9250696103	0.9248980000	0.9251762045	0.9241901774	0.9245876302	0.9243533725	0.9245512885	0.9256851136	0.9248776162	0.9244147732	0.9245678075	0.9244276767	0.9237966518	0.9249521698	0.9238250769	0.9241760895	0.9240354601	0.9249971762	0.9249171994	0.9251070118	0.9251266476	0.9243058726	0.9248827277	0.9236145067	0.9245218037
0.9252917127	0.9244900748	0.9246933517	0.9251935962	0.9254338382	0.9252675264	0.9255961605	0.9252105515	0.9251425432	0.9249109035	0.9252991930	0.9245620726	0.9251848068	0.9253375918	0.9248364123	0.9239898303	0.9240462442	0.9252093048	0.9243495700	0.9249811559	0.9247601756	0.9248107923	0.9257576725	0.9253049902	0.9259560249	0.9251103779	0.9243932673	0.9252359845	0.9253699440	0.9248635907	0.9256351827	0.9244518630	1.0000000000	0.9249674420	0.9245101469	0.9246556386	0.9258395193	0.9248537416	0.9254890053	0.9243788054	0.9249544762	0.9253843436	0.9252088684	0.9256077550	0.9252849181	0.9256160456	0.9252655316	0.9251120610	0.9247582432	0.9253631494	0.9251317591	0.9251498988	0.9249024882	0.9250163756	0.9253158366	0.9252070607	0.9250007917	0.9246671083	0.9252463322	0.9252462699	0.9249974879	0.9249829013	0.9247990731	0.9252420934	0.9244278637	0.9247553758	0.9249208149	0.9253114731	0.9258229380	0.9248602245	0.9248577934	0.9250285311	0.9241241639	0.9247531940	0.9245772202	0.9244091006	0.9244176406	0.9244390841	0.9251158011	0.9255439855	0.9259587053	0.9255363805	0.9245809603	0.9248412745	0.9243602294	0.9251282683
0.9243142879	0.9244397075	0.9249111528	0.9247653495	0.9248382823	0.9245947989	0.9254992907	0.9246848117	0.9245229257	0.9248615336	0.9249497387	0.9247541914	0.9248359759	0.9242472147	0.9245060327	0.9240212475	0.9234443301	0.9249039842	0.9236613832	0.9247816815	0.9242203479	0.9246205435	0.9258705002	0.9247872293	0.9250285934	0.9251618673	0.9240044169	0.9248450146	0.9250672416	0.9251928481	0.9257017573	0.9243198358	0.9249674420	1.0000000000	0.9247905331	0.9251242788	0.9255009115	0.9245307177	0.9254676865	0.9240360834	0.9243287498	0.9250781503	0.9250333309	0.9253885824	0.9251674775	0.9253835332	0.9242837434	0.9246960321	0.9250305258	0.9247965174	0.9242123066	0.9247925902	0.9247031384	0.9250752206	0.9245112066	0.9249104671	0.9250898071	0.9247836762	0.9250619430	0.9249822156	0.9246304549	0.9250565822	0.9244226898	0.9246687291	0.9239652077	0.9242105612	0.9244130278	0.9251283306	0.9255056490	0.9251785109	0.9247610483	0.9249253031	0.9238188433	0.9243510037	0.9245453043	0.9241020347	0.9246330730	0.9240961128	0.9247955200	0.9252730743	0.9256154846	0.9257023183	0.9247631054	0.9245337098	0.9244937526	0.9244173913
0.9246245953	0.9247404152	0.9250414346	0.9249752963	0.9249123372	0.9248816680	0.9254005509	0.9246389326	0.9245577091	0.9250105160	0.9249053556	0.9250269727	0.9249185085	0.9247559991	0.9243102984	0.9240411950	0.9237917896	0.9249756704	0.9245041627	0.9249196928	0.9246151826	0.9245976040	0.9258854608	0.9253746816	0.9252394130	0.9255398713	0.9247396048	0.9249057296	0.9246376235	0.9250058409	0.9254441859	0.9250605093	0.9245101469	0.9247905331	1.0000000000	0.9249958671	0.9260706603	0.9249750470	0.9253379035	0.9246478466	0.9243382249	0.9248625933	0.9250110147	0.9254991661	0.9253250623	0.9253639598	0.9247263273	0.9250690493	0.9249590890	0.9247884137	0.9243349834	0.9249148930	0.9246874298	0.9250979108	0.9250588886	0.9251271463	0.9251314474	0.9251544493	0.9245071548	0.9250152536	0.9249280458	0.9248127247	0.9251885470	0.9248192076	0.9240715525	0.9244226275	0.9243016961	0.9247723934	0.9256512653	0.9253953147	0.9246651759	0.9250092070	0.9242570637	0.9245105832	0.9252688978	0.9242626116	0.9243349834	0.9241787700	0.9253464435	0.9250914279	0.9254186283	0.9251892950	0.9246769574	0.9250812671	0.9246029648	0.9243568009
