0.5112979153	-0.0066746860	-0.0055336228	-0.0068710322	-0.0052221895	-0.0049304698	-0.0051568125	-0.0064805128	-0.0061803968	-0.0064856580	-0.0065483848	-0.0062669311	-0.0055985038	-0.0070018135	-0.0074636490	-0.0062611006	-0.0074167573	-0.0058721980	-0.0056114720	-0.0064440547	-0.0070962967	-0.0056899108	-0.0064023138	-0.0058707506	-0.0059044030	-0.0060165140	-0.0067935075	-0.0066763066	-0.0063288019	-0.0065989149	-0.0041318037	-0.0049171448	-0.0051267733	-0.0074854751	-0.0064644701	-0.0050889342	-0.0046671150	-0.0059381495	-0.0055885810	-0.0055945136	-0.0062922370	-0.0064155788	-0.0052997512	-0.0054899501	-0.0058871529	-0.0064806803	-0.0058380072	-0.0058334996	-0.0062970844	-0.0056781369	-0.0077222079	-0.0056762839	-0.0051483379	-0.0055181932	-0.0068180490	-0.0052512748	-0.0052906619	-0.0060378324	-0.0050493762	-0.0053756245	-0.0056718746	-0.0065627513	-0.0060909531	-0.0061800477	-0.0069460757	-0.0064732942	-0.0070547332	-0.0060942238	-0.0046812277	-0.0062029710	-0.0067160635	-0.0070267415	-0.0069033403	-0.0052829439	-0.0063953324	-0.0063965281	-0.0058795206	-0.0071908088	-0.0063515804	-0.0030026427	-0.0060703097	-0.0044641183	-0.0048834773	-0.0068771562	-0.0062793740	-0.0058189797
-0.0066746860	0.5364954724	-0.0065806616	-0.0054719922	-0.0053118654	-0.0068171185	-0.0058081330	-0.0072696458	-0.0063371713	-0.0077343790	-0.0064384517	-0.0059274665	-0.0059274636	-0.0065996494	-0.0069954788	-0.0072199851	-0.0067063058	-0.0072837338	-0.0068146569	-0.0060047584	-0.0059240620	-0.0070235484	-0.0063482900	-0.0069196162	-0.0059163202	-0.0058589136	-0.0071994132	-0.0062072586	-0.0055213063	-0.0063893585	-0.0049879934	-0.0062551901	-0.0057408540	-0.0065540110	-0.0053942480	-0.0055782176	-0.0055340640	-0.0067380579	-0.0053870400	-0.0058718882	-0.0062400459	-0.0062441961	-0.0057024641	-0.0057293316	-0.0058180406	-0.0060651923	-0.0070330479	-0.0072208165	-0.0072144711	-0.0060010085	-0.0065620072	-0.0061992477	-0.0067419026	-0.0077435846	-0.0068158115	-0.0051805902	-0.0065785855	-0.0047652107	-0.0062679724	-0.0061696559	-0.0062669415	-0.0056213735	-0.0072641607	-0.0059975110	-0.0066382253	-0.0077632258	-0.0070085913	-0.0064436154	-0.0056151841	-0.0059681793	-0.0053481310	-0.0075452454	-0.0065605301	-0.0063083426	-0.0059622307	-0.0067747534	-0.0068485720	-0.0067091709	-0.0057144798	-0.0056999905	-0.0058272481	-0.0051956078	-0.0070222100	-0.0057272971	-0.0062751999	-0.0068230180
-0.0055336228	-0.0065806616	0.4923860841	-0.0058550646	-0.0051919113	-0.0049023402	-0.0046444177	-0.0051741784	-0.0070759610	-0.0059890261	-0.0057641548	-0.0063786774	-0.0062211926	-0.0062584196	-0.0074856714	-0.0066234697	-0.0059112968	-0.0049209579	-0.0062235727	-0.0060771709	-0.0067607773	-0.0066495887	-0.0044907044	-0.0058447347	-0.0058036864	-0.0052299299	-0.0063717227	-0.0061077327	-0.0058352630	-0.0057285633	-0.0055744180	-0.0059788723	-0.0073734124	-0.0059398984	-0.0051138644	-0.0041716714	-0.0046046938	-0.0054404786	-0.0061991696	-0.0058619103	-0.0045546911	-0.0074054090	-0.0049319240	-0.0045873901	-0.0055469598	-0.0038817093	-0.0046467463	-0.0049297152	-0.0051446512	-0.0056791880	-0.0061158426	-0.0051424508	-0.0056790626	-0.0062057216	-0.0051437881	-0.0068410267	-0.0056914005	-0.0072478223	-0.0060392383	-0.0058343770	-0.0045645729	-0.0052137095	-0.0066285584	-0.0056104577	-0.0070061513	-0.0060453228	-0.0059698072	-0.0048467647	-0.0058969374	-0.0061114073	-0.0051311438	-0.0065424565	-0.0056584174	-0.0069024993	-0.0054809988	-0.0070679255	-0.0060939955	-0.0072723719	-0.0054602601	-0.0046311307	-0.0061344876	-0.0053110902	-0.0057808584	-0.0066151529	-0.0060738930	-0.0051937387
-0.0068710322	-0.0054719922	-0.0058550646	0.4818264236	-0.0066172110	-0.0053809107	-0.0043613284	-0.0063836489	-0.0059927704	-0.0072160062	-0.0051508734	-0.0051335178	-0.0057996770	-0.0036756163	-0.0057164400	-0.0069344109	-0.0064248393	-0.0048278555	-0.0051543073	-0.0058321585	-0.0057053852	-0.0054106781	-0.0046896625	-0.0044557494	-0.0061645396	-0.0055446556	-0.0058069823	-0.0065038764	-0.0044372619	-0.0056785500	-0.0044463313	-0.0069677896	-0.0056780076	-0.0061563283	-0.0053819863	-0.0062427988	-0.0039165779	-0.0049676125	-0.0055316412	-0.0055299672	-0.0066321610	-0.0063541563	-0.0043823170	-0.0046939902	-0.0052904269	-0.0065762155	-0.0049227859	-0.0046984613	-0.0060257229	-0.0070265365	-0.0056316162	-0.0047266635	-0.0054703930	-0.0058465722	-0.0043811380	-0.0054142615	-0.0050984486	-0.0057033139	-0.0065740519	-0.0054768912	-0.0073388632	-0.0056170819	-0.0076518568	-0.0054509927	-0.0060005375	-0.0056646529	-0.0059269372	-0.0051120406	-0.0055915000	-0.0049206893	-0.0058365340	-0.0066651083	-0.0067947942	-0.0049921737	-0.0049492832	-0.0071997217	-0.0059466893	-0.0054661753	-0.0069743828	-0.0056353177	-0.0066598582	-0.0045016969	-0.0051797575	-0.0049908461	-0.0059942523	-0.0058225144
-0.0052221895	-0.0053118654	-0.0051919113	-0.0066172110	0.4853182259	-0.0047718843	-0.0052039225	-0.0063986842	-0.0058453763	-0.0056846632	-0.0061179152	-0.0067760209	-0.0058189496	-0.0058388815	-0.0058639572	-0.0050597740	-0.0058923728	-0.0057190684	-0.0059787374	-0.0063236156	-0.0057364979	-0.0055656092	-0.0043710455	-0.0059131818	-0.0049549090	-0.0048340143	-0.0068429523	-0.0056933901	-0.0055209230	-0.0056964835	-0.0053677645	-0.0070764005	-0.0051527658	-0.0063742296	-0.0052611982	-0.0052808100	-0.0054304784	-0.0063629792	-0.0051700675	-0.0042345232	-0.0062461278	-0.0062924906	-0.0054291312	-0.0055520240	-0.0064067234	-0.0053103134	-0.0049685380	-0.0059820189	-0.0052323904	-0.0057238356	-0.0066334746	-0.0058593942	-0.0062870744	-0.0058213048	-0.0061856986	-0.0067052079	-0.0056759678	-0.0049655323	-0.0053648951	-0.0049545575	-0.0064090017	-0.0055201456	-0.0059828787	-0.0048857420	-0.0046296313	-0.0041503815	-0.0055375373	-0.0056378026	-0.0037721203	-0.0044549167	-0.0074962701	-0.0059589125	-0.0058220976	-0.0069492602	-0.0059639476	-0.0048641206	-0.0065361914	-0.0074233234	-0.0057927437	-0.0051124747	-0.0061344273	-0.0058615396	-0.0064023386	-0.0048721458	-0.0067186908	-0.0063556597
-0.0049304698	-0.0068171185	-0.0049023402	-0.0053809107	-0.0047718843	0.4780556086	-0.0051714505	-0.0067037812	-0.0071365418	-0.0066097317	-0.0067583543	-0.0064296306	-0.0060196054	-0.0049553861	-0.0056309936	-0.0062133298	-0.0055868665	-0.0055826593	-0.0057335489	-0.0059182951	-0.0066506010	-0.0053957057	-0.0032509299	-0.0049417561	-0.0051070663	-0.0055905504	-0.0064701192	-0.0054641356	-0.0055172204	-0.0061960997	-0.0063639785	-0.0050964658	-0.0058519782	-0.0064121532	-0.0057939412	-0.0054290478	-0.0051140490	-0.0043910584	-0.0056403381	-0.0053650134	-0.0054669271	-0.0061823107	-0.0050852369	-0.0056373021	-0.0042567441	-0.0060797370	-0.0062795840	-0.0049965003	-0.0050777663	-0.0060143598	-0.0050773376	-0.0052374644	-0.0041484432	-0.0054652382	-0.0055999024	-0.0045623337	-0.0048507403	-0.0059543552	-0.0056453546	-0.0044175088	-0.0060757662	-0.0051585569	-0.0064679535	-0.0044654734	-0.0063922831	-0.0063908593	-0.0058128128	-0.0063004936	-0.0050153758	-0.0047444065	-0.0065027036	-0.0070561230	-0.0049330677	-0.0061981405	-0.0061704272	-0.0058954794	-0.0057928824	-0.0056029657	-0.0060253919	-0.0061701236	-0.0057887690	-0.0060720700	-0.0058116966	-0.0059374452	-0.0050275142	-0.0049165747
-0.0051568125	-0.0058081330	-0.0046444177	-0.0043613284	-0.0052039225	-0.0051714505	0.4707135353	-0.0060122712	-0.0054986667	-0.0040307992	-0.0047826537	-0.0073295496	-0.0050110088	-0.0067907342	-0.0059097162	-0.0056823347	-0.0067722605	-0.0055564746	-0.0052308096	-0.0072554313	-0.0060952348	-0.0060042463	-0.0046106115	-0.0044405765	-0.0052647825	-0.0047013607	-0.0067689510	-0.0055290643	-0.0044906616	-0.0042192771	-0.0048566088	-0.0051798226	-0.0049661981	-0.0042534018	-0.0053300291	-0.0056339882	-0.0042409085	-0.0052840976	-0.0052425348	-0.0059042014	-0.0057406278	-0.0050113601	-0.0053948947	-0.0058322005	-0.0056297339	-0.0050038732	-0.0042359560	-0.0044558607	-0.0051046122	-0.0061732779	-0.0068527380	-0.0051147314	-0.0043026907	-0.0056856776	-0.0057356195	-0.0052877306	-0.0043771001	-0.0073288635	-0.0059217828	-0.0053097610	-0.0063589015	-0.0054093341	-0.0064950125	-0.0046316410	-0.0064217752	-0.0061682062	-0.0063626552	-0.0052255533	-0.0050085488	-0.0054751348	-0.0071142894	-0.0059440304	-0.0052969675	-0.0051484700	-0.0048855161	-0.0060926452	-0.0070079982	-0.0070657113	-0.0059182416	-0.0060514937	-0.0053453321	-0.0057184278	-0.0057496162	-0.0068637446	-0.0062040410	-0.0050258237
-0.0064805128	-0.0072696458	-0.0051741784	-0.0063836489	-0.0063986842	-0.0067037812	-0.0060122712	0.5126995232	-0.0054848268	-0.0059452846	-0.0069931218	-0.0061961441	-0.0061288743	-0.0061211065	-0.0058356301	-0.0064544168	-0.0064862886	-0.0060400017	-0.0073203337	-0.0061108960	-0.0060944111	-0.0068488466	-0.0050036065	-0.0060748918	-0.0056280991	-0.0056811846	-0.0069912995	-0.0070367149	-0.0058485841	-0.0060260662	-0.0048695898	-0.0058616650	-0.0050608355	-0.0065934505	-0.0064058626	-0.0055369215	-0.0052513179	-0.0071118855	-0.0068948086	-0.0060687897	-0.0061934903	-0.0057216213	-0.0047393039	-0.0058869551	-0.0051894161	-0.0042674638	-0.0057047307	-0.0059742227	-0.0049622781	-0.0063205812	-0.0054381591	-0.0051807498	-0.0057620156	-0.0054256589	-0.0057008612	-0.0061174174	-0.0070897823	-0.0067866150	-0.0065213950	-0.0056582577	-0.0061064789	-0.0063451007	-0.0054487930	-0.0067677257	-0.0069060938	-0.0060952521	-0.0055075463	-0.0065307424	-0.0049951832	-0.0055219194	-0.0070235071	-0.0082341560	-0.0067603462	-0.0064063235	-0.0050765691	-0.0052070109	-0.0056875234	-0.0061866796	-0.0064918887	-0.0045951154	-0.0060564664	-0.0059083435	-0.0059897073	-0.0069512566	-0.0052803925	-0.0055499478
-0.0061803968	-0.0063371713	-0.0070759610	-0.0059927704	-0.0058453763	-0.0071365418	-0.0054986667	-0.0054848268	0.5096093548	-0.0066175853	-0.0053677550	-0.0043327245	-0.0059551310	-0.0062622482	-0.0054024770	-0.0067913726	-0.0057381873	-0.0061095239	-0.0070739166	-0.0066196366	-0.0053154038	-0.0069420241	-0.0039183796	-0.0063611244	-0.0065928382	-0.0048232195	-0.0056797469	-0.0057206020	-0.0063162331	-0.0052918444	-0.0068730586	-0.0071558008	-0.0058238001	-0.0066467371	-0.0071806183	-0.0069153121	-0.0061292594	-0.0052324937	-0.0054131729	-0.0047237536	-0.0068790319	-0.0056952243	-0.0038709065	-0.0051737509	-0.0062448232	-0.0056212893	-0.0057656355	-0.0056165409	-0.0061130462	-0.0060214815	-0.0059357423	-0.0043108859	-0.0064041498	-0.0063762777	-0.0063485058	-0.0055003787	-0.0057140420	-0.0074065200	-0.0064147777	-0.0056603926	-0.0070178911	-0.0066298274	-0.0060655807	-0.0065635652	-0.0071340320	-0.0041044095	-0.0065815862	-0.0066277045	-0.0052725000	-0.0055274276	-0.0068385075	-0.0069393640	-0.0060934855	-0.0068989407	-0.0055327949	-0.0054609899	-0.0058546690	-0.0071378062	-0.0052567733	-0.0058910753	-0.0056451706	-0.0058105978	-0.0053964015	-0.0049397664	-0.0049825024	-0.0074548915
-0.0064856580	-0.0077343790	-0.0059890261	-0.0072160062	-0.0056846632	-0.0066097317	-0.0040307992	-0.0059452846	-0.0066175853	0.4862457692	-0.0066668784	-0.0065467428	-0.0051957829	-0.0044077317	-0.0059133701	-0.0073058751	-0.0057161834	-0.0062950231	-0.0066049624	-0.0067165638	-0.0059470622	-0.0056120367	-0.0046841497	-0.0053458306	-0.0051378553	-0.0052301829	-0.0065584618	-0.0059526012	-0.0050391622	-0.0046285143	-0.0027248378	-0.0054200380	-0.0062964748	-0.0061545171	-0.0057311101	-0.0057496857	-0.0041882548	-0.0042064084	-0.0059892502	-0.0061130748	-0.0051854954	-0.0054643694	-0.0059931227	-0.0045492824	-0.0055711907	-0.0058859639	-0.0061360580	-0.0060337883	-0.0053743229	-0.0047925006	-0.0057905076	-0.0051315297	-0.0046327765	-0.0053305808	-0.0063004433	-0.0053654273	-0.0054865552	-0.0058463826	-0.0064259321	-0.0057612962	-0.0057984346	-0.0057606778	-0.0072869274	-0.0045478544	-0.0064378112	-0.0044742539	-0.0064422617	-0.0057051932	-0.0039801006	-0.0052150688	-0.0069944569	-0.0058582918	-0.0062176383	-0.0051101567	-0.0067860863	-0.0061894412	-0.0057160090	-0.0059412351	-0.0055642904	-0.0055347985	-0.0061489671	-0.0057626908	-0.0053806295	-0.0053627058	-0.0071389130	-0.0054415944
-0.0065483848	-0.0064384517	-0.0057641548	-0.0051508734	-0.0061179152	-0.0067583543	-0.0047826537	-0.0069931218	-0.0053677550	-0.0066668784	0.4937055939	-0.0057231172	-0.0057998006	-0.0055122728	-0.0061811839	-0.0074165712	-0.0071744402	-0.0056945515	-0.0074500260	-0.0061647381	-0.0059763424	-0.0064860342	-0.0047297131	-0.0050209292	-0.0054501897	-0.0049192012	-0.0061063496	-0.0053445378	-0.0055699824	-0.0064028879	-0.0059241967	-0.0062046553	-0.0054104652	-0.0065987758	-0.0063125025	-0.0063263959	-0.0047399623	-0.0052395002	-0.0066836536	-0.0064085978	-0.0069499111	-0.0054643060	-0.0061887538	-0.0058725394	-0.0063579443	-0.0052877487	-0.0064308590	-0.0038137883	-0.0045799164	-0.0040002639	-0.0059620450	-0.0047779408	-0.0063199606	-0.0070700828	-0.0060525242	-0.0071969337	-0.0027762607	0.0006192993	-0.0058446900	-0.0061763840	-0.0066218379	-0.0056059694	-0.0063749345	-0.0059285583	-0.0063016335	-0.0058387382	-0.0055972658	-0.0059835095	-0.0059267918	-0.0066759763	-0.0068945550	-0.0074052438	-0.0070774832	-0.0055597599	-0.0058734601	-0.0068703114	-0.0066392465	-0.0065687309	-0.0056249710	-0.0060176698	-0.0028988285	-0.0013510275	-0.0062832068	-0.0062775909	-0.0057884984	-0.0056561237
-0.0062669311	-0.0059274665	-0.0063786774	-0.0051335178	-0.0067760209	-0.0064296306	-0.0073295496	-0.0061961441	-0.0043327245	-0.0065467428	-0.0057231172	0.5089775825	-0.0055492991	-0.0061810296	-0.0056919618	-0.0066240276	-0.0077290235	-0.0061886547	-0.0060423000	-0.0054975683	-0.0056366647	-0.0053429622	-0.0052240606	-0.0051347957	-0.0051308623	-0.0067847375	-0.0044036110	-0.0068052871	-0.0050104979	-0.0063436655	-0.0054684414	-0.0057893961	-0.0064872233	-0.0062446136	-0.0054792393	-0.0054901797	-0.0046149481	-0.0050135128	-0.0047273232	-0.0056849246	-0.0067486016	-0.0053146321	-0.0049597562	-0.0048286089	-0.0065593646	-0.0065926132	-0.0063942786	-0.0072902680	-0.0048154576	-0.0064907584	-0.0070928708	-0.0058668865	-0.0058024973	-0.0052882340	-0.0051265227	-0.0059547091	-0.0061849740	-0.0063864242	-0.0066580192	-0.0052854364	-0.0069039414	-0.0053726886	-0.0063185203	-0.0064080161	-0.0074292536	-0.0068021043	-0.0062870710	-0.0051355118	-0.0064274820	-0.0069280071	-0.0046856920	-0.0066552055	-0.0058975340	-0.0049472737	-0.0071770250	-0.0072210914	-0.0071396945	-0.0063490743	-0.0060094372	-0.0060366961	-0.0050890686	-0.0060779962	-0.0058322232	-0.0064862867	-0.0065585354	-0.0057999048
-0.0055985038	-0.0059274636	-0.0062211926	-0.0057996770	-0.0058189496	-0.0060196054	-0.0050110088	-0.0061288743	-0.0059551310	-0.0051957829	-0.0057998006	-0.0055492991	0.4823758575	-0.0053008455	-0.0072835223	-0.0063449806	-0.0063100882	-0.0061950781	-0.0066418125	-0.0065694823	-0.0057929083	-0.0067242706	-0.0045568547	-0.0074785941	-0.0057694848	-0.0029840436	-0.0062422728	-0.0052929464	-0.0053150078	-0.0052914282	-0.0056075110	-0.0061955327	-0.0051571118	-0.0055655332	-0.0052331288	-0.0046519517	-0.0048627668	-0.0058131137	-0.0047927881	-0.0065592783	-0.0065645863	-0.0044736055	-0.0057959860	-0.0047149168	-0.0056203120	-0.0057089230	-0.0047046976	-0.0062236447	-0.0056792173	-0.0057089275	-0.0065874913	-0.0058698961	-0.0057571495	-0.0063504047	-0.0061002818	-0.0046546559	-0.0051443042	-0.0049376897	-0.0059076562	-0.0049937631	-0.0067655185	-0.0061270406	-0.0055620852	-0.0059608907	-0.0054144245	-0.0066070074	-0.0063412994	-0.0059086690	-0.0033030681	-0.0049144288	-0.0065693041	-0.0047800444	-0.0058251344	-0.0049423979	-0.0063682756	-0.0059083424	-0.0051771440	-0.0060687552	-0.0049154854	-0.0052867270	-0.0048486259	-0.0050048947	-0.0066244248	-0.0056802749	-0.0064557554	-0.0059601042
-0.0070018135	-0.0065996494	-0.0062584196	-0.0036756163	-0.0058388815	-0.0049553861	-0.0067907342	-0.0061211065	-0.0062622482	-0.0044077317	-0.0055122728	-0.0061810296	-0.0053008455	0.5190042006	-0.0069758331	-0.0058208285	-0.0059074928	-0.0064114046	-0.0072561844	-0.0073430422	-0.0065772719	-0.0070858275	-0.0057916134	-0.0057796119	-0.0073464369	-0.0055421907	-0.0061329869	-0.0047353553	-0.0066287524	-0.0068204991	-0.0059142124	-0.0038701200	-0.0044144751	-0.0065207240	-0.0057944811	-0.0059463083	-0.0060669032	-0.0062816313	-0.0064320631	-0.0068761752	-0.0065209839	-0.0065540200	-0.0067492326	-0.0068821879	-0.0045618236	-0.0054242895	-0.0058656609	-0.0059126710	-0.0063318999	-0.0061483012	-0.0060305599	-0.0059636297	-0.0059033873	-0.0063018182	-0.0058865617	-0.0046181125	-0.0061648479	-0.0056974974	-0.0058911519	-0.0059182823	-0.0067519758	-0.0065787348	-0.0070286670	-0.0065764267	-0.0074242425	-0.0064331040	-0.0063357832	-0.0064156759	-0.0048673116	-0.0063910637	-0.0059830440	-0.0062605173	-0.0062032938	-0.0067717693	-0.0061845348	-0.0073439284	-0.0057906082	-0.0063625567	-0.0052404185	-0.0056377955	-0.0061555469	-0.0050213813	-0.0065267491	-0.0066953924	-0.0074061423	-0.0061124574
-0.0074636490	-0.0069954788	-0.0074856714	-0.0057164400	-0.0058639572	-0.0056309936	-0.0059097162	-0.0058356301	-0.0054024770	-0.0059133701	-0.0061811839	-0.0056919618	-0.0072835223	-0.0069758331	0.5235988654	-0.0062733531	-0.0080095883	-0.0066620773	-0.0067190671	-0.0068615455	-0.0066439487	-0.0062746006	-0.0042161744	-0.0061972345	-0.0072479349	-0.0053446786	-0.0071073802	-0.0071868918	-0.0063421265	-0.0050251493	-0.0050157328	-0.0070652168	-0.0062190859	-0.0062894618	-0.0069167930	-0.0055284532	-0.0050370852	-0.0070831384	-0.0057382466	-0.0070349847	-0.0071312339	-0.0037465930	-0.0059234499	-0.0051216851	-0.0054647940	-0.0062200866	-0.0071414948	-0.0057749493	-0.0057061379	-0.0051218951	-0.0056338610	-0.0054942202	-0.0070526675	-0.0057106648	-0.0055322329	-0.0056259461	-0.0058732103	-0.0069531857	-0.0058469309	-0.0061159709	-0.0065308276	-0.0055180493	-0.0066343861	-0.0067365061	-0.0062775670	-0.0050860708	-0.0057598164	-0.0046984044	-0.0063249279	-0.0049996416	-0.0067347796	-0.0065759532	-0.0070712553	-0.0066853119	-0.0049148489	-0.0062844270	-0.0068990569	-0.0075383773	-0.0070311198	-0.0063931651	-0.0058472098	-0.0064126167	-0.0050502203	-0.0071204622	-0.0052562071	-0.0056366133
-0.0062611006	-0.0072199851	-0.0066234697	-0.0069344109	-0.0050597740	-0.0062133298	-0.0056823347	-0.0064544168	-0.0067913726	-0.0073058751	-0.0074165712	-0.0066240276	-0.0063449806	-0.0058208285	-0.0062733531	0.5374427727	-0.0063891458	-0.0076570610	-0.0061711734	-0.0073871466	-0.0054214766	-0.0068887494	-0.0052487481	-0.0066450795	-0.0061528635	-0.0062235466	-0.0072115183	-0.0064137935	-0.0059912855	-0.0062996915	-0.0056144437	-0.0058599137	-0.0065119576	-0.0062725507	-0.0054820268	-0.0071551462	-0.0061168272	-0.0063401758	-0.0057092859	-0.0065544192	-0.0066747758	-0.0058740292	-0.0064424921	-0.0054926643	-0.0061231892	-0.0060766736	-0.0057540189	-0.0049548502	-0.0069687369	-0.0064020035	-0.0066074425	-0.0044452912	-0.0066228023	-0.0064621095	-0.0076424360	-0.0060839580	-0.0062993107	-0.0072526801	-0.0070815930	-0.0055270483	-0.0040369806	-0.0069871010	-0.0053550654	-0.0062828169	-0.0060721468	-0.0073294685	-0.0075095130	-0.0052880962	-0.0052307815	-0.0070569470	-0.0073740426	-0.0065321660	-0.0059316371	-0.0065783689	-0.0067806315	-0.0064529771	-0.0052389184	-0.0071931822	-0.0062684240	-0.0053212458	-0.0063398162	-0.0054127694	-0.0068258263	-0.0062650004	-0.0086397425	-0.0056071456
-0.0074167573	-0.0067063058	-0.0059112968	-0.0064248393	-0.0058923728	-0.0055868665	-0.0067722605	-0.0064862886	-0.0057381873	-0.0057161834	-0.0071744402	-0.0077290235	-0.0063100882	-0.0059074928	-0.0080095883	-0.0063891458	0.5450451319	-0.0072249693	-0.0075220541	-0.0074330168	-0.0069135660	-0.0069456383	-0.0041680020	-0.0069620155	-0.0065206248	-0.0054449233	-0.0060496082	-0.0060174056	-0.0062357593	-0.0058563569	-0.0074898068	-0.0068427645	-0.0064103893	-0.0082806172	-0.0064372173	-0.0053376865	-0.0065618709	-0.0053238669	-0.0066120455	-0.0067478712	-0.0062034555	-0.0068876127	-0.0064678502	-0.0056519458	-0.0061238743	-0.0067936859	-0.0054194636	-0.0062644349	-0.0070398518	-0.0070966619	-0.0065560560	-0.0044800725	-0.0061286304	-0.0058295024	-0.0056854823	-0.0064403862	-0.0060194580	-0.0071454775	-0.0062509914	-0.0074117024	-0.0052314873	-0.0062874762	-0.0069680225	-0.0079362041	-0.0064734830	-0.0062640040	-0.0064007217	-0.0054046722	-0.0062093842	-0.0063634455	-0.0063767470	-0.0064072436	-0.0064659719	-0.0070150714	-0.0064352708	-0.0047328351	-0.0066235988	-0.0062359253	-0.0074478775	-0.0066974036	-0.0059455729	-0.0054083120	-0.0071589589	-0.0066502649	-0.0069963288	-0.0055030400
-0.0058721980	-0.0072837338	-0.0049209579	-0.0048278555	-0.0057190684	-0.0055826593	-0.0055564746	-0.0060400017	-0.0061095239	-0.0062950231	-0.0056945515	-0.0061886547	-0.0061950781	-0.0064114046	-0.0066620773	-0.0076570610	-0.0072249693	0.5114588069	-0.0064538615	-0.0063266321	-0.0053134830	-0.0065858613	-0.0046740049	-0.0052372052	-0.0056599097	-0.0061239699	-0.0063990212	-0.0071313483	-0.0063894461	-0.0057607638	-0.0061697400	-0.0075568270	-0.0060427016	-0.0067698053	-0.0060957267	-0.0051048313	-0.0048224791	-0.0062524606	-0.0055259065	-0.0056558094	-0.0050424961	-0.0060183577	-0.0058091569	-0.0056626390	-0.0059038984	-0.0044744408	-0.0062672708	-0.0069323305	-0.0075329770	-0.0055456147	-0.0069711829	-0.0065205715	-0.0050807144	-0.0068269297	-0.0060454999	-0.0071037966	-0.0060218155	-0.0044621559	-0.0055682003	-0.0066560964	-0.0060553721	-0.0060692149	-0.0056766214	-0.0066294032	-0.0054879043	-0.0055636043	-0.0079835432	-0.0044127902	-0.0062422677	-0.0059465022	-0.0069113257	-0.0056354954	-0.0052398915	-0.0067835870	-0.0051051197	-0.0057762042	-0.0057961321	-0.0057177600	-0.0061048667	-0.0062893141	-0.0058235347	-0.0054699306	-0.0070018252	-0.0051203408	-0.0048663027	-0.0070107207
-0.0056114720	-0.0068146569	-0.0062235727	-0.0051543073	-0.0059787374	-0.0057335489	-0.0052308096	-0.0073203337	-0.0070739166	-0.0066049624	-0.0074500260	-0.0060423000	-0.0066418125	-0.0072561844	-0.0067190671	-0.0061711734	-0.0075220541	-0.0064538615	0.5460877049	-0.0046789197	-0.0055243335	-0.0062832260	-0.0054419513	-0.0069051931	-0.0070103134	-0.0059297114	-0.0062820496	-0.0057515991	-0.0065219130	-0.0057684334	-0.0068180491	-0.0066515484	-0.0061513658	-0.0080461711	-0.0064453770	-0.0056169412	-0.0061590977	-0.0069057629	-0.0057932164	-0.0056290662	-0.0048818868	-0.0068803682	-0.0060798095	-0.0064667901	-0.0054138066	-0.0067493217	-0.0063103208	-0.0066904203	-0.0060473248	-0.0065580562	-0.0055569843	-0.0075693928	-0.0069387638	-0.0064869136	-0.0057335422	-0.0066904470	-0.0078857646	-0.0074174697	-0.0075204779	-0.0065913303	-0.0068543277	-0.0066265446	-0.0063294765	-0.0061677088	-0.0075611786	-0.0054194723	-0.0056614964	-0.0064948382	-0.0060302519	-0.0057062387	-0.0061783246	-0.0061426862	-0.0069805897	-0.0068697576	-0.0056389209	-0.0078088823	-0.0075695679	-0.0068955405	-0.0067760437	-0.0049528024	-0.0067763406	-0.0071434199	-0.0066635095	-0.0069317194	-0.0063586949	-0.0067631443
-0.0064440547	-0.0060047584	-0.0060771709	-0.0058321585	-0.0063236156	-0.0059182951	-0.0072554313	-0.0061108960	-0.0066196366	-0.0067165638	-0.0061647381	-0.0054975683	-0.0065694823	-0.0073430422	-0.0068615455	-0.0073871466	-0.0074330168	-0.0063266321	-0.0046789197	0.5367242289	-0.0071137326	-0.0063028144	-0.0049417769	-0.0068246715	-0.0067693564	-0.0059187893	-0.0067679363	-0.0072290690	-0.0066098218	-0.0060314728	-0.0051111409	-0.0063042002	-0.0056803696	-0.0054353162	-0.0060465853	-0.0063054131	-0.0060505902	-0.0062542718	-0.0063647919	-0.0065311535	-0.0065803415	-0.0050959179	-0.0066381817	-0.0063615823	-0.0065536344	-0.0061575931	-0.0066210610	-0.0076008525	-0.0063793494	-0.0064660886	-0.0065574585	-0.0042680571	-0.0057874161	-0.0058016374	-0.0055302711	-0.0075919071	-0.0069804611	-0.0064704492	-0.0072264414	-0.0066353629	-0.0063373100	-0.0054776564	-0.0071865895	-0.0061744335	-0.0071610179	-0.0065541229	-0.0065798350	-0.0050533072	-0.0061274420	-0.0076310152	-0.0066670553	-0.0059560867	-0.0069425344	-0.0070587293	-0.0046741052	-0.0061003824	-0.0059731247	-0.0066551767	-0.0067414386	-0.0065910620	-0.0060887994	-0.0057118491	-0.0058339027	-0.0049035133	-0.0067276695	-0.0063540596
-0.0070962967	-0.0059240620	-0.0067607773	-0.0057053852	-0.0057364979	-0.0066506010	-0.0060952348	-0.0060944111	-0.0053154038	-0.0059470622	-0.0059763424	-0.0056366647	-0.0057929083	-0.0065772719	-0.0066439487	-0.0054214766	-0.0069135660	-0.0053134830	-0.0055243335	-0.0071137326	0.5163053273	-0.0075259983	-0.0039024733	-0.0051320566	-0.0046785838	-0.0058149625	-0.0069919054	-0.0067806895	-0.0061247259	-0.0050684261	-0.0074274986	-0.0061290233	-0.0064450198	-0.0074656873	-0.0062728211	-0.0058039351	-0.0043272983	-0.0057037353	-0.0063987583	-0.0049787240	-0.0062269850	-0.0064954602	-0.0062767392	-0.0055057546	-0.0059935660	-0.0060657936	-0.0059813994	-0.0056700637	-0.0055735656	-0.0063301298	-0.0060290396	-0.0061121581	-0.0043884620	-0.0058893118	-0.0055448358	-0.0048459192	-0.0060753520	-0.0059222086	-0.0070214015	-0.0075262345	-0.0065807096	-0.0052699898	-0.0056280436	-0.0066438564	-0.0061577407	-0.0061326385	-0.0060288703	-0.0043497996	-0.0054182789	-0.0052463085	-0.0070085332	-0.0072684205	-0.0075791792	-0.0065226316	-0.0065742422	-0.0066369129	-0.0079101971	-0.0061144317	-0.0064708186	-0.0065798195	-0.0057154314	-0.0068944290	-0.0057089046	-0.0057930836	-0.0055892281	-0.0057966659
-0.0056899108	-0.0070235484	-0.0066495887	-0.0054106781	-0.0055656092	-0.0053957057	-0.0060042463	-0.0068488466	-0.0069420241	-0.0056120367	-0.0064860342	-0.0053429622	-0.0067242706	-0.0070858275	-0.0062746006	-0.0068887494	-0.0069456383	-0.0065858613	-0.0062832260	-0.0063028144	-0.0075259983	0.5277911635	-0.0069583426	-0.0065541083	-0.0052008275	-0.0048832097	-0.0075262261	-0.0068698518	-0.0063806009	-0.0060857821	-0.0046313785	-0.0070503201	-0.0058190710	-0.0060530594	-0.0065696707	-0.0066445130	-0.0050515693	-0.0050754195	-0.0047005469	-0.0072113844	-0.0070175066	-0.0059650804	-0.0065310219	-0.0071891771	-0.0063683179	-0.0053543401	-0.0069100695	-0.0058925082	-0.0058794775	-0.0063499576	-0.0061073102	-0.0061164240	-0.0062738802	-0.0075135083	-0.0050307265	-0.0061066558	-0.0056567608	-0.0075083944	-0.0054476936	-0.0061861649	-0.0059085009	-0.0070606105	-0.0057355096	-0.0052609667	-0.0066257180	-0.0058731032	-0.0069711085	-0.0060164667	-0.0052914709	-0.0055959460	-0.0073568769	-0.0076112257	-0.0066888754	-0.0060082709	-0.0054829888	-0.0073529459	-0.0058071025	-0.0058976116	-0.0048117778	-0.0061191199	-0.0054114935	-0.0056871641	-0.0066742334	-0.0068121454	-0.0065690335	-0.0049018621
-0.0064023138	-0.0063482900	-0.0044907044	-0.0046896625	-0.0043710455	-0.0032509299	-0.0046106115	-0.0050036065	-0.0039183796	-0.0046841497	-0.0047297131	-0.0052240606	-0.0045568547	-0.0057916134	-0.0042161744	-0.0052487481	-0.0041680020	-0.0046740049	-0.0054419513	-0.0049417769	-0.0039024733	-0.0069583426	0.4076951554	-0.0043318183	-0.0041878350	-0.0049366139	-0.0053614715	-0.0037006241	-0.0032942518	-0.0041443802	-0.0047754864	-0.0056626224	-0.0056996443	-0.0051915806	-0.0045091116	-0.0043247305	-0.0041281422	-0.0041020164	-0.0053893708	-0.0049646719	-0.0050097159	-0.0053132361	-0.0031188371	-0.0055319144	-0.0040016618	-0.0046391057	-0.0043299630	-0.0041541836	-0.0049753118	-0.0051578996	-0.0045542034	-0.0043329747	-0.0047066961	-0.0046093823	-0.0040135659	-0.0053168373	-0.0042420072	-0.0045687942	-0.0049878168	-0.0051130357	-0.0047749811	-0.0060260079	-0.0049473206	-0.0044325637	-0.0046100817	-0.0055938165	-0.0051573879	-0.0048680324	-0.0036715247	-0.0041485279	-0.0061046231	-0.0063357459	-0.0056563320	-0.0046746572	-0.0041027932	-0.0058157844	-0.0043258685	-0.0073064529	-0.0037255396	-0.0040175600	-0.0049688263	-0.0048821470	-0.0059254183	-0.0041000503	-0.0058754460	-0.0026427430
-0.0058707506	-0.0069196162	-0.0058447347	-0.0044557494	-0.0059131818	-0.0049417561	-0.0044405765	-0.0060748918	-0.0063611244	-0.0053458306	-0.0050209292	-0.0051347957	-0.0074785941	-0.0057796119	-0.0061972345	-0.0066450795	-0.0069620155	-0.0052372052	-0.0069051931	-0.0068246715	-0.0051320566	-0.0065541083	-0.0043318183	0.4905257450	-0.0047792363	-0.0065214986	-0.0065031397	-0.0051689321	-0.0055379949	-0.0076051068	-0.0065046353	-0.0067539340	-0.0055156038	-0.0066161205	-0.0048933953	-0.0048530838	-0.0052022254	-0.0051269927	-0.0063201493	-0.0057234118	-0.0048834669	-0.0054700101	-0.0056251882	-0.0042210160	-0.0047856297	-0.0046109210	-0.0060906886	-0.0061030780	-0.0054447187	-0.0060039119	-0.0049718737	-0.0058778707	-0.0050449326	-0.0049812096	-0.0047525918	-0.0055749345	-0.0065931227	-0.0064725798	-0.0055694470	-0.0054326559	-0.0059448058	-0.0062722129	-0.0068372702	-0.0064517566	-0.0067379955	-0.0064106658	-0.0058755102	-0.0057114589	-0.0042176622	-0.0061017708	-0.0067259940	-0.0058316137	-0.0051670570	-0.0051529169	-0.0060029649	-0.0067428616	-0.0073440822	-0.0051702304	-0.0065682109	-0.0051421355	-0.0058416190	-0.0052180181	-0.0057809975	-0.0050162150	-0.0057515459	-0.0060013404
-0.0059044030	-0.0059163202	-0.0058036864	-0.0061645396	-0.0049549090	-0.0051070663	-0.0052647825	-0.0056280991	-0.0065928382	-0.0051378553	-0.0054501897	-0.0051308623	-0.0057694848	-0.0073464369	-0.0072479349	-0.0061528635	-0.0065206248	-0.0056599097	-0.0070103134	-0.0067693564	-0.0046785838	-0.0052008275	-0.0041878350	-0.0047792363	0.4752788558	-0.0048111799	-0.0060125144	-0.0055920236	-0.0047286390	-0.0061964955	-0.0060212443	-0.0053609913	-0.0041878777	-0.0061473308	-0.0058682911	-0.0067215572	-0.0053504591	-0.0055032557	-0.0045912066	-0.0053387243	-0.0057937575	-0.0057768137	-0.0044082480	-0.0039818759	-0.0058291286	-0.0053982021	-0.0056499341	-0.0050896821	-0.0053881486	-0.0058739054	-0.0064091455	-0.0050789744	-0.0060932106	-0.0062546244	-0.0054864276	-0.0049137824	-0.0036722721	-0.0057654926	-0.0045760565	-0.0059865089	-0.0040529299	-0.0048731975	-0.0051518620	-0.0057445239	-0.0064424341	-0.0058307391	-0.0055508598	-0.0052674237	-0.0058780669	-0.0052959109	-0.0052437998	-0.0061300621	-0.0058845317	-0.0064372079	-0.0056915496	-0.0051031653	-0.0057851126	-0.0069237687	-0.0055291773	-0.0053817227	-0.0052775660	-0.0065811962	-0.0060305013	-0.0055711193	-0.0059858161	-0.0053976710
-0.0060165140	-0.0058589136	-0.0052299299	-0.0055446556	-0.0048340143	-0.0055905504	-0.0047013607	-0.0056811846	-0.0048232195	-0.0052301829	-0.0049192012	-0.0067847375	-0.0029840436	-0.0055421907	-0.0053446786	-0.0062235466	-0.0054449233	-0.0061239699	-0.0059297114	-0.0059187893	-0.0058149625	-0.0048832097	-0.0049366139	-0.0065214986	-0.0048111799	0.4750370457	-0.0069867604	-0.0061664550	-0.0054624885	-0.0062464324	-0.0048219442	-0.0058102507	-0.0069593999	-0.0064798000	-0.0050155350	-0.0062449521	-0.0047579654	-0.0053238473	-0.0059795827	-0.0066209760	-0.0056801492	-0.0058737855	-0.0057436914	-0.0056584885	-0.0047201004	-0.0052917345	-0.0062423015	-0.0040329686	-0.0055914742	-0.0060140703	-0.0048584449	-0.0046115721	-0.0049928832	-0.0065642809	-0.0050343772	-0.0050503928	-0.0045311931	-0.0048472887	-0.0057621657	-0.0057315827	-0.0049448679	-0.0064015329	-0.0048529717	-0.0050685847	-0.0074092361	-0.0063835183	-0.0054592299	-0.0049085207	-0.0044528331	-0.0050956811	-0.0062242843	-0.0063505573	-0.0055456008	-0.0062774119	-0.0040000218	-0.0063241689	-0.0060579898	-0.0060365978	-0.0060023548	-0.0049758016	-0.0058084552	-0.0053696754	-0.0052668015	-0.0064723033	-0.0077466412	-0.0061982869
-0.0067935075	-0.0071994132	-0.0063717227	-0.0058069823	-0.0068429523	-0.0064701192	-0.0067689510	-0.0069912995	-0.0056797469	-0.0065584618	-0.0061063496	-0.0044036110	-0.0062422728	-0.0061329869	-0.0071073802	-0.0072115183	-0.0060496082	-0.0063990212	-0.0062820496	-0.0067679363	-0.0069919054	-0.0075262261	-0.0053614715	-0.0065031397	-0.0060125144	-0.0069867604	0.5384063292	-0.0062980281	-0.0056325916	-0.0056122029	-0.0064955439	-0.0060521389	-0.0069213359	-0.0069371541	-0.0057081427	-0.0061095771	-0.0056859496	-0.0063484021	-0.0060504270	-0.0062352100	-0.0066008332	-0.0055706546	-0.0066644237	-0.0064883106	-0.0058746029	-0.0054646631	-0.0056334056	-0.0058431813	-0.0061647537	-0.0065806882	-0.0069417651	-0.0058740448	-0.0069126441	-0.0043901671	-0.0061304798	-0.0040216286	-0.0059564982	-0.0074778959	-0.0072126108	-0.0050046638	-0.0054525460	-0.0065860387	-0.0055088264	-0.0062821327	-0.0060901851	-0.0074327684	-0.0073588237	-0.0067760057	-0.0071396054	-0.0057296652	-0.0063475350	-0.0052980754	-0.0078984899	-0.0060803960	-0.0064893508	-0.0069858877	-0.0072927071	-0.0066841238	-0.0056596622	-0.0057602209	-0.0064047674	-0.0050645551	-0.0077614037	-0.0078683455	-0.0061953923	-0.0077962924
-0.0066763066	-0.0062072586	-0.0061077327	-0.0065038764	-0.0056933901	-0.0054641356	-0.0055290643	-0.0070367149	-0.0057206020	-0.0059526012	-0.0053445378	-0.0068052871	-0.0052929464	-0.0047353553	-0.0071868918	-0.0064137935	-0.0060174056	-0.0071313483	-0.0057515991	-0.0072290690	-0.0067806895	-0.0068698518	-0.0037006241	-0.0051689321	-0.0055920236	-0.0061664550	-0.0062980281	0.5182666848	-0.0054826949	-0.0074150702	-0.0063475397	-0.0057570745	-0.0046501780	-0.0052533870	-0.0051871200	-0.0058678700	-0.0056663989	-0.0049682436	-0.0063484841	-0.0061715942	-0.0069959844	-0.0049954150	-0.0069662064	-0.0064700597	-0.0070290068	-0.0045670656	-0.0059629023	-0.0067542112	-0.0067269378	-0.0063987743	-0.0056737732	-0.0052968481	-0.0059012075	-0.0065358095	-0.0064449376	-0.0067124123	-0.0069642088	-0.0077553502	-0.0060338495	-0.0051457469	-0.0056065464	-0.0058512868	-0.0063220269	-0.0058270459	-0.0057782036	-0.0065857220	-0.0060304726	-0.0061912007	-0.0055301075	-0.0048111272	-0.0063641396	-0.0066751903	-0.0066593099	-0.0066358254	-0.0075294152	-0.0074087517	-0.0062451813	-0.0054571077	-0.0068847993	-0.0053617131	-0.0059420951	-0.0057164451	-0.0072946054	-0.0069360362	-0.0056277734	-0.0051716736
-0.0063288019	-0.0055213063	-0.0058352630	-0.0044372619	-0.0055209230	-0.0055172204	-0.0044906616	-0.0058485841	-0.0063162331	-0.0050391622	-0.0055699824	-0.0050104979	-0.0053150078	-0.0066287524	-0.0063421265	-0.0059912855	-0.0062357593	-0.0063894461	-0.0065219130	-0.0066098218	-0.0061247259	-0.0063806009	-0.0032942518	-0.0055379949	-0.0047286390	-0.0054624885	-0.0056325916	-0.0054826949	0.4607749921	-0.0052317129	-0.0054925440	-0.0062537246	-0.0062703368	-0.0055536733	-0.0064704323	-0.0054217987	-0.0041432333	-0.0037415787	-0.0046218355	-0.0051401761	-0.0055534838	-0.0066454373	-0.0053769879	-0.0046614578	-0.0043295224	-0.0052467065	-0.0049815920	-0.0062493399	-0.0043251774	-0.0047797583	-0.0057092880	-0.0054219731	-0.0056656291	-0.0044994035	-0.0050995791	-0.0054419210	-0.0062531848	-0.0056011406	-0.0042431967	-0.0048719185	-0.0041673736	-0.0043934251	-0.0070407205	-0.0045870856	-0.0059846569	-0.0056076235	-0.0055308552	-0.0053099820	-0.0034655307	-0.0042430827	-0.0064053380	-0.0052113595	-0.0056512469	-0.0054016251	-0.0048326072	-0.0055013747	-0.0065230101	-0.0052736391	-0.0048539084	-0.0051605536	-0.0051826967	-0.0051526067	-0.0063673746	-0.0063890913	-0.0060426672	-0.0050838156
-0.0065989149	-0.0063893585	-0.0057285633	-0.0056785500	-0.0056964835	-0.0061960997	-0.0042192771	-0.0060260662	-0.0052918444	-0.0046285143	-0.0064028879	-0.0063436655	-0.0052914282	-0.0068204991	-0.0050251493	-0.0062996915	-0.0058563569	-0.0057607638	-0.0057684334	-0.0060314728	-0.0050684261	-0.0060857821	-0.0041443802	-0.0076051068	-0.0061964955	-0.0062464324	-0.0056122029	-0.0074150702	-0.0052317129	0.4885090872	-0.0054473872	-0.0059830828	-0.0057655524	-0.0050418394	-0.0057011468	-0.0052184966	-0.0053510302	-0.0060455866	-0.0058957968	-0.0047393542	-0.0070712627	-0.0043359005	-0.0049269289	-0.0049329788	-0.0061149589	-0.0057824201	-0.0045258373	-0.0060024972	-0.0045468606	-0.0063827924	-0.0056849083	-0.0057026302	-0.0054340009	-0.0059016194	-0.0053589828	-0.0052262333	-0.0064844096	-0.0067151445	-0.0054288128	-0.0056601579	-0.0067119814	-0.0057378186	-0.0056981010	-0.0070060849	-0.0070600307	-0.0057910930	-0.0066366472	-0.0051412098	-0.0036852297	-0.0052846124	-0.0061441886	-0.0068480102	-0.0061069510	-0.0055631539	-0.0044003356	-0.0058877054	-0.0061737100	-0.0063616502	-0.0057445812	-0.0053643813	-0.0051645523	-0.0045178498	-0.0056536959	-0.0060489707	-0.0062368188	-0.0064714844
-0.0041318037	-0.0049879934	-0.0055744180	-0.0044463313	-0.0053677645	-0.0063639785	-0.0048566088	-0.0048695898	-0.0068730586	-0.0027248378	-0.0059241967	-0.0054684414	-0.0056075110	-0.0059142124	-0.0050157328	-0.0056144437	-0.0074898068	-0.0061697400	-0.0068180491	-0.0051111409	-0.0074274986	-0.0046313785	-0.0047754864	-0.0065046353	-0.0060212443	-0.0048219442	-0.0064955439	-0.0063475397	-0.0054925440	-0.0054473872	0.4774814843	-0.0063303878	-0.0051636720	-0.0049516166	-0.0055337912	-0.0052342742	-0.0046240259	-0.0049504784	-0.0055715001	-0.0057588390	-0.0058828205	-0.0040892876	-0.0054565153	-0.0057991533	-0.0048745240	-0.0058445625	-0.0056333085	-0.0058428863	-0.0058723422	-0.0049904655	-0.0060156975	-0.0054506272	-0.0059554666	-0.0055120527	-0.0061758120	-0.0052058036	-0.0057808612	-0.0066994468	-0.0058620116	-0.0057037696	-0.0055218786	-0.0058249162	-0.0069753805	-0.0062088232	-0.0059993779	-0.0068489641	-0.0061227878	-0.0057112698	-0.0045110397	-0.0061500559	-0.0055615415	-0.0053846091	-0.0062187061	-0.0063862692	-0.0053591257	-0.0058346751	-0.0062387893	-0.0065751353	-0.0041919597	-0.0060027654	-0.0049597081	-0.0045203544	-0.0047510612	-0.0053298490	-0.0062855234	-0.0059460571
-0.0049171448	-0.0062551901	-0.0059788723	-0.0069677896	-0.0070764005	-0.0050964658	-0.0051798226	-0.0058616650	-0.0071558008	-0.0054200380	-0.0062046553	-0.0057893961	-0.0061955327	-0.0038701200	-0.0070652168	-0.0058599137	-0.0068427645	-0.0075568270	-0.0066515484	-0.0063042002	-0.0061290233	-0.0070503201	-0.0056626224	-0.0067539340	-0.0053609913	-0.0058102507	-0.0060521389	-0.0057570745	-0.0062537246	-0.0059830828	-0.0063303878	0.5275735641	-0.0067219232	-0.0064970079	-0.0054833448	-0.0058227730	-0.0050683558	-0.0058438855	-0.0069258797	-0.0076192149	-0.0066102237	-0.0055870432	-0.0060955594	-0.0057579803	-0.0055978114	-0.0066849810	-0.0070890631	-0.0058449755	-0.0071356909	-0.0070181272	-0.0074130074	-0.0056054636	-0.0060923655	-0.0049635763	-0.0073746775	-0.0075005983	-0.0057795642	-0.0063209694	-0.0057477191	-0.0063201006	-0.0051569853	-0.0054436257	-0.0046691781	-0.0042671156	-0.0065174899	-0.0051030393	-0.0057986358	-0.0062179813	-0.0050707045	-0.0065131251	-0.0066189164	-0.0068132761	-0.0064809590	-0.0079051306	-0.0058138324	-0.0073952227	-0.0067448782	-0.0072308177	-0.0059105762	-0.0066576027	-0.0061296896	-0.0060079732	-0.0072756132	-0.0057853450	-0.0079574004	-0.0061736531
-0.0051267733	-0.0057408540	-0.0073734124	-0.0056780076	-0.0051527658	-0.0058519782	-0.0049661981	-0.0050608355	-0.0058238001	-0.0062964748	-0.0054104652	-0.0064872233	-0.0051571118	-0.0044144751	-0.0062190859	-0.0065119576	-0.0064103893	-0.0060427016	-0.0061513658	-0.0056803696	-0.0064450198	-0.0058190710	-0.0056996443	-0.0055156038	-0.0041878777	-0.0069593999	-0.0069213359	-0.0046501780	-0.0062703368	-0.0057655524	-0.0051636720	-0.0067219232	0.5043005198	-0.0054224894	-0.0065248067	-0.0071343791	-0.0053643858	-0.0062705140	-0.0060131425	-0.0067467405	-0.0056613552	-0.0047741795	-0.0062478574	-0.0052806484	-0.0064565034	-0.0052851836	-0.0049942465	-0.0051702934	-0.0069194898	-0.0044490320	-0.0053176153	-0.0053712235	-0.0072276320	-0.0063952184	-0.0055150076	-0.0060322363	-0.0066524753	-0.0069706834	-0.0049963665	-0.0060468270	-0.0060832219	-0.0063333965	-0.0057752571	-0.0052453460	-0.0056211669	-0.0060427558	-0.0053752701	-0.0054966255	-0.0050046030	-0.0072249651	-0.0070518916	-0.0067239336	-0.0072755399	-0.0058480737	-0.0069146629	-0.0062325423	-0.0066786880	-0.0058766117	-0.0060986266	-0.0052403810	-0.0046519746	-0.0061087373	-0.0077704107	-0.0063264435	-0.0070347640	-0.0053482382
