0.5359268241	-0.0053508947	-0.0068993165	-0.0047491492	-0.0038895643	-0.0074542535	-0.0046978296	-0.0056454604	0.0006881307	0.0003583893	-0.0061012691	-0.0054111654	-0.0064096926	-0.0054910520	-0.0046745503	-0.0037122788	-0.0066031237	-0.0062459292	-0.0059662109	-0.0078003850	-0.0073496071	-0.0062333771	-0.0048374254	-0.0066927286	-0.0071060679	-0.0063634013	-0.0071704926	-0.0069174069	-0.0055285903	-0.0069167239	-0.0073185384	-0.0063603369	-0.0063684674	-0.0064147196	-0.0059986716	-0.0082938628	-0.0059110824	-0.0065416367	-0.0072018534	-0.0057326864	-0.0052481240	-0.0049126636	-0.0061834614	-0.0053865672	-0.0048343019	-0.0062240104	-0.0067423008	-0.0061153064	-0.0050238584	-0.0062380216	-0.0055374122	-0.0049535112	-0.0064291734	-0.0053739594	-0.0061984758	-0.0048543325	-0.0044920943	-0.0071728486	-0.0068711533	-0.0075150583	-0.0062062882	-0.0067314458	-0.0059746898	-0.0051396324	-0.0055266377	-0.0046987448	-0.0060817375	-0.0068589725	-0.0045740622	-0.0076237706	-0.0059878488	-0.0062464271	-0.0056438190	-0.0074158214	-0.0055255578	-0.0070681355	-0.0031876042	-0.0061189952	-0.0059547754	-0.0069741702	-0.0063923890	-0.0065589690	-0.0062376478	-0.0054819443	-0.0043319314	-0.0046008741	-0.0069067374	-0.0050828723	-0.0046975091	-0.0055293274	-0.0063705897	-0.0044179579	-0.0061590222
-0.0053508947	0.5143530662	-0.0029274293	-0.0043806640	-0.0030181567	-0.0036001061	0.0105486129	-0.0070665087	-0.0063528177	-0.0063471050	-0.0049632726	-0.0077988144	-0.0052102132	-0.0036147365	-0.0056017484	-0.0048981666	-0.0065227804	-0.0067282044	-0.0073954532	-0.0070404100	-0.0043075163	-0.0064879640	-0.0073852187	-0.0060201227	-0.0048812312	-0.0044597092	-0.0068312723	-0.0062857160	-0.0070222114	-0.0062067487	-0.0073643014	-0.0061770745	-0.0053633844	-0.0064897852	-0.0069208409	-0.0068911748	-0.0075324277	-0.0049884209	-0.0062627566	-0.0060229635	-0.0065995984	-0.0043910458	-0.0058427993	-0.0064414865	-0.0062827103	-0.0052082422	-0.0051153806	-0.0045954793	-0.0050291838	-0.0066176150	-0.0059793443	-0.0057797831	-0.0062507072	-0.0044084321	-0.0059654313	-0.0035953718	-0.0069295721	-0.0070698572	-0.0059044982	-0.0066980352	-0.0046029484	-0.0043554244	-0.0047201102	-0.0059996938	-0.0048320244	-0.0042756096	-0.0064348049	-0.0062863703	-0.0049268310	-0.0066458690	-0.0073472988	-0.0053279149	-0.0057025948	-0.0049774631	-0.0041644564	-0.0054429056	-0.0063465519	-0.0041294687	-0.0050998970	-0.0058615164	-0.0049304129	-0.0066615292	-0.0070781575	-0.0056645338	-0.0051413562	-0.0044355939	-0.0054308018	-0.0055984759	-0.0072271408	-0.0068330514	-0.0072274096	-0.0072116412	-0.0065589255
-0.0068993165	-0.0029274293	0.5326747692	0.0006746920	-0.0043636033	-0.0039066904	-0.0053478632	0.0026306828	-0.0075805025	-0.0069207456	-0.0059584047	-0.0064160570	-0.0048765272	-0.0056045883	-0.0078576108	-0.0056965861	-0.0069680310	-0.0055543662	-0.0070555709	-0.0074962426	-0.0053757623	-0.0066749881	-0.0059310093	-0.0060058561	-0.0047132497	-0.0068578472	-0.0070242600	-0.0056750988	-0.0067177780	-0.0060678725	-0.0057629701	-0.0067565474	-0.0053671692	-0.0059359341	-0.0072785662	-0.0072001787	-0.0057656432	-0.0066756605	-0.0050246730	-0.0057371603	-0.0060493971	-0.0035252567	-0.0052077553	-0.0048128537	-0.0056520339	-0.0064924170	-0.0068932658	-0.0057146304	-0.0050948365	-0.0050695349	-0.0062353667	-0.0054936190	-0.0052104907	-0.0043759712	-0.0065393616	-0.0057244038	-0.0029608941	-0.0076297409	-0.0063201037	-0.0073927783	-0.0059446355	-0.0067891621	-0.0051748453	-0.0070599787	-0.0051412236	-0.0052925218	-0.0048077870	-0.0066201007	-0.0063555036	-0.0072321767	-0.0068781388	-0.0065093710	-0.0077082792	-0.0067941699	-0.0049815731	-0.0071752396	-0.0050467341	-0.0056151605	-0.0053960031	-0.0068492161	-0.0061389200	-0.0053890640	-0.0055005872	-0.0047206931	-0.0063961104	-0.0070704717	-0.0061835533	-0.0061865626	-0.0057167210	-0.0063647653	-0.0055865810	-0.0066072047	-0.0043740177
-0.0047491492	-0.0043806640	0.0006746920	0.5235560158	-0.0033290320	-0.0012403709	0.0008507592	0.0443365460	-0.0064118939	-0.0073584737	-0.0049958853	-0.0066143852	-0.0057807945	-0.0030173260	-0.0076048845	-0.0052039291	-0.0061310428	-0.0069278695	-0.0064413738	-0.0072851024	-0.0068186014	-0.0058752682	-0.0080424270	-0.0068771903	-0.0055544230	-0.0065820230	-0.0066354688	-0.0073280396	-0.0066305752	-0.0068664885	-0.0066256724	-0.0077318669	-0.0063157157	-0.0059600354	-0.0067192456	-0.0062859176	-0.0081802850	-0.0073952261	-0.0057109878	-0.0060724787	-0.0061885002	-0.0064260152	-0.0073033445	-0.0069086985	-0.0055619136	-0.0065388675	-0.0055776829	-0.0075114109	-0.0059961060	-0.0062976052	-0.0077309452	-0.0059700288	-0.0073624859	-0.0065112219	-0.0065471240	-0.0057877775	-0.0050736429	-0.0085682852	-0.0053564328	-0.0077846579	-0.0057869051	-0.0062371050	-0.0072321447	-0.0057197314	-0.0062240982	-0.0059569908	-0.0063660047	-0.0075403102	-0.0046465095	-0.0074912343	-0.0062086713	-0.0058117542	-0.0075062121	-0.0074154538	-0.0064553201	-0.0077531509	-0.0063422324	-0.0061785562	-0.0080560871	-0.0071907769	-0.0064438422	-0.0072673592	-0.0060843855	-0.0064105287	-0.0088026697	-0.0068471536	-0.0069188763	-0.0037871524	-0.0067050469	-0.0067990950	-0.0066545240	-0.0049213933	-0.0069738777
-0.0038895643	-0.0030181567	-0.0043636033	-0.0033290320	0.4446455238	-0.0052799916	-0.0033471676	-0.0035111744	-0.0043908053	-0.0059658786	-0.0029359478	-0.0053352039	-0.0034926672	-0.0037140915	-0.0053179549	-0.0053343887	-0.0054050552	-0.0043426959	-0.0050878300	-0.0055806804	-0.0057664788	-0.0050323557	-0.0054256227	-0.0045601139	-0.0045141260	-0.0040285249	-0.0052244715	-0.0047498830	-0.0045759209	-0.0041040100	-0.0068876016	-0.0052460529	-0.0045790890	-0.0053159850	-0.0052558637	-0.0048909083	-0.0057201453	-0.0054924475	-0.0034761093	-0.0045165732	-0.0052000552	-0.0039780346	-0.0064931456	-0.0051257607	-0.0038442624	-0.0048075613	-0.0043787505	-0.0054197106	-0.0031141158	-0.0037718737	-0.0046084652	-0.0036387372	-0.0071211569	-0.0044551862	-0.0040105689	-0.0043463940	-0.0055726154	-0.0051813870	-0.0043156134	-0.0040646497	-0.0049767620	-0.0057349692	-0.0049573299	-0.0059444522	-0.0040136862	-0.0062150010	-0.0063545343	-0.0041555919	-0.0057056099	-0.0042774792	-0.0072687735	-0.0037435096	-0.0054503655	-0.0048527595	-0.0035000284	-0.0072351024	-0.0058739644	-0.0047351876	-0.0042227380	-0.0050369580	-0.0058626092	-0.0064386506	-0.0036888324	-0.0038375837	-0.0043315320	-0.0044889610	-0.0046607950	-0.0039394249	-0.0045414373	-0.0068451899	-0.0056276760	-0.0044329553	-0.0052428570
-0.0074542535	-0.0036001061	-0.0039066904	-0.0012403709	-0.0052799916	0.5091424028	-0.0015560870	-0.0026274422	-0.0058916755	-0.0074467583	-0.0048497906	-0.0061551974	-0.0046957200	-0.0043107892	-0.0065756113	-0.0067697984	-0.0075700132	-0.0051667095	-0.0052232173	-0.0081474815	-0.0057727310	-0.0050150436	-0.0072723950	-0.0058406024	-0.0065864665	-0.0060189102	-0.0055895788	-0.0049893118	-0.0052014353	-0.0056129259	-0.0058851697	-0.0075854606	-0.0054296338	-0.0063866593	-0.0061579236	-0.0074137744	-0.0066966037	-0.0068871949	-0.0039299627	-0.0055147288	-0.0041505729	-0.0059251317	-0.0067328388	-0.0008928016	-0.0047832460	-0.0074748741	-0.0053725731	-0.0063268764	-0.0049483303	-0.0056027246	-0.0055660743	-0.0053474259	-0.0056829044	-0.0042491936	-0.0051506842	-0.0039549010	-0.0044921939	-0.0051815332	-0.0051611446	-0.0060584119	-0.0057225178	-0.0042081225	-0.0077321511	-0.0046604934	-0.0046072045	-0.0058167717	-0.0066516444	-0.0045828861	-0.0048498510	-0.0071480177	-0.0066629057	-0.0056813780	-0.0066841693	-0.0051940643	-0.0050900361	-0.0048149141	-0.0070455836	-0.0060774346	-0.0051579639	-0.0053558077	-0.0053721238	-0.0054207687	-0.0058519622	-0.0040043956	-0.0062040155	-0.0061970037	-0.0055368518	-0.0059583019	-0.0049992988	-0.0061648911	-0.0065936503	-0.0060865000	-0.0057000696
-0.0046978296	0.0105486129	-0.0053478632	0.0008507592	-0.0033471676	-0.0015560870	0.4170686721	-0.0018116851	-0.0065835223	-0.0051769147	-0.0037967119	-0.0076750952	-0.0043546674	-0.0013582850	-0.0043375937	-0.0059570237	-0.0062760033	-0.0046012031	-0.0044680897	-0.0053268382	-0.0070793726	-0.0060807928	-0.0062181288	-0.0060458548	-0.0058597273	-0.0050098074	-0.0039456971	-0.0043890920	-0.0041731356	-0.0051430134	-0.0051378417	-0.0036279981	-0.0067251049	-0.0030085693	-0.0048005243	-0.0049638660	-0.0058595787	-0.0053069293	-0.0048144790	-0.0028432911	-0.0052039352	-0.0054468358	-0.0027575870	-0.0039408989	-0.0056121444	-0.0055159037	-0.0049504782	-0.0058066442	-0.0023470446	-0.0041233038	-0.0041946950	-0.0055407056	-0.0028735435	-0.0048102438	-0.0042521565	-0.0027945592	-0.0041433742	-0.0068742839	-0.0046599364	-0.0042744080	-0.0043952475	-0.0051519775	-0.0047466259	-0.0054871404	-0.0050144834	-0.0050640749	-0.0036278574	-0.0048916373	-0.0052520080	-0.0040893359	-0.0047154408	-0.0056520065	-0.0046343857	-0.0040542833	-0.0037952472	-0.0051936769	-0.0049214068	-0.0045883424	-0.0062351014	-0.0041330133	-0.0062314352	-0.0048399813	-0.0044543499	-0.0062696183	-0.0047544310	-0.0043164260	-0.0054829198	-0.0037662214	-0.0049498572	-0.0051926356	-0.0055416441	-0.0038025293	-0.0053946360
-0.0056454604	-0.0070665087	0.0026306828	0.0443365460	-0.0035111744	-0.0026274422	-0.0018116851	0.5021002241	-0.0073326398	-0.0061493760	-0.0048521954	-0.0071095470	-0.0064315207	-0.0040079051	-0.0078446655	-0.0056434992	-0.0063129633	-0.0079792122	-0.0071719704	-0.0063059766	-0.0066113186	-0.0049273002	-0.0078358187	-0.0069684008	-0.0051717735	-0.0046228612	-0.0055623665	-0.0071493684	-0.0048036088	-0.0073350741	-0.0059692272	-0.0061542236	-0.0055029598	-0.0036832261	-0.0055464000	-0.0072025605	-0.0068378637	-0.0055713991	-0.0058958263	-0.0061356277	-0.0052840300	-0.0065675795	-0.0062072986	-0.0043422078	-0.0050532252	-0.0058603856	-0.0058380681	-0.0062376926	-0.0051071524	-0.0043974745	-0.0066458997	-0.0064537065	-0.0079720435	-0.0044877562	-0.0063384719	-0.0057207669	-0.0052783160	-0.0071803557	-0.0067034145	-0.0075673808	-0.0057107509	-0.0062016614	-0.0068051870	-0.0078989024	-0.0061350130	-0.0071075752	-0.0073922313	-0.0069455138	-0.0068049033	-0.0079976754	-0.0059998850	-0.0066913783	-0.0062595888	-0.0063267576	-0.0064080759	-0.0073118075	-0.0062860503	-0.0078748725	-0.0066657370	-0.0060003340	-0.0062255486	-0.0051962910	-0.0062145016	-0.0056432681	-0.0068795226	-0.0057878651	-0.0069358235	-0.0051052436	-0.0050727118	-0.0067763440	-0.0057257518	-0.0053391902	-0.0068073172
0.0006881307	-0.0063528177	-0.0075805025	-0.0064118939	-0.0043908053	-0.0058916755	-0.0065835223	-0.0073326398	0.5387255071	-0.0006107179	-0.0060054483	-0.0045993636	-0.0066009574	-0.0055436091	-0.0054298508	-0.0046977226	-0.0064635547	-0.0064545572	-0.0056207309	-0.0064023809	-0.0069947893	-0.0075287429	-0.0076942490	-0.0041452511	-0.0051276466	-0.0064268485	-0.0055595138	-0.0047277540	-0.0068847990	-0.0061154395	-0.0066280642	-0.0054527027	-0.0068361491	-0.0066372896	-0.0053575986	-0.0071122329	-0.0054830652	-0.0058969051	-0.0068021899	-0.0037734404	-0.0053214872	-0.0051657720	-0.0066985715	-0.0053317818	-0.0058547833	-0.0057209618	-0.0060852957	-0.0076357173	-0.0050185884	-0.0072143987	-0.0045049992	-0.0060226992	-0.0048032446	-0.0051491920	-0.0075101801	-0.0077132816	-0.0055839734	-0.0066157896	-0.0077869507	-0.0085014927	-0.0061817701	-0.0062146947	-0.0075054880	-0.0062800848	-0.0052726130	-0.0074750606	-0.0063920296	-0.0058195593	-0.0067245109	-0.0069535060	-0.0080340457	-0.0061083933	-0.0049685610	-0.0065429083	-0.0054217129	-0.0071068748	-0.0047241034	-0.0057415586	-0.0048593232	-0.0071697074	-0.0050853664	-0.0055022370	-0.0048335207	0.0005161667	-0.0067312324	-0.0059757397	-0.0056412618	-0.0063837744	-0.0054533515	-0.0043490665	-0.0054849483	-0.0063893050	-0.0042069125
0.0003583893	-0.0063471050	-0.0069207456	-0.0073584737	-0.0059658786	-0.0074467583	-0.0051769147	-0.0061493760	-0.0006107179	0.5329090416	-0.0056016704	-0.0074203072	-0.0062836274	-0.0046885673	-0.0050189750	-0.0049350026	-0.0057409925	-0.0062491007	-0.0062569170	-0.0066680958	-0.0057954280	-0.0056142640	-0.0056189178	-0.0055858237	-0.0076202819	-0.0056221799	-0.0060081723	-0.0061497537	-0.0041419140	-0.0035378609	-0.0057875608	-0.0053792222	-0.0049606662	-0.0059998885	-0.0050613176	-0.0077183530	-0.0066012738	-0.0051551566	-0.0071150533	-0.0051465680	-0.0051727846	-0.0051756978	-0.0058776273	-0.0059593386	-0.0040087452	-0.0058635823	-0.0052628384	-0.0052577394	-0.0056618493	-0.0067980381	-0.0058924257	-0.0025805692	-0.0064339822	-0.0061449315	-0.0045561244	-0.0060786664	-0.0063049763	-0.0068043658	-0.0055365641	-0.0048570468	-0.0059112726	-0.0065361009	-0.0060203586	-0.0067314548	-0.0057308207	-0.0065849973	-0.0057739513	-0.0048697082	-0.0062252023	-0.0069817319	-0.0068048416	-0.0069463456	-0.0061801118	-0.0061119672	-0.0065015845	-0.0068595394	-0.0050355126	-0.0063259219	-0.0069840601	-0.0065361771	-0.0069812708	-0.0062623899	-0.0063603340	-0.0058630976	-0.0048950886	-0.0066027345	-0.0070511377	-0.0046988304	-0.0059851318	-0.0051902829	-0.0072071299	-0.0052581809	-0.0055733859
-0.0061012691	-0.0049632726	-0.0059584047	-0.0049958853	-0.0029359478	-0.0048497906	-0.0037967119	-0.0048521954	-0.0060054483	-0.0056016704	0.5061529974	-0.0041692552	-0.0028051984	-0.0044604111	-0.0049598609	-0.0051084192	-0.0065213085	-0.0047745493	-0.0065275308	-0.0070141402	-0.0059429850	-0.0077397976	-0.0049147313	-0.0084163296	-0.0053735844	-0.0051049540	-0.0059986866	-0.0066664206	-0.0057883450	-0.0036917878	-0.0063848629	-0.0066029018	-0.0056510823	-0.0056551257	-0.0068382261	-0.0063315588	-0.0050381080	-0.0057763588	-0.0052061529	-0.0056072754	-0.0057805128	-0.0053449525	-0.0056521201	-0.0054825523	-0.0046777535	-0.0061859432	-0.0043241732	-0.0058775955	-0.0043988642	-0.0061312533	-0.0057265937	-0.0053779473	-0.0048234460	-0.0047871021	-0.0050106373	-0.0041809930	-0.0045850771	-0.0057181100	-0.0055181592	-0.0052404149	-0.0067840503	-0.0056608187	-0.0064925440	-0.0049816700	-0.0037384972	-0.0051146252	-0.0055865142	-0.0057315206	-0.0045256176	-0.0068322198	-0.0061451752	-0.0066649031	-0.0067591415	-0.0062374729	-0.0044691908	-0.0068454047	-0.0051977836	-0.0060925698	-0.0043067433	-0.0058155784	-0.0050721617	-0.0062609682	-0.0058064243	-0.0063452704	-0.0038855881	-0.0050130924	-0.0051058688	-0.0048354329	-0.0053274467	-0.0059663458	-0.0068558906	-0.0058434967	-0.0058982248
-0.0054111654	-0.0077988144	-0.0064160570	-0.0066143852	-0.0053352039	-0.0061551974	-0.0076750952	-0.0071095470	-0.0045993636	-0.0074203072	-0.0041692552	0.5125481743	-0.0043929065	-0.0034672814	-0.0050733995	-0.0041183537	-0.0047611237	-0.0058318682	-0.0061009983	-0.0066119496	-0.0046233832	-0.0050071622	-0.0070823894	-0.0059195362	-0.0061599109	-0.0054128087	-0.0063896960	-0.0051004359	-0.0064845408	-0.0045809255	-0.0051074158	-0.0075207962	-0.0059199879	-0.0056652267	-0.0044622100	-0.0059556148	-0.0040623511	-0.0060117498	-0.0055921766	-0.0051450184	-0.0055344326	-0.0069492520	-0.0064486483	-0.0038596136	-0.0062313979	-0.0036175725	-0.0059859073	-0.0060247849	-0.0045533269	-0.0051550768	-0.0051122747	-0.0061169512	-0.0064735050	-0.0071532204	-0.0059728421	-0.0060419894	-0.0048267337	-0.0064166986	-0.0050400861	-0.0056103750	-0.0051077766	-0.0053890435	-0.0039848784	-0.0053969266	-0.0041597304	-0.0061972786	-0.0058117396	-0.0062424990	-0.0046730837	-0.0064219335	-0.0061152220	-0.0049540440	-0.0036715002	-0.0053074779	-0.0061280148	-0.0034376927	-0.0040802494	-0.0067985985	-0.0043321798	-0.0062306505	-0.0066827449	-0.0043293582	-0.0050670083	-0.0041374052	-0.0064209839	-0.0050653142	-0.0069675077	-0.0060166360	-0.0061105012	-0.0052183366	-0.0047355139	-0.0068122326	-0.0061538141
-0.0064096926	-0.0052102132	-0.0048765272	-0.0057807945	-0.0034926672	-0.0046957200	-0.0043546674	-0.0064315207	-0.0066009574	-0.0062836274	-0.0028051984	-0.0043929065	0.5112099500	-0.0045983976	-0.0030185136	-0.0051409792	-0.0072322614	-0.0069807868	-0.0040794203	-0.0066663163	-0.0054085863	-0.0062747368	-0.0070749775	-0.0060669380	-0.0053154369	-0.0066913286	-0.0054054421	-0.0051580477	-0.0053979631	-0.0053412352	-0.0063885245	-0.0024199908	-0.0047165118	-0.0060824743	-0.0053439752	-0.0053815314	-0.0047065588	-0.0076911249	-0.0060149756	-0.0062964931	-0.0062830988	-0.0058994043	-0.0050906953	-0.0070784883	-0.0065532045	-0.0037277243	-0.0052352407	-0.0064213499	-0.0056043090	-0.0059242465	-0.0061634017	-0.0046282308	-0.0054904876	-0.0050944934	-0.0057532084	-0.0047949624	-0.0035345488	-0.0062139292	-0.0062135047	-0.0063844003	-0.0059177044	-0.0066637285	-0.0066851008	-0.0066243039	-0.0042906292	-0.0049439038	-0.0054124401	-0.0052247975	-0.0045459747	-0.0064088128	-0.0077466865	-0.0045831778	-0.0060563756	-0.0049697540	-0.0049695352	-0.0067392537	-0.0048585032	-0.0061794871	-0.0037288740	-0.0066435472	-0.0058915905	-0.0043907298	-0.0051932475	-0.0052890255	-0.0057034161	-0.0063699923	-0.0059512583	-0.0046487689	-0.0068054390	-0.0062964189	-0.0060886742	-0.0059867564	-0.0050850935
-0.0054910520	-0.0036147365	-0.0056045883	-0.0030173260	-0.0037140915	-0.0043107892	-0.0013582850	-0.0040079051	-0.0055436091	-0.0046885673	-0.0044604111	-0.0034672814	-0.0045983976	0.4636348382	-0.0039043050	-0.0061032967	-0.0045345557	-0.0057156736	-0.0043664412	-0.0063815148	-0.0066240405	-0.0048056874	-0.0051115612	-0.0062812335	-0.0043927190	-0.0035217375	-0.0058870258	-0.0046474527	-0.0065246267	-0.0063700568	-0.0044674185	-0.0051735708	-0.0059845648	-0.0046519476	-0.0060809641	-0.0047486577	-0.0057737236	-0.0046050603	-0.0041851806	-0.0049132120	-0.0050827046	-0.0049341757	-0.0050018658	-0.0036097088	-0.0049683277	-0.0056633157	-0.0054602400	-0.0055971843	-0.0043167204	-0.0047977930	-0.0058385940	-0.0046925510	-0.0064300775	-0.0056973473	-0.0066709950	-0.0046859965	-0.0047218403	-0.0074563467	-0.0051791781	-0.0066646191	-0.0046324189	-0.0074979562	-0.0064776434	-0.0053937077	-0.0044572460	-0.0056400591	-0.0070434299	-0.0043868507	-0.0067225954	-0.0057191639	-0.0045452915	-0.0047593612	-0.0036962991	-0.0066076839	-0.0044713747	-0.0049084826	-0.0055467658	-0.0060347350	-0.0057320906	-0.0046128571	-0.0041165023	-0.0061816170	-0.0041074648	0.0054698271	-0.0053720026	-0.0053559833	-0.0048767841	-0.0055623059	-0.0047917140	-0.0038982824	-0.0049340924	-0.0076119174	-0.0063071369
-0.0046745503	-0.0056017484	-0.0078576108	-0.0076048845	-0.0053179549	-0.0065756113	-0.0043375937	-0.0078446655	-0.0054298508	-0.0050189750	-0.0049598609	-0.0050733995	-0.0030185136	-0.0039043050	0.4921598691	-0.0058271694	-0.0071258669	-0.0055107057	-0.0070270783	-0.0065641370	-0.0057832006	-0.0046889645	-0.0066733070	-0.0056718693	-0.0051524245	-0.0067996251	-0.0065343926	-0.0070181535	-0.0055633746	0.0000933147	-0.0057100263	-0.0046775304	-0.0044176774	-0.0054713302	-0.0065007843	-0.0045526483	-0.0058466555	-0.0061387667	-0.0045017947	-0.0046266592	-0.0043959826	-0.0035042520	-0.0057045143	-0.0049942070	-0.0055460964	-0.0047508638	-0.0051635318	-0.0052906300	-0.0043606424	-0.0052954774	-0.0048866850	-0.0058943643	-0.0021299935	-0.0033498373	-0.0056782481	-0.0051214407	-0.0070978067	-0.0050300619	-0.0062540697	-0.0046644794	-0.0052041268	-0.0051760778	-0.0056796330	-0.0032475535	-0.0054888708	-0.0065649951	-0.0057908006	-0.0026023346	-0.0049345251	-0.0069073985	-0.0053040601	-0.0057717766	-0.0068650489	-0.0055054639	-0.0049346799	-0.0080035327	-0.0056136999	-0.0042587221	-0.0044831011	-0.0053470206	-0.0039997741	-0.0058368519	-0.0048382527	-0.0013798508	-0.0057821395	-0.0062487518	-0.0057988286	-0.0059953478	-0.0068483739	-0.0057544115	-0.0064255685	-0.0036196130	-0.0073251480
-0.0037122788	-0.0048981666	-0.0056965861	-0.0052039291	-0.0053343887	-0.0067697984	-0.0059570237	-0.0056434992	-0.0046977226	-0.0049350026	-0.0051084192	-0.0041183537	-0.0051409792	-0.0061032967	-0.0058271694	0.4642897670	-0.0044217761	-0.0051017429	-0.0052515094	-0.0059399389	-0.0051108394	-0.0047377817	-0.0063585320	-0.0054244355	-0.0047777265	-0.0047430330	-0.0060366797	-0.0044519382	-0.0056551812	-0.0062347159	-0.0029258849	-0.0052959333	-0.0036480925	-0.0044336630	-0.0048910743	-0.0028048209	-0.0053702378	-0.0054795202	-0.0062141396	-0.0031168315	-0.0047299742	-0.0031936845	-0.0050867974	-0.0052503498	-0.0057133320	-0.0036018629	-0.0048196399	-0.0040214832	-0.0035080373	-0.0051255175	-0.0059292715	-0.0038484646	-0.0037350982	-0.0056069437	-0.0030655280	-0.0036767301	-0.0033413219	-0.0061057606	-0.0056445735	-0.0079907855	-0.0053192466	-0.0058450406	-0.0065028255	-0.0060627903	-0.0055062165	-0.0055149010	-0.0036501235	-0.0045363673	-0.0066310492	-0.0062467413	-0.0048440396	-0.0049214653	-0.0034095417	-0.0052599799	-0.0046809868	-0.0047260192	-0.0052963307	-0.0047954647	-0.0062060922	-0.0055997243	-0.0064913184	-0.0049949493	-0.0051320553	-0.0043151251	-0.0049547462	-0.0057526092	-0.0042227208	-0.0056709752	-0.0038793558	-0.0045046523	-0.0062442830	-0.0043712392	-0.0066329917
-0.0066031237	-0.0065227804	-0.0069680310	-0.0061310428	-0.0054050552	-0.0075700132	-0.0062760033	-0.0063129633	-0.0064635547	-0.0057409925	-0.0065213085	-0.0047611237	-0.0072322614	-0.0045345557	-0.0071258669	-0.0044217761	0.5232962437	-0.0061272647	-0.0065782860	-0.0068166962	-0.0063124170	-0.0038740832	-0.0073916710	-0.0061695365	-0.0058975427	-0.0059892093	-0.0058648225	-0.0062652555	-0.0059418984	-0.0056260035	-0.0058095195	-0.0057911963	-0.0058353077	-0.0064461123	-0.0065870505	-0.0062059567	-0.0061974250	-0.0065155576	-0.0051330485	-0.0071315013	-0.0045769229	-0.0053615669	-0.0078432333	-0.0062433414	-0.0053716428	-0.0035151976	-0.0042247020	0.0389976505	-0.0061109203	-0.0061638657	-0.0058302455	-0.0063801937	-0.0061655945	-0.0052367348	-0.0063650254	-0.0062411057	-0.0066389783	-0.0073108883	-0.0048595323	-0.0065635544	-0.0062077960	-0.0061098881	-0.0066170082	-0.0062156049	-0.0056903253	-0.0092955591	-0.0077655471	-0.0067924039	-0.0074369644	-0.0060083487	-0.0046967589	-0.0057140139	-0.0051497288	-0.0056268239	-0.0061101812	-0.0059340150	-0.0055173895	-0.0072071460	-0.0067687959	-0.0066626061	-0.0061154265	-0.0066721735	-0.0058775546	-0.0057761203	-0.0059056803	-0.0068781397	-0.0069927318	-0.0066838464	-0.0068295981	-0.0058029537	-0.0058464784	-0.0075912765	-0.0076939497
-0.0062459292	-0.0067282044	-0.0055543662	-0.0069278695	-0.0043426959	-0.0051667095	-0.0046012031	-0.0079792122	-0.0064545572	-0.0062491007	-0.0047745493	-0.0058318682	-0.0069807868	-0.0057156736	-0.0055107057	-0.0051017429	-0.0061272647	0.5010649445	-0.0065493340	-0.0051109686	-0.0055707768	-0.0047212774	-0.0073808241	-0.0037101827	-0.0044231453	-0.0069084611	-0.0060168711	-0.0046397855	-0.0057523069	-0.0061416673	-0.0055491165	-0.0057145639	-0.0045950658	-0.0049431963	-0.0065621170	-0.0051560010	-0.0043859812	-0.0062430007	-0.0044587203	-0.0058645151	-0.0057010970	-0.0047977372	-0.0060420374	-0.0054035541	-0.0068146867	-0.0042609233	-0.0049720263	-0.0069171663	-0.0046153685	-0.0055824984	-0.0059892963	-0.0042841475	-0.0056502855	-0.0043996722	-0.0014039578	-0.0053593932	-0.0061566762	-0.0000599945	-0.0046718812	-0.0055566652	-0.0054618587	-0.0061026132	-0.0031016930	-0.0061320216	-0.0061631561	-0.0058986052	-0.0042061495	-0.0063801415	-0.0049433556	-0.0065573292	-0.0063688450	-0.0054735315	-0.0051766852	-0.0059296478	-0.0066512856	-0.0060428740	-0.0050235096	-0.0043364658	-0.0055910500	-0.0057251067	-0.0061689861	-0.0042128014	-0.0054656361	-0.0042688499	-0.0047442074	-0.0069544312	-0.0055456928	-0.0050626197	-0.0052094801	-0.0054211527	-0.0072048508	-0.0040854806	-0.0061254484
-0.0059662109	-0.0073954532	-0.0070555709	-0.0064413738	-0.0050878300	-0.0052232173	-0.0044680897	-0.0071719704	-0.0056207309	-0.0062569170	-0.0065275308	-0.0061009983	-0.0040794203	-0.0043664412	-0.0070270783	-0.0052515094	-0.0065782860	-0.0065493340	0.5191979694	-0.0060951521	-0.0052655153	-0.0049427474	-0.0051259703	-0.0052049445	-0.0045615436	-0.0045815374	-0.0050556517	-0.0048523279	-0.0064727133	-0.0066357881	-0.0053048160	-0.0044501193	-0.0066446656	-0.0065084649	-0.0063932701	-0.0069207899	-0.0063485027	-0.0058879051	-0.0049127828	-0.0058701782	-0.0053857863	-0.0048736173	-0.0050605662	-0.0067816760	-0.0027795202	-0.0056665879	-0.0046980473	-0.0074685020	-0.0067267162	-0.0046579293	-0.0057012340	-0.0052844680	-0.0054865095	-0.0052228312	-0.0058850816	-0.0055564016	-0.0052357335	-0.0051819908	-0.0053679357	-0.0055331236	-0.0046375720	-0.0060253562	-0.0051490031	-0.0056741515	-0.0058282512	-0.0059678118	-0.0059328429	-0.0070624142	-0.0064072341	-0.0049782718	-0.0044276775	-0.0052289375	-0.0055598896	-0.0053492792	-0.0053641824	-0.0054751039	-0.0044816715	-0.0054707508	-0.0070442087	-0.0061821142	-0.0031761878	-0.0054657823	-0.0047936740	-0.0049200125	-0.0054105229	-0.0057721391	-0.0050294707	-0.0064248358	-0.0058786665	-0.0061421757	-0.0066355597	-0.0058503071	-0.0076943043
-0.0078003850	-0.0070404100	-0.0074962426	-0.0072851024	-0.0055806804	-0.0081474815	-0.0053268382	-0.0063059766	-0.0064023809	-0.0066680958	-0.0070141402	-0.0066119496	-0.0066663163	-0.0063815148	-0.0065641370	-0.0059399389	-0.0068166962	-0.0051109686	-0.0060951521	0.5804487900	-0.0057254362	-0.0067183443	-0.0059073126	-0.0050088739	-0.0052510503	-0.0046145382	-0.0073531113	-0.0064150517	-0.0055522774	-0.0060872536	-0.0051695205	-0.0070339378	-0.0054263215	-0.0061496073	-0.0071261381	-0.0059250363	-0.0062269275	-0.0072316451	-0.0066556168	-0.0056275120	-0.0054905842	-0.0063898377	-0.0065261810	-0.0043411346	-0.0050520447	-0.0053076835	-0.0048524854	-0.0052907491	-0.0062002580	-0.0067424792	-0.0059647498	-0.0053290197	-0.0052138363	-0.0041026544	-0.0055700461	-0.0058560106	-0.0065922836	-0.0063565787	-0.0076385977	-0.0065850127	-0.0070209277	-0.0077338077	-0.0061526986	-0.0084824414	-0.0060091061	-0.0067198680	-0.0076426966	-0.0065798852	-0.0068919973	-0.0072528525	-0.0054146416	-0.0069087804	-0.0070083036	-0.0060617205	-0.0077849592	-0.0056822197	-0.0059482734	-0.0080620398	-0.0061383472	-0.0052084259	-0.0069391579	-0.0065964293	-0.0062795926	-0.0053051389	-0.0061208779	-0.0065021828	-0.0078442943	-0.0060655024	-0.0071378851	-0.0056131731	-0.0059985708	-0.0063797183	-0.0071001278
-0.0073496071	-0.0043075163	-0.0053757623	-0.0068186014	-0.0057664788	-0.0057727310	-0.0070793726	-0.0066113186	-0.0069947893	-0.0057954280	-0.0059429850	-0.0046233832	-0.0054085863	-0.0066240405	-0.0057832006	-0.0051108394	-0.0063124170	-0.0055707768	-0.0052655153	-0.0057254362	0.5085705469	-0.0035897203	-0.0059843034	-0.0041075453	-0.0047226222	-0.0049424174	-0.0037360927	-0.0054867128	-0.0057830732	-0.0054612102	-0.0068995133	-0.0069746221	-0.0034820515	-0.0066905436	-0.0044597662	-0.0056353524	-0.0047647843	-0.0079610415	-0.0045927401	-0.0064330568	-0.0026927369	-0.0034895664	-0.0051316633	-0.0060888047	-0.0057110117	-0.0059141776	-0.0056591364	-0.0056972373	-0.0065704115	-0.0052814304	-0.0056784525	-0.0052430467	-0.0046018171	-0.0048948920	-0.0057225814	-0.0061349838	-0.0042580329	-0.0060702533	-0.0058355020	-0.0060177007	-0.0038432735	-0.0062810641	-0.0048070537	-0.0058314445	-0.0067406038	-0.0040233531	-0.0055608638	-0.0051156008	-0.0049890074	-0.0063793643	-0.0049983952	-0.0041673861	-0.0065190152	-0.0054777901	-0.0063061069	-0.0043572896	-0.0043368492	-0.0065600830	-0.0057089743	-0.0057723662	-0.0057336877	-0.0039598109	-0.0067110120	-0.0061239438	-0.0073925162	-0.0072473545	-0.0059093184	-0.0048507650	-0.0047717696	-0.0049981557	-0.0047149378	-0.0044915070	-0.0072504901
-0.0062333771	-0.0064879640	-0.0066749881	-0.0058752682	-0.0050323557	-0.0050150436	-0.0060807928	-0.0049273002	-0.0075287429	-0.0056142640	-0.0077397976	-0.0050071622	-0.0062747368	-0.0048056874	-0.0046889645	-0.0047377817	-0.0038740832	-0.0047212774	-0.0049427474	-0.0067183443	-0.0035897203	0.5185806815	-0.0056223705	-0.0046878883	-0.0061795690	-0.0067509121	-0.0049337618	-0.0039273126	-0.0055371952	-0.0059218703	-0.0047825695	-0.0067333036	-0.0015253480	-0.0044393090	-0.0063386945	-0.0040337261	-0.0049412429	-0.0062832320	-0.0049891331	-0.0057578701	-0.0041985536	-0.0053224294	-0.0068007739	-0.0054420218	-0.0071847843	-0.0046435636	-0.0067863486	-0.0051584398	-0.0056390531	-0.0064449903	-0.0065856417	-0.0048300644	-0.0070185196	-0.0056699092	-0.0041587574	-0.0048823333	-0.0053443100	-0.0063006409	-0.0072118086	-0.0079874285	-0.0059952870	-0.0047992153	-0.0059755326	-0.0062148794	-0.0060731302	-0.0064355908	-0.0068360649	-0.0070263481	-0.0068251421	-0.0075143984	-0.0044898826	-0.0037680101	-0.0069181845	-0.0047770879	-0.0060147027	-0.0072706596	-0.0063852295	-0.0052682210	-0.0050706379	-0.0045817027	-0.0068529724	-0.0052539888	-0.0052817008	-0.0068475094	-0.0061554689	-0.0060982822	-0.0039580523	-0.0031223746	-0.0050204068	-0.0066371009	-0.0051352272	-0.0057169782	-0.0066946318
-0.0048374254	-0.0073852187	-0.0059310093	-0.0080424270	-0.0054256227	-0.0072723950	-0.0062181288	-0.0078358187	-0.0076942490	-0.0056189178	-0.0049147313	-0.0070823894	-0.0070749775	-0.0051115612	-0.0066733070	-0.0063585320	-0.0073916710	-0.0073808241	-0.0051259703	-0.0059073126	-0.0059843034	-0.0056223705	0.5204207057	-0.0052829832	-0.0061256159	-0.0022139538	-0.0067381966	-0.0056214101	-0.0040029878	-0.0065476962	-0.0059265016	-0.0060980792	-0.0066782735	-0.0064841526	-0.0055568816	-0.0063111415	-0.0063156853	-0.0041399880	-0.0036938432	-0.0009480468	-0.0072939600	-0.0049905696	-0.0036340146	-0.0055304431	-0.0059469929	-0.0066852087	-0.0052170746	-0.0064561661	-0.0058132044	-0.0062305124	-0.0015381319	-0.0054854648	-0.0031804932	-0.0057290414	-0.0056661556	0.0024186763	-0.0056705110	-0.0069015754	-0.0062453585	-0.0065840503	-0.0060843883	-0.0056375850	-0.0065877007	-0.0061619023	-0.0062682044	-0.0064794488	-0.0058575188	-0.0058664812	-0.0071551249	-0.0067338747	0.0095752607	-0.0057751437	-0.0062962642	-0.0060969005	-0.0054599866	-0.0081701431	-0.0072629481	-0.0056298423	-0.0033672924	-0.0073508972	-0.0067175623	-0.0069511563	-0.0067258502	-0.0061943563	-0.0065307767	-0.0077169989	-0.0043845222	-0.0050724909	-0.0037637539	-0.0059312865	-0.0070097242	-0.0060489661	-0.0067520231
-0.0066927286	-0.0060201227	-0.0060058561	-0.0068771903	-0.0045601139	-0.0058406024	-0.0060458548	-0.0069684008	-0.0041452511	-0.0055858237	-0.0084163296	-0.0059195362	-0.0060669380	-0.0062812335	-0.0056718693	-0.0054244355	-0.0061695365	-0.0037101827	-0.0052049445	-0.0050088739	-0.0041075453	-0.0046878883	-0.0052829832	0.5220831711	-0.0076166584	-0.0063753758	-0.0015772715	-0.0064163193	-0.0055653091	-0.0069764690	-0.0069262097	-0.0057835399	-0.0049624517	-0.0066523020	-0.0048021732	-0.0057919971	-0.0058792721	-0.0069166888	-0.0043446941	-0.0045839393	-0.0054658136	-0.0044742638	-0.0058491225	-0.0045882106	-0.0056325441	-0.0073273876	-0.0049859722	-0.0037412879	-0.0055547534	-0.0060888097	-0.0060499601	-0.0052873625	-0.0050295239	-0.0050084777	-0.0053238248	-0.0048140202	-0.0054341950	-0.0059320866	-0.0062687016	-0.0063538535	-0.0055371264	-0.0059339428	-0.0050811014	-0.0061095595	-0.0045125920	-0.0052448449	-0.0062438734	-0.0054960864	-0.0050862116	-0.0066835853	-0.0067514737	-0.0052136195	-0.0069129094	-0.0062441392	-0.0051699673	-0.0050450646	-0.0064956632	-0.0054780147	-0.0052950060	-0.0027391434	-0.0065218583	-0.0058609056	-0.0070642571	-0.0050215035	-0.0054798429	-0.0067997256	-0.0066219060	-0.0051167478	-0.0059104474	-0.0062789840	-0.0077237743	-0.0043980887	-0.0069361222
-0.0071060679	-0.0048812312	-0.0047132497	-0.0055544230	-0.0045141260	-0.0065864665	-0.0058597273	-0.0051717735	-0.0051276466	-0.0076202819	-0.0053735844	-0.0061599109	-0.0053154369	-0.0043927190	-0.0051524245	-0.0047777265	-0.0058975427	-0.0044231453	-0.0045615436	-0.0052510503	-0.0047226222	-0.0061795690	-0.0061256159	-0.0076166584	0.4932069459	-0.0063096184	-0.0064687305	-0.0043977121	-0.0060231308	-0.0049000492	-0.0070742675	-0.0045808472	-0.0065761952	-0.0037112238	-0.0046657553	-0.0057431211	-0.0053107075	-0.0060022657	-0.0039551474	-0.0052906820	-0.0060824791	-0.0061267660	-0.0055429597	-0.0063014820	-0.0044630345	-0.0049976167	-0.0050874863	-0.0060738419	-0.0051142221	-0.0036760510	-0.0043606211	-0.0048195930	-0.0056264184	-0.0064559130	-0.0051500519	-0.0048448624	-0.0042551089	-0.0033913349	-0.0040398883	-0.0042517561	-0.0051357237	-0.0061563625	-0.0066310184	-0.0047866362	-0.0060877458	-0.0064074303	-0.0062123614	-0.0062928514	-0.0046422063	-0.0040658865	-0.0065321213	-0.0054289304	-0.0054074865	-0.0042660074	-0.0063903664	-0.0062161167	-0.0047190386	-0.0043441772	-0.0048474276	-0.0048038024	-0.0066850579	-0.0052176603	-0.0042409573	-0.0050429698	-0.0062035407	-0.0053438631	-0.0055766096	-0.0049417665	-0.0053030408	-0.0054086340	-0.0045349758	-0.0049529806	-0.0056257082
-0.0063634013	-0.0044597092	-0.0068578472	-0.0065820230	-0.0040285249	-0.0060189102	-0.0050098074	-0.0046228612	-0.0064268485	-0.0056221799	-0.0051049540	-0.0054128087	-0.0066913286	-0.0035217375	-0.0067996251	-0.0047430330	-0.0059892093	-0.0069084611	-0.0045815374	-0.0046145382	-0.0049424174	-0.0067509121	-0.0022139538	-0.0063753758	-0.0063096184	0.5031698394	-0.0048335694	-0.0059576519	-0.0075017948	-0.0056092855	-0.0044719313	-0.0046923217	-0.0051901020	-0.0063324986	-0.0062441539	-0.0064282935	-0.0056081757	-0.0060852502	-0.0050571068	-0.0044609996	-0.0060099047	-0.0045321584	-0.0039173555	-0.0049468029	-0.0061701326	-0.0043648492	-0.0045371592	-0.0083820266	-0.0042206041	-0.0048173676	-0.0034513786	-0.0037433686	-0.0047847738	-0.0033777391	-0.0063228236	-0.0037779297	-0.0052896031	-0.0060668290	-0.0047089210	-0.0056456950	-0.0062583079	-0.0055427038	-0.0051224760	-0.0058366321	-0.0045377166	-0.0051404321	-0.0057978381	-0.0056578399	-0.0057140835	-0.0061507760	-0.0065975217	-0.0037331083	-0.0058442765	-0.0054317981	-0.0067112077	-0.0052885094	-0.0055838616	-0.0067533270	-0.0048143577	-0.0035277970	-0.0062414506	-0.0054222548	-0.0047140549	-0.0061760226	-0.0060851226	-0.0060893466	-0.0059959293	-0.0055909658	-0.0048739962	-0.0073511323	-0.0065409125	-0.0066808809	-0.0068710190
-0.0071704926	-0.0068312723	-0.0070242600	-0.0066354688	-0.0052244715	-0.0055895788	-0.0039456971	-0.0055623665	-0.0055595138	-0.0060081723	-0.0059986866	-0.0063896960	-0.0054054421	-0.0058870258	-0.0065343926	-0.0060366797	-0.0058648225	-0.0060168711	-0.0050556517	-0.0073531113	-0.0037360927	-0.0049337618	-0.0067381966	-0.0015772715	-0.0064687305	-0.0048335694	0.5053789545	-0.0066773805	-0.0042953658	-0.0052238611	-0.0069870057	-0.0042325646	-0.0057667797	-0.0053033167	-0.0080323197	-0.0041312659	-0.0057127941	-0.0065214940	-0.0049694764	-0.0044590796	-0.0050372560	-0.0061622504	-0.0050535758	-0.0051323720	-0.0049050722	-0.0065753469	-0.0044965643	0.0050806479	-0.0063742491	-0.0056129360	-0.0057708719	-0.0061105608	-0.0051543132	-0.0059469717	-0.0036795894	-0.0030250547	-0.0053122610	-0.0069809838	-0.0058807669	-0.0057535200	-0.0056198863	-0.0070963576	-0.0063807885	-0.0051980024	-0.0058015542	-0.0061441685	-0.0046701144	-0.0061639488	-0.0050409041	-0.0054593794	-0.0069429164	-0.0066888937	-0.0051416302	-0.0067344860	-0.0058631257	-0.0050072982	-0.0051596384	-0.0066097781	-0.0056004764	-0.0043731108	-0.0054250439	-0.0060186792	-0.0049825501	-0.0054146216	-0.0058383960	-0.0037452288	-0.0053254418	-0.0060014069	-0.0057119715	-0.0056466232	-0.0043744119	-0.0066231675	-0.0059970866
-0.0069174069	-0.0062857160	-0.0056750988	-0.0073280396	-0.0047498830	-0.0049893118	-0.0043890920	-0.0071493684	-0.0047277540	-0.0061497537	-0.0066664206	-0.0051004359	-0.0051580477	-0.0046474527	-0.0070181535	-0.0044519382	-0.0062652555	-0.0046397855	-0.0048523279	-0.0064150517	-0.0054867128	-0.0039273126	-0.0056214101	-0.0064163193	-0.0043977121	-0.0059576519	-0.0066773805	0.5121265986	-0.0065199039	-0.0058012182	-0.0051105466	-0.0054506953	-0.0052011572	-0.0022365668	-0.0060220128	-0.0056010751	-0.0040156456	-0.0069676573	-0.0042624885	-0.0045498139	-0.0052918896	-0.0037429454	-0.0053691114	-0.0053446091	-0.0064571201	-0.0057784471	-0.0048272420	-0.0062501370	-0.0047132417	-0.0062456418	-0.0060590136	-0.0061827118	-0.0054545720	-0.0054290584	-0.0043720453	-0.0046955422	-0.0055297923	-0.0056058193	-0.0064539988	-0.0038857483	-0.0061535665	-0.0066746741	-0.0056234772	-0.0070813889	-0.0059066227	-0.0066223635	-0.0068659913	-0.0059355683	-0.0043256377	-0.0061738100	-0.0061627594	-0.0054523545	-0.0064798420	-0.0055461236	-0.0051871282	-0.0074627657	-0.0054966638	-0.0052986927	-0.0033753607	-0.0063909657	-0.0056985959	-0.0052584603	-0.0063667725	-0.0057040741	-0.0061631254	-0.0055003744	-0.0028555429	-0.0058127290	-0.0057411733	-0.0047988297	-0.0059383202	-0.0049194714	-0.0076651120
-0.0055285903	-0.0070222114	-0.0067177780	-0.0066305752	-0.0045759209	-0.0052014353	-0.0041731356	-0.0048036088	-0.0068847990	-0.0041419140	-0.0057883450	-0.0064845408	-0.0053979631	-0.0065246267	-0.0055633746	-0.0056551812	-0.0059418984	-0.0057523069	-0.0064727133	-0.0055522774	-0.0057830732	-0.0055371952	-0.0040029878	-0.0055653091	-0.0060231308	-0.0075017948	-0.0042953658	-0.0065199039	0.4872676712	-0.0044535904	-0.0063954735	-0.0055323587	-0.0045815846	-0.0005128627	-0.0063390726	-0.0059145281	-0.0044447775	-0.0049085650	-0.0055875324	-0.0056249303	-0.0047780554	-0.0034753230	-0.0054072485	-0.0038574910	-0.0060095940	-0.0069163081	-0.0059992126	-0.0055477344	-0.0025115254	-0.0049704136	-0.0035524573	-0.0050987289	-0.0051120087	-0.0049735365	-0.0053020071	-0.0030158567	-0.0049377040	-0.0077979859	-0.0064964174	-0.0055989838	-0.0058497876	-0.0053220185	-0.0052231344	-0.0048981577	-0.0057790205	-0.0047070235	-0.0045099974	-0.0045154812	-0.0069865514	-0.0057503180	-0.0064961517	-0.0062084332	-0.0053719727	-0.0046886619	-0.0045753175	-0.0067884641	-0.0049459438	-0.0067750287	-0.0060904208	-0.0059152431	-0.0054061350	-0.0049536759	-0.0061646367	-0.0033632595	-0.0039217272	-0.0035532744	-0.0043178352	-0.0021376544	-0.0052467812	-0.0035342167	-0.0060213596	-0.0047747261	-0.0067794373
-0.0069167239	-0.0062067487	-0.0060678725	-0.0068664885	-0.0041040100	-0.0056129259	-0.0051430134	-0.0073350741	-0.0061154395	-0.0035378609	-0.0036917878	-0.0045809255	-0.0053412352	-0.0063700568	0.0000933147	-0.0062347159	-0.0056260035	-0.0061416673	-0.0066357881	-0.0060872536	-0.0054612102	-0.0059218703	-0.0065476962	-0.0069764690	-0.0049000492	-0.0056092855	-0.0052238611	-0.0058012182	-0.0044535904	0.4838745747	-0.0066058868	-0.0053675520	-0.0045676280	-0.0059732604	-0.0060539328	-0.0047121899	-0.0070507788	-0.0056353832	-0.0045238134	-0.0057441449	-0.0054438199	-0.0064856815	-0.0047425054	-0.0061677519	-0.0061233828	-0.0045514548	-0.0056291303	-0.0040154378	-0.0047053829	-0.0041855371	-0.0049194111	-0.0027441231	-0.0053976015	-0.0051784648	-0.0046482578	-0.0050207402	-0.0076600969	-0.0052531554	-0.0048603908	-0.0056164227	-0.0060428976	-0.0022759012	-0.0051594017	-0.0048668379	-0.0043416684	-0.0040850454	-0.0056062110	-0.0052675584	-0.0057170838	-0.0046043089	-0.0060238927	-0.0061409154	-0.0063495934	-0.0045039748	-0.0027823666	-0.0059129213	-0.0052238476	-0.0063062182	-0.0050035874	-0.0051433289	-0.0046199465	-0.0038650809	-0.0056447504	-0.0031125618	-0.0031467896	-0.0055996193	-0.0043850390	-0.0048353103	-0.0052013885	-0.0065536801	-0.0068436021	-0.0051091948	-0.0045992053
