1.0000000000	0.9123668358	0.9118504752	0.9120782670	0.9134380490	0.9118271369	0.9135613856	0.9124631874	0.9130724151	0.9134557958	0.9120024985	0.9123299645	0.9120723514	0.9128323058	0.9126814170	0.9134403990	0.9117700066	0.9123036278	0.9121202436	0.9106238352	0.9121380715	0.9119071193	0.9118230851	0.9121184608	0.9118749480	0.9118517718	0.9116944001	0.9118542839	0.9126181280	0.9119144935	0.9115266559	0.9122521700	0.9122983605	0.9119352387	0.9118300542	0.9098401373	0.9119779446	0.9116684686	0.9121938242	0.9124377422	0.9125014364	0.9132047467	0.9123999794	0.9128312524	0.9132867550	0.9126661013	0.9122687824	0.9127524045	0.9133348093	0.9122396905	0.9130035346	0.9130168245	0.9120612495	0.9125974639	0.9131338403	0.9138171348	0.9132861877	0.9116169298	0.9119971501	0.9117241403	0.9124890379	0.9119150608	0.9120429354	0.9119059848	0.9123892017	0.9124594598	0.9116824878	0.9120451234	0.9125188591	0.9116597978	0.9118825654	0.9121961742	0.9122538718	0.9120366146	0.9128092916	0.9112568064	0.9136356955	0.9119670858	0.9121363698	0.9120713790	0.9117603633	0.9123090572	0.9127577528	0.9128432457	0.9122976311	0.9127850619	0.9116865396	0.9128628563	0.9132156865	0.9123231574	0.9115246300	0.9129529682	0.9120272144
0.9123668358	1.0000000000	0.9125256661	0.9121500648	0.9138754806	0.9126240436	0.9163524231	0.9120221902	0.9119105228	0.9120576029	0.9123409043	0.9114664462	0.9123506286	0.9132964793	0.9124339335	0.9131263040	0.9117549339	0.9121836947	0.9115653100	0.9111478132	0.9131126089	0.9119367784	0.9115140143	0.9122743738	0.9123350697	0.9124832033	0.9116995864	0.9122554115	0.9121602753	0.9123723462	0.9114835448	0.9121319128	0.9126236385	0.9119073624	0.9118274610	0.9103448287	0.9113521856	0.9123903362	0.9125588098	0.9124362835	0.9120382353	0.9132502889	0.9123424440	0.9123986829	0.9123003864	0.9129155297	0.9129485113	0.9130008604	0.9133715996	0.9120991743	0.9129519958	0.9129265505	0.9123192677	0.9127574287	0.9129895965	0.9142505146	0.9120917190	0.9114514546	0.9124125400	0.9117434268	0.9130914585	0.9126847395	0.9121486062	0.9116875121	0.9128985932	0.9127434095	0.9117204126	0.9125047588	0.9123901741	0.9116591495	0.9113256869	0.9125008691	0.9123352318	0.9127913827	0.9132024777	0.9117344318	0.9125282592	0.9129398404	0.9124814205	0.9120859654	0.9123470630	0.9121045227	0.9125203177	0.9125490855	0.9120200022	0.9129259023	0.9123328817	0.9124840947	0.9123557339	0.9119959346	0.9113361405	0.9118763256	0.9115880000
0.9118504752	0.9125256661	1.0000000000	0.9133297850	0.9133053122	0.9125284213	0.9128085623	0.9137463094	0.9112106970	0.9116452924	0.9116033158	0.9121251058	0.9126298782	0.9126977863	0.9116692790	0.9125467354	0.9115964277	0.9123323145	0.9115776274	0.9110068107	0.9127092123	0.9117807033	0.9115451320	0.9122153797	0.9129470526	0.9118836999	0.9116274645	0.9122811809	0.9121273748	0.9122039537	0.9116345956	0.9120643289	0.9123379060	0.9117676565	0.9114898656	0.9100563410	0.9115708204	0.9114166091	0.9127484337	0.9122434181	0.9121836137	0.9129699047	0.9125805274	0.9128737152	0.9126660202	0.9121832895	0.9120895310	0.9125904948	0.9132421042	0.9125481130	0.9126802015	0.9126468147	0.9125155366	0.9123225902	0.9126505424	0.9135229746	0.9132372421	0.9115242248	0.9121597081	0.9118562287	0.9124810964	0.9118915604	0.9122058175	0.9112975674	0.9121890431	0.9123649720	0.9120254316	0.9120337783	0.9120752687	0.9117550960	0.9112728515	0.9120041192	0.9114754412	0.9120272144	0.9126240436	0.9113342767	0.9128428405	0.9123701582	0.9121744566	0.9114213092	0.9116600409	0.9124661047	0.9126854688	0.9128978638	0.9115827327	0.9120142487	0.9121069537	0.9125909000	0.9124544356	0.9117345129	0.9119228402	0.9121155435	0.9118977191
0.9120782670	0.9121500648	0.9133297850	1.0000000000	0.9135622770	0.9129357886	0.9145301694	0.9220400878	0.9114070469	0.9114343560	0.9122220247	0.9116276266	0.9121210540	0.9131999656	0.9112586702	0.9129169883	0.9118608478	0.9119304576	0.9115897018	0.9107970089	0.9121742945	0.9115665255	0.9103907760	0.9117310283	0.9123369335	0.9117666031	0.9115234955	0.9115268179	0.9123457665	0.9121246196	0.9116445631	0.9114725239	0.9118307024	0.9119043641	0.9115241437	0.9101591755	0.9108328267	0.9111158850	0.9123548425	0.9121456078	0.9121742945	0.9122029002	0.9117605254	0.9121775360	0.9122244558	0.9118824033	0.9125142400	0.9117703307	0.9128425163	0.9118736515	0.9119341042	0.9124175642	0.9116310301	0.9120358042	0.9124922793	0.9131104209	0.9125893603	0.9108022762	0.9124609184	0.9113438389	0.9122625426	0.9118068779	0.9115871086	0.9116375129	0.9121789136	0.9119524183	0.9113581012	0.9117725997	0.9124565425	0.9115271421	0.9115142574	0.9119855620	0.9114447286	0.9117277869	0.9122662703	0.9108774775	0.9122797222	0.9120344266	0.9113808723	0.9115776274	0.9116089073	0.9116553408	0.9123014398	0.9121263213	0.9105825069	0.9117589047	0.9116726825	0.9128629374	0.9125622943	0.9116559891	0.9114344370	0.9126901689	0.9113569667
0.9134380490	0.9138754806	0.9133053122	0.9135622770	1.0000000000	0.9131916999	0.9146536681	0.9137188383	0.9132366748	0.9132257350	0.9136406386	0.9128673133	0.9135273505	0.9139383644	0.9134654391	0.9139168089	0.9128771997	0.9134835911	0.9132556372	0.9124564615	0.9132859446	0.9132750858	0.9126460044	0.9134164124	0.9137988207	0.9135613856	0.9134612252	0.9134496371	0.9139606493	0.9138967120	0.9124709669	0.9133968017	0.9136684340	0.9131320575	0.9128861947	0.9118205730	0.9129394352	0.9129735514	0.9143180175	0.9134057157	0.9132671443	0.9137989827	0.9129598563	0.9136254849	0.9140383627	0.9137794531	0.9140168072	0.9135292954	0.9149338901	0.9138222400	0.9142415196	0.9142350368	0.9128220953	0.9139629993	0.9143719874	0.9147830013	0.9133935603	0.9130006173	0.9136232970	0.9133799462	0.9139500336	0.9133489905	0.9133908051	0.9127718531	0.9137362610	0.9131378111	0.9127204763	0.9138010897	0.9133701409	0.9138510888	0.9123260747	0.9137134089	0.9132542596	0.9139134864	0.9142257176	0.9122131107	0.9136835877	0.9137011724	0.9135740272	0.9134634942	0.9131192538	0.9131616356	0.9142950843	0.9140632407	0.9133895895	0.9135810773	0.9134006914	0.9140225607	0.9139142968	0.9128630995	0.9128408956	0.9138512509	0.9130246850
0.9118271369	0.9126240436	0.9125284213	0.9129357886	0.9131916999	1.0000000000	0.9139555440	0.9131939689	0.9117909138	0.9116793274	0.9123613253	0.9120531459	0.9125702358	0.9129517527	0.9119963398	0.9122846654	0.9116375940	0.9124710479	0.9123030605	0.9110419803	0.9122824774	0.9120693531	0.9109096487	0.9123160263	0.9122859620	0.9122538718	0.9120409095	0.9123855551	0.9129176366	0.9125058933	0.9119684634	0.9116108521	0.9123126228	0.9116490200	0.9119809430	0.9099493736	0.9116411595	0.9118240575	0.9131130951	0.9124865258	0.9127126158	0.9126775273	0.9123390405	0.9139299367	0.9130139883	0.9122105176	0.9126700720	0.9121858016	0.9133362679	0.9124476285	0.9131515061	0.9129312506	0.9122283455	0.9130887033	0.9135304299	0.9141380368	0.9129615580	0.9123426871	0.9125057313	0.9119802136	0.9127460837	0.9125293127	0.9115813551	0.9120174901	0.9126251781	0.9123706445	0.9115286818	0.9125903327	0.9124520855	0.9116003175	0.9114504821	0.9123854740	0.9115931053	0.9125325541	0.9129912982	0.9119076865	0.9122789929	0.9122520079	0.9123266420	0.9120161125	0.9120046054	0.9126127796	0.9128729858	0.9129459992	0.9117284352	0.9122351525	0.9122884741	0.9124484389	0.9131231436	0.9120461768	0.9115795723	0.9124964121	0.9120359663
0.9135613856	0.9163524231	0.9128085623	0.9145301694	0.9146536681	0.9139555440	1.0000000000	0.9138655132	0.9120522545	0.9130101796	0.9133516647	0.9121371801	0.9134273522	0.9146962119	0.9133500440	0.9137279953	0.9126478682	0.9136529561	0.9132632546	0.9122211333	0.9130408922	0.9126465716	0.9121742135	0.9129812498	0.9131897551	0.9126947880	0.9132835946	0.9130632581	0.9139872291	0.9134821325	0.9126855499	0.9139531940	0.9128183677	0.9136928257	0.9129873274	0.9116268972	0.9125825533	0.9127445440	0.9138690788	0.9141217486	0.9131700633	0.9135232987	0.9141405489	0.9138810721	0.9132962362	0.9135233797	0.9136709461	0.9131216849	0.9148648476	0.9138946861	0.9141700460	0.9137454180	0.9139565975	0.9135148710	0.9142202882	0.9152374505	0.9138334230	0.9124354732	0.9135858584	0.9134507716	0.9138181072	0.9132883757	0.9133404007	0.9126660202	0.9134216797	0.9133060415	0.9132564476	0.9136959051	0.9130208763	0.9133583907	0.9130592873	0.9129597753	0.9133806756	0.9138753996	0.9138383662	0.9123450371	0.9137976862	0.9137123554	0.9128184487	0.9135121158	0.9126046761	0.9133642253	0.9140226417	0.9129123693	0.9128447043	0.9137091140	0.9130742789	0.9138172158	0.9136491474	0.9132671443	0.9127198280	0.9140189951	0.9128451095
0.9124631874	0.9120221902	0.9137463094	0.9220400878	0.9137188383	0.9131939689	0.9138655132	1.0000000000	0.9114337887	0.9122238075	0.9122593012	0.9118135228	0.9122452009	0.9132040174	0.9119995002	0.9130095313	0.9118712204	0.9117939932	0.9116038020	0.9115874328	0.9127687737	0.9122674858	0.9111272300	0.9122862861	0.9127842516	0.9125319058	0.9122516838	0.9118370232	0.9129305213	0.9119865344	0.9120032278	0.9125303662	0.9124561373	0.9127960828	0.9121980381	0.9101261129	0.9120255127	0.9119771343	0.9127047554	0.9123047623	0.9129076692	0.9125383887	0.9125376594	0.9132136606	0.9129281713	0.9127514320	0.9128294696	0.9125821481	0.9134418577	0.9126961656	0.9127778497	0.9127477044	0.9118088228	0.9131916999	0.9130742789	0.9137906360	0.9125780153	0.9117139298	0.9122729152	0.9115300594	0.9128545907	0.9122869344	0.9120759170	0.9112606961	0.9124168349	0.9119542011	0.9116898621	0.9120392077	0.9119764860	0.9114613409	0.9120029037	0.9121158677	0.9118701669	0.9126003812	0.9125774480	0.9113560753	0.9127555649	0.9116133642	0.9121994967	0.9122361249	0.9119565512	0.9127198280	0.9127004605	0.9126308506	0.9118043658	0.9128007018	0.9120353991	0.9129154486	0.9129282523	0.9118520959	0.9118819171	0.9129248488	0.9118007192
0.9130724151	0.9119105228	0.9112106970	0.9114070469	0.9132366748	0.9117909138	0.9120522545	0.9114337887	1.0000000000	0.9126270420	0.9118029071	0.9121315076	0.9116324077	0.9120390457	0.9120763222	0.9130524803	0.9116170919	0.9120565494	0.9114592340	0.9109702636	0.9117144970	0.9112216368	0.9105526857	0.9126261506	0.9123218609	0.9112920570	0.9118821602	0.9121608426	0.9120276196	0.9120991743	0.9111761757	0.9116791654	0.9114514546	0.9112474873	0.9115810309	0.9099137989	0.9115624737	0.9115983726	0.9119895328	0.9128566166	0.9119242178	0.9124066244	0.9118836999	0.9124561373	0.9125419543	0.9123125417	0.9121011192	0.9117176574	0.9127772014	0.9113412458	0.9130003742	0.9125720186	0.9119298904	0.9126035416	0.9120801309	0.9124979518	0.9125418733	0.9114178247	0.9113361405	0.9109378492	0.9119925311	0.9115193626	0.9111871156	0.9113415699	0.9120952846	0.9113313594	0.9112511339	0.9120662737	0.9115367853	0.9112334681	0.9108014658	0.9117136056	0.9123379060	0.9120601960	0.9121139228	0.9109155643	0.9125934931	0.9120772136	0.9118646565	0.9115487787	0.9118123073	0.9120799688	0.9125145642	0.9135207866	0.9112231765	0.9121081693	0.9116872690	0.9119587391	0.9124707238	0.9123900120	0.9117571219	0.9119627909	0.9119256765
0.9134557958	0.9120576029	0.9116452924	0.9114343560	0.9132257350	0.9116793274	0.9130101796	0.9122238075	0.9126270420	1.0000000000	0.9117994226	0.9115698480	0.9120446372	0.9126081606	0.9123922810	0.9132862688	0.9123832861	0.9122483613	0.9118403457	0.9110413320	0.9123293162	0.9119053365	0.9111786878	0.9119555787	0.9116391336	0.9119809430	0.9119676531	0.9119544442	0.9131398370	0.9130415404	0.9116926173	0.9124466561	0.9124392008	0.9119593874	0.9121644082	0.9095594290	0.9116466700	0.9120224333	0.9119011226	0.9124939811	0.9126626977	0.9127251764	0.9124218591	0.9124424422	0.9128580752	0.9124006277	0.9125271247	0.9124653754	0.9129905689	0.9119427751	0.9125246126	0.9136249177	0.9115714687	0.9122381508	0.9134422628	0.9129570200	0.9126453561	0.9115715497	0.9122177298	0.9121926897	0.9126152918	0.9119944759	0.9121223506	0.9114841120	0.9122135159	0.9121521718	0.9119210574	0.9126407370	0.9120579270	0.9117735722	0.9113953777	0.9120710548	0.9117707359	0.9123557339	0.9122107607	0.9111874397	0.9129666633	0.9116533149	0.9115999123	0.9118315128	0.9113148281	0.9122552494	0.9121559804	0.9126453561	0.9119809430	0.9121759963	0.9116776257	0.9126874947	0.9125001398	0.9120931776	0.9113638548	0.9123990070	0.9119215437
0.9120024985	0.9123409043	0.9116033158	0.9122220247	0.9136406386	0.9123613253	0.9133516647	0.9122593012	0.9118029071	0.9117994226	1.0000000000	0.9123121366	0.9124540304	0.9127250143	0.9121943914	0.9128199884	0.9115424579	0.9123159453	0.9116534770	0.9106718084	0.9120259179	0.9110191282	0.9115718739	0.9114269007	0.9124217781	0.9120999036	0.9116402682	0.9115798964	0.9123056537	0.9129297109	0.9115627979	0.9114888121	0.9121208919	0.9119206523	0.9115089900	0.9100130678	0.9119951242	0.9114927829	0.9126422767	0.9123088951	0.9120223523	0.9125846602	0.9123708065	0.9123938207	0.9127814153	0.9122536287	0.9128861136	0.9122104365	0.9133174676	0.9119314300	0.9128985121	0.9129401646	0.9122315869	0.9124927655	0.9128793877	0.9137104916	0.9125855516	0.9120217850	0.9122673237	0.9120157073	0.9121574391	0.9121333714	0.9117714652	0.9118751911	0.9126648857	0.9121575201	0.9115531546	0.9121623012	0.9126755824	0.9114410009	0.9112793344	0.9119225971	0.9115978054	0.9122610840	0.9127681254	0.9113709049	0.9123974673	0.9122330456	0.9123412284	0.9118963415	0.9116614995	0.9117298128	0.9124136745	0.9121030640	0.9120506338	0.9124578391	0.9121067917	0.9125189401	0.9124174832	0.9116497493	0.9112623979	0.9122176487	0.9115209023
0.9123299645	0.9114664462	0.9121251058	0.9116276266	0.9128673133	0.9120531459	0.9121371801	0.9118135228	0.9121315076	0.9115698480	0.9123121366	1.0000000000	0.9125043537	0.9131555579	0.9124182936	0.9133506923	0.9122394474	0.9126708013	0.9117529080	0.9111584289	0.9129425146	0.9120966622	0.9109414958	0.9122906621	0.9122319111	0.9121147332	0.9117772998	0.9123553287	0.9122757515	0.9122627047	0.9119964208	0.9118109297	0.9123880672	0.9121059813	0.9123562201	0.9104719740	0.9124566235	0.9116682255	0.9125522459	0.9124559752	0.9124814205	0.9123479544	0.9121804533	0.9131454284	0.9125635098	0.9132029639	0.9122879879	0.9123738859	0.9133405628	0.9124418750	0.9130481854	0.9122788308	0.9119817533	0.9122009553	0.9129545079	0.9131483457	0.9131313282	0.9119025813	0.9126302834	0.9122692686	0.9126447078	0.9122222678	0.9127994053	0.9118812688	0.9128422732	0.9122859620	0.9116991002	0.9121529821	0.9124205626	0.9116880793	0.9115623927	0.9125905758	0.9127215298	0.9125020036	0.9121738894	0.9123648099	0.9131474543	0.9120221092	0.9121972277	0.9119680583	0.9112716360	0.9130188504	0.9128707979	0.9131762221	0.9117845930	0.9125266385	0.9118279472	0.9124862827	0.9127112382	0.9122230781	0.9122687824	0.9120678134	0.9119420457
0.9120723514	0.9123506286	0.9126298782	0.9121210540	0.9135273505	0.9125702358	0.9134273522	0.9122452009	0.9116324077	0.9120446372	0.9124540304	0.9125043537	1.0000000000	0.9130656891	0.9128771997	0.9130172297	0.9117275438	0.9121221074	0.9125900896	0.9111604548	0.9127357921	0.9118327283	0.9109496805	0.9119706514	0.9123668358	0.9118884000	0.9119234075	0.9126477871	0.9127516751	0.9127514320	0.9117973157	0.9134774324	0.9127225022	0.9120640858	0.9124867689	0.9105801569	0.9121947966	0.9112806310	0.9127639926	0.9123849068	0.9121001467	0.9126595373	0.9125464923	0.9121093848	0.9123785049	0.9133127675	0.9128170711	0.9122161091	0.9133748410	0.9121135987	0.9129127744	0.9130967259	0.9125041916	0.9126167504	0.9131829480	0.9139766134	0.9133033673	0.9119841844	0.9124645650	0.9120325628	0.9126538648	0.9121001467	0.9119202471	0.9116619047	0.9129528872	0.9127202332	0.9118213833	0.9126958414	0.9128579132	0.9118249489	0.9113303870	0.9127712048	0.9119195178	0.9127231505	0.9128519165	0.9115828948	0.9131250074	0.9123693479	0.9127624529	0.9118809447	0.9120512821	0.9128531320	0.9126656961	0.9125404957	0.9119678151	0.9122777774	0.9121080882	0.9131163366	0.9124991674	0.9119662755	0.9117165229	0.9125479510	0.9122288317
0.9128323058	0.9132964793	0.9126977863	0.9131999656	0.9139383644	0.9129517527	0.9146962119	0.9132040174	0.9120390457	0.9126081606	0.9127250143	0.9131555579	0.9130656891	1.0000000000	0.9129778463	0.9129227419	0.9128560493	0.9129079933	0.9129699858	0.9116623909	0.9128795497	0.9125823102	0.9122023330	0.9126040278	0.9132830273	0.9132421853	0.9123512769	0.9130704703	0.9129202297	0.9125125383	0.9127979466	0.9127276885	0.9125473027	0.9130052364	0.9123817464	0.9115384871	0.9121268886	0.9125334455	0.9134390214	0.9129074261	0.9129537786	0.9133433180	0.9132938051	0.9135753237	0.9133750841	0.9131782480	0.9131888637	0.9128575890	0.9141028673	0.9129395163	0.9131244401	0.9136832635	0.9125784204	0.9127088072	0.9132121210	0.9142467870	0.9132348110	0.9118657099	0.9127172349	0.9125346611	0.9134237056	0.9121408267	0.9123897689	0.9121922035	0.9132180366	0.9127059709	0.9120348318	0.9133217625	0.9122315059	0.9127673961	0.9124656995	0.9129614770	0.9131303558	0.9126601046	0.9134115502	0.9122885551	0.9130593683	0.9127625339	0.9127182073	0.9127084830	0.9128374921	0.9126140762	0.9137251591	0.9153931204	0.9123229143	0.9130622046	0.9127967311	0.9131618787	0.9135053087	0.9129067778	0.9125886310	0.9123537890	0.9123839343
0.9126814170	0.9124339335	0.9116692790	0.9112586702	0.9134654391	0.9119963398	0.9133500440	0.9119995002	0.9120763222	0.9123922810	0.9121943914	0.9124182936	0.9128771997	0.9129778463	1.0000000000	0.9128256609	0.9117076090	0.9126477061	0.9115740618	0.9113505649	0.9128495665	0.9126630219	0.9113085073	0.9125737204	0.9127292282	0.9120629513	0.9120485269	0.9120199212	0.9128806842	0.9138556268	0.9119848327	0.9129610718	0.9130301144	0.9124214540	0.9120764032	0.9111488666	0.9122683772	0.9119939087	0.9130583149	0.9128883016	0.9126806877	0.9133844843	0.9125270437	0.9129633408	0.9127812532	0.9128163418	0.9127433284	0.9130023191	0.9137014156	0.9126785808	0.9137116261	0.9128508630	0.9137957413	0.9130841653	0.9134088761	0.9137602476	0.9124426043	0.9123169177	0.9123496562	0.9126852257	0.9130655271	0.9124184556	0.9124054899	0.9127657754	0.9127791463	0.9123178091	0.9120787533	0.9132619580	0.9130690926	0.9117615789	0.9119767291	0.9124637547	0.9119352387	0.9126416284	0.9127180452	0.9111918156	0.9129485113	0.9128588046	0.9124911448	0.9125127003	0.9122352335	0.9124409836	0.9128934069	0.9135762962	0.9119190316	0.9125631857	0.9122884741	0.9126152107	0.9125555683	0.9126524872	0.9116533149	0.9131840825	0.9115335439
0.9134403990	0.9131263040	0.9125467354	0.9129169883	0.9139168089	0.9122846654	0.9137279953	0.9130095313	0.9130524803	0.9132862688	0.9128199884	0.9133506923	0.9130172297	0.9129227419	0.9128256609	1.0000000000	0.9130602597	0.9131942120	0.9128056450	0.9121362887	0.9135004466	0.9128628563	0.9119550115	0.9126369283	0.9133246798	0.9129431629	0.9124828791	0.9130539389	0.9130427560	0.9127460837	0.9128853033	0.9129202297	0.9137873136	0.9130250091	0.9128814136	0.9119626288	0.9125910620	0.9124927655	0.9127866826	0.9137647856	0.9132085554	0.9138647028	0.9131378921	0.9132471285	0.9133629287	0.9139328540	0.9133929120	0.9136857756	0.9142253935	0.9130873257	0.9134972052	0.9139711029	0.9133328644	0.9132314885	0.9142782289	0.9146257107	0.9137809928	0.9125391180	0.9130788169	0.9120448803	0.9134243539	0.9127746893	0.9125252609	0.9121865310	0.9129780083	0.9130254143	0.9130257385	0.9134698961	0.9128188539	0.9126404939	0.9125694255	0.9132572579	0.9134284057	0.9133174676	0.9133287316	0.9127162625	0.9131240350	0.9132323799	0.9125459251	0.9127982708	0.9121953639	0.9132884567	0.9135707047	0.9138918498	0.9127922741	0.9129254160	0.9130558838	0.9131220091	0.9138354489	0.9132276798	0.9122343421	0.9134109830	0.9121802102
0.9117700066	0.9117549339	0.9115964277	0.9118608478	0.9128771997	0.9116375940	0.9126478682	0.9118712204	0.9116170919	0.9123832861	0.9115424579	0.9122394474	0.9117275438	0.9128560493	0.9117076090	0.9130602597	1.0000000000	0.9119526614	0.9113733360	0.9109425493	0.9120629513	0.9123699151	0.9107799103	0.9121919604	0.9122093831	0.9119695169	0.9118768119	0.9120438268	0.9124488441	0.9124249385	0.9118557425	0.9121916362	0.9124340956	0.9118110107	0.9115358129	0.9102774879	0.9115452941	0.9114215523	0.9125635909	0.9118059055	0.9123610012	0.9123204022	0.9114760895	0.9122866103	0.9125396853	0.9133034484	0.9129218505	0.9212038786	0.9124968173	0.9117345939	0.9127869257	0.9124083261	0.9121396112	0.9123599477	0.9127869257	0.9129326282	0.9122955242	0.9115220368	0.9125268816	0.9118138470	0.9121322369	0.9121284282	0.9120546856	0.9116658755	0.9121560615	0.9111013796	0.9111888983	0.9121239713	0.9115656341	0.9121874224	0.9117212230	0.9123392025	0.9121191091	0.9124089744	0.9124829602	0.9114617461	0.9125887930	0.9115671738	0.9119335370	0.9117145780	0.9115795723	0.9118080124	0.9124531390	0.9124456026	0.9117283541	0.9119219488	0.9117213040	0.9121584115	0.9120930966	0.9118733273	0.9118253541	0.9118789998	0.9112984588
0.9123036278	0.9121836947	0.9123323145	0.9119304576	0.9134835911	0.9124710479	0.9136529561	0.9117939932	0.9120565494	0.9122483613	0.9123159453	0.9126708013	0.9121221074	0.9129079933	0.9126477061	0.9131942120	0.9119526614	1.0000000000	0.9121635168	0.9115298163	0.9131476164	0.9124761532	0.9112101297	0.9131015880	0.9130592063	0.9120861275	0.9121417181	0.9127894378	0.9128604253	0.9126133469	0.9122516028	0.9127581580	0.9129508613	0.9129092899	0.9119065520	0.9109561633	0.9124343387	0.9118739756	0.9130189314	0.9126536217	0.9124098658	0.9134674650	0.9125283403	0.9125275299	0.9126483544	0.9129699858	0.9131538562	0.9124028157	0.9135865067	0.9125006260	0.9133143882	0.9135472853	0.9122343421	0.9130149607	0.9145785478	0.9136592769	0.9125077572	0.9135591976	0.9129723358	0.9125113227	0.9130963207	0.9124200763	0.9129754962	0.9118234903	0.9121094658	0.9123865275	0.9126003001	0.9124352301	0.9125627805	0.9120508769	0.9119647358	0.9125973018	0.9125932500	0.9126487596	0.9125499768	0.9120929345	0.9133028001	0.9129568580	0.9126081606	0.9123791532	0.9120350749	0.9131946172	0.9131355421	0.9131703064	0.9125212901	0.9121510373	0.9125730721	0.9128746876	0.9131367576	0.9125382266	0.9115581788	0.9134664115	0.9120058210
0.9121202436	0.9115653100	0.9115776274	0.9115897018	0.9132556372	0.9123030605	0.9132632546	0.9116038020	0.9114592340	0.9118403457	0.9116534770	0.9117529080	0.9125900896	0.9129699858	0.9115740618	0.9128056450	0.9113733360	0.9121635168	1.0000000000	0.9114966726	0.9128480268	0.9120044434	0.9115875138	0.9122347473	0.9125785825	0.9122965777	0.9121259161	0.9119645737	0.9123293972	0.9119383991	0.9117871862	0.9126439785	0.9117217902	0.9115390543	0.9117983691	0.9100842984	0.9116856482	0.9117149022	0.9128337645	0.9122926069	0.9121661910	0.9129064536	0.9124026536	0.9121610047	0.9130719289	0.9125705600	0.9125698306	0.9118265696	0.9126075123	0.9122861240	0.9126357128	0.9127204763	0.9120695962	0.9124422802	0.9128613167	0.9130799514	0.9127219350	0.9120507148	0.9120938259	0.9120093055	0.9130827877	0.9121564667	0.9122146504	0.9117430216	0.9121118159	0.9122109228	0.9117636047	0.9117181436	0.9118826464	0.9120846689	0.9119105228	0.9125622133	0.9118520149	0.9125514355	0.9126131038	0.9115426199	0.9127502165	0.9121909879	0.9115033986	0.9120622219	0.9122359628	0.9125297179	0.9129688513	0.9128109124	0.9117149022	0.9122068710	0.9121177315	0.9123681324	0.9125995708	0.9120566305	0.9117123901	0.9123386353	0.9111720429
0.9106238352	0.9111478132	0.9110068107	0.9107970089	0.9124564615	0.9110419803	0.9122211333	0.9115874328	0.9109702636	0.9110413320	0.9106718084	0.9111584289	0.9111604548	0.9116623909	0.9113505649	0.9121362887	0.9109425493	0.9115298163	0.9114966726	1.0000000000	0.9122718617	0.9113440010	0.9109316095	0.9118044468	0.9119001502	0.9115978864	0.9110380906	0.9114950519	0.9119183833	0.9114858948	0.9113884897	0.9112449752	0.9117543667	0.9113547788	0.9109988692	0.9099000228	0.9109049486	0.9109306370	0.9114324922	0.9115799775	0.9119264869	0.9118512045	0.9117219523	0.9121726738	0.9119821585	0.9117057451	0.9121557373	0.9119054986	0.9122041157	0.9112109401	0.9123409043	0.9123610012	0.9116828930	0.9122507114	0.9124246954	0.9127618046	0.9117684669	0.9111753654	0.9108763430	0.9113440010	0.9115867034	0.9111832258	0.9116525856	0.9104665446	0.9116388905	0.9113611806	0.9107234283	0.9115153919	0.9112324146	0.9109978158	0.9113491063	0.9113714722	0.9109499236	0.9116420509	0.9112149109	0.9112841155	0.9120396940	0.9109235869	0.9113912449	0.9116340284	0.9108366354	0.9115380009	0.9118756774	0.9122052502	0.9111734205	0.9114908380	0.9107558426	0.9117132004	0.9117819189	0.9113213110	0.9110206679	0.9116676583	0.9110525960
0.9121380715	0.9131126089	0.9127092123	0.9121742945	0.9132859446	0.9122824774	0.9130408922	0.9127687737	0.9117144970	0.9123293162	0.9120259179	0.9129425146	0.9127357921	0.9128795497	0.9128495665	0.9135004466	0.9120629513	0.9131476164	0.9128480268	0.9122718617	1.0000000000	0.9128355473	0.9119422888	0.9132245194	0.9129181228	0.9127265540	0.9129975380	0.9125204798	0.9131472112	0.9127938138	0.9119262437	0.9123937397	0.9134515820	0.9121228368	0.9125863620	0.9109366337	0.9126819032	0.9117233299	0.9134381300	0.9124971415	0.9136930689	0.9137511716	0.9129115589	0.9129454319	0.9131831101	0.9127026484	0.9127390335	0.9130095313	0.9130532096	0.9126264747	0.9134906412	0.9132123641	0.9129750910	0.9132156865	0.9134024742	0.9136061984	0.9132498026	0.9124040312	0.9126905741	0.9126062157	0.9137223228	0.9123798015	0.9128235540	0.9122300472	0.9124758290	0.9135352110	0.9124165918	0.9130623667	0.9129336817	0.9123498182	0.9125819860	0.9132895913	0.9124461699	0.9128457578	0.9128231488	0.9126307696	0.9135769445	0.9124861206	0.9124028967	0.9129184470	0.9123280196	0.9132465612	0.9129435681	0.9131107451	0.9117819999	0.9119725152	0.9122524131	0.9133110658	0.9136494716	0.9130068571	0.9126062157	0.9131293833	0.9118247058
0.9119071193	0.9119367784	0.9117807033	0.9115665255	0.9132750858	0.9120693531	0.9126465716	0.9122674858	0.9112216368	0.9119053365	0.9110191282	0.9120966622	0.9118327283	0.9125823102	0.9126630219	0.9128628563	0.9123699151	0.9124761532	0.9120044434	0.9113440010	0.9128355473	1.0000000000	0.9115309508	0.9124601891	0.9123922000	0.9118361319	0.9124695082	0.9123443078	0.9125272868	0.9121602753	0.9119925311	0.9119872638	0.9133912913	0.9122699979	0.9119236506	0.9109521926	0.9120890448	0.9115549374	0.9127096175	0.9121929328	0.9125896844	0.9125168332	0.9120324818	0.9124569477	0.9122153797	0.9125953569	0.9117636858	0.9126495699	0.9128794687	0.9118002330	0.9125352283	0.9129306834	0.9117987743	0.9123907414	0.9136037673	0.9136206228	0.9125540286	0.9117494235	0.9118346732	0.9110890622	0.9123727514	0.9125815808	0.9119976363	0.9115542081	0.9120105210	0.9120135194	0.9113543736	0.9119006364	0.9118849154	0.9115733325	0.9121111676	0.9129004570	0.9115857310	0.9125864430	0.9122923638	0.9111376026	0.9123204022	0.9122015226	0.9122476320	0.9124388767	0.9112405182	0.9124023295	0.9126074313	0.9124378232	0.9116093935	0.9123415526	0.9123893638	0.9132397542	0.9126943828	0.9116566374	0.9120791584	0.9126148055	0.9117080141
0.9118230851	0.9115140143	0.9115451320	0.9103907760	0.9126460044	0.9109096487	0.9121742135	0.9111272300	0.9105526857	0.9111786878	0.9115718739	0.9109414958	0.9109496805	0.9122023330	0.9113085073	0.9119550115	0.9107799103	0.9112101297	0.9115875138	0.9109316095	0.9119422888	0.9115309508	1.0000000000	0.9118693566	0.9116070434	0.9123673220	0.9109261800	0.9115622306	0.9124220212	0.9115657151	0.9110277990	0.9115773033	0.9114034003	0.9112326577	0.9112289301	0.9094568376	0.9110594841	0.9114402716	0.9125171573	0.9128229867	0.9113883276	0.9121736463	0.9121977139	0.9119301335	0.9120780239	0.9115379198	0.9119274593	0.9119490148	0.9120665979	0.9114251179	0.9133062846	0.9122283455	0.9123059778	0.9119143315	0.9124293144	0.9148603906	0.9119594685	0.9110125643	0.9117687910	0.9111599685	0.9119600357	0.9117584995	0.9112815223	0.9110027589	0.9118065538	0.9115119884	0.9112165316	0.9118553374	0.9111472459	0.9112813603	0.9141684253	0.9116169298	0.9112602099	0.9114855707	0.9120867758	0.9102775689	0.9115509666	0.9120845878	0.9121376663	0.9109566495	0.9108384992	0.9113363026	0.9118655479	0.9119178160	0.9111892225	0.9109100539	0.9119537959	0.9120570356	0.9130364352	0.9116055038	0.9107854207	0.9118325663	0.9109426303
0.9121184608	0.9122743738	0.9122153797	0.9117310283	0.9134164124	0.9123160263	0.9129812498	0.9122862861	0.9126261506	0.9119555787	0.9114269007	0.9122906621	0.9119706514	0.9126040278	0.9125737204	0.9126369283	0.9121919604	0.9131015880	0.9122347473	0.9118044468	0.9132245194	0.9124601891	0.9118693566	1.0000000000	0.9118876707	0.9120234868	0.9131822998	0.9120135194	0.9128112365	0.9122003071	0.9117277059	0.9126250161	0.9126950311	0.9118988536	0.9124615667	0.9108889846	0.9120666789	0.9116732498	0.9130622856	0.9128674754	0.9122917966	0.9132137417	0.9125843361	0.9128935689	0.9128456767	0.9121707290	0.9129135848	0.9129069399	0.9130950241	0.9122610029	0.9128665030	0.9132635787	0.9126956793	0.9126526493	0.9133823773	0.9136548199	0.9127473802	0.9124471423	0.9122061416	0.9122799653	0.9128652874	0.9122747790	0.9125172384	0.9119010416	0.9128498906	0.9128327920	0.9119435044	0.9125346611	0.9125994898	0.9119501493	0.9116988571	0.9126469768	0.9121625443	0.9122313438	0.9128761462	0.9119688686	0.9123380680	0.9124637547	0.9125871723	0.9133566890	0.9116262489	0.9125493286	0.9122683772	0.9129784945	0.9121093848	0.9118619823	0.9117948846	0.9127297144	0.9127874120	0.9121648944	0.9115190385	0.9130113951	0.9118080124
0.9118749480	0.9123350697	0.9129470526	0.9123369335	0.9137988207	0.9122859620	0.9131897551	0.9127842516	0.9123218609	0.9116391336	0.9124217781	0.9122319111	0.9123668358	0.9132830273	0.9127292282	0.9133246798	0.9122093831	0.9130592063	0.9125785825	0.9119001502	0.9129181228	0.9123922000	0.9116070434	0.9118876707	1.0000000000	0.9124146469	0.9120392888	0.9128513493	0.9127803618	0.9128859516	0.9114861379	0.9126973811	0.9123046813	0.9129350593	0.9126421957	0.9106707550	0.9124225074	0.9120997415	0.9133626856	0.9127403301	0.9124294765	0.9127426802	0.9127829550	0.9125194263	0.9130350576	0.9130014277	0.9128865999	0.9124895241	0.9133271919	0.9132474526	0.9135894240	0.9133715996	0.9124827981	0.9123198350	0.9133505302	0.9139335023	0.9130853809	0.9129843291	0.9129167452	0.9128208798	0.9130279264	0.9123696720	0.9118774601	0.9121053330	0.9122152987	0.9127442198	0.9118526632	0.9126569442	0.9128914620	0.9129168262	0.9117425354	0.9127814153	0.9122028192	0.9131748445	0.9124323128	0.9116877552	0.9130425129	0.9129343300	0.9127491630	0.9126917896	0.9119114142	0.9126319041	0.9131535320	0.9130218487	0.9119911535	0.9126955983	0.9123460096	0.9128962431	0.9127218539	0.9124135935	0.9119150608	0.9131158503	0.9121552511
0.9118517718	0.9124832033	0.9118836999	0.9117666031	0.9135613856	0.9122538718	0.9126947880	0.9125319058	0.9112920570	0.9119809430	0.9120999036	0.9121147332	0.9118884000	0.9132421853	0.9120629513	0.9129431629	0.9119695169	0.9120861275	0.9122965777	0.9115978864	0.9127265540	0.9118361319	0.9123673220	0.9120234868	0.9124146469	1.0000000000	0.9121423664	0.9123550856	0.9118748670	0.9121880706	0.9123326386	0.9124842568	0.9120972294	0.9118115780	0.9118752722	0.9104154920	0.9114622323	0.9118807826	0.9128646391	0.9125082434	0.9120725945	0.9129702289	0.9126625357	0.9125646443	0.9122922828	0.9128797118	0.9129916223	0.9115678221	0.9130320592	0.9124413077	0.9132080692	0.9132442112	0.9126139142	0.9133065277	0.9126873327	0.9139054639	0.9127686927	0.9118678169	0.9122190263	0.9123515200	0.9122290748	0.9122200798	0.9122523321	0.9118273800	0.9122399336	0.9123038709	0.9120007967	0.9123754256	0.9123193488	0.9118821602	0.9113858155	0.9128261471	0.9119187074	0.9124664289	0.9120185436	0.9117287593	0.9124908207	0.9119805378	0.9125953569	0.9126334438	0.9117005588	0.9124748566	0.9129566149	0.9122729152	0.9115850017	0.9123484406	0.9122127866	0.9125487613	0.9129231470	0.9116045313	0.9116956157	0.9121001467	0.9112658014
0.9116944001	0.9116995864	0.9116274645	0.9115234955	0.9134612252	0.9120409095	0.9132835946	0.9122516838	0.9118821602	0.9119676531	0.9116402682	0.9117772998	0.9119234075	0.9123512769	0.9120485269	0.9124828791	0.9118768119	0.9121417181	0.9121259161	0.9110380906	0.9129975380	0.9124695082	0.9109261800	0.9131822998	0.9120392888	0.9121423664	1.0000000000	0.9117147401	0.9129481061	0.9125321490	0.9115049382	0.9126740428	0.9124064623	0.9120232437	0.9112982968	0.9110127264	0.9119737308	0.9113922984	0.9125270437	0.9125636719	0.9124101900	0.9122399336	0.9126213695	0.9126202349	0.9123671599	0.9120385595	0.9128882206	0.9147291935	0.9127343335	0.9123495751	0.9127944621	0.9124495734	0.9123696720	0.9123169177	0.9134022311	0.9137135709	0.9126032174	0.9116848379	0.9121626254	0.9121849102	0.9125768808	0.9119390474	0.9117998278	0.9120905845	0.9120289162	0.9122815050	0.9122887982	0.9119166005	0.9121225937	0.9122571942	0.9111816051	0.9121177315	0.9121650565	0.9120006347	0.9126874137	0.9118950449	0.9128227436	0.9120939880	0.9120122228	0.9127559700	0.9118167643	0.9123126228	0.9129216074	0.9126792291	0.9117472355	0.9128011070	0.9120293214	0.9122698358	0.9126297972	0.9122134349	0.9122178108	0.9124142418	0.9116820016
0.9118542839	0.9122554115	0.9122811809	0.9115268179	0.9134496371	0.9123855551	0.9130632581	0.9118370232	0.9121608426	0.9119544442	0.9115798964	0.9123553287	0.9126477871	0.9130704703	0.9120199212	0.9130539389	0.9120438268	0.9127894378	0.9119645737	0.9114950519	0.9125204798	0.9123443078	0.9115622306	0.9120135194	0.9128513493	0.9123550856	0.9117147401	1.0000000000	0.9125932500	0.9124545976	0.9120690289	0.9124541924	0.9123112452	0.9131025605	0.9118549322	0.9104925571	0.9125859568	0.9113565616	0.9130324644	0.9128519165	0.9122815860	0.9132160107	0.9126444647	0.9124579201	0.9122474699	0.9123431733	0.9130727393	0.9125422784	0.9132601752	0.9121426906	0.9128935689	0.9123255075	0.9123151349	0.9125322300	0.9135190038	0.9135745944	0.9127789842	0.9118568770	0.9120700014	0.9124780170	0.9125210470	0.9119995812	0.9120240540	0.9116097987	0.9121975518	0.9120520925	0.9116679824	0.9124879844	0.9127377370	0.9119798085	0.9119127918	0.9122818291	0.9118678979	0.9128637477	0.9128746876	0.9111993520	0.9126370904	0.9120870999	0.9128314144	0.9118213833	0.9120127901	0.9125465733	0.9123038709	0.9126470578	0.9115774654	0.9124488441	0.9130115572	0.9127647219	0.9126900068	0.9125018415	0.9115305456	0.9130086399	0.9113798189
0.9126181280	0.9121602753	0.9121273748	0.9123457665	0.9139606493	0.9129176366	0.9139872291	0.9129305213	0.9120276196	0.9131398370	0.9123056537	0.9122757515	0.9127516751	0.9129202297	0.9128806842	0.9130427560	0.9124488441	0.9128604253	0.9123293972	0.9119183833	0.9131472112	0.9125272868	0.9124220212	0.9128112365	0.9127803618	0.9118748670	0.9129481061	0.9125932500	1.0000000000	0.9131383783	0.9118829706	0.9125896844	0.9132449405	0.9133119572	0.9122732393	0.9107669446	0.9127473802	0.9127973794	0.9129990776	0.9127697461	0.9130830308	0.9136469594	0.9127522424	0.9133992328	0.9130116382	0.9125376594	0.9129565338	0.9129730651	0.9143606424	0.9127135072	0.9140762065	0.9133488285	0.9127410594	0.9130476181	0.9138455784	0.9143262832	0.9135389386	0.9118443975	0.9124220212	0.9127112382	0.9131848929	0.9126498130	0.9127553217	0.9124451164	0.9126179659	0.9129916223	0.9126457612	0.9132607425	0.9124555701	0.9127580770	0.9119231644	0.9126139142	0.9128863568	0.9131339213	0.9132440491	0.9119333749	0.9132771117	0.9124533821	0.9125703169	0.9128009449	0.9124871740	0.9128117227	0.9130824636	0.9136538475	0.9127545924	0.9134425059	0.9131950224	0.9140309884	0.9133757324	0.9131849739	0.9120112504	0.9135557941	0.9120422061
0.9119144935	0.9123723462	0.9122039537	0.9121246196	0.9138967120	0.9125058933	0.9134821325	0.9119865344	0.9120991743	0.9130415404	0.9129297109	0.9122627047	0.9127514320	0.9125125383	0.9138556268	0.9127460837	0.9124249385	0.9126133469	0.9119383991	0.9114858948	0.9127938138	0.9121602753	0.9115657151	0.9122003071	0.9128859516	0.9121880706	0.9125321490	0.9124545976	0.9131383783	1.0000000000	0.9118875896	0.9128678806	0.9131920241	0.9124550028	0.9120392888	0.9112576168	0.9116455355	0.9119752704	0.9131036950	0.9126597805	0.9126174797	0.9124703996	0.9128960811	0.9124849050	0.9127901672	0.9132941293	0.9129371662	0.9128608305	0.9135268643	0.9132075829	0.9132980190	0.9139552199	0.9125169952	0.9126864413	0.9137336678	0.9140712633	0.9121696755	0.9124656995	0.9128485130	0.9125328783	0.9128083192	0.9136279971	0.9125550821	0.9124157004	0.9128154504	0.9130639874	0.9122546011	0.9129083175	0.9124263161	0.9128400042	0.9119167625	0.9124930897	0.9121550080	0.9129884620	0.9137010104	0.9119493390	0.9130021570	0.9122863672	0.9126567821	0.9126201539	0.9122446337	0.9132677116	0.9130485095	0.9132860257	0.9130141503	0.9126148866	0.9128322248	0.9130970500	0.9131087192	0.9121178125	0.9116797326	0.9128610736	0.9129059674
0.9115266559	0.9114835448	0.9116345956	0.9116445631	0.9124709669	0.9119684634	0.9126855499	0.9120032278	0.9111761757	0.9116926173	0.9115627979	0.9119964208	0.9117973157	0.9127979466	0.9119848327	0.9128853033	0.9118557425	0.9122516028	0.9117871862	0.9113884897	0.9119262437	0.9119925311	0.9110277990	0.9117277059	0.9114861379	0.9123326386	0.9115049382	0.9120690289	0.9118829706	0.9118875896	1.0000000000	0.9123050054	0.9124946293	0.9118107676	0.9118169264	0.9104090091	0.9115273852	0.9125151314	0.9125711272	0.9118152246	0.9118012864	0.9124864447	0.9127370887	0.9124362835	0.9125178866	0.9126132659	0.9121154625	0.9123355559	0.9138138933	0.9120797257	0.9128203936	0.9123951173	0.9114505632	0.9126055675	0.9129242815	0.9126362801	0.9119998243	0.9121216212	0.9123058968	0.9114800602	0.9128540234	0.9119615754	0.9118424527	0.9118400216	0.9118010433	0.9120382353	0.9118264075	0.9116448062	0.9119047692	0.9115644996	0.9122883931	0.9122261575	0.9126021639	0.9122098693	0.9125444664	0.9111355767	0.9127483527	0.9117254369	0.9121807774	0.9118932621	0.9118088228	0.9121340197	0.9125008691	0.9127015950	0.9116718721	0.9120129521	0.9119153849	0.9122296420	0.9132236281	0.9119581719	0.9123304507	0.9122043589	0.9118202488
0.9122521700	0.9121319128	0.9120643289	0.9114725239	0.9133968017	0.9116108521	0.9139531940	0.9125303662	0.9116791654	0.9124466561	0.9114888121	0.9118109297	0.9134774324	0.9127276885	0.9129610718	0.9129202297	0.9121916362	0.9127581580	0.9126439785	0.9112449752	0.9123937397	0.9119872638	0.9115773033	0.9126250161	0.9126973811	0.9124842568	0.9126740428	0.9124541924	0.9125896844	0.9128678806	0.9123050054	1.0000000000	0.9126533786	0.9128534562	0.9116178212	0.9124479527	0.9120987691	0.9122486044	0.9130554786	0.9128916241	0.9123345835	0.9126670737	0.9125452768	0.9127079968	0.9125288265	0.9125940604	0.9128374111	0.9128186108	0.9131971293	0.9121337766	0.9131371628	0.9130211194	0.9131331110	0.9128740393	0.9135256487	0.9135979327	0.9127193418	0.9120654634	0.9127118055	0.9118827275	0.9124129452	0.9118420475	0.9121794808	0.9118080124	0.9128648012	0.9127198280	0.9119110900	0.9127455164	0.9131093675	0.9120141677	0.9116409975	0.9133972069	0.9118794050	0.9125945466	0.9126750152	0.9112589944	0.9130991570	0.9120331301	0.9126385491	0.9124108383	0.9111035676	0.9131408904	0.9131487509	0.9129136658	0.9123050054	0.9121788326	0.9121423664	0.9130167435	0.9129327903	0.9124770446	0.9121882327	0.9127264730	0.9114718756
0.9122983605	0.9126236385	0.9123379060	0.9118307024	0.9136684340	0.9123126228	0.9128183677	0.9124561373	0.9114514546	0.9124392008	0.9121208919	0.9123880672	0.9127225022	0.9125473027	0.9130301144	0.9137873136	0.9124340956	0.9129508613	0.9117217902	0.9117543667	0.9134515820	0.9133912913	0.9114034003	0.9126950311	0.9123046813	0.9120972294	0.9124064623	0.9123112452	0.9132449405	0.9131920241	0.9124946293	0.9126533786	1.0000000000	0.9126800394	0.9123902551	0.9115157160	0.9125331214	0.9115701721	0.9128750928	0.9125327972	0.9125068658	0.9127860343	0.9137237004	0.9128230677	0.9128784152	0.9129266316	0.9130208763	0.9127445440	0.9130079916	0.9119775394	0.9132322989	0.9133023139	0.9124342576	0.9128181245	0.9136771858	0.9137895015	0.9130183642	0.9118351594	0.9125440612	0.9123277765	0.9126834429	0.9123857982	0.9127546735	0.9116804619	0.9121411509	0.9132011811	0.9123331249	0.9126557287	0.9127902482	0.9122689444	0.9120789153	0.9127975414	0.9116967502	0.9121909879	0.9125226678	0.9120059830	0.9130800325	0.9128071847	0.9123573546	0.9122832878	0.9119328887	0.9123491700	0.9131362714	0.9128935689	0.9121223506	0.9122776963	0.9125036243	0.9127073485	0.9130045881	0.9125169142	0.9115673359	0.9132655236	0.9117984502
