1.0000000000	0.9070659008	0.9065001000	0.9068160491	0.9079550044	0.9064088990	0.9083935972	0.9071762886	0.9077839287	0.9080579541	0.9066885031	0.9070031843	0.9067480077	0.9076105708	0.9074246189	0.9079590615	0.9064146467	0.9068708204	0.9063947836	0.9049566994	0.9064420323	0.9063121195	0.9064627406	0.9067385410	0.9064716155	0.9064018836	0.9064832798	0.9066299282	0.9072341873	0.9065559701	0.9060074966	0.9067282291	0.9070684365	0.9064034895	0.9063514230	0.9041817872	0.9064252966	0.9062242995	0.9067705754	0.9069740237	0.9068043004	0.9078379392	0.9069039537	0.9072770407	0.9081049492	0.9073712000	0.9070555890	0.9075765923	0.9078490963	0.9068139360	0.9076202065	0.9075022116	0.9067562064	0.9071816981	0.9078413202	0.9085188612	0.9079361556	0.9061847425	0.9064498930	0.9063652849	0.9071926017	0.9064445680	0.9065808200	0.9065509832	0.9071262507	0.9072182123	0.9062863399	0.9065062702	0.9070922722	0.9061844044	0.9064606275	0.9069421583	0.9066749793	0.9067627148	0.9074902092	0.9056288309	0.9083606330	0.9065573225	0.9068305872	0.9066148830	0.9065137928	0.9067593338	0.9072375682	0.9073570000	0.9067296660	0.9073415322	0.9060812857	0.9074920687	0.9079670067	0.9069061513	0.9059992133	0.9076878253	0.9067702374
0.9070659008	1.0000000000	0.9073802440	0.9068523098	0.9087697272	0.9073690024	0.9112669763	0.9068235717	0.9066507210	0.9066209687	0.9070469676	0.9061030927	0.9070917651	0.9080506851	0.9072120421	0.9078585630	0.9063366314	0.9067723504	0.9060397000	0.9055807370	0.9075853828	0.9063884443	0.9062834661	0.9068813013	0.9070743532	0.9072970728	0.9063308838	0.9070107069	0.9068422514	0.9071970814	0.9062603066	0.9066804733	0.9074194630	0.9066677948	0.9065991616	0.9046717704	0.9059719967	0.9071248983	0.9073371370	0.9074072071	0.9064274097	0.9080481494	0.9070903282	0.9069593166	0.9071118817	0.9076596790	0.9079717400	0.9076022030	0.9080047042	0.9067426827	0.9075984839	0.9076480147	0.9072629253	0.9072541349	0.9076821623	0.9088979494	0.9068577193	0.9061941246	0.9069706428	0.9064072931	0.9078570415	0.9074841235	0.9068919513	0.9066142913	0.9078246690	0.9074302820	0.9065822569	0.9071791624	0.9070247379	0.9063582694	0.9059726729	0.9071636946	0.9070542366	0.9074479474	0.9079881376	0.9063536206	0.9071920945	0.9076616230	0.9073425465	0.9066694007	0.9070421497	0.9067678707	0.9070880460	0.9070313307	0.9066433675	0.9077087872	0.9070378390	0.9071107829	0.9071411268	0.9067114935	0.9059424979	0.9065559701	0.9062440781
0.9065001000	0.9073802440	1.0000000000	0.9080581231	0.9081288694	0.9071101912	0.9076852051	0.9087219713	0.9060457012	0.9062353721	0.9061860104	0.9069038691	0.9073105121	0.9072918324	0.9063712015	0.9072357932	0.9061694437	0.9068578883	0.9060758761	0.9053949542	0.9073613953	0.9062538828	0.9061083332	0.9071333507	0.9076643278	0.9065062702	0.9063665527	0.9071129805	0.9068275443	0.9068383634	0.9062319067	0.9068266991	0.9071178828	0.9065087214	0.9063102600	0.9045045828	0.9061557509	0.9062243841	0.9073506608	0.9069321845	0.9066699924	0.9076228267	0.9073596203	0.9075239341	0.9074995068	0.9069564428	0.9066447198	0.9073445751	0.9078726784	0.9072146623	0.9073449132	0.9073701012	0.9072820276	0.9069422428	0.9074184487	0.9082794059	0.9080368232	0.9062034222	0.9067236649	0.9065105809	0.9072041814	0.9065667046	0.9068310943	0.9060770595	0.9068969382	0.9071087543	0.9066192782	0.9065746498	0.9066555389	0.9063809217	0.9059603324	0.9068675240	0.9061244772	0.9068468157	0.9073151609	0.9060290501	0.9075616316	0.9069587249	0.9068414907	0.9059790121	0.9063490564	0.9072222695	0.9073894571	0.9075825935	0.9062268353	0.9067137756	0.9066361830	0.9074025583	0.9071918410	0.9063013851	0.9064880131	0.9067635600	0.9067529100
0.9068160491	0.9068523098	0.9080581231	1.0000000000	0.9081139932	0.9077289038	0.9091985153	0.9168769754	0.9061540605	0.9061275200	0.9070136653	0.9063165993	0.9066011902	0.9079732615	0.9058998980	0.9076198684	0.9062984267	0.9065292606	0.9060921047	0.9050786669	0.9066067687	0.9059267765	0.9049704768	0.9063961360	0.9066573139	0.9063264040	0.9060898225	0.9061852497	0.9070828056	0.9069156179	0.9061167856	0.9060073275	0.9065933295	0.9064245359	0.9062375698	0.9045279113	0.9054427100	0.9056969569	0.9069451166	0.9069803630	0.9063883598	0.9069082644	0.9061504259	0.9067508815	0.9069480750	0.9065197940	0.9073516751	0.9062455995	0.9074035725	0.9064683191	0.9064778703	0.9071429018	0.9061989425	0.9066759936	0.9070719020	0.9076603552	0.9073680726	0.9053150794	0.9067160577	0.9059872109	0.9068929656	0.9063266576	0.9060617607	0.9064702632	0.9067846909	0.9066367746	0.9061398605	0.9063886979	0.9069261834	0.9060729178	0.9059425825	0.9065742272	0.9058835850	0.9062767887	0.9069209429	0.9054378922	0.9068137670	0.9067110708	0.9061867711	0.9059857740	0.9061328450	0.9061630200	0.9068434348	0.9067348220	0.9050566908	0.9063885289	0.9062931863	0.9074688247	0.9072168600	0.9061490736	0.9059504431	0.9072906490	0.9060611690
0.9079550044	0.9087697272	0.9081288694	0.9081139932	1.0000000000	0.9081473800	0.9093561518	0.9085704206	0.9078785951	0.9080053804	0.9085672932	0.9074983235	0.9082376512	0.9086209657	0.9082874356	0.9088105521	0.9076055839	0.9081968263	0.9078553511	0.9069184917	0.9079019236	0.9078245845	0.9073044264	0.9082885344	0.9084837839	0.9084111781	0.9081779776	0.9082813499	0.9086350811	0.9087422570	0.9071091769	0.9082138156	0.9084972231	0.9077114074	0.9076801337	0.9062289483	0.9076349981	0.9076686385	0.9090670811	0.9084273221	0.9077151265	0.9085807324	0.9076352517	0.9083146522	0.9089344636	0.9085677158	0.9089898266	0.9081434074	0.9097689649	0.9085307790	0.9089257577	0.9088863697	0.9076251088	0.9085200445	0.9092068831	0.9095610369	0.9079407199	0.9075961173	0.9082669809	0.9081247277	0.9087238309	0.9081169516	0.9083269081	0.9075924827	0.9086677917	0.9077248467	0.9075249484	0.9086545215	0.9083466021	0.9085160719	0.9068463931	0.9084170948	0.9080469660	0.9086191907	0.9091828784	0.9066071068	0.9084069520	0.9085811551	0.9082703619	0.9081185575	0.9078054822	0.9078733546	0.9088869614	0.9086764131	0.9080580386	0.9083277534	0.9081969109	0.9086833441	0.9085960312	0.9076056684	0.9075030568	0.9085624754	0.9076489445
0.9064088990	0.9073690024	0.9071101912	0.9077289038	0.9081473800	1.0000000000	0.9087773343	0.9080201721	0.9064183657	0.9064381442	0.9068854430	0.9066897709	0.9072597134	0.9076330541	0.9067742945	0.9070387688	0.9061134046	0.9070824675	0.9067528255	0.9056295071	0.9068017646	0.9065793831	0.9057366830	0.9070005641	0.9069936332	0.9069054751	0.9067556148	0.9073204859	0.9076892622	0.9074661200	0.9066277306	0.9062748446	0.9070522080	0.9061933639	0.9069030239	0.9044436413	0.9062513471	0.9063094993	0.9077971989	0.9072526134	0.9071582851	0.9073294454	0.9069715725	0.9086072728	0.9077950858	0.9069118989	0.9074388189	0.9068897537	0.9078404749	0.9071121352	0.9077635585	0.9077879013	0.9068344753	0.9077297490	0.9082876047	0.9088643936	0.9075226663	0.9071303923	0.9070544056	0.9067657576	0.9075060151	0.9072013921	0.9063620730	0.9069883082	0.9072723074	0.9069255917	0.9062520233	0.9073797369	0.9071779791	0.9061265903	0.9061191522	0.9069850963	0.9062454304	0.9072147469	0.9078376011	0.9065442213	0.9068114849	0.9070323450	0.9069746154	0.9066645829	0.9066278996	0.9070648020	0.9074889414	0.9074053475	0.9063645242	0.9069271976	0.9070551663	0.9071718934	0.9079913495	0.9065760022	0.9061533843	0.9071886291	0.9067168185
0.9083935972	0.9112669763	0.9076852051	0.9091985153	0.9093561518	0.9087773343	1.0000000000	0.9087108142	0.9066781067	0.9077676156	0.9080281173	0.9069689523	0.9080556720	0.9093805791	0.9079494258	0.9085604468	0.9072587836	0.9083008749	0.9078763974	0.9067735338	0.9077292419	0.9071680898	0.9071287019	0.9077566275	0.9078235702	0.9073701012	0.9079390294	0.9079054736	0.9086985583	0.9081924311	0.9074948580	0.9086931488	0.9076422671	0.9083743259	0.9077141967	0.9059707288	0.9071632720	0.9073346858	0.9085130291	0.9088290627	0.9077424276	0.9082291989	0.9089180661	0.9085280743	0.9080238911	0.9083350224	0.9086519858	0.9077436954	0.9096153856	0.9086530846	0.9089581302	0.9084979839	0.9088070021	0.9082866749	0.9090198324	0.9099440133	0.9084352674	0.9071025841	0.9080768874	0.9081038504	0.9086349966	0.9078568725	0.9080406268	0.9074777842	0.9083755937	0.9079524687	0.9080811981	0.9083195546	0.9076919670	0.9079283795	0.9076521564	0.9077272979	0.9081129790	0.9086958536	0.9084244483	0.9068981215	0.9085512337	0.9085836062	0.9075650126	0.9082887035	0.9073063704	0.9081231218	0.9088403889	0.9074666271	0.9074645986	0.9082563309	0.9080462053	0.9085569813	0.9083156665	0.9080532208	0.9074160820	0.9089550874	0.9076015268
0.9071762886	0.9068235717	0.9087219713	0.9168769754	0.9085704206	0.9080201721	0.9087108142	1.0000000000	0.9061060511	0.9071333507	0.9069365798	0.9064677275	0.9069017560	0.9081837252	0.9066413389	0.9077111538	0.9063709480	0.9064418632	0.9062341043	0.9060432500	0.9072685884	0.9068435193	0.9058172340	0.9070273581	0.9075711828	0.9074703462	0.9068616919	0.9067383720	0.9077263681	0.9068214586	0.9065071154	0.9071367316	0.9071381685	0.9073164287	0.9068765680	0.9045194589	0.9066170806	0.9067482612	0.9075394865	0.9070452771	0.9072464432	0.9073800750	0.9072747586	0.9078682832	0.9076592564	0.9075050008	0.9075594340	0.9072059564	0.9081416324	0.9076538469	0.9073572536	0.9076246862	0.9065733819	0.9077817310	0.9078392071	0.9085999193	0.9072892967	0.9062524459	0.9067968623	0.9062184674	0.9073803286	0.9069477369	0.9068216277	0.9058480006	0.9073263180	0.9065377130	0.9064534430	0.9066346615	0.9063908110	0.9060269370	0.9064938452	0.9068800335	0.9066228282	0.9074197165	0.9072353706	0.9058944885	0.9074492153	0.9061988580	0.9069368333	0.9067069292	0.9066235889	0.9074724593	0.9072008005	0.9071557494	0.9065625629	0.9074922378	0.9066393949	0.9078870474	0.9077731942	0.9065432915	0.9066602722	0.9077193526	0.9066891792
0.9077839287	0.9066507210	0.9060457012	0.9061540605	0.9078785951	0.9064183657	0.9066781067	0.9061060511	1.0000000000	0.9071577780	0.9065181035	0.9067994825	0.9062018163	0.9070491652	0.9066622162	0.9074904628	0.9060780738	0.9067284827	0.9060179775	0.9052922580	0.9062406971	0.9054450767	0.9052538843	0.9071787398	0.9071336042	0.9060157799	0.9064837869	0.9069942248	0.9065101583	0.9068289812	0.9054895361	0.9063399278	0.9059708133	0.9058292363	0.9061889687	0.9042259085	0.9059719121	0.9060386858	0.9065923997	0.9075355984	0.9063732301	0.9070430795	0.9063337576	0.9067840992	0.9071559185	0.9069350583	0.9068204444	0.9063144862	0.9075130306	0.9060782428	0.9076295041	0.9073294454	0.9066904471	0.9072662217	0.9066328020	0.9069080108	0.9071629339	0.9060118073	0.9057919614	0.9055776942	0.9066034723	0.9059636288	0.9057881579	0.9059175635	0.9069049679	0.9058692160	0.9058341387	0.9066019509	0.9062744220	0.9056539344	0.9052967378	0.9062335126	0.9067214672	0.9067331315	0.9067475850	0.9053154175	0.9071325054	0.9067141982	0.9066177568	0.9059490062	0.9064030669	0.9066055009	0.9069246619	0.9080649696	0.9057753948	0.9066785293	0.9062870160	0.9067300041	0.9071021615	0.9069178155	0.9063881908	0.9067139446	0.9067712516
0.9080579541	0.9066209687	0.9062353721	0.9061275200	0.9080053804	0.9064381442	0.9077676156	0.9071333507	0.9071577780	1.0000000000	0.9064883512	0.9062086627	0.9064677275	0.9073313049	0.9070386842	0.9077360883	0.9068355741	0.9069014180	0.9061905746	0.9054394981	0.9065769319	0.9062150865	0.9056339023	0.9063941919	0.9061759521	0.9067815635	0.9064024753	0.9065518284	0.9076240100	0.9077822382	0.9060839059	0.9068840906	0.9070035224	0.9064083919	0.9067573052	0.9038898428	0.9061943782	0.9066624698	0.9063892051	0.9073275013	0.9070435021	0.9074127856	0.9069132513	0.9067007590	0.9076889241	0.9071565101	0.9072789003	0.9069005727	0.9077537537	0.9065385582	0.9071292935	0.9083058618	0.9061993651	0.9067311875	0.9081445908	0.9076406612	0.9070949769	0.9061248998	0.9067288208	0.9069882237	0.9072859157	0.9064398347	0.9066513127	0.9062747601	0.9071074864	0.9065132857	0.9063925015	0.9072230302	0.9066696543	0.9063100065	0.9059375956	0.9067252708	0.9062980041	0.9069846737	0.9068104706	0.9056803903	0.9074591045	0.9061387617	0.9062259055	0.9062576864	0.9059397087	0.9067199458	0.9066584127	0.9072822812	0.9066390568	0.9066626388	0.9064161681	0.9072816050	0.9073337561	0.9067065066	0.9059009969	0.9071127269	0.9067404851
0.9066885031	0.9070469676	0.9061860104	0.9070136653	0.9085672932	0.9068854430	0.9080281173	0.9069365798	0.9065181035	0.9064883512	1.0000000000	0.9067029566	0.9070854258	0.9073145692	0.9068057373	0.9073963035	0.9061188141	0.9069418202	0.9062703649	0.9052613224	0.9067975385	0.9055485335	0.9061851651	0.9059448646	0.9071249828	0.9067229041	0.9061465379	0.9062478816	0.9070399521	0.9077788572	0.9061254915	0.9061658092	0.9067741254	0.9065368677	0.9062679137	0.9042544775	0.9066707531	0.9060461238	0.9073475334	0.9070876234	0.9065840319	0.9071619196	0.9068133444	0.9070180605	0.9075562221	0.9070133272	0.9075902851	0.9068630442	0.9078125821	0.9065299368	0.9075836923	0.9077185919	0.9068571276	0.9072242980	0.9075983994	0.9085317088	0.9073018907	0.9066413389	0.9067283137	0.9066093890	0.9067496981	0.9065975557	0.9063779634	0.9065973021	0.9072961431	0.9067379493	0.9063247136	0.9068734406	0.9072226076	0.9060525476	0.9057900174	0.9065492927	0.9062401900	0.9068999810	0.9075610400	0.9060908368	0.9068811323	0.9068418288	0.9071139102	0.9065327261	0.9061758675	0.9062623352	0.9070318378	0.9065639998	0.9066245187	0.9071807684	0.9067868885	0.9073223454	0.9070680139	0.9063687503	0.9057170735	0.9069577107	0.9062808458
0.9070031843	0.9061030927	0.9069038691	0.9063165993	0.9074983235	0.9066897709	0.9069689523	0.9064677275	0.9067994825	0.9062086627	0.9067029566	1.0000000000	0.9072789003	0.9078621975	0.9069547523	0.9078960914	0.9067651659	0.9073040038	0.9063409421	0.9057149605	0.9076246017	0.9065938366	0.9055841180	0.9070828056	0.9068946561	0.9068298265	0.9064331573	0.9071185590	0.9069333679	0.9070757056	0.9065792986	0.9066617091	0.9071978421	0.9064505692	0.9071088388	0.9051119692	0.9070723246	0.9062862553	0.9070308236	0.9071955600	0.9070626889	0.9072211707	0.9066763317	0.9077374407	0.9072073933	0.9077585716	0.9070303164	0.9072029136	0.9079293092	0.9072625027	0.9076076125	0.9069043763	0.9067447958	0.9067578124	0.9073974868	0.9077857882	0.9076767528	0.9065425308	0.9073559012	0.9069572035	0.9073813428	0.9067589112	0.9075652662	0.9065062702	0.9075342460	0.9068463931	0.9063545504	0.9067430208	0.9069207739	0.9060509417	0.9059936347	0.9072781395	0.9072601360	0.9072170290	0.9067689695	0.9070779877	0.9078510404	0.9066148830	0.9069221262	0.9065170892	0.9057749722	0.9078210345	0.9074962949	0.9079414806	0.9063414492	0.9071859243	0.9063761884	0.9071963207	0.9072611503	0.9066347461	0.9070179760	0.9067735338	0.9067202839
0.9067480077	0.9070917651	0.9073105121	0.9066011902	0.9082376512	0.9072597134	0.9080556720	0.9069017560	0.9062018163	0.9064677275	0.9070854258	0.9072789003	1.0000000000	0.9078597463	0.9077562894	0.9076454790	0.9061690211	0.9067570517	0.9071046126	0.9056151381	0.9072859157	0.9063298695	0.9054829432	0.9066736269	0.9071591303	0.9065144690	0.9064695870	0.9072461051	0.9074028964	0.9073996845	0.9063246290	0.9081292920	0.9075174258	0.9068364193	0.9072541349	0.9049044638	0.9066611174	0.9058370125	0.9074342546	0.9071535518	0.9066323794	0.9073881047	0.9071270959	0.9065587594	0.9071207566	0.9081285313	0.9074547093	0.9069998034	0.9080801838	0.9067163958	0.9074315498	0.9077743775	0.9072973264	0.9071068103	0.9080176364	0.9087690510	0.9081107813	0.9066185175	0.9070140034	0.9066856293	0.9072346944	0.9069388619	0.9066183485	0.9063028220	0.9075877494	0.9073428001	0.9065285844	0.9072106897	0.9074565688	0.9062540518	0.9058584815	0.9075950185	0.9066105723	0.9071981802	0.9073869214	0.9060222037	0.9078085250	0.9069422428	0.9074765164	0.9065254571	0.9065760022	0.9074703462	0.9072705324	0.9070907508	0.9064598668	0.9070024236	0.9067821552	0.9079523841	0.9071401971	0.9066295901	0.9063060339	0.9073706929	0.9069107155
0.9076105708	0.9080506851	0.9072918324	0.9079732615	0.9086209657	0.9076330541	0.9093805791	0.9081837252	0.9070491652	0.9073313049	0.9073145692	0.9078621975	0.9078597463	1.0000000000	0.9078368404	0.9076251088	0.9074041642	0.9074745723	0.9077959310	0.9062974970	0.9074254641	0.9072039278	0.9070052974	0.9073926690	0.9078661701	0.9081015683	0.9070980198	0.9078363333	0.9075515733	0.9071707101	0.9074069535	0.9073495620	0.9074116868	0.9078428416	0.9070850032	0.9057917079	0.9068023563	0.9073471953	0.9084141365	0.9077801251	0.9076038089	0.9081215158	0.9080390208	0.9079901662	0.9082117025	0.9077873096	0.9078243309	0.9075880030	0.9089113042	0.9076906991	0.9077991429	0.9083696771	0.9075161580	0.9071677518	0.9077452169	0.9088894971	0.9079670067	0.9065859759	0.9072426396	0.9072002933	0.9081848240	0.9067436969	0.9069796868	0.9069577952	0.9080077471	0.9073853154	0.9067587421	0.9079402128	0.9068134289	0.9072907336	0.9073057788	0.9076777670	0.9077733632	0.9074063618	0.9081037659	0.9069687832	0.9076772599	0.9073313049	0.9074453272	0.9072761110	0.9076219815	0.9072384980	0.9084733875	0.9099989536	0.9070460378	0.9079070795	0.9073649453	0.9080790850	0.9081768788	0.9077563740	0.9072698562	0.9071376614	0.9071243066
0.9074246189	0.9072120421	0.9063712015	0.9058998980	0.9082874356	0.9067742945	0.9079494258	0.9066413389	0.9066622162	0.9070386842	0.9068057373	0.9069547523	0.9077562894	0.9078368404	1.0000000000	0.9075346686	0.9061332677	0.9074030654	0.9063551421	0.9055727918	0.9075358519	0.9072536277	0.9060405453	0.9071526220	0.9074782069	0.9067136911	0.9066902780	0.9067620386	0.9076132755	0.9085202136	0.9065309511	0.9077167324	0.9077871405	0.9069100394	0.9066360139	0.9056882510	0.9068439419	0.9066037259	0.9078826522	0.9076546921	0.9071323364	0.9081796681	0.9071667375	0.9073785536	0.9075557995	0.9074248725	0.9074740652	0.9077475835	0.9083220058	0.9074712759	0.9084021341	0.9075386412	0.9087393832	0.9075689007	0.9082858297	0.9083919913	0.9069534000	0.9068175706	0.9071342804	0.9074734735	0.9077929727	0.9070613366	0.9069641344	0.9073775393	0.9075339079	0.9069255072	0.9067428517	0.9080086769	0.9076701599	0.9063865003	0.9066123473	0.9070007332	0.9065332332	0.9073651143	0.9073001157	0.9056182655	0.9075006056	0.9075716899	0.9073302061	0.9071814446	0.9068190075	0.9071255745	0.9076009351	0.9084038246	0.9066672031	0.9071421411	0.9071064722	0.9075213984	0.9075414305	0.9074030654	0.9062346114	0.9079541591	0.9063688349
0.9079590615	0.9078585630	0.9072357932	0.9076198684	0.9088105521	0.9070387688	0.9085604468	0.9077111538	0.9074904628	0.9077360883	0.9073963035	0.9078960914	0.9076454790	0.9076251088	0.9075346686	1.0000000000	0.9074774462	0.9079515389	0.9072968193	0.9067768302	0.9079237307	0.9074753331	0.9066683019	0.9073133014	0.9079531449	0.9074682331	0.9071412113	0.9078113988	0.9074943509	0.9074326487	0.9075348377	0.9074378891	0.9084318019	0.9077812239	0.9073991773	0.9064872524	0.9072529515	0.9070441783	0.9074722902	0.9086599310	0.9078163857	0.9085117612	0.9076124303	0.9078337130	0.9081453515	0.9087203654	0.9083014665	0.9082619095	0.9089918551	0.9077993119	0.9080438387	0.9086704965	0.9080222006	0.9078404749	0.9091076524	0.9094154873	0.9083031570	0.9069745308	0.9075902851	0.9065067774	0.9080112971	0.9074179415	0.9072745896	0.9068403919	0.9078357416	0.9075583352	0.9076422671	0.9082234513	0.9072959740	0.9072306373	0.9071048662	0.9078670153	0.9078970212	0.9080412184	0.9080747743	0.9071221935	0.9074509903	0.9079730924	0.9073062859	0.9073328263	0.9066478472	0.9079688662	0.9079683591	0.9086309395	0.9073769476	0.9075070294	0.9078130048	0.9075557995	0.9085786194	0.9078222178	0.9067835921	0.9081707931	0.9069218727
0.9064146467	0.9063366314	0.9061694437	0.9062984267	0.9076055839	0.9061134046	0.9072587836	0.9063709480	0.9060780738	0.9068355741	0.9061188141	0.9067651659	0.9061690211	0.9074041642	0.9061332677	0.9074774462	1.0000000000	0.9064238597	0.9057965257	0.9052422201	0.9064542037	0.9068420824	0.9051844059	0.9064908869	0.9068724264	0.9064020526	0.9065571534	0.9067362589	0.9069755451	0.9070642949	0.9062913267	0.9068340527	0.9069915201	0.9065044107	0.9060768904	0.9044766055	0.9060741857	0.9058346458	0.9070415580	0.9064487942	0.9067212982	0.9069959153	0.9061199129	0.9066583281	0.9070316688	0.9078088631	0.9074525117	0.9157692939	0.9069582178	0.9061588783	0.9073546334	0.9072283552	0.9068309253	0.9069061513	0.9072302147	0.9073962190	0.9068053992	0.9060276977	0.9069692059	0.9064325657	0.9066694007	0.9067042244	0.9067645743	0.9061985199	0.9068420824	0.9054229315	0.9056111655	0.9065275702	0.9059731800	0.9066734579	0.9063049350	0.9066732043	0.9066621317	0.9069965070	0.9068821466	0.9057207926	0.9069093632	0.9061710497	0.9067680397	0.9062035913	0.9059670943	0.9061625973	0.9068744549	0.9067146208	0.9061942937	0.9065050869	0.9061882925	0.9067915373	0.9066677103	0.9064003622	0.9063592837	0.9064052645	0.9058472399
0.9068708204	0.9067723504	0.9068578883	0.9065292606	0.9081968263	0.9070824675	0.9083008749	0.9064418632	0.9067284827	0.9069014180	0.9069418202	0.9073040038	0.9067570517	0.9074745723	0.9074030654	0.9079515389	0.9064238597	1.0000000000	0.9066573984	0.9059147742	0.9076764992	0.9070269355	0.9056701630	0.9076328850	0.9076655111	0.9068031170	0.9069294798	0.9074182796	0.9074379736	0.9072173671	0.9069626975	0.9074614712	0.9077149574	0.9076852896	0.9067049852	0.9053641876	0.9070170462	0.9065457427	0.9077442026	0.9073073002	0.9069700511	0.9081647919	0.9071604827	0.9070012403	0.9073002002	0.9076454790	0.9077210431	0.9070754520	0.9083407700	0.9072479646	0.9080677588	0.9081871061	0.9068141051	0.9076865575	0.9093413601	0.9082430607	0.9070005641	0.9082096739	0.9076608623	0.9073164287	0.9077410752	0.9069950701	0.9076655111	0.9065011988	0.9067882409	0.9069419047	0.9070708032	0.9069149417	0.9071087543	0.9066179259	0.9065964569	0.9071684279	0.9071147555	0.9073123716	0.9071178828	0.9064672203	0.9078075953	0.9076210517	0.9073969797	0.9069395381	0.9065694939	0.9078670153	0.9078698891	0.9077014336	0.9070500949	0.9066402401	0.9073039192	0.9075154818	0.9078617749	0.9072911562	0.9061943782	0.9082591202	0.9066472555
0.9063947836	0.9060397000	0.9060758761	0.9060921047	0.9078553511	0.9067528255	0.9078763974	0.9062341043	0.9060179775	0.9061905746	0.9062703649	0.9063409421	0.9071046126	0.9077959310	0.9063551421	0.9072968193	0.9057965257	0.9066573984	1.0000000000	0.9060822999	0.9072853241	0.9065059321	0.9061593854	0.9067418374	0.9071333507	0.9069907594	0.9066512282	0.9066967864	0.9068606776	0.9066498758	0.9064383133	0.9072270028	0.9063323207	0.9059763919	0.9062960601	0.9044493044	0.9062517697	0.9062309769	0.9074372129	0.9070467985	0.9067868040	0.9076473385	0.9070482354	0.9067863814	0.9076125994	0.9069958308	0.9071978421	0.9062555733	0.9070340354	0.9068789347	0.9072404420	0.9073432227	0.9067535862	0.9071393518	0.9074334939	0.9075452341	0.9073236132	0.9066997447	0.9067236649	0.9067572207	0.9076825849	0.9069078417	0.9069697130	0.9063558182	0.9067199458	0.9067664338	0.9062551507	0.9062228626	0.9064756727	0.9065393189	0.9065863140	0.9071004710	0.9062527840	0.9073162597	0.9071731613	0.9061680068	0.9071674137	0.9065898640	0.9061680068	0.9066631460	0.9066814031	0.9072315671	0.9076092184	0.9073322346	0.9061478902	0.9068278824	0.9067862968	0.9070331902	0.9073127097	0.9066851221	0.9063074708	0.9069650642	0.9057670270
0.9049566994	0.9055807370	0.9053949542	0.9050786669	0.9069184917	0.9056295071	0.9067735338	0.9060432500	0.9052922580	0.9054394981	0.9052613224	0.9057149605	0.9056151381	0.9062974970	0.9055727918	0.9067768302	0.9052422201	0.9059147742	0.9060822999	1.0000000000	0.9067638136	0.9057538413	0.9051964928	0.9062061270	0.9062764506	0.9060515334	0.9054883527	0.9061671616	0.9062240460	0.9058982921	0.9059605860	0.9055935001	0.9062731542	0.9056851236	0.9054820980	0.9040630316	0.9053990958	0.9053718792	0.9060062287	0.9060524631	0.9063143172	0.9063076398	0.9060792571	0.9064726298	0.9065376285	0.9063629182	0.9064993393	0.9062763661	0.9066474246	0.9055620573	0.9068901763	0.9067177482	0.9060802714	0.9068029480	0.9067963551	0.9073080609	0.9061394379	0.9056699094	0.9053202353	0.9058259399	0.9062903125	0.9056918855	0.9062090008	0.9048639770	0.9061374093	0.9057682103	0.9050983609	0.9060619298	0.9056072774	0.9054080553	0.9058117400	0.9059965930	0.9051801798	0.9060916821	0.9055127800	0.9056967034	0.9063669754	0.9052848200	0.9059861121	0.9060839904	0.9051096026	0.9061557509	0.9062666459	0.9067300887	0.9055161610	0.9058010900	0.9050885562	0.9062019853	0.9062884529	0.9058042174	0.9053853185	0.9063174445	0.9055406728
0.9064420323	0.9075853828	0.9073613953	0.9066067687	0.9079019236	0.9068017646	0.9077292419	0.9072685884	0.9062406971	0.9065769319	0.9067975385	0.9076246017	0.9072859157	0.9074254641	0.9075358519	0.9079237307	0.9064542037	0.9076764992	0.9072853241	0.9067638136	1.0000000000	0.9073772857	0.9064143931	0.9076388862	0.9075350912	0.9073223454	0.9075078746	0.9072106052	0.9076791194	0.9074184487	0.9063251362	0.9068548455	0.9081329265	0.9065022131	0.9070318378	0.9052244701	0.9074049249	0.9062197353	0.9079315913	0.9071400280	0.9082266632	0.9084510733	0.9076262922	0.9073544643	0.9076158958	0.9071248983	0.9073378977	0.9075126925	0.9075825090	0.9073220918	0.9080762957	0.9077818156	0.9075711828	0.9077682918	0.9078502797	0.9083302046	0.9078184988	0.9070889758	0.9071798386	0.9070615901	0.9084435507	0.9069175620	0.9075148056	0.9066608638	0.9071064722	0.9080142554	0.9068487598	0.9075503055	0.9074869973	0.9067779290	0.9071447613	0.9078220488	0.9069728404	0.9074596962	0.9072464432	0.9069612606	0.9082206620	0.9069261834	0.9069871249	0.9073208240	0.9066988995	0.9077141122	0.9074693319	0.9075689852	0.9063704408	0.9063761039	0.9066915459	0.9079559341	0.9083326557	0.9076120922	0.9072417099	0.9077302562	0.9063422099
0.9063121195	0.9063884443	0.9062538828	0.9059267765	0.9078245845	0.9065793831	0.9071680898	0.9068435193	0.9054450767	0.9062150865	0.9055485335	0.9065938366	0.9063298695	0.9072039278	0.9072536277	0.9074753331	0.9068420824	0.9070269355	0.9065059321	0.9057538413	0.9073772857	1.0000000000	0.9060675928	0.9068513800	0.9067830849	0.9063100065	0.9071549887	0.9068688764	0.9070980198	0.9066387187	0.9062635185	0.9063151624	0.9081881204	0.9066816566	0.9063173600	0.9051755310	0.9065193714	0.9060710583	0.9070744377	0.9066177568	0.9069523011	0.9069351429	0.9065703391	0.9067713362	0.9066520734	0.9070913424	0.9062021544	0.9072745896	0.9071696113	0.9062820292	0.9069618523	0.9075631531	0.9065099893	0.9068548455	0.9082357917	0.9082273394	0.9070609139	0.9061452700	0.9063850634	0.9058190090	0.9071221935	0.9070755365	0.9066020354	0.9058523958	0.9067476696	0.9063799920	0.9056682189	0.9065487856	0.9063297850	0.9059887323	0.9065721141	0.9074698390	0.9058800350	0.9070653937	0.9067206220	0.9054953682	0.9067958480	0.9066103187	0.9068578883	0.9069569499	0.9056344940	0.9070709723	0.9071965743	0.9069412286	0.9061636116	0.9068728490	0.9069288036	0.9078294023	0.9074733045	0.9062165234	0.9066536793	0.9071689351	0.9061945472
0.9064627406	0.9062834661	0.9061083332	0.9049704768	0.9073044264	0.9057366830	0.9071287019	0.9058172340	0.9052538843	0.9056339023	0.9061851651	0.9055841180	0.9054829432	0.9070052974	0.9060405453	0.9066683019	0.9051844059	0.9056701630	0.9061593854	0.9051964928	0.9064143931	0.9060675928	1.0000000000	0.9064963810	0.9060724107	0.9071369852	0.9056399880	0.9062929327	0.9069872939	0.9063182052	0.9054696730	0.9062678292	0.9060696214	0.9057517282	0.9057879043	0.9037406587	0.9056913784	0.9062062960	0.9071300542	0.9076229112	0.9056800522	0.9069035310	0.9069015025	0.9063825277	0.9067577279	0.9061411283	0.9068017646	0.9065787914	0.9066027961	0.9059194230	0.9078175690	0.9068732716	0.9068920358	0.9064269871	0.9071782327	0.9095306930	0.9064643465	0.9056352547	0.9064528513	0.9057380354	0.9064977333	0.9063368004	0.9058687088	0.9057507985	0.9066589198	0.9060623524	0.9060560131	0.9064228454	0.9056610344	0.9057755639	0.9088601674	0.9064110967	0.9057505449	0.9061168701	0.9066852912	0.9046264658	0.9061199975	0.9065709308	0.9069861951	0.9056228298	0.9054296088	0.9060069894	0.9064985786	0.9063130493	0.9057910317	0.9055123574	0.9065900331	0.9067557838	0.9078134274	0.9064117728	0.9053508329	0.9064717846	0.9055533514
0.9067385410	0.9068813013	0.9071333507	0.9063961360	0.9082885344	0.9070005641	0.9077566275	0.9070273581	0.9071787398	0.9063941919	0.9059448646	0.9070828056	0.9066736269	0.9073926690	0.9071526220	0.9073133014	0.9064908869	0.9076328850	0.9067418374	0.9062061270	0.9076388862	0.9068513800	0.9064963810	1.0000000000	0.9065662820	0.9066405782	0.9078397142	0.9068870489	0.9073537036	0.9068959239	0.9061434105	0.9073190490	0.9074056856	0.9066092199	0.9071846565	0.9053684983	0.9066893483	0.9063198112	0.9078453773	0.9075525031	0.9066651745	0.9078477440	0.9072053647	0.9075236805	0.9074039106	0.9068185848	0.9076350826	0.9075632376	0.9077209586	0.9070135807	0.9076377874	0.9079956602	0.9074651902	0.9072633479	0.9080815362	0.9084473542	0.9073167668	0.9072639396	0.9067460636	0.9069807856	0.9075873268	0.9069327762	0.9071161924	0.9064776167	0.9076082041	0.9074334094	0.9066295056	0.9070172998	0.9071597220	0.9064371299	0.9061477212	0.9072417099	0.9067199458	0.9069346357	0.9074007833	0.9064818429	0.9066906161	0.9072517682	0.9072295385	0.9079003176	0.9061248153	0.9070855948	0.9067245101	0.9075285829	0.9066662734	0.9064437228	0.9065463344	0.9074875045	0.9075509817	0.9067911992	0.9060071585	0.9077797870	0.9064296073
0.9064716155	0.9070743532	0.9076643278	0.9066573139	0.9084837839	0.9069936332	0.9078235702	0.9075711828	0.9071336042	0.9061759521	0.9071249828	0.9068946561	0.9071591303	0.9078661701	0.9074782069	0.9079531449	0.9068724264	0.9076655111	0.9071333507	0.9062764506	0.9075350912	0.9067830849	0.9060724107	0.9065662820	1.0000000000	0.9072892121	0.9066803888	0.9074844616	0.9072674896	0.9076197839	0.9060769749	0.9074600343	0.9068549300	0.9075947649	0.9072718848	0.9052161868	0.9069260143	0.9067926361	0.9080651386	0.9074823485	0.9068267836	0.9074758402	0.9074873354	0.9070020010	0.9078393761	0.9077463157	0.9077190991	0.9073598739	0.9079765579	0.9079543282	0.9081667359	0.9079324366	0.9072763646	0.9067749707	0.9080908338	0.9083878496	0.9077838441	0.9077781810	0.9075030568	0.9074187868	0.9076941646	0.9070526306	0.9066318723	0.9068246705	0.9070648866	0.9074689093	0.9064268180	0.9071329280	0.9074682331	0.9074559772	0.9063733991	0.9075231734	0.9068157956	0.9080003090	0.9070535604	0.9062874387	0.9076842754	0.9075183556	0.9075699995	0.9072259885	0.9066618781	0.9074426224	0.9076422671	0.9074651902	0.9066698233	0.9074872509	0.9068573812	0.9075635757	0.9074245344	0.9070511937	0.9065486165	0.9077863798	0.9068087801
0.9064018836	0.9072970728	0.9065062702	0.9063264040	0.9084111781	0.9069054751	0.9073701012	0.9074703462	0.9060157799	0.9067815635	0.9067229041	0.9068298265	0.9065144690	0.9081015683	0.9067136911	0.9074682331	0.9064020526	0.9068031170	0.9069907594	0.9060515334	0.9073223454	0.9063100065	0.9071369852	0.9066405782	0.9072892121	1.0000000000	0.9070038605	0.9073258108	0.9066669495	0.9068682847	0.9069413976	0.9071786553	0.9068352360	0.9065173428	0.9066960257	0.9047192727	0.9060609155	0.9066436210	0.9075770149	0.9072195647	0.9064414406	0.9078542523	0.9072390897	0.9071736684	0.9071086698	0.9076071053	0.9078015096	0.9063892896	0.9077063360	0.9071791624	0.9078048905	0.9079703877	0.9073591131	0.9079987876	0.9074279153	0.9084733030	0.9074247034	0.9064028979	0.9066012747	0.9071543125	0.9068378562	0.9068050611	0.9070437557	0.9065779462	0.9068878097	0.9070255831	0.9068106396	0.9070295557	0.9069900832	0.9063134719	0.9059948180	0.9075080437	0.9066899400	0.9073899642	0.9067830004	0.9061967449	0.9071958136	0.9065819188	0.9072957205	0.9072155921	0.9063972348	0.9071352102	0.9075417686	0.9070752830	0.9061612450	0.9071106983	0.9067316946	0.9072859157	0.9078152869	0.9061279427	0.9063230231	0.9068259384	0.9059668407
0.9064832798	0.9063308838	0.9063665527	0.9060898225	0.9081779776	0.9067556148	0.9079390294	0.9068616919	0.9064837869	0.9064024753	0.9061465379	0.9064331573	0.9064695870	0.9070980198	0.9066902780	0.9071412113	0.9065571534	0.9069294798	0.9066512282	0.9054883527	0.9075078746	0.9071549887	0.9056399880	0.9078397142	0.9066803888	0.9070038605	1.0000000000	0.9063702718	0.9074539486	0.9072035898	0.9060406298	0.9073472798	0.9070173843	0.9065395725	0.9060158644	0.9054362862	0.9067136911	0.9059135909	0.9070839889	0.9073455894	0.9068690454	0.9068562824	0.9070839889	0.9071429863	0.9070025927	0.9065824260	0.9076056684	0.9095691512	0.9074132928	0.9068298265	0.9075650971	0.9072425551	0.9069991272	0.9068767371	0.9080828886	0.9082837166	0.9070721556	0.9063424635	0.9066803043	0.9069437643	0.9073102585	0.9065427844	0.9065813272	0.9066561305	0.9067190161	0.9069132513	0.9067637290	0.9065128631	0.9066160663	0.9068788502	0.9059903383	0.9066990685	0.9067821552	0.9067277220	0.9073468572	0.9064725453	0.9074768545	0.9066413389	0.9066779376	0.9073908095	0.9064226764	0.9070590544	0.9076953479	0.9074930830	0.9062705339	0.9073012990	0.9067360053	0.9069898296	0.9074921533	0.9068723418	0.9069570345	0.9071309840	0.9064647691
0.9066299282	0.9070107069	0.9071129805	0.9061852497	0.9082813499	0.9073204859	0.9079054736	0.9067383720	0.9069942248	0.9065518284	0.9062478816	0.9071185590	0.9072461051	0.9078363333	0.9067620386	0.9078113988	0.9067362589	0.9074182796	0.9066967864	0.9061671616	0.9072106052	0.9068688764	0.9062929327	0.9068870489	0.9074844616	0.9073258108	0.9063702718	1.0000000000	0.9071661458	0.9071225316	0.9068421669	0.9073198097	0.9070690282	0.9079086009	0.9066022045	0.9049992148	0.9073083145	0.9060000585	0.9079435092	0.9076638206	0.9068983751	0.9080983564	0.9073722988	0.9070321759	0.9072097600	0.9069163786	0.9077315240	0.9071736684	0.9080043662	0.9067687159	0.9076965313	0.9069364952	0.9070522925	0.9072160992	0.9083084820	0.9082491464	0.9075633221	0.9067551922	0.9068185003	0.9071164459	0.9072570932	0.9068353205	0.9067080280	0.9063806682	0.9069048834	0.9068283051	0.9063886979	0.9071265888	0.9073892035	0.9066517353	0.9064823500	0.9071784017	0.9066488615	0.9075689852	0.9076451409	0.9056784463	0.9072761110	0.9067933968	0.9077558668	0.9065055940	0.9067711671	0.9071516077	0.9069271131	0.9072135635	0.9062625042	0.9073078073	0.9078090322	0.9077413288	0.9075985684	0.9072586991	0.9062462757	0.9078649022	0.9062134805
0.9072341873	0.9068422514	0.9068275443	0.9070828056	0.9086350811	0.9076892622	0.9086985583	0.9077263681	0.9065101583	0.9076240100	0.9070399521	0.9069333679	0.9074028964	0.9075515733	0.9076132755	0.9074943509	0.9069755451	0.9074379736	0.9068606776	0.9062240460	0.9076791194	0.9070980198	0.9069872939	0.9073537036	0.9072674896	0.9066669495	0.9074539486	0.9071661458	1.0000000000	0.9078310928	0.9063432242	0.9070558425	0.9078658320	0.9079693734	0.9068641431	0.9050941348	0.9073034966	0.9073489703	0.9076115851	0.9076289124	0.9076197839	0.9082923380	0.9073257263	0.9079733460	0.9076466624	0.9070506866	0.9076601016	0.9074815878	0.9090160289	0.9075168341	0.9088890745	0.9079934626	0.9073286001	0.9075661114	0.9084828541	0.9088736912	0.9082456810	0.9065216535	0.9070736770	0.9073949511	0.9077917048	0.9071640327	0.9073942749	0.9070980198	0.9074775307	0.9075490376	0.9071882065	0.9079321830	0.9070035224	0.9073631703	0.9064668822	0.9072341028	0.9074138844	0.9077548525	0.9078494344	0.9062830434	0.9078731010	0.9070088474	0.9072797455	0.9071402816	0.9071918410	0.9073364608	0.9077687144	0.9084285900	0.9074300284	0.9081255730	0.9077318621	0.9088442770	0.9080755350	0.9078364178	0.9065190333	0.9083198927	0.9067692231
0.9065559701	0.9071970814	0.9068383634	0.9069156179	0.9087422570	0.9074661200	0.9081924311	0.9068214586	0.9068289812	0.9077822382	0.9077788572	0.9070757056	0.9073996845	0.9071707101	0.9085202136	0.9074326487	0.9070642949	0.9072173671	0.9066498758	0.9058982921	0.9074184487	0.9066387187	0.9063182052	0.9068959239	0.9076197839	0.9068682847	0.9072035898	0.9071225316	0.9078310928	1.0000000000	0.9064299454	0.9076855432	0.9079817984	0.9072243826	0.9068594097	0.9058506208	0.9062946232	0.9066401556	0.9079934626	0.9075435436	0.9072122112	0.9073431382	0.9076859658	0.9070214414	0.9074902937	0.9080426553	0.9079228009	0.9075586733	0.9083939353	0.9077955929	0.9080200030	0.9088371770	0.9073220073	0.9072905645	0.9084948565	0.9088905959	0.9068121610	0.9069956617	0.9075585043	0.9072306373	0.9074585129	0.9084200531	0.9073662131	0.9073984166	0.9078228940	0.9077131824	0.9070494187	0.9076877408	0.9069362417	0.9076180934	0.9064009538	0.9072405266	0.9068709049	0.9077739549	0.9087392987	0.9065964569	0.9076536778	0.9069344667	0.9074286760	0.9071664839	0.9069489202	0.9079250830	0.9075535174	0.9078404749	0.9077789418	0.9073976559	0.9076378719	0.9077723489	0.9079323521	0.9068801180	0.9062774649	0.9075481924	0.9076808944
0.9060074966	0.9062603066	0.9062319067	0.9061167856	0.9071091769	0.9066277306	0.9074948580	0.9065071154	0.9054895361	0.9060839059	0.9061254915	0.9065792986	0.9063246290	0.9074069535	0.9065309511	0.9075348377	0.9062913267	0.9069626975	0.9064383133	0.9059605860	0.9063251362	0.9062635185	0.9054696730	0.9061434105	0.9060769749	0.9069413976	0.9060406298	0.9068421669	0.9063432242	0.9064299454	1.0000000000	0.9069446940	0.9072453444	0.9062607292	0.9063986717	0.9048049796	0.9061650485	0.9069359036	0.9073349394	0.9063739908	0.9062267507	0.9071582851	0.9072620801	0.9068715811	0.9069839130	0.9071723160	0.9066087128	0.9068235717	0.9085145505	0.9066407472	0.9075197079	0.9068179932	0.9060780738	0.9071628494	0.9075893554	0.9072384135	0.9064361156	0.9067120851	0.9068293193	0.9060778202	0.9074847997	0.9065230904	0.9065584213	0.9063923324	0.9064991702	0.9064868298	0.9064514144	0.9060642964	0.9063274183	0.9061319153	0.9069086870	0.9067699838	0.9071901505	0.9067158042	0.9070196664	0.9056290845	0.9074510748	0.9061559200	0.9067644052	0.9063284326	0.9060905832	0.9067462327	0.9070045367	0.9072943681	0.9062775494	0.9067411612	0.9065014524	0.9067642362	0.9078027774	0.9064153228	0.9070539830	0.9067743790	0.9063155850
0.9067282291	0.9066804733	0.9068266991	0.9060073275	0.9082138156	0.9062748446	0.9086931488	0.9071367316	0.9063399278	0.9068840906	0.9061658092	0.9066617091	0.9081292920	0.9073495620	0.9077167324	0.9074378891	0.9068340527	0.9074614712	0.9072270028	0.9055935001	0.9068548455	0.9063151624	0.9062678292	0.9073190490	0.9074600343	0.9071786553	0.9073472798	0.9073198097	0.9070558425	0.9076855432	0.9069446940	1.0000000000	0.9074550474	0.9073139775	0.9061287879	0.9068048920	0.9068658335	0.9069332833	0.9078217107	0.9075416841	0.9068453788	0.9073005383	0.9070704651	0.9072565860	0.9071949683	0.9072677431	0.9074256332	0.9074719521	0.9078041298	0.9068386169	0.9077354966	0.9076852896	0.9078342202	0.9075086354	0.9081741740	0.9083048475	0.9074570760	0.9066602722	0.9072070552	0.9065683105	0.9070678449	0.9064564013	0.9068719192	0.9063726384	0.9076776825	0.9072405266	0.9065706772	0.9074400867	0.9076846134	0.9064579227	0.9063209945	0.9080482339	0.9064826036	0.9073672274	0.9073483786	0.9058840921	0.9078369249	0.9065698319	0.9075317948	0.9069242393	0.9056655142	0.9078807927	0.9076164029	0.9074709378	0.9067942421	0.9067513886	0.9068377717	0.9077826608	0.9076505504	0.9072268337	0.9066434520	0.9075094806	0.9061160248
0.9070684365	0.9074194630	0.9071178828	0.9065933295	0.9084972231	0.9070522080	0.9076422671	0.9071381685	0.9059708133	0.9070035224	0.9067741254	0.9071978421	0.9075174258	0.9074116868	0.9077871405	0.9084318019	0.9069915201	0.9077149574	0.9063323207	0.9062731542	0.9081329265	0.9081881204	0.9060696214	0.9074056856	0.9068549300	0.9068352360	0.9070173843	0.9070690282	0.9078658320	0.9079817984	0.9072453444	0.9074550474	1.0000000000	0.9073384049	0.9070265128	0.9060686071	0.9074783759	0.9062384150	0.9076562980	0.9073165978	0.9071125579	0.9074133773	0.9084401697	0.9076001744	0.9076459016	0.9077244241	0.9077159717	0.9074787985	0.9077497811	0.9068130063	0.9080266804	0.9081358848	0.9071587923	0.9075242722	0.9084761768	0.9083608866	0.9076397314	0.9065506451	0.9071378304	0.9069698821	0.9076058375	0.9070591390	0.9076551992	0.9063757658	0.9068927120	0.9078481666	0.9069714035	0.9074716140	0.9072850705	0.9070175534	0.9067621231	0.9076336457	0.9063127957	0.9068530705	0.9073006228	0.9065774391	0.9078953307	0.9074430451	0.9072412873	0.9067689695	0.9064680656	0.9071987719	0.9078844272	0.9075435436	0.9068587335	0.9070260057	0.9074094047	0.9075261317	0.9078205274	0.9071981802	0.9060915975	0.9081864299	0.9064864917
