0.5370518358	-0.0053409877	-0.0068543626	-0.0044287584	-0.0042830573	-0.0074840178	-0.0045572834	-0.0057041944	0.0010845674	0.0003022631	-0.0059370077	-0.0052345575	-0.0063365001	-0.0053984189	-0.0044510773	-0.0038983737	-0.0062454196	-0.0063871436	-0.0064067897	-0.0078572971	-0.0077215938	-0.0064667473	-0.0047009098	-0.0066483411	-0.0071412311	-0.0066074912	-0.0067619900	-0.0067006527	-0.0054521239	-0.0067859705	-0.0072782385	-0.0065745644	-0.0061717573	-0.0066027785	-0.0061794151	-0.0081540278	-0.0060918373	-0.0068281234	-0.0073826535	-0.0061009621	-0.0054733914	-0.0051013231	-0.0062013763	-0.0054862585	-0.0043920222	-0.0060813757	-0.0065529173	-0.0058701790	-0.0052296528	-0.0064809014	-0.0055332017	-0.0051468237	-0.0064033211	-0.0052051676	-0.0060794250	-0.0045833911	-0.0044380047	-0.0071459824	-0.0069403492	-0.0076858633	-0.0062038450	-0.0068443792	-0.0061273901	-0.0050998719	-0.0055078265	-0.0043276793	-0.0062764994	-0.0069063648	-0.0042680308	-0.0075771246	-0.0058674339	-0.0059361551	-0.0060427417	-0.0073129521	-0.0051415643	-0.0070611384	-0.0030193715	-0.0060690319	-0.0061254935	-0.0069551832	-0.0060998110	-0.0067392035	-0.0063351897	-0.0056482619	-0.0047441005	-0.0049219833	-0.0071886923	-0.0053932625	-0.0045987872	-0.0056707146	-0.0066375836	-0.0044893499	-0.0061140654
-0.0053409877	0.5144876771	-0.0023413580	-0.0043760260	-0.0030987319	-0.0036264021	0.0105457284	-0.0070451977	-0.0061376280	-0.0064351327	-0.0051901548	-0.0078030988	-0.0051042948	-0.0035874042	-0.0055970822	-0.0048262191	-0.0065905973	-0.0071127215	-0.0076617444	-0.0071453558	-0.0046540897	-0.0068555716	-0.0071873249	-0.0062238765	-0.0046793583	-0.0042362022	-0.0071729493	-0.0062523308	-0.0071312241	-0.0060335496	-0.0071080631	-0.0065068630	-0.0053443132	-0.0063631315	-0.0065804747	-0.0071374708	-0.0075435979	-0.0047293977	-0.0063292224	-0.0056863815	-0.0068844732	-0.0043388477	-0.0055594969	-0.0064846421	-0.0063827062	-0.0050724739	-0.0046222223	-0.0047241729	-0.0051602424	-0.0067311493	-0.0062428645	-0.0057113348	-0.0060200471	-0.0047713983	-0.0059638400	-0.0038277171	-0.0065683544	-0.0069341006	-0.0058182895	-0.0068763296	-0.0047877857	-0.0042249681	-0.0049040058	-0.0057242322	-0.0046252082	-0.0042396449	-0.0061146365	-0.0062853843	-0.0049696488	-0.0066177028	-0.0071931418	-0.0053762254	-0.0057127049	-0.0052599921	-0.0040905721	-0.0052627190	-0.0063222034	-0.0040100016	-0.0049605129	-0.0058514524	-0.0048654438	-0.0068594446	-0.0071147969	-0.0058593602	-0.0051178068	-0.0044781330	-0.0054731018	-0.0059119957	-0.0070940350	-0.0069666178	-0.0072075333	-0.0072767151	-0.0068054460
-0.0068543626	-0.0023413580	0.5329161221	0.0008688478	-0.0046497885	-0.0041727460	-0.0051858984	0.0029820833	-0.0073412038	-0.0070490586	-0.0059886352	-0.0063613970	-0.0048011678	-0.0057305876	-0.0078017856	-0.0055398494	-0.0068518319	-0.0059054920	-0.0070678626	-0.0075069012	-0.0053096631	-0.0067273913	-0.0058788606	-0.0055772167	-0.0048539257	-0.0071390821	-0.0069011634	-0.0057787232	-0.0068306944	-0.0061648559	-0.0058032272	-0.0067175750	-0.0053219847	-0.0057518656	-0.0070146811	-0.0071908923	-0.0059264360	-0.0063706025	-0.0054050880	-0.0058269348	-0.0060029521	-0.0037417866	-0.0049922973	-0.0050116554	-0.0054137588	-0.0064170263	-0.0072326002	-0.0057190774	-0.0052496113	-0.0051913955	-0.0063063991	-0.0056202476	-0.0053147918	-0.0041699640	-0.0064640161	-0.0055383173	-0.0028169973	-0.0074743094	-0.0063000524	-0.0076829362	-0.0059095789	-0.0067779106	-0.0054018848	-0.0068549179	-0.0051722093	-0.0052103125	-0.0049988301	-0.0067764282	-0.0063180843	-0.0074150331	-0.0067637592	-0.0062920832	-0.0077185231	-0.0067846324	-0.0051296474	-0.0069471798	-0.0050182222	-0.0059447095	-0.0056893975	-0.0070174157	-0.0058977177	-0.0051640358	-0.0053128240	-0.0046143978	-0.0065480470	-0.0070990506	-0.0064755881	-0.0060611277	-0.0059693430	-0.0064079619	-0.0056344877	-0.0067798347	-0.0043608956
-0.0044287584	-0.0043760260	0.0008688478	0.5241130891	-0.0035186952	-0.0009628621	0.0006927485	0.0445001648	-0.0060759540	-0.0070427253	-0.0045029122	-0.0066221237	-0.0059323234	-0.0028536477	-0.0074299993	-0.0050114271	-0.0062938987	-0.0068954065	-0.0064448591	-0.0075895538	-0.0070527039	-0.0060073066	-0.0078613397	-0.0068545431	-0.0060886201	-0.0066554697	-0.0066511634	-0.0074454967	-0.0065057438	-0.0065576846	-0.0069201257	-0.0077810212	-0.0061733897	-0.0059465227	-0.0064998838	-0.0062913192	-0.0081690791	-0.0074741880	-0.0059146646	-0.0059704470	-0.0067299035	-0.0063764996	-0.0077858038	-0.0068957224	-0.0055642459	-0.0066064330	-0.0054357788	-0.0077402294	-0.0059921147	-0.0064249638	-0.0079867522	-0.0058289880	-0.0074654307	-0.0065172809	-0.0065487696	-0.0058292362	-0.0047773569	-0.0084869239	-0.0057965993	-0.0076289357	-0.0058448436	-0.0064756040	-0.0074149527	-0.0054492574	-0.0064165259	-0.0057181406	-0.0058742671	-0.0074446480	-0.0044832742	-0.0074442178	-0.0063443618	-0.0059646538	-0.0075655198	-0.0073897801	-0.0064310450	-0.0076974215	-0.0064493509	-0.0059644268	-0.0077400160	-0.0073597747	-0.0065125463	-0.0073974088	-0.0062125294	-0.0063396039	-0.0089079511	-0.0068081677	-0.0069765972	-0.0038240221	-0.0067253109	-0.0071537975	-0.0067336786	-0.0050937345	-0.0067975677
-0.0042830573	-0.0030987319	-0.0046497885	-0.0035186952	0.4437716337	-0.0049808499	-0.0035876577	-0.0033272075	-0.0043625424	-0.0056855516	-0.0026830709	-0.0055217534	-0.0035936264	-0.0039234978	-0.0052669578	-0.0050406889	-0.0052686025	-0.0043338806	-0.0050764273	-0.0055446942	-0.0058394038	-0.0049960592	-0.0055888630	-0.0042537597	-0.0048902011	-0.0037950944	-0.0054735246	-0.0048673956	-0.0045136027	-0.0042308525	-0.0068136353	-0.0049801280	-0.0044689502	-0.0054154313	-0.0050306010	-0.0049093939	-0.0057164176	-0.0054440159	-0.0034164903	-0.0037939231	-0.0055056088	-0.0040174821	-0.0065445915	-0.0051488918	-0.0035305864	-0.0047055084	-0.0042035530	-0.0053554594	-0.0030328787	-0.0039031652	-0.0047241970	-0.0039631098	-0.0070138004	-0.0048067598	-0.0038150974	-0.0043808470	-0.0056927700	-0.0052315553	-0.0044823158	-0.0043628792	-0.0049323506	-0.0057684676	-0.0046553230	-0.0057022695	-0.0038273218	-0.0063601934	-0.0061430095	-0.0039411448	-0.0053405026	-0.0042783332	-0.0072363098	-0.0037254894	-0.0052288646	-0.0050298701	-0.0031154287	-0.0075474467	-0.0057937779	-0.0044985128	-0.0045519935	-0.0050696686	-0.0057544438	-0.0063482091	-0.0038589611	-0.0039665826	-0.0042981947	-0.0042022128	-0.0045960325	-0.0042021556	-0.0047467794	-0.0066937427	-0.0057653701	-0.0044839575	-0.0055026318
-0.0074840178	-0.0036264021	-0.0041727460	-0.0009628621	-0.0049808499	0.5095857569	-0.0015847570	-0.0026119994	-0.0061155267	-0.0073535305	-0.0052686980	-0.0060824977	-0.0047085823	-0.0042543680	-0.0064742579	-0.0065584972	-0.0077481971	-0.0052261397	-0.0054737378	-0.0082067124	-0.0058806429	-0.0050617321	-0.0068416404	-0.0058235325	-0.0066016506	-0.0061681046	-0.0056194728	-0.0046544847	-0.0050130444	-0.0051933401	-0.0059608077	-0.0075819438	-0.0056208475	-0.0063874681	-0.0060019785	-0.0072356053	-0.0068407322	-0.0072763085	-0.0040218951	-0.0054550629	-0.0043475584	-0.0059979229	-0.0067680533	-0.0007123965	-0.0046926215	-0.0073681470	-0.0053631723	-0.0062266275	-0.0053092494	-0.0058061772	-0.0058358461	-0.0050225118	-0.0057830792	-0.0043192060	-0.0051011025	-0.0039402667	-0.0045781885	-0.0050200667	-0.0053506753	-0.0059882338	-0.0056802845	-0.0042411952	-0.0075457804	-0.0043195174	-0.0047283489	-0.0059061109	-0.0064907537	-0.0043198614	-0.0045930752	-0.0072545967	-0.0066050601	-0.0058255326	-0.0066778778	-0.0053793627	-0.0046701565	-0.0045725839	-0.0072667358	-0.0057686730	-0.0054737691	-0.0052272691	-0.0052974381	-0.0059452970	-0.0059821234	-0.0044445051	-0.0063427759	-0.0062626332	-0.0053779016	-0.0060354704	-0.0046345197	-0.0064777042	-0.0067756540	-0.0060346161	-0.0057627964
-0.0045572834	0.0105457284	-0.0051858984	0.0006927485	-0.0035876577	-0.0015847570	0.4155303339	-0.0017161145	-0.0066619032	-0.0048655757	-0.0039151939	-0.0074526099	-0.0043906664	-0.0015653253	-0.0044153922	-0.0056299216	-0.0062126236	-0.0047317060	-0.0046164452	-0.0052601432	-0.0068393666	-0.0061359110	-0.0057855955	-0.0058135387	-0.0058866015	-0.0051458780	-0.0041548337	-0.0042810485	-0.0041092298	-0.0052681327	-0.0048241651	-0.0036532675	-0.0066394050	-0.0029270091	-0.0047404307	-0.0051602815	-0.0058961253	-0.0054943062	-0.0048944859	-0.0031836859	-0.0051407243	-0.0055674602	-0.0026120016	-0.0040703155	-0.0056749865	-0.0051256342	-0.0045692590	-0.0059486351	-0.0022058537	-0.0040903752	-0.0041968322	-0.0054769656	-0.0028537587	-0.0045353336	-0.0039906281	-0.0030466068	-0.0043314404	-0.0069027052	-0.0046976868	-0.0045238599	-0.0043218640	-0.0054251639	-0.0048256071	-0.0055417293	-0.0047730904	-0.0052512834	-0.0036367125	-0.0049094392	-0.0051813740	-0.0040336792	-0.0050087584	-0.0054717370	-0.0046235309	-0.0039075709	-0.0040250790	-0.0053880559	-0.0046406129	-0.0040692873	-0.0062447372	-0.0039633807	-0.0061398456	-0.0048475183	-0.0041099499	-0.0064569135	-0.0047798630	-0.0046342944	-0.0050938521	-0.0038401335	-0.0052848503	-0.0050603652	-0.0055542227	-0.0035649197	-0.0054158112
-0.0057041944	-0.0070451977	0.0029820833	0.0445001648	-0.0033272075	-0.0026119994	-0.0017161145	0.5020136702	-0.0071536025	-0.0056138622	-0.0049755877	-0.0069849012	-0.0065302144	-0.0037930917	-0.0080121748	-0.0053996262	-0.0063705232	-0.0080754949	-0.0072036460	-0.0064805587	-0.0066484151	-0.0048697503	-0.0078365637	-0.0069531587	-0.0050497980	-0.0042455510	-0.0056546859	-0.0070558000	-0.0046420268	-0.0072039087	-0.0061943184	-0.0064828394	-0.0056376409	-0.0041505930	-0.0054438538	-0.0070884433	-0.0069340754	-0.0056969369	-0.0057766663	-0.0062754711	-0.0057757230	-0.0066489396	-0.0060514280	-0.0042088621	-0.0051394272	-0.0055326395	-0.0059050932	-0.0063235385	-0.0053239398	-0.0042328903	-0.0067516409	-0.0061676936	-0.0080035922	-0.0046452916	-0.0063603746	-0.0054818182	-0.0051508451	-0.0072216907	-0.0070678926	-0.0077413151	-0.0059834412	-0.0062214395	-0.0067736305	-0.0082275189	-0.0060064432	-0.0070888277	-0.0072808656	-0.0069032120	-0.0072329605	-0.0079301871	-0.0062999077	-0.0064969392	-0.0061876825	-0.0061903466	-0.0065400146	-0.0072295179	-0.0062223033	-0.0079285678	-0.0067865523	-0.0061920309	-0.0061290095	-0.0050979437	-0.0065564807	-0.0059872748	-0.0067754134	-0.0059965587	-0.0069479437	-0.0046640860	-0.0050652274	-0.0067525945	-0.0054571668	-0.0053506454	-0.0064200547
0.0010845674	-0.0061376280	-0.0073412038	-0.0060759540	-0.0043625424	-0.0061155267	-0.0066619032	-0.0071536025	0.5387503972	-0.0007647464	-0.0057178750	-0.0044835337	-0.0067287932	-0.0048634165	-0.0054758296	-0.0050121264	-0.0065328487	-0.0063133642	-0.0056518932	-0.0066422955	-0.0069122377	-0.0079298991	-0.0073238080	-0.0045489623	-0.0049753979	-0.0061356415	-0.0057367799	-0.0044779345	-0.0070460658	-0.0058689717	-0.0069383569	-0.0052426518	-0.0070132727	-0.0065551572	-0.0051706493	-0.0072095876	-0.0058400343	-0.0061551211	-0.0068453289	-0.0038849014	-0.0053251364	-0.0051808549	-0.0068801765	-0.0056287698	-0.0057382094	-0.0057726105	-0.0059753392	-0.0076835357	-0.0046609811	-0.0070130212	-0.0045113434	-0.0058490089	-0.0049466441	-0.0049543439	-0.0076738697	-0.0079601065	-0.0054961045	-0.0067010792	-0.0078497129	-0.0084529666	-0.0061732115	-0.0065729900	-0.0074969300	-0.0062727837	-0.0052404551	-0.0073864083	-0.0063465177	-0.0058123413	-0.0062893064	-0.0073321351	-0.0080212361	-0.0062049135	-0.0052543577	-0.0063808958	-0.0053925168	-0.0071679187	-0.0049098357	-0.0053727110	-0.0048066779	-0.0073760036	-0.0051598442	-0.0056079882	-0.0050940777	0.0004214940	-0.0068756248	-0.0059807286	-0.0055796056	-0.0062922310	-0.0056097580	-0.0044679630	-0.0053949474	-0.0063216661	-0.0039622207
0.0003022631	-0.0064351327	-0.0070490586	-0.0070427253	-0.0056855516	-0.0073535305	-0.0048655757	-0.0056138622	-0.0007647464	0.5335351728	-0.0055132736	-0.0073402116	-0.0065523236	-0.0044223738	-0.0049419627	-0.0052211542	-0.0057731813	-0.0063304637	-0.0065471602	-0.0068257236	-0.0065062852	-0.0060094824	-0.0058188750	-0.0061038729	-0.0077303232	-0.0051741440	-0.0060328177	-0.0063241440	-0.0042125580	-0.0033922272	-0.0059916673	-0.0057060134	-0.0052300848	-0.0058687015	-0.0050241973	-0.0076442631	-0.0065368384	-0.0050749307	-0.0071734660	-0.0047936398	-0.0054113460	-0.0050872634	-0.0058798279	-0.0066202560	-0.0034860151	-0.0056360564	-0.0050601673	-0.0055380559	-0.0053249265	-0.0068482224	-0.0059797959	-0.0026648969	-0.0064691620	-0.0061406972	-0.0043467491	-0.0058640106	-0.0067183237	-0.0069015247	-0.0053394100	-0.0045039683	-0.0058035498	-0.0067449977	-0.0063728539	-0.0065845853	-0.0053591043	-0.0069074788	-0.0061927324	-0.0049466026	-0.0060851245	-0.0070664897	-0.0065890501	-0.0068752047	-0.0061542341	-0.0060192300	-0.0065386435	-0.0067578063	-0.0052847167	-0.0062533381	-0.0070633767	-0.0066254041	-0.0068257517	-0.0064203700	-0.0063883537	-0.0058317157	-0.0050205207	-0.0067666963	-0.0065636584	-0.0048255259	-0.0056514275	-0.0052606735	-0.0071734766	-0.0052415122	-0.0051960122
-0.0059370077	-0.0051901548	-0.0059886352	-0.0045029122	-0.0026830709	-0.0052686980	-0.0039151939	-0.0049755877	-0.0057178750	-0.0055132736	0.5062551420	-0.0046379688	-0.0027346350	-0.0046312973	-0.0048865866	-0.0052486139	-0.0064183213	-0.0048223614	-0.0065851798	-0.0066987160	-0.0055754480	-0.0077924469	-0.0048459964	-0.0084575804	-0.0052653563	-0.0051376143	-0.0063269662	-0.0068533896	-0.0055629299	-0.0037322607	-0.0064412704	-0.0064282204	-0.0058533952	-0.0056792824	-0.0065831733	-0.0065040103	-0.0049110771	-0.0059354447	-0.0051681666	-0.0055022630	-0.0056420785	-0.0055936756	-0.0061876674	-0.0053083781	-0.0045478004	-0.0060932676	-0.0045357175	-0.0057069491	-0.0046683795	-0.0061966344	-0.0056749416	-0.0052216162	-0.0050619683	-0.0046171503	-0.0050825474	-0.0038701753	-0.0046281621	-0.0056592073	-0.0056282398	-0.0052795293	-0.0070126603	-0.0058823495	-0.0067091515	-0.0049011634	-0.0040678548	-0.0051498687	-0.0052020186	-0.0056275308	-0.0045982192	-0.0065982241	-0.0062951270	-0.0064437057	-0.0067529429	-0.0061960607	-0.0041801541	-0.0063588034	-0.0053454008	-0.0060651690	-0.0042567964	-0.0056811523	-0.0051121029	-0.0064341375	-0.0057906706	-0.0066231592	-0.0040845218	-0.0048638164	-0.0052285440	-0.0047750185	-0.0053314454	-0.0058033365	-0.0072112775	-0.0057102530	-0.0058460387
-0.0052345575	-0.0078030988	-0.0063613970	-0.0066221237	-0.0055217534	-0.0060824977	-0.0074526099	-0.0069849012	-0.0044835337	-0.0073402116	-0.0046379688	0.5127368436	-0.0040165749	-0.0036515015	-0.0053005213	-0.0044254026	-0.0047721301	-0.0057883727	-0.0061209266	-0.0064779233	-0.0043811715	-0.0050902651	-0.0071955783	-0.0056960945	-0.0060777972	-0.0054767552	-0.0063910786	-0.0050048978	-0.0063133048	-0.0044650535	-0.0053018975	-0.0072163993	-0.0057042296	-0.0060002822	-0.0044707794	-0.0055313794	-0.0040157255	-0.0058112547	-0.0058814464	-0.0049647969	-0.0054931280	-0.0063929811	-0.0065928810	-0.0040276228	-0.0063152297	-0.0041136734	-0.0059516647	-0.0055548250	-0.0045309622	-0.0051039462	-0.0053721089	-0.0060678849	-0.0063279115	-0.0071954821	-0.0062148306	-0.0061324299	-0.0050047155	-0.0063069045	-0.0047913324	-0.0057209791	-0.0049859564	-0.0056101265	-0.0039439323	-0.0054313630	-0.0042308606	-0.0064044877	-0.0056428793	-0.0064501268	-0.0047514643	-0.0067831203	-0.0063034480	-0.0049376992	-0.0036767405	-0.0054820379	-0.0062771978	-0.0030696544	-0.0038021121	-0.0068132621	-0.0043010293	-0.0064076865	-0.0067046393	-0.0041665076	-0.0049696514	-0.0038660464	-0.0066607919	-0.0050410350	-0.0071208479	-0.0058877325	-0.0064998490	-0.0056618210	-0.0046838838	-0.0069052612	-0.0059839042
-0.0063365001	-0.0051042948	-0.0048011678	-0.0059323234	-0.0035936264	-0.0047085823	-0.0043906664	-0.0065302144	-0.0067287932	-0.0065523236	-0.0027346350	-0.0040165749	0.5116857584	-0.0044370095	-0.0027679648	-0.0050132763	-0.0072611350	-0.0067880677	-0.0042626347	-0.0066873739	-0.0054357169	-0.0060405521	-0.0070374023	-0.0059813968	-0.0051366851	-0.0068692490	-0.0056697213	-0.0054922647	-0.0054314827	-0.0055706501	-0.0063790178	-0.0022828449	-0.0046321568	-0.0058032025	-0.0050086589	-0.0053752273	-0.0050608045	-0.0077188934	-0.0061566234	-0.0062571138	-0.0061478949	-0.0059797111	-0.0051680764	-0.0072056837	-0.0064132581	-0.0035532029	-0.0055182617	-0.0061651022	-0.0055398904	-0.0060128555	-0.0064638405	-0.0047909759	-0.0054407232	-0.0052699827	-0.0054816698	-0.0045577789	-0.0032351414	-0.0060928942	-0.0064528516	-0.0062766826	-0.0060663393	-0.0065587075	-0.0067787288	-0.0066426381	-0.0045488169	-0.0051282621	-0.0052930645	-0.0054061058	-0.0047218621	-0.0067016169	-0.0078820496	-0.0042737162	-0.0059111396	-0.0053470628	-0.0052157714	-0.0069283359	-0.0046598383	-0.0060927420	-0.0038266625	-0.0061604047	-0.0061209508	-0.0043980637	-0.0050956544	-0.0054188064	-0.0059943890	-0.0061866565	-0.0061152693	-0.0044830145	-0.0070336538	-0.0060364617	-0.0061304970	-0.0058450539	-0.0049301159
-0.0053984189	-0.0035874042	-0.0057305876	-0.0028536477	-0.0039234978	-0.0042543680	-0.0015653253	-0.0037930917	-0.0048634165	-0.0044223738	-0.0046312973	-0.0036515015	-0.0044370095	0.4634567208	-0.0036492786	-0.0060533325	-0.0047028273	-0.0058622629	-0.0041507976	-0.0060655016	-0.0067299665	-0.0047137449	-0.0048275817	-0.0060181743	-0.0047427023	-0.0034409162	-0.0057327787	-0.0046724386	-0.0066739492	-0.0064222177	-0.0046411051	-0.0051983882	-0.0058999362	-0.0042398543	-0.0060705477	-0.0050343607	-0.0058838308	-0.0044090148	-0.0038737030	-0.0046315912	-0.0049414575	-0.0050572985	-0.0048780548	-0.0041533042	-0.0049212773	-0.0058158637	-0.0056027832	-0.0055503911	-0.0042300272	-0.0047919411	-0.0058567821	-0.0049004075	-0.0062257523	-0.0060335402	-0.0070848135	-0.0048260610	-0.0047505613	-0.0073288646	-0.0055684524	-0.0067066224	-0.0045934012	-0.0075296642	-0.0067696888	-0.0053404688	-0.0045250818	-0.0056484259	-0.0069436399	-0.0043212567	-0.0066373356	-0.0058450953	-0.0042668925	-0.0047873738	-0.0037643957	-0.0065427497	-0.0045736324	-0.0046207171	-0.0057179208	-0.0061143433	-0.0058549690	-0.0045559952	-0.0041792652	-0.0063605704	-0.0038841684	0.0052819031	-0.0053741327	-0.0052695608	-0.0052369675	-0.0052129576	-0.0051037715	-0.0034601032	-0.0050074667	-0.0076627388	-0.0063568752
-0.0044510773	-0.0055970822	-0.0078017856	-0.0074299993	-0.0052669578	-0.0064742579	-0.0044153922	-0.0080121748	-0.0054758296	-0.0049419627	-0.0048865866	-0.0053005213	-0.0027679648	-0.0036492786	0.4918550219	-0.0056595197	-0.0075336115	-0.0053788320	-0.0064634789	-0.0069082330	-0.0056320237	-0.0048686081	-0.0065129163	-0.0058463654	-0.0050784095	-0.0069138717	-0.0066487591	-0.0070810998	-0.0054175309	-0.0000259750	-0.0058131991	-0.0045646574	-0.0044281016	-0.0059369776	-0.0068527074	-0.0043059027	-0.0057312946	-0.0062463787	-0.0046418512	-0.0045640646	-0.0044796718	-0.0034079648	-0.0055912439	-0.0053275450	-0.0055332151	-0.0048636893	-0.0052065513	-0.0051640467	-0.0044806126	-0.0051663860	-0.0048375611	-0.0058000372	-0.0018729740	-0.0037747296	-0.0053618636	-0.0051008164	-0.0073280916	-0.0054228738	-0.0057348546	-0.0046800342	-0.0052577708	-0.0051625052	-0.0060209662	-0.0035972711	-0.0055623990	-0.0066212733	-0.0056443667	-0.0025070771	-0.0050204091	-0.0069938886	-0.0050825168	-0.0058356524	-0.0068620322	-0.0057395166	-0.0051485435	-0.0081479594	-0.0057269683	-0.0040172726	-0.0044698811	-0.0052936589	-0.0041841698	-0.0059171541	-0.0046976667	-0.0010381314	-0.0055752555	-0.0065574841	-0.0054663588	-0.0058091585	-0.0063838193	-0.0056324099	-0.0065593383	-0.0036351948	-0.0070269487
-0.0038983737	-0.0048262191	-0.0055398494	-0.0050114271	-0.0050406889	-0.0065584972	-0.0056299216	-0.0053996262	-0.0050121264	-0.0052211542	-0.0052486139	-0.0044254026	-0.0050132763	-0.0060533325	-0.0056595197	0.4646365774	-0.0046592233	-0.0047865256	-0.0055156136	-0.0055332838	-0.0053522114	-0.0045369324	-0.0063005974	-0.0054765469	-0.0046871026	-0.0048907819	-0.0060548211	-0.0042706897	-0.0060150096	-0.0063777807	-0.0026541163	-0.0056041580	-0.0040644599	-0.0038895852	-0.0051190733	-0.0024128127	-0.0050975448	-0.0055390884	-0.0061796957	-0.0029696056	-0.0045228101	-0.0032495286	-0.0053418361	-0.0051916038	-0.0054050974	-0.0033588626	-0.0044133174	-0.0041735552	-0.0031170050	-0.0050530297	-0.0060859749	-0.0039180841	-0.0038779555	-0.0054765948	-0.0029495967	-0.0034890900	-0.0036854740	-0.0064472774	-0.0057594059	-0.0082967136	-0.0054359526	-0.0058525833	-0.0064126993	-0.0061310335	-0.0053777983	-0.0056197726	-0.0039082705	-0.0042757735	-0.0066210802	-0.0061434065	-0.0047792565	-0.0050043808	-0.0037833016	-0.0051988587	-0.0046986966	-0.0050238153	-0.0059121114	-0.0045124391	-0.0062002046	-0.0056145087	-0.0065414184	-0.0049331748	-0.0056421369	-0.0039560782	-0.0050806660	-0.0058919102	-0.0040161088	-0.0060418772	-0.0040658935	-0.0045588028	-0.0063588422	-0.0042718685	-0.0064337546
-0.0062454196	-0.0065905973	-0.0068518319	-0.0062938987	-0.0052686025	-0.0077481971	-0.0062126236	-0.0063705232	-0.0065328487	-0.0057731813	-0.0064183213	-0.0047721301	-0.0072611350	-0.0047028273	-0.0075336115	-0.0046592233	0.5241409374	-0.0061591244	-0.0067849503	-0.0069263011	-0.0063128626	-0.0037339023	-0.0076091494	-0.0065891351	-0.0056495765	-0.0060852030	-0.0057632702	-0.0061182945	-0.0059169910	-0.0056464503	-0.0058831116	-0.0057008624	-0.0060254983	-0.0058412584	-0.0063131535	-0.0062804427	-0.0062392596	-0.0068304259	-0.0050355358	-0.0070152720	-0.0044835030	-0.0052384449	-0.0075858958	-0.0062783418	-0.0056323122	-0.0036685851	-0.0045709205	0.0389760062	-0.0061404197	-0.0062912520	-0.0058167570	-0.0060100582	-0.0059074190	-0.0051060554	-0.0066269066	-0.0062921528	-0.0065056278	-0.0070600108	-0.0050710825	-0.0062759538	-0.0062209581	-0.0059227468	-0.0064765068	-0.0060435348	-0.0056595436	-0.0093502855	-0.0077996994	-0.0069306006	-0.0074374019	-0.0058398726	-0.0045359349	-0.0061620421	-0.0049922753	-0.0056333451	-0.0063777175	-0.0063653870	-0.0059131377	-0.0068828540	-0.0064668279	-0.0066244112	-0.0061086945	-0.0070369437	-0.0059602835	-0.0060929067	-0.0058517312	-0.0066724789	-0.0072117562	-0.0066567461	-0.0068465821	-0.0058717021	-0.0057784924	-0.0074966245	-0.0076402171
-0.0063871436	-0.0071127215	-0.0059054920	-0.0068954065	-0.0043338806	-0.0052261397	-0.0047317060	-0.0080754949	-0.0063133642	-0.0063304637	-0.0048223614	-0.0057883727	-0.0067880677	-0.0058622629	-0.0053788320	-0.0047865256	-0.0061591244	0.5015109124	-0.0066320410	-0.0048784916	-0.0056872423	-0.0046215692	-0.0074842809	-0.0039201164	-0.0043498818	-0.0068493926	-0.0058562097	-0.0048598077	-0.0057616118	-0.0062919120	-0.0053268225	-0.0056372899	-0.0044397781	-0.0046142042	-0.0062206739	-0.0048774221	-0.0045787736	-0.0062034783	-0.0043917342	-0.0059685143	-0.0056956902	-0.0047382063	-0.0060891267	-0.0055954914	-0.0067858936	-0.0039877344	-0.0055842452	-0.0064979039	-0.0043706619	-0.0055264862	-0.0057808201	-0.0043999684	-0.0058931163	-0.0042682972	-0.0015592901	-0.0055295033	-0.0062909354	0.0000788509	-0.0044915792	-0.0052043364	-0.0054831232	-0.0061913699	-0.0032305440	-0.0061082652	-0.0064200843	-0.0057432499	-0.0046367169	-0.0065947436	-0.0050672853	-0.0064449337	-0.0062975029	-0.0055639950	-0.0054447776	-0.0058982303	-0.0065727229	-0.0062934942	-0.0050519498	-0.0042343478	-0.0054919613	-0.0056255741	-0.0063083268	-0.0041929634	-0.0051411511	-0.0042875082	-0.0048382454	-0.0073634001	-0.0055100173	-0.0050921553	-0.0050156069	-0.0055533779	-0.0072054904	-0.0039093264	-0.0061394285
-0.0064067897	-0.0076617444	-0.0070678626	-0.0064448591	-0.0050764273	-0.0054737378	-0.0046164452	-0.0072036460	-0.0056518932	-0.0065471602	-0.0065851798	-0.0061209266	-0.0042626347	-0.0041507976	-0.0064634789	-0.0055156136	-0.0067849503	-0.0066320410	0.5193674804	-0.0055482446	-0.0054162321	-0.0049004167	-0.0052856981	-0.0051280528	-0.0046253617	-0.0045802754	-0.0051245677	-0.0047760225	-0.0065650777	-0.0065090212	-0.0050272405	-0.0045203846	-0.0066319118	-0.0065680928	-0.0067989238	-0.0067062158	-0.0062309028	-0.0058554409	-0.0048631919	-0.0056674589	-0.0050674229	-0.0046674172	-0.0049745460	-0.0066306634	-0.0031479262	-0.0060474780	-0.0049065850	-0.0076251051	-0.0068478249	-0.0047269637	-0.0057461255	-0.0054010327	-0.0052869568	-0.0048662341	-0.0058625488	-0.0058368848	-0.0050003687	-0.0049785007	-0.0051300334	-0.0055135493	-0.0047078672	-0.0057792651	-0.0048472176	-0.0058087456	-0.0060961363	-0.0059488636	-0.0060418833	-0.0072149050	-0.0063219445	-0.0048351500	-0.0044260422	-0.0054172646	-0.0055124052	-0.0050674240	-0.0054408791	-0.0051970417	-0.0049154406	-0.0056258814	-0.0069120278	-0.0060089038	-0.0034637795	-0.0049141314	-0.0046737207	-0.0050055298	-0.0055993593	-0.0057007040	-0.0050128736	-0.0063934628	-0.0058533457	-0.0060958448	-0.0064685195	-0.0060693328	-0.0077324983
-0.0078572971	-0.0071453558	-0.0075069012	-0.0075895538	-0.0055446942	-0.0082067124	-0.0052601432	-0.0064805587	-0.0066422955	-0.0068257236	-0.0066987160	-0.0064779233	-0.0066873739	-0.0060655016	-0.0069082330	-0.0055332838	-0.0069263011	-0.0048784916	-0.0055482446	0.5819797529	-0.0053977453	-0.0064200609	-0.0063032376	-0.0050612025	-0.0054797801	-0.0047308687	-0.0073059227	-0.0061963915	-0.0059528915	-0.0065209933	-0.0049159460	-0.0070681679	-0.0056860085	-0.0062833189	-0.0069512138	-0.0061079114	-0.0060671488	-0.0074047213	-0.0063833019	-0.0059670480	-0.0051768245	-0.0063208785	-0.0066734287	-0.0045986123	-0.0049281941	-0.0045408304	-0.0052116658	-0.0053560169	-0.0062620409	-0.0069897319	-0.0059728159	-0.0054593979	-0.0056644655	-0.0040396001	-0.0059008178	-0.0057509906	-0.0067146979	-0.0062429028	-0.0075709198	-0.0066186252	-0.0068154567	-0.0076652970	-0.0060273917	-0.0085672175	-0.0061013164	-0.0067192089	-0.0078365178	-0.0064962110	-0.0070060383	-0.0070983612	-0.0053179600	-0.0065436184	-0.0072972852	-0.0060995058	-0.0079976593	-0.0054638496	-0.0061324244	-0.0081133257	-0.0062332067	-0.0050828063	-0.0071510471	-0.0063507842	-0.0062699252	-0.0050533337	-0.0062241651	-0.0067080447	-0.0083067442	-0.0059597123	-0.0072140994	-0.0054770233	-0.0063004985	-0.0061390703	-0.0072300046
-0.0077215938	-0.0046540897	-0.0053096631	-0.0070527039	-0.0058394038	-0.0058806429	-0.0068393666	-0.0066484151	-0.0069122377	-0.0065062852	-0.0055754480	-0.0043811715	-0.0054357169	-0.0067299665	-0.0056320237	-0.0053522114	-0.0063128626	-0.0056872423	-0.0054162321	-0.0053977453	0.5107642076	-0.0033426348	-0.0062302821	-0.0042098960	-0.0045734039	-0.0050076879	-0.0038213285	-0.0053119619	-0.0058896771	-0.0054050544	-0.0068173316	-0.0070408883	-0.0035096960	-0.0067992065	-0.0044651621	-0.0056196531	-0.0045231872	-0.0079331844	-0.0047076598	-0.0064070442	-0.0024625667	-0.0033340799	-0.0047836911	-0.0063457609	-0.0060805984	-0.0061112110	-0.0056651029	-0.0056308470	-0.0064764730	-0.0052630145	-0.0056649560	-0.0054288836	-0.0046814348	-0.0048122711	-0.0058831320	-0.0059890587	-0.0041375864	-0.0057374592	-0.0057700333	-0.0062867595	-0.0036877155	-0.0061187353	-0.0045013468	-0.0061541500	-0.0068674590	-0.0041020813	-0.0057604960	-0.0051889300	-0.0048215950	-0.0065331197	-0.0046698884	-0.0043658031	-0.0063994360	-0.0055247408	-0.0066013544	-0.0044442116	-0.0041122513	-0.0068470005	-0.0058225665	-0.0058830475	-0.0060370919	-0.0042085305	-0.0067383342	-0.0060723467	-0.0071749625	-0.0074696051	-0.0061352172	-0.0047128159	-0.0047878809	-0.0049685456	-0.0046202254	-0.0045648239	-0.0074230170
-0.0064667473	-0.0068555716	-0.0067273913	-0.0060073066	-0.0049960592	-0.0050617321	-0.0061359110	-0.0048697503	-0.0079298991	-0.0060094824	-0.0077924469	-0.0050902651	-0.0060405521	-0.0047137449	-0.0048686081	-0.0045369324	-0.0037339023	-0.0046215692	-0.0049004167	-0.0064200609	-0.0033426348	0.5187969860	-0.0055611937	-0.0049338689	-0.0064072476	-0.0068431097	-0.0044140479	-0.0041580857	-0.0053477317	-0.0059694287	-0.0050851617	-0.0072185252	-0.0011282705	-0.0044829003	-0.0065992461	-0.0040248488	-0.0050907967	-0.0061879402	-0.0051941828	-0.0060993569	-0.0041833803	-0.0053833150	-0.0066538512	-0.0054158665	-0.0074018589	-0.0047717853	-0.0070675049	-0.0048362969	-0.0059684257	-0.0065843798	-0.0066729080	-0.0046662105	-0.0065665520	-0.0058121044	-0.0039921396	-0.0048910271	-0.0053346647	-0.0066143627	-0.0070444714	-0.0075818383	-0.0056650868	-0.0049303534	-0.0060837868	-0.0065298160	-0.0058927663	-0.0066360954	-0.0072636346	-0.0069356068	-0.0067660932	-0.0074029090	-0.0045411380	-0.0036739525	-0.0071047776	-0.0047161268	-0.0061086940	-0.0072382795	-0.0063629549	-0.0053896102	-0.0049512463	-0.0045225904	-0.0066776554	-0.0049325973	-0.0051800474	-0.0067123142	-0.0058611896	-0.0059951442	-0.0041300667	-0.0030267109	-0.0045974748	-0.0064843190	-0.0048336408	-0.0056080381	-0.0067323981
-0.0047009098	-0.0071873249	-0.0058788606	-0.0078613397	-0.0055888630	-0.0068416404	-0.0057855955	-0.0078365637	-0.0073238080	-0.0058188750	-0.0048459964	-0.0071955783	-0.0070374023	-0.0048275817	-0.0065129163	-0.0063005974	-0.0076091494	-0.0074842809	-0.0052856981	-0.0063032376	-0.0062302821	-0.0055611937	0.5197409763	-0.0053400690	-0.0061723332	-0.0018504597	-0.0066085842	-0.0055675046	-0.0039905738	-0.0065065829	-0.0061774039	-0.0061045848	-0.0067230196	-0.0062975115	-0.0057269455	-0.0064855203	-0.0063705802	-0.0039048713	-0.0037964124	-0.0008051122	-0.0077626795	-0.0048512568	-0.0034206174	-0.0059313480	-0.0059779253	-0.0067146848	-0.0049901283	-0.0063458387	-0.0058873819	-0.0065832391	-0.0017500982	-0.0055218316	-0.0034754498	-0.0058736284	-0.0054654238	0.0024825638	-0.0056861248	-0.0067465000	-0.0059055029	-0.0064448052	-0.0065415679	-0.0058225281	-0.0067593564	-0.0059486640	-0.0060518030	-0.0064463171	-0.0054967735	-0.0061011749	-0.0071120773	-0.0064107332	0.0093143953	-0.0055328755	-0.0064234602	-0.0060214031	-0.0054592776	-0.0084822590	-0.0071555447	-0.0059119064	-0.0033023793	-0.0070458930	-0.0067183280	-0.0068374540	-0.0065968234	-0.0066406849	-0.0064188541	-0.0078309679	-0.0043636531	-0.0050157402	-0.0035339385	-0.0055142092	-0.0071084622	-0.0062707207	-0.0068818760
-0.0066483411	-0.0062238765	-0.0055772167	-0.0068545431	-0.0042537597	-0.0058235325	-0.0058135387	-0.0069531587	-0.0045489623	-0.0061038729	-0.0084575804	-0.0056960945	-0.0059813968	-0.0060181743	-0.0058463654	-0.0054765469	-0.0065891351	-0.0039201164	-0.0051280528	-0.0050612025	-0.0042098960	-0.0049338689	-0.0053400690	0.5229182572	-0.0074643428	-0.0065920585	-0.0016254322	-0.0059759183	-0.0057605745	-0.0069678456	-0.0071405124	-0.0058455959	-0.0048176019	-0.0064831316	-0.0047200045	-0.0056288277	-0.0058720158	-0.0069497983	-0.0041877293	-0.0045280084	-0.0053264860	-0.0045419157	-0.0058070081	-0.0043901503	-0.0060288850	-0.0072461801	-0.0048017939	-0.0037165821	-0.0055702990	-0.0059293358	-0.0058760078	-0.0051222738	-0.0048171402	-0.0049446227	-0.0051825252	-0.0045378071	-0.0055622410	-0.0055475902	-0.0061658083	-0.0061598341	-0.0054348908	-0.0060887453	-0.0053313451	-0.0061538263	-0.0044780654	-0.0052716856	-0.0061126624	-0.0058371352	-0.0051831355	-0.0069305638	-0.0069820045	-0.0053442198	-0.0068341977	-0.0062614591	-0.0053780449	-0.0050802462	-0.0067427120	-0.0049932524	-0.0055329412	-0.0027585804	-0.0067673726	-0.0059923298	-0.0073177458	-0.0051252301	-0.0057582434	-0.0069922087	-0.0064727015	-0.0051221708	-0.0058510513	-0.0062066658	-0.0079033185	-0.0043970417	-0.0069892781
-0.0071412311	-0.0046793583	-0.0048539257	-0.0060886201	-0.0048902011	-0.0066016506	-0.0058866015	-0.0050497980	-0.0049753979	-0.0077303232	-0.0052653563	-0.0060777972	-0.0051366851	-0.0047427023	-0.0050784095	-0.0046871026	-0.0056495765	-0.0043498818	-0.0046253617	-0.0054797801	-0.0045734039	-0.0064072476	-0.0061723332	-0.0074643428	0.4936947408	-0.0061031235	-0.0064604774	-0.0046919704	-0.0062816080	-0.0048678574	-0.0068514631	-0.0043711225	-0.0068382153	-0.0034889948	-0.0046086217	-0.0053982043	-0.0055096869	-0.0059155275	-0.0039422019	-0.0054375259	-0.0061702317	-0.0060445514	-0.0054422989	-0.0064019042	-0.0043231799	-0.0048227647	-0.0049779970	-0.0056125542	-0.0051516348	-0.0036778756	-0.0045666053	-0.0049478701	-0.0056547372	-0.0068643242	-0.0050125493	-0.0051477187	-0.0042313257	-0.0034697959	-0.0041424134	-0.0046348852	-0.0051458985	-0.0060346807	-0.0064900475	-0.0047895308	-0.0057034620	-0.0063249896	-0.0062941994	-0.0065765168	-0.0047076414	-0.0043689392	-0.0064433875	-0.0053260263	-0.0052827756	-0.0039534505	-0.0062327719	-0.0062200365	-0.0045994907	-0.0044477909	-0.0048383742	-0.0048490235	-0.0062067442	-0.0049052237	-0.0044732882	-0.0053552308	-0.0062025868	-0.0051027051	-0.0060133161	-0.0051358862	-0.0054079157	-0.0053059247	-0.0045009133	-0.0051027112	-0.0056823555
-0.0066074912	-0.0042362022	-0.0071390821	-0.0066554697	-0.0037950944	-0.0061681046	-0.0051458780	-0.0042455510	-0.0061356415	-0.0051741440	-0.0051376143	-0.0054767552	-0.0068692490	-0.0034409162	-0.0069138717	-0.0048907819	-0.0060852030	-0.0068493926	-0.0045802754	-0.0047308687	-0.0050076879	-0.0068431097	-0.0018504597	-0.0065920585	-0.0061031235	0.5036079866	-0.0045489283	-0.0056831193	-0.0072831882	-0.0057194007	-0.0045112476	-0.0044923208	-0.0052188282	-0.0062771873	-0.0059151555	-0.0067712316	-0.0056338234	-0.0060278112	-0.0051291788	-0.0045571601	-0.0060557317	-0.0043723499	-0.0041643887	-0.0048797990	-0.0061693493	-0.0043578635	-0.0045885777	-0.0081328319	-0.0041984901	-0.0047832296	-0.0036833657	-0.0037787333	-0.0048931210	-0.0034022786	-0.0062333098	-0.0039252749	-0.0055137625	-0.0062103349	-0.0051103359	-0.0056688528	-0.0063781997	-0.0057938689	-0.0049893570	-0.0058295129	-0.0046032301	-0.0051884990	-0.0055875113	-0.0055859633	-0.0056079154	-0.0065748503	-0.0066635716	-0.0037859842	-0.0056260735	-0.0050705952	-0.0065274394	-0.0054355029	-0.0054818183	-0.0067586216	-0.0049086683	-0.0036913403	-0.0061622393	-0.0052974525	-0.0048033615	-0.0057835299	-0.0062384806	-0.0059367661	-0.0062823923	-0.0056688263	-0.0047556420	-0.0076839273	-0.0065116039	-0.0069279601	-0.0069026937
-0.0067619900	-0.0071729493	-0.0069011634	-0.0066511634	-0.0054735246	-0.0056194728	-0.0041548337	-0.0056546859	-0.0057367799	-0.0060328177	-0.0063269662	-0.0063910786	-0.0056697213	-0.0057327787	-0.0066487591	-0.0060548211	-0.0057632702	-0.0058562097	-0.0051245677	-0.0073059227	-0.0038213285	-0.0044140479	-0.0066085842	-0.0016254322	-0.0064604774	-0.0045489283	0.5056386234	-0.0065885250	-0.0044919291	-0.0053455205	-0.0072889232	-0.0042704496	-0.0060136857	-0.0053608014	-0.0078028153	-0.0040850286	-0.0055516996	-0.0065839033	-0.0052115524	-0.0043740692	-0.0051357032	-0.0062573093	-0.0054239584	-0.0052730182	-0.0049036184	-0.0068422640	-0.0046867685	0.0053627847	-0.0063672909	-0.0057823285	-0.0055557085	-0.0058085910	-0.0052035080	-0.0061469257	-0.0036070921	-0.0033477643	-0.0056748887	-0.0069225749	-0.0059738198	-0.0056164417	-0.0054444626	-0.0071770240	-0.0062217082	-0.0054650213	-0.0059632680	-0.0060835866	-0.0049417856	-0.0063086503	-0.0050749685	-0.0054707409	-0.0063960812	-0.0068865414	-0.0050663728	-0.0065651073	-0.0058457447	-0.0048974639	-0.0050012441	-0.0067571877	-0.0056086549	-0.0040980753	-0.0054899040	-0.0059984960	-0.0047222951	-0.0049565379	-0.0058845669	-0.0040053151	-0.0051778300	-0.0059204993	-0.0055822723	-0.0055512886	-0.0040740333	-0.0065162213	-0.0058377076
-0.0067006527	-0.0062523308	-0.0057787232	-0.0074454967	-0.0048673956	-0.0046544847	-0.0042810485	-0.0070558000	-0.0044779345	-0.0063241440	-0.0068533896	-0.0050048978	-0.0054922647	-0.0046724386	-0.0070810998	-0.0042706897	-0.0061182945	-0.0048598077	-0.0047760225	-0.0061963915	-0.0053119619	-0.0041580857	-0.0055675046	-0.0059759183	-0.0046919704	-0.0056831193	-0.0065885250	0.5122078857	-0.0069081802	-0.0060393574	-0.0049542826	-0.0052903065	-0.0054657284	-0.0021195997	-0.0059819238	-0.0055693554	-0.0042765999	-0.0069525437	-0.0043538615	-0.0044347957	-0.0052170567	-0.0037262480	-0.0054283087	-0.0054593891	-0.0060938929	-0.0062301228	-0.0050150105	-0.0065016095	-0.0047495096	-0.0065326636	-0.0058989353	-0.0065789802	-0.0057797378	-0.0053933642	-0.0045037877	-0.0046289793	-0.0055042534	-0.0052877812	-0.0063872304	-0.0042160509	-0.0061063751	-0.0065230776	-0.0057438259	-0.0068747869	-0.0060861132	-0.0065611752	-0.0068499965	-0.0060292661	-0.0042385635	-0.0061736772	-0.0061974578	-0.0052074393	-0.0062678575	-0.0056263044	-0.0051782966	-0.0074786311	-0.0055778987	-0.0052277285	-0.0033217391	-0.0062228729	-0.0053158178	-0.0056647387	-0.0065025795	-0.0058654919	-0.0063227182	-0.0051181083	-0.0029062415	-0.0056438265	-0.0055602778	-0.0045929838	-0.0060676453	-0.0049447494	-0.0075897849
-0.0054521239	-0.0071312241	-0.0068306944	-0.0065057438	-0.0045136027	-0.0050130444	-0.0041092298	-0.0046420268	-0.0070460658	-0.0042125580	-0.0055629299	-0.0063133048	-0.0054314827	-0.0066739492	-0.0054175309	-0.0060150096	-0.0059169910	-0.0057616118	-0.0065650777	-0.0059528915	-0.0058896771	-0.0053477317	-0.0039905738	-0.0057605745	-0.0062816080	-0.0072831882	-0.0044919291	-0.0069081802	0.4872775779	-0.0042994839	-0.0063935892	-0.0056386451	-0.0046441003	-0.0001368308	-0.0063214722	-0.0058004322	-0.0045799430	-0.0049539217	-0.0056916149	-0.0053619832	-0.0045993838	-0.0037024871	-0.0055454846	-0.0036963887	-0.0061361948	-0.0070736847	-0.0059035972	-0.0057192746	-0.0026310140	-0.0045251278	-0.0033218393	-0.0051489185	-0.0053359626	-0.0049102076	-0.0051855929	-0.0031164184	-0.0047477985	-0.0076527545	-0.0062031777	-0.0054306627	-0.0059777646	-0.0055823711	-0.0053856044	-0.0048064390	-0.0055351654	-0.0046923734	-0.0048027830	-0.0043984196	-0.0068593035	-0.0057077336	-0.0062609361	-0.0060151567	-0.0054676779	-0.0047417259	-0.0046754768	-0.0069701004	-0.0049952355	-0.0068139475	-0.0060332202	-0.0061978530	-0.0054132378	-0.0051190645	-0.0059785887	-0.0030841986	-0.0037904561	-0.0036802185	-0.0043635309	-0.0021179369	-0.0053235914	-0.0036110538	-0.0060755867	-0.0046556805	-0.0067166041
-0.0067859705	-0.0060335496	-0.0061648559	-0.0065576846	-0.0042308525	-0.0051933401	-0.0052681327	-0.0072039087	-0.0058689717	-0.0033922272	-0.0037322607	-0.0044650535	-0.0055706501	-0.0064222177	-0.0000259750	-0.0063777807	-0.0056464503	-0.0062919120	-0.0065090212	-0.0065209933	-0.0054050544	-0.0059694287	-0.0065065829	-0.0069678456	-0.0048678574	-0.0057194007	-0.0053455205	-0.0060393574	-0.0042994839	0.4835276761	-0.0068140187	-0.0052476619	-0.0043418029	-0.0057017655	-0.0058718796	-0.0043850051	-0.0071990631	-0.0056060740	-0.0044032807	-0.0056549239	-0.0053347815	-0.0060394893	-0.0047451029	-0.0064079885	-0.0062219213	-0.0046739402	-0.0053111767	-0.0040385136	-0.0045741708	-0.0045345622	-0.0050824506	-0.0025875782	-0.0053414195	-0.0053622099	-0.0046341677	-0.0048637654	-0.0077884022	-0.0055881226	-0.0048491545	-0.0057509442	-0.0064009262	-0.0024371155	-0.0053306874	-0.0043543940	-0.0040676230	-0.0040351988	-0.0056689857	-0.0051477132	-0.0060989066	-0.0045336876	-0.0062729336	-0.0062774421	-0.0060953049	-0.0046846938	-0.0020858598	-0.0056272628	-0.0051441452	-0.0063625179	-0.0049338952	-0.0050744915	-0.0045216664	-0.0041555098	-0.0059836238	-0.0032044612	-0.0032821218	-0.0052953860	-0.0044982160	-0.0050336695	-0.0050785412	-0.0065754580	-0.0070530844	-0.0051793884	-0.0046950883
