1.0000000000	0.9175736784	0.9177987383	0.9182647339	0.9187021249	0.9179719043	0.9181833263	0.9176455745	0.9185793841	0.9182864846	0.9177470543	0.9180425415	0.9179670087	0.9183676824	0.9182399759	0.9192214132	0.9183578911	0.9176944610	0.9180544309	0.9184373404	0.9180647817	0.9176671853	0.9186461048	0.9189169739	0.9185704321	0.9177073995	0.9182671118	0.9179807864	0.9181829067	0.9182594886	0.9179626725	0.9173389672	0.9175859175	0.9183733473	0.9183106131	0.9177957310	0.9178822440	0.9182083640	0.9188717941	0.9175790636	0.9180438004	0.9186736603	0.9183654443	0.9177536284	0.9183164179	0.9177643289	0.9186214167	0.9185786148	0.9190687389	0.9187848614	0.9178580456	0.9179828845	0.9184840589	0.9179142056	0.9180499549	0.9184783240	0.9179002181	0.9179242767	0.9174477204	0.9181534629	0.9174775839	0.9175290581	0.9187100979	0.9191558814	0.9179509230	0.9173356801	0.9178733619	0.9181334606	0.9179534407	0.9174012118	0.9182708884	0.9180301625	0.9183428544	0.9178341268	0.9179861716	0.9177141835	0.9185618297	0.9183435538	0.9180810772	0.9180659707	0.9188429098	0.9179877102	0.9181293343	0.9187123359	0.9182702590	0.9183676824	0.9179816956	0.9188089200	0.9183355809	0.9182847361	0.9181686394	0.9188196205	0.9181730454	0.9181432519	0.9186853399	0.9177052314	0.9179279834	0.9180151958	0.9181848649
0.9175736784	1.0000000000	0.9172105613	0.9180683485	0.9174478603	0.9173304347	0.9180484862	0.9178081100	0.9186880674	0.9183441133	0.9175587817	0.9178874194	0.9178037738	0.9178914059	0.9178302802	0.9190832161	0.9174601694	0.9174053381	0.9175941003	0.9178098584	0.9181470286	0.9174373696	0.9185337846	0.9184141211	0.9176531278	0.9178047529	0.9175452137	0.9176898451	0.9184917520	0.9180457586	0.9177141135	0.9177188693	0.9179093100	0.9180127480	0.9183734173	0.9179105688	0.9180298128	0.9179919765	0.9187259038	0.9174570921	0.9177286606	0.9178205589	0.9172128693	0.9181406642	0.9179861716	0.9173371488	0.9179877802	0.9179133664	0.9182885128	0.9181559806	0.9172193735	0.9180324005	0.9178140547	0.9173907911	0.9175208054	0.9184702112	0.9174121920	0.9174051983	0.9169561975	0.9177437672	0.9181702479	0.9171404837	0.9182264080	0.9182320030	0.9177506211	0.9176490014	0.9176045210	0.9180769509	0.9182585094	0.9179601548	0.9184917520	0.9182437526	0.9182176658	0.9181885716	0.9176931322	0.9171083822	0.9180690479	0.9180086916	0.9175601804	0.9185472826	0.9181537426	0.9176188583	0.9180950648	0.9184062880	0.9178230767	0.9180840146	0.9177717423	0.9185137824	0.9179513426	0.9177361440	0.9177199184	0.9177701337	0.9182768331	0.9173732367	0.9173776428	0.9173218324	0.9174213539	0.9178554579	0.9179133664
0.9177987383	0.9172105613	1.0000000000	0.9184145407	0.9186575046	0.9177391513	0.9181258374	0.9181201725	0.9184807718	0.9178869998	0.9184412569	0.9178493733	0.9178511916	0.9186095273	0.9184724492	0.9189176033	0.9182403955	0.9175091258	0.9179009874	0.9179628823	0.9178061517	0.9174196054	0.9183326435	0.9181707375	0.9180321907	0.9180927568	0.9181921385	0.9178890280	0.9181588481	0.9183988047	0.9184846883	0.9177422285	0.9176330556	0.9178513315	0.9182589990	0.9182166167	0.9186066598	0.9178493033	0.9189352976	0.9177948917	0.9177061406	0.9177502015	0.9180251270	0.9174442235	0.9179653302	0.9177026437	0.9182769031	0.9182934084	0.9187191898	0.9192352609	0.9174893334	0.9178160129	0.9179486150	0.9175284287	0.9178173418	0.9188778087	0.9179279134	0.9175745876	0.9177312483	0.9181573794	0.9178444776	0.9174213539	0.9184376202	0.9182469697	0.9176868378	0.9174226827	0.9179749116	0.9172160165	0.9184374103	0.9178774883	0.9189495649	0.9181707375	0.9185940710	0.9177955212	0.9178234963	0.9173706490	0.9177715325	0.9179961028	0.9179097296	0.9177887372	0.9185374214	0.9181073039	0.9176401893	0.9177765680	0.9180165246	0.9177743300	0.9184638468	0.9187536691	0.9177171908	0.9179956132	0.9181652823	0.9177751693	0.9185467931	0.9180243577	0.9182648738	0.9174121920	0.9180386250	0.9176407488	0.9181940967
0.9182647339	0.9180683485	0.9184145407	1.0000000000	0.9190759425	0.9183720185	0.9178941335	0.9186215566	0.9192191052	0.9187549979	0.9188009471	0.9190371270	0.9185538568	0.9189710358	0.9186800945	0.9194718605	0.9189153653	0.9183583806	0.9186457551	0.9178654590	0.9186510703	0.9182234007	0.9202539050	0.9187656984	0.9191157371	0.9186433772	0.9183597794	0.9183943287	0.9188380141	0.9185962391	0.9184530065	0.9189884503	0.9186718419	0.9184128622	0.9192454718	0.9183832785	0.9181966145	0.9185690333	0.9194573833	0.9179085407	0.9183858662	0.9180335195	0.9186623303	0.9186189689	0.9186015544	0.9204624596	0.9185770062	0.9191153875	0.9197059423	0.9190446803	0.9190663610	0.9185182585	0.9193193261	0.9180987715	0.9182209528	0.9191770726	0.9186856896	0.9180580677	0.9181140179	0.9193419160	0.9186903754	0.9182314435	0.9190640531	0.9192299456	0.9187273026	0.9179305011	0.9189479563	0.9183802712	0.9195038920	0.9187474446	0.9191078342	0.9181884318	0.9190320915	0.9182406753	0.9188836835	0.9178383231	0.9186855497	0.9188021360	0.9188136758	0.9186111359	0.9191554618	0.9184177578	0.9183775436	0.9183762847	0.9192770137	0.9182186449	0.9188814455	0.9190758726	0.9188372448	0.9187725523	0.9186434471	0.9192898123	0.9193952086	0.9185605708	0.9189602654	0.9177262827	0.9185394496	0.9186907251	0.9189458582
0.9187021249	0.9174478603	0.9186575046	0.9190759425	1.0000000000	0.9187864699	0.9180603057	0.9184622383	0.9191753242	0.9185731596	0.9187725523	0.9189692874	0.9182804000	0.9190660114	0.9187069507	0.9195886566	0.9190363577	0.9182180854	0.9184826601	0.9190958049	0.9184551046	0.9191384669	0.9189179530	0.9188264044	0.9184418164	0.9178631510	0.9189173236	0.9186395306	0.9191394461	0.9181977335	0.9187692652	0.9185221050	0.9183006120	0.9194037410	0.9190801388	0.9186703032	0.9185005642	0.9183407563	0.9191871436	0.9184548948	0.9185753976	0.9183064168	0.9183988047	0.9183424348	0.9192739365	0.9179981310	0.9189622237	0.9190276854	0.9195951608	0.9191378375	0.9182548027	0.9190160758	0.9192275677	0.9184523770	0.9182378778	0.9193457626	0.9190464288	0.9183487292	0.9184037003	0.9186409993	0.9184127223	0.9184399980	0.9189538311	0.9193491196	0.9187703842	0.9180117689	0.9189275345	0.9184872760	0.9190499956	0.9186898159	0.9188097592	0.9184259405	0.9189117985	0.9182040279	0.9185071383	0.9179190313	0.9189339688	0.9190369872	0.9185819019	0.9184209050	0.9185558151	0.9183149492	0.9186100169	0.9189254364	0.9192164476	0.9186391110	0.9192473601	0.9194096158	0.9192939387	0.9189208205	0.9187066709	0.9190314621	0.9188554286	0.9186335859	0.9181910894	0.9183253700	0.9197774887	0.9182931986	0.9185560249
0.9179719043	0.9173304347	0.9177391513	0.9183720185	0.9187864699	1.0000000000	0.9182864146	0.9177054413	0.9188108782	0.9186350546	0.9178204890	0.9185912735	0.9181796196	0.9183679621	0.9179893188	0.9186227455	0.9183962170	0.9178472052	0.9178002769	0.9178365746	0.9178518910	0.9178196497	0.9188534004	0.9185049003	0.9184748970	0.9181531831	0.9179203601	0.9178272030	0.9187254842	0.9180516334	0.9180272950	0.9180147062	0.9179589658	0.9185944907	0.9182718676	0.9176789348	0.9175546553	0.9185183284	0.9188487146	0.9174114927	0.9179093799	0.9174533854	0.9177220165	0.9176877470	0.9179383342	0.9177749594	0.9186555464	0.9187912257	0.9190992318	0.9185824614	0.9180293932	0.9189264854	0.9188842430	0.9176337550	0.9180016978	0.9189972625	0.9179322496	0.9175604602	0.9177574050	0.9178148240	0.9175382899	0.9179107787	0.9182086438	0.9188243762	0.9184351723	0.9181531132	0.9177663571	0.9173551927	0.9187690554	0.9174430346	0.9188891386	0.9184146806	0.9182231209	0.9180141467	0.9182302546	0.9173649141	0.9185734394	0.9183792221	0.9183412459	0.9182732663	0.9181106609	0.9181575192	0.9182050070	0.9185794540	0.9186824724	0.9179848428	0.9185632984	0.9184223038	0.9184125125	0.9179146252	0.9182349404	0.9185780553	0.9182627057	0.9178121664	0.9178679068	0.9174263195	0.9180875814	0.9179743521	0.9173630957
0.9181833263	0.9180484862	0.9181258374	0.9178941335	0.9180603057	0.9182864146	1.0000000000	0.9180612149	0.9187390521	0.9184650358	0.9177741202	0.9179100093	0.9179599449	0.9183890134	0.9179800171	0.9192819094	0.9177938426	0.9177978990	0.9176755778	0.9184658051	0.9181354888	0.9179240668	0.9190739143	0.9183842576	0.9185237835	0.9178144743	0.9181759828	0.9178187405	0.9187698947	0.9185674247	0.9183483795	0.9178444077	0.9181040868	0.9187045028	0.9183803411	0.9185413379	0.9182143787	0.9182885827	0.9189836246	0.9178679767	0.9183957974	0.9182257086	0.9178092290	0.9178567867	0.9183089346	0.9179535107	0.9183176768	0.9185939312	0.9192123213	0.9191988233	0.9179444187	0.9182296951	0.9187844417	0.9179134363	0.9176708220	0.9183207541	0.9185111248	0.9179215491	0.9177359341	0.9182359195	0.9176604712	0.9179154645	0.9179948439	0.9187084893	0.9184089457	0.9178686761	0.9183371195	0.9178028646	0.9184195762	0.9175764060	0.9183119419	0.9188199702	0.9184146806	0.9179964525	0.9179887593	0.9178640602	0.9185897349	0.9182983041	0.9179025260	0.9186607917	0.9185551157	0.9175729091	0.9185002145	0.9181717866	0.9183377490	0.9183260694	0.9176866280	0.9185019629	0.9184622383	0.9179823950	0.9185746283	0.9188264044	0.9187894073	0.9181616456	0.9181475881	0.9176015137	0.9176316569	0.9180407231	0.9174346421
0.9176455745	0.9178081100	0.9181201725	0.9186215566	0.9184622383	0.9177054413	0.9180612149	1.0000000000	0.9190932871	0.9188531207	0.9179090302	0.9183810405	0.9178145442	0.9190372669	0.9184454532	0.9194545858	0.9184485305	0.9174000229	0.9182161271	0.9184109039	0.9182613070	0.9180353379	0.9191226610	0.9186337258	0.9185444152	0.9183843975	0.9183257197	0.9183355110	0.9184258706	0.9180463181	0.9182656431	0.9178937138	0.9180388348	0.9184259405	0.9186879975	0.9176747386	0.9180852036	0.9182150781	0.9189285836	0.9186326068	0.9182316533	0.9194793438	0.9181296141	0.9178449672	0.9189259959	0.9176556455	0.9182678112	0.9185531574	0.9189548802	0.9190613955	0.9176422175	0.9177662172	0.9181447206	0.9178308397	0.9180035162	0.9186412791	0.9188050734	0.9179211994	0.9174110730	0.9183425747	0.9181727657	0.9176385807	0.9188822847	0.9188876000	0.9172757434	0.9175285685	0.9182285061	0.9177620909	0.9190570593	0.9173919800	0.9189582372	0.9188789277	0.9184341932	0.9180969531	0.9178646197	0.9175863372	0.9187460459	0.9181898305	0.9183405465	0.9183653045	0.9182203234	0.9182305343	0.9187502422	0.9182553622	0.9185936514	0.9177711129	0.9184266399	0.9182807497	0.9188243063	0.9185214057	0.9184569230	0.9188264744	0.9182357097	0.9181099615	0.9184765056	0.9179339281	0.9183996439	0.9178953224	0.9178102780
0.9185793841	0.9186880674	0.9184807718	0.9192191052	0.9191753242	0.9188108782	0.9187390521	0.9190932871	1.0000000000	0.9189553697	0.9186514900	0.9185322460	0.9188405319	0.9192347713	0.9191895915	0.9203237729	0.9185562347	0.9183251602	0.9188795572	0.9186892564	0.9184372705	0.9182720074	0.9195140330	0.9188737523	0.9192786223	0.9188731229	0.9187699646	0.9185774958	0.9188359859	0.9190618151	0.9183546040	0.9185935115	0.9185285393	0.9190644727	0.9192171470	0.9187417097	0.9187712934	0.9191023091	0.9190688788	0.9183356508	0.9184681830	0.9185957495	0.9187012857	0.9184039101	0.9192685512	0.9178924550	0.9188955729	0.9194466828	0.9197835033	0.9189411024	0.9185018930	0.9184669940	0.9185864478	0.9189039655	0.9183792221	0.9195353640	0.9186021139	0.9184079665	0.9179681976	0.9187171616	0.9189658604	0.9181422728	0.9193936700	0.9193426154	0.9189988711	0.9183602689	0.9189815964	0.9186335160	0.9193432448	0.9181936072	0.9195647379	0.9195900553	0.9193359713	0.9183920906	0.9185970084	0.9186313479	0.9191349001	0.9187359049	0.9185672849	0.9185951201	0.9188252854	0.9185477722	0.9187043630	0.9192760346	0.9186933827	0.9185581929	0.9194154206	0.9192794615	0.9196429983	0.9187134549	0.9192714187	0.9189509637	0.9189577476	0.9180993310	0.9193227530	0.9186503710	0.9188759204	0.9186589034	0.9187415699
0.9182864846	0.9183441133	0.9178869998	0.9187549979	0.9185731596	0.9186350546	0.9184650358	0.9188531207	0.9189553697	1.0000000000	0.9182033285	0.9190153764	0.9182551524	0.9196290806	0.9189497048	0.9196806248	0.9191915497	0.9185618297	0.9185337846	0.9192483392	0.9184120929	0.9182679510	0.9187710137	0.9187401711	0.9196238353	0.9183083052	0.9185744185	0.9184120229	0.9189636923	0.9189721548	0.9180924771	0.9184416066	0.9175813017	0.9188868307	0.9185186081	0.9185802933	0.9186649880	0.9182809595	0.9196155127	0.9184278289	0.9184230032	0.9188738223	0.9188641009	0.9181728356	0.9193068772	0.9183141799	0.9190182438	0.9187971005	0.9198334389	0.9191151077	0.9179215491	0.9186835215	0.9185107751	0.9182992832	0.9183059273	0.9191223113	0.9185233639	0.9185830908	0.9183170474	0.9188978809	0.9184340533	0.9186003654	0.9189187923	0.9186158217	0.9181709473	0.9176912439	0.9185938612	0.9184733584	0.9190339798	0.9188922858	0.9191874933	0.9185076978	0.9186109960	0.9186027433	0.9191223812	0.9180791190	0.9186486925	0.9186788357	0.9187025446	0.9185525979	0.9192705095	0.9185680542	0.9189655107	0.9182451513	0.9194026920	0.9185132929	0.9184877656	0.9197072012	0.9187512912	0.9187762590	0.9184033506	0.9188898380	0.9183101235	0.9187840221	0.9187934637	0.9180144964	0.9182583696	0.9180724049	0.9182785816
0.9177470543	0.9175587817	0.9184412569	0.9188009471	0.9187725523	0.9178204890	0.9177741202	0.9179090302	0.9186514900	0.9182033285	1.0000000000	0.9186023936	0.9182521451	0.9179493843	0.9179160939	0.9189842541	0.9177942623	0.9177149528	0.9178418899	0.9182232608	0.9181066745	0.9180303723	0.9187835326	0.9188967619	0.9188024158	0.9176406089	0.9182296951	0.9176331256	0.9185529476	0.9183198449	0.9184215345	0.9178876292	0.9179451881	0.9181315723	0.9183004721	0.9178874194	0.9178259441	0.9186354742	0.9186325368	0.9173642846	0.9182629155	0.9178679068	0.9178360851	0.9175368911	0.9184199958	0.9180378557	0.9181152768	0.9180035162	0.9193271591	0.9186945717	0.9177417390	0.9182134695	0.9180705166	0.9174241514	0.9177162816	0.9184041200	0.9182000414	0.9178180411	0.9169817248	0.9180761816	0.9179957531	0.9174040792	0.9181421329	0.9177876881	0.9180125382	0.9176647375	0.9182361293	0.9176979579	0.9182935483	0.9178420298	0.9190977631	0.9184686026	0.9183507574	0.9178905666	0.9181914391	0.9171515338	0.9184845484	0.9182317233	0.9184782540	0.9184961581	0.9178146142	0.9179796674	0.9181513647	0.9182082941	0.9187403110	0.9182178056	0.9182223516	0.9182665523	0.9182548027	0.9185736492	0.9184050991	0.9182841067	0.9185328755	0.9178783975	0.9182621462	0.9173770133	0.9177923740	0.9175385697	0.9174021909
0.9180425415	0.9178874194	0.9178493733	0.9190371270	0.9189692874	0.9185912735	0.9179100093	0.9183810405	0.9185322460	0.9190153764	0.9186023936	1.0000000000	0.9186280608	0.9195759279	0.9184276890	0.9194940307	0.9192475000	0.9181275159	0.9183401968	0.9185902245	0.9188476655	0.9184092254	0.9192665930	0.9190939165	0.9188875301	0.9183997838	0.9185941410	0.9183752356	0.9187639500	0.9186979986	0.9187333871	0.9182716577	0.9188308105	0.9187359049	0.9187796160	0.9180701669	0.9185335049	0.9180675093	0.9196516006	0.9177306888	0.9186385515	0.9183841177	0.9180863925	0.9180780000	0.9190030673	0.9185740688	0.9185437858	0.9186787657	0.9192561723	0.9188962024	0.9179956832	0.9186429576	0.9188379442	0.9178883286	0.9180689780	0.9191870737	0.9183462814	0.9180209307	0.9182174559	0.9187987091	0.9179348373	0.9182298349	0.9190894405	0.9192802309	0.9186347748	0.9181745141	0.9186334460	0.9184362913	0.9188617930	0.9184484605	0.9187295406	0.9186335859	0.9187966109	0.9181347195	0.9187480741	0.9181620652	0.9192042784	0.9190163555	0.9183515967	0.9186629598	0.9186290399	0.9186339356	0.9183468409	0.9189909681	0.9187889178	0.9182132597	0.9190128586	0.9191071348	0.9187991287	0.9186240744	0.9186002955	0.9191065053	0.9189164843	0.9185279099	0.9187050623	0.9179137860	0.9181874526	0.9182865545	0.9180319809
0.9179670087	0.9178037738	0.9178511916	0.9185538568	0.9182804000	0.9181796196	0.9179599449	0.9178145442	0.9188405319	0.9182551524	0.9182521451	0.9186280608	1.0000000000	0.9184798626	0.9182879533	0.9192977853	0.9180332398	0.9176950205	0.9177627903	0.9178789570	0.9181557009	0.9176634086	0.9190669905	0.9184297871	0.9184424459	0.9179747018	0.9185598714	0.9176056400	0.9183668431	0.9178549683	0.9183884539	0.9180888403	0.9182447317	0.9184284583	0.9182592788	0.9183685216	0.9179376348	0.9180904489	0.9192658237	0.9175578025	0.9178660185	0.9175440248	0.9180311416	0.9175596209	0.9185617598	0.9180512138	0.9181694786	0.9182717277	0.9190607660	0.9187115666	0.9179409918	0.9177382421	0.9182408152	0.9176049406	0.9178057321	0.9185244829	0.9180325404	0.9175579424	0.9175280090	0.9180225393	0.9178481144	0.9174256900	0.9183097739	0.9185632285	0.9180608652	0.9178737816	0.9179869409	0.9179461672	0.9184697216	0.9182467599	0.9187591942	0.9185365122	0.9182316533	0.9174996842	0.9179295220	0.9175857777	0.9187095384	0.9183863557	0.9181184240	0.9184163591	0.9179243466	0.9185402189	0.9183429244	0.9177313882	0.9189142463	0.9177435574	0.9184460826	0.9187879386	0.9185479121	0.9180090413	0.9180872317	0.9187280019	0.9186192486	0.9180956942	0.9179199405	0.9172537130	0.9184611892	0.9180370164	0.9171977627
0.9183676824	0.9178914059	0.9186095273	0.9189710358	0.9190660114	0.9183679621	0.9183890134	0.9190372669	0.9192347713	0.9196290806	0.9179493843	0.9195759279	0.9184798626	1.0000000000	0.9187973103	0.9195513098	0.9192867351	0.9182835472	0.9186563856	0.9183579610	0.9183513169	0.9177798551	0.9192412056	0.9188496238	0.9185860282	0.9184081064	0.9183768442	0.9184178278	0.9189087912	0.9184524470	0.9187131751	0.9189267652	0.9181344398	0.9187594740	0.9191888221	0.9188985802	0.9185069985	0.9182112315	0.9193341529	0.9183613180	0.9187736014	0.9185839301	0.9179772196	0.9181803190	0.9188266142	0.9183640456	0.9190829363	0.9187063912	0.9193751365	0.9190974134	0.9184109039	0.9185514090	0.9188410914	0.9184245418	0.9180949249	0.9189532716	0.9181014291	0.9184136315	0.9177832121	0.9184440544	0.9188477355	0.9183622272	0.9188030452	0.9192047680	0.9183388680	0.9187384227	0.9187801056	0.9184011126	0.9194478018	0.9186085482	0.9189602654	0.9182762736	0.9187320583	0.9192507171	0.9189596360	0.9181898305	0.9189329896	0.9187840921	0.9184828699	0.9186792553	0.9188909570	0.9187982195	0.9189881006	0.9186837313	0.9189379552	0.9179714847	0.9192677819	0.9188947337	0.9187881485	0.9185922527	0.9183878944	0.9187287713	0.9187384926	0.9183794319	0.9191746947	0.9178057321	0.9186587635	0.9182499770	0.9184533562
0.9182399759	0.9178302802	0.9184724492	0.9186800945	0.9187069507	0.9179893188	0.9179800171	0.9184454532	0.9191895915	0.9189497048	0.9179160939	0.9184276890	0.9182879533	0.9187973103	1.0000000000	0.9193108636	0.9186459649	0.9175894844	0.9186650579	0.9185197971	0.9186709327	0.9186462446	0.9189055041	0.9187665377	0.9187905263	0.9180550604	0.9186371527	0.9183032696	0.9182705387	0.9189818762	0.9179335084	0.9180740834	0.9181554211	0.9185204265	0.9189336890	0.9183183762	0.9183634861	0.9181502457	0.9190121592	0.9181664713	0.9185495207	0.9189599157	0.9180057542	0.9177037628	0.9191365786	0.9182717277	0.9189687978	0.9184534960	0.9192426743	0.9186190388	0.9180535217	0.9187679364	0.9184630076	0.9180575082	0.9182462703	0.9186959005	0.9184511182	0.9179814158	0.9175107344	0.9185784749	0.9181805288	0.9183090745	0.9187876589	0.9186998170	0.9180735239	0.9181456298	0.9189371859	0.9179908575	0.9183706197	0.9180826159	0.9189188622	0.9183347416	0.9187494029	0.9184241921	0.9187515010	0.9175324151	0.9185621794	0.9182834772	0.9185444152	0.9183702701	0.9182801202	0.9185053200	0.9186873681	0.9185979876	0.9190775511	0.9177878280	0.9186372227	0.9186389012	0.9189578176	0.9186963201	0.9186707229	0.9183684517	0.9186617009	0.9178565769	0.9185865178	0.9176314471	0.9182023494	0.9183845374	0.9182618665
0.9192214132	0.9190832161	0.9189176033	0.9194718605	0.9195886566	0.9186227455	0.9192819094	0.9194545858	0.9203237729	0.9196806248	0.9189842541	0.9194940307	0.9192977853	0.9195513098	0.9193108636	1.0000000000	0.9198668692	0.9189720849	0.9193046392	0.9195759279	0.9199109999	0.9196067005	0.9200419235	0.9196725820	0.9202378893	0.9193898234	0.9195381615	0.9189587967	0.9192353308	0.9193791929	0.9188822148	0.9192498079	0.9190404841	0.9196688753	0.9196737010	0.9192002220	0.9188789977	0.9196392916	0.9201807501	0.9189108194	0.9189050145	0.9192987644	0.9194319959	0.9191546226	0.9195547368	0.9194296880	0.9200622754	0.9193561833	0.9204062296	0.9199766016	0.9190502054	0.9189554397	0.9194126931	0.9187459060	0.9193295370	0.9198486854	0.9191865142	0.9192641452	0.9186503710	0.9202612485	0.9189955140	0.9192998834	0.9191062256	0.9201554326	0.9192889731	0.9194610900	0.9193767450	0.9188762002	0.9199665306	0.9191104918	0.9193202353	0.9197566472	0.9195596324	0.9195238242	0.9192236512	0.9188712346	0.9194371713	0.9198185422	0.9193573023	0.9198686876	0.9199357579	0.9194294082	0.9199512142	0.9200084233	0.9191534336	0.9192540741	0.9198402229	0.9200157668	0.9198540706	0.9188786480	0.9196468448	0.9199712164	0.9199207912	0.9186739400	0.9192284769	0.9191700089	0.9199800985	0.9193224733	0.9190420227
0.9183578911	0.9174601694	0.9182403955	0.9189153653	0.9190363577	0.9183962170	0.9177938426	0.9184485305	0.9185562347	0.9191915497	0.9177942623	0.9192475000	0.9180332398	0.9192867351	0.9186459649	0.9198668692	1.0000000000	0.9179766601	0.9182412348	0.9188596948	0.9178667878	0.9182162670	0.9191827376	0.9192561023	0.9188435392	0.9182815190	0.9186617708	0.9182176658	0.9183746062	0.9185860282	0.9185598714	0.9187796160	0.9177739803	0.9183978955	0.9190122991	0.9184118131	0.9183977556	0.9186430275	0.9188556384	0.9178011162	0.9181750736	0.9181385661	0.9183439734	0.9182716577	0.9187047826	0.9178474849	0.9192155384	0.9185237136	0.9196699943	0.9188347270	0.9174249207	0.9190387356	0.9187742308	0.9181801791	0.9181570297	0.9189489355	0.9182417244	0.9186981385	0.9184658051	0.9184538457	0.9182507463	0.9185167898	0.9187272326	0.9185816221	0.9185037813	0.9182601879	0.9184818908	0.9178462261	0.9188776688	0.9185517587	0.9186945017	0.9186328166	0.9185270007	0.9181104511	0.9184923115	0.9181920685	0.9188969017	0.9184523071	0.9179777791	0.9185179787	0.9181237393	0.9182934084	0.9176736895	0.9184767154	0.9189224290	0.9179320398	0.9187509415	0.9190894405	0.9192095937	0.9185915533	0.9179905078	0.9187359049	0.9184144008	0.9183966366	0.9190510447	0.9178398617	0.9182139591	0.9181867532	0.9180741534
0.9176944610	0.9174053381	0.9175091258	0.9183583806	0.9182180854	0.9178472052	0.9177978990	0.9174000229	0.9183251602	0.9185618297	0.9177149528	0.9181275159	0.9176950205	0.9182835472	0.9175894844	0.9189720849	0.9179766601	1.0000000000	0.9185892453	0.9177720221	0.9177269122	0.9174903126	0.9186285504	0.9183109628	0.9179472163	0.9178560174	0.9176882366	0.9177799950	0.9180819864	0.9177793655	0.9178334974	0.9179872207	0.9172855347	0.9182138192	0.9179745619	0.9179125970	0.9176102559	0.9177542578	0.9187542286	0.9174673730	0.9174534553	0.9177845409	0.9176241735	0.9171967137	0.9182223516	0.9180859729	0.9181351391	0.9181902501	0.9186023237	0.9186994673	0.9176113749	0.9181068843	0.9179823950	0.9172700085	0.9181069542	0.9187585648	0.9177399905	0.9176459941	0.9174731079	0.9177723717	0.9177456555	0.9178928046	0.9181929078	0.9183313846	0.9180989813	0.9176476726	0.9175847286	0.9177299894	0.9181682197	0.9179728135	0.9186998170	0.9180295331	0.9184570629	0.9173823985	0.9179943543	0.9177433476	0.9180700970	0.9179382642	0.9175059786	0.9180429611	0.9183984550	0.9177603424	0.9179991800	0.9181899704	0.9181007997	0.9181856342	0.9182037481	0.9176817323	0.9182493476	0.9176631988	0.9181004500	0.9182315134	0.9183529954	0.9174687018	0.9178807054	0.9176171797	0.9179100093	0.9176141025	0.9175521376
0.9180544309	0.9175941003	0.9179009874	0.9186457551	0.9184826601	0.9178002769	0.9176755778	0.9182161271	0.9188795572	0.9185337846	0.9178418899	0.9183401968	0.9177627903	0.9186563856	0.9186650579	0.9193046392	0.9182412348	0.9185892453	1.0000000000	0.9179487549	0.9178846219	0.9180392544	0.9186865288	0.9187347160	0.9185009139	0.9179604345	0.9185416876	0.9181147872	0.9185842098	0.9182043776	0.9178823839	0.9178348262	0.9177362838	0.9177720221	0.9189808970	0.9183667032	0.9175058388	0.9184385993	0.9192000821	0.9176034020	0.9178262938	0.9181284251	0.9181657020	0.9176453647	0.9180604456	0.9180737338	0.9185458839	0.9188952932	0.9187359748	0.9186833117	0.9177489426	0.9180270852	0.9188701156	0.9175835397	0.9180780699	0.9183936992	0.9180558996	0.9176834109	0.9172918990	0.9183927900	0.9180387648	0.9183236915	0.9186790455	0.9187004464	0.9182692799	0.9174934598	0.9183994341	0.9183751657	0.9186030231	0.9183628566	0.9185467231	0.9179034352	0.9181298239	0.9178488138	0.9181597573	0.9176909641	0.9182707486	0.9177439071	0.9181935372	0.9189621537	0.9183326435	0.9179983408	0.9182159173	0.9179947740	0.9187247149	0.9174699607	0.9186266621	0.9189290731	0.9181453501	0.9183367698	0.9182854355	0.9183020807	0.9182512359	0.9184635671	0.9179439991	0.9173672920	0.9183008917	0.9181289147	0.9178389525
0.9184373404	0.9178098584	0.9179628823	0.9178654590	0.9190958049	0.9178365746	0.9184658051	0.9184109039	0.9186892564	0.9192483392	0.9182232608	0.9185902245	0.9178789570	0.9183579610	0.9185197971	0.9195759279	0.9188596948	0.9177720221	0.9179487549	1.0000000000	0.9185409882	0.9183172572	0.9191530839	0.9189953742	0.9185198670	0.9183268387	0.9185907140	0.9179183319	0.9186094574	0.9187411502	0.9188452177	0.9180887704	0.9186209272	0.9185723204	0.9188955030	0.9187456962	0.9183655842	0.9182207430	0.9194038110	0.9178995886	0.9187861902	0.9184850380	0.9186051212	0.9176292090	0.9185288191	0.9177260729	0.9190110402	0.9187219173	0.9193713598	0.9193963276	0.9183541144	0.9184388091	0.9184273393	0.9180688381	0.9180952047	0.9188503232	0.9183406164	0.9179562382	0.9177325771	0.9192081949	0.9182532641	0.9183357907	0.9184694419	0.9184872061	0.9182198338	0.9179531610	0.9180204411	0.9180372962	0.9184462924	0.9181774515	0.9184923815	0.9188026256	0.9181980132	0.9177958708	0.9185449048	0.9179254656	0.9184288779	0.9184026513	0.9180698172	0.9181270264	0.9188710947	0.9185320362	0.9182200436	0.9180390446	0.9187477244	0.9186886270	0.9181147872	0.9188047936	0.9184120229	0.9187082095	0.9182031187	0.9187932539	0.9184823804	0.9181245785	0.9190050256	0.9176983076	0.9183839079	0.9185591021	0.9182119309
0.9180647817	0.9181470286	0.9178061517	0.9186510703	0.9184551046	0.9178518910	0.9181354888	0.9182613070	0.9184372705	0.9184120929	0.9181066745	0.9188476655	0.9181557009	0.9183513169	0.9186709327	0.9199109999	0.9178667878	0.9177269122	0.9178846219	0.9185409882	1.0000000000	0.9186695339	0.9187356252	0.9185428066	0.9185304276	0.9183515267	0.9185692431	0.9178690258	0.9188524912	0.9186925435	0.9181868931	0.9178949727	0.9180525426	0.9184182474	0.9184795828	0.9185622493	0.9183351613	0.9182942477	0.9195900553	0.9180175737	0.9178934341	0.9184844086	0.9180771607	0.9183055776	0.9187103077	0.9180775104	0.9182017899	0.9188990698	0.9193539453	0.9185722504	0.9182060561	0.9183087947	0.9181269564	0.9185795939	0.9179321796	0.9191487478	0.9186720517	0.9183257197	0.9179044143	0.9183891533	0.9180723350	0.9178601437	0.9180505843	0.9190070538	0.9178956721	0.9180351980	0.9179237172	0.9179811361	0.9188687867	0.9183895729	0.9190649623	0.9188158438	0.9184811914	0.9184052390	0.9186781363	0.9176762772	0.9185584727	0.9185798037	0.9181585683	0.9183689412	0.9185241332	0.9182019997	0.9183566322	0.9185381907	0.9186490422	0.9178730822	0.9182724970	0.9189869816	0.9188788578	0.9182899115	0.9182829177	0.9188495538	0.9183208940	0.9187852810	0.9189417319	0.9177810440	0.9180221196	0.9181332508	0.9182608174
0.9176671853	0.9174373696	0.9174196054	0.9182234007	0.9191384669	0.9178196497	0.9179240668	0.9180353379	0.9182720074	0.9182679510	0.9180303723	0.9184092254	0.9176634086	0.9177798551	0.9186462446	0.9196067005	0.9182162670	0.9174903126	0.9180392544	0.9183172572	0.9186695339	1.0000000000	0.9186914944	0.9181657719	0.9181640235	0.9178313992	0.9177328569	0.9178034941	0.9184325147	0.9179062327	0.9177523695	0.9182553622	0.9177667068	0.9185191676	0.9179737227	0.9183323638	0.9179458175	0.9177279612	0.9192507870	0.9179956832	0.9176923629	0.9181504555	0.9183592199	0.9175719999	0.9177960107	0.9174264593	0.9181320619	0.9182818687	0.9192461711	0.9185896650	0.9184646162	0.9183111027	0.9185010538	0.9179495242	0.9179970120	0.9184076168	0.9179709252	0.9177247441	0.9174266692	0.9177673362	0.9180430311	0.9178558775	0.9188420705	0.9182691400	0.9182163369	0.9177641890	0.9188762002	0.9179063726	0.9182763436	0.9179993899	0.9185813424	0.9183736271	0.9182279466	0.9181049960	0.9186468741	0.9178695154	0.9189874013	0.9183874048	0.9181572395	0.9186952011	0.9190225800	0.9187913656	0.9184168486	0.9186528188	0.9183862858	0.9183610383	0.9185327356	0.9183899226	0.9186437968	0.9182937581	0.9179362360	0.9189355074	0.9186029531	0.9179218988	0.9182750148	0.9179822551	0.9178588149	0.9181636738	0.9177875482
0.9186461048	0.9185337846	0.9183326435	0.9202539050	0.9189179530	0.9188534004	0.9190739143	0.9191226610	0.9195140330	0.9187710137	0.9187835326	0.9192665930	0.9190669905	0.9192412056	0.9189055041	0.9200419235	0.9191827376	0.9186285504	0.9186865288	0.9191530839	0.9187356252	0.9186914944	1.0000000000	0.9194595514	0.9192770837	0.9184936403	0.9187281418	0.9189134770	0.9195038920	0.9191144083	0.9188858516	0.9185371417	0.9185207063	0.9192485490	0.9191757438	0.9186610015	0.9184578322	0.9188425601	0.9201766937	0.9182296251	0.9182804699	0.9181159762	0.9183671229	0.9186444962	0.9190537023	0.9193079962	0.9191430129	0.9191010502	0.9198096601	0.9191402853	0.9185802234	0.9192316940	0.9191644139	0.9187558372	0.9186261026	0.9197953927	0.9183888036	0.9191404951	0.9183892232	0.9189450190	0.9188163334	0.9183915311	0.9193533858	0.9192540741	0.9187858405	0.9188499735	0.9188845227	0.9179503635	0.9193487000	0.9187553476	0.9190239787	0.9190716763	0.9198017571	0.9184845484	0.9192512067	0.9183012414	0.9192230217	0.9189626433	0.9189274646	0.9188060525	0.9190016686	0.9190044661	0.9193142206	0.9189620138	0.9191586090	0.9192697402	0.9195182292	0.9191344105	0.9189697769	0.9192330928	0.9190702776	0.9189452288	0.9192642151	0.9183464912	0.9187386325	0.9182896318	0.9184606297	0.9184271295	0.9176968389
0.9189169739	0.9184141211	0.9181707375	0.9187656984	0.9188264044	0.9185049003	0.9183842576	0.9186337258	0.9188737523	0.9187401711	0.9188967619	0.9190939165	0.9184297871	0.9188496238	0.9187665377	0.9196725820	0.9192561023	0.9183109628	0.9187347160	0.9189953742	0.9185428066	0.9181657719	0.9194595514	1.0000000000	0.9183321539	0.9180437304	0.9185185382	0.9182906808	0.9186875079	0.9180619143	0.9180835950	0.9184808417	0.9183797816	0.9186914944	0.9187233161	0.9183748859	0.9186619806	0.9185858184	0.9199810776	0.9183557230	0.9185221050	0.9181796895	0.9183680320	0.9182013003	0.9191521048	0.9182171762	0.9190676899	0.9195470436	0.9194640974	0.9194205261	0.9186422582	0.9184679032	0.9192309247	0.9184964379	0.9187692652	0.9195687243	0.9188574568	0.9181487071	0.9179395930	0.9185456041	0.9183592898	0.9183198449	0.9185558850	0.9190332805	0.9184440544	0.9182792110	0.9184133517	0.9184748271	0.9192391074	0.9189039655	0.9188335381	0.9191502165	0.9186126046	0.9184419563	0.9189245272	0.9181299637	0.9191844860	0.9190383859	0.9192256094	0.9191706383	0.9191711279	0.9185138524	0.9184414667	0.9185859583	0.9191270671	0.9185246927	0.9188585059	0.9193703108	0.9191775622	0.9186019041	0.9185916932	0.9191717573	0.9189453686	0.9183406864	0.9187489133	0.9181131787	0.9188502532	0.9181759828	0.9182976746
0.9185704321	0.9176531278	0.9180321907	0.9191157371	0.9184418164	0.9184748970	0.9185237835	0.9185444152	0.9192786223	0.9196238353	0.9188024158	0.9188875301	0.9184424459	0.9185860282	0.9187905263	0.9202378893	0.9188435392	0.9179472163	0.9185009139	0.9185198670	0.9185304276	0.9181640235	0.9192770837	0.9183321539	1.0000000000	0.9181478678	0.9187412901	0.9181521340	0.9190992318	0.9191183248	0.9182284362	0.9184642665	0.9185670051	0.9186449858	0.9189262057	0.9183124315	0.9185063690	0.9183500580	0.9189518029	0.9182415146	0.9187262535	0.9183235516	0.9186545672	0.9183402667	0.9191367884	0.9184701412	0.9187091187	0.9185437858	0.9194708813	0.9191415442	0.9183442532	0.9185049003	0.9183357907	0.9183711792	0.9182186449	0.9190478975	0.9185285393	0.9182922894	0.9175087062	0.9180831054	0.9184316754	0.9176825017	0.9190627243	0.9197798666	0.9185909938	0.9178385329	0.9186148426	0.9183873349	0.9193768150	0.9185458139	0.9189406129	0.9192118317	0.9194450743	0.9181573794	0.9189229186	0.9182569009	0.9190271959	0.9185813424	0.9183650247	0.9185816920	0.9186451256	0.9183038291	0.9184345429	0.9186271516	0.9186624702	0.9185812724	0.9187802455	0.9191367884	0.9187024746	0.9184174781	0.9183499182	0.9189281639	0.9189002588	0.9181948660	0.9189436901	0.9176312372	0.9185635782	0.9185828110	0.9181328312
0.9177073995	0.9178047529	0.9180927568	0.9186433772	0.9178631510	0.9181531831	0.9178144743	0.9183843975	0.9188731229	0.9183083052	0.9176406089	0.9183997838	0.9179747018	0.9184081064	0.9180550604	0.9193898234	0.9182815190	0.9178560174	0.9179604345	0.9183268387	0.9183515267	0.9178313992	0.9184936403	0.9180437304	0.9181478678	1.0000000000	0.9181602468	0.9175612994	0.9188233971	0.9186693241	0.9185100058	0.9180730344	0.9179378446	0.9180930366	0.9185429465	0.9179509929	0.9178169221	0.9182973249	0.9187464655	0.9185698026	0.9177418089	0.9178379035	0.9182875336	0.9185995961	0.9185154609	0.9185879165	0.9183469808	0.9184704909	0.9186713523	0.9185393797	0.9177236251	0.9178439881	0.9182749448	0.9180098805	0.9177472641	0.9187636702	0.9180665302	0.9179269343	0.9173447720	0.9179356765	0.9180520530	0.9175815115	0.9188548691	0.9182700492	0.9177871286	0.9176966990	0.9175159797	0.9176970487	0.9184367110	0.9180432409	0.9187022648	0.9185804332	0.9185598015	0.9177620909	0.9180700970	0.9182690700	0.9185235038	0.9188091997	0.9177344654	0.9180729644	0.9182208829	0.9186178499	0.9185598714	0.9177334863	0.9184403477	0.9178610529	0.9189528520	0.9185881963	0.9185416177	0.9182531242	0.9182729866	0.9183980354	0.9184600702	0.9178212583	0.9181112904	0.9176136129	0.9180421219	0.9174046388	0.9182363392
0.9182671118	0.9175452137	0.9181921385	0.9183597794	0.9189173236	0.9179203601	0.9181759828	0.9183257197	0.9187699646	0.9185744185	0.9182296951	0.9185941410	0.9185598714	0.9183768442	0.9186371527	0.9195381615	0.9186617708	0.9176882366	0.9185416876	0.9185907140	0.9185692431	0.9177328569	0.9187281418	0.9185185382	0.9187412901	0.9181602468	1.0000000000	0.9177462849	0.9183161382	0.9187049225	0.9185390300	0.9185219652	0.9181004500	0.9188205996	0.9187160426	0.9183199148	0.9186977888	0.9182547328	0.9188258449	0.9180954145	0.9181850048	0.9184381797	0.9180453390	0.9179853324	0.9182110217	0.9182623560	0.9190219505	0.9186347748	0.9192966662	0.9190651022	0.9178964414	0.9182178056	0.9184688824	0.9178089492	0.9183521562	0.9190251677	0.9183463513	0.9182752945	0.9177521597	0.9186651978	0.9179328091	0.9183171873	0.9182898416	0.9191851854	0.9179277735	0.9176990070	0.9186544973	0.9180023273	0.9186091077	0.9185672849	0.9184050991	0.9184232829	0.9186015544	0.9183811104	0.9188948735	0.9177011051	0.9187714333	0.9184323049	0.9185793841	0.9183831386	0.9186242142	0.9183529954	0.9188227677	0.9178981899	0.9188158438	0.9187696149	0.9188049335	0.9190140476	0.9188783682	0.9191258781	0.9180493954	0.9190786002	0.9183353711	0.9183822294	0.9176508898	0.9178970709	0.9182907508	0.9187512912	0.9180012782
0.9179807864	0.9176898451	0.9178890280	0.9183943287	0.9186395306	0.9178272030	0.9178187405	0.9183355110	0.9185774958	0.9184120229	0.9176331256	0.9183752356	0.9176056400	0.9184178278	0.9183032696	0.9189587967	0.9182176658	0.9177799950	0.9181147872	0.9179183319	0.9178690258	0.9178034941	0.9189134770	0.9182906808	0.9181521340	0.9175612994	0.9177462849	1.0000000000	0.9182036782	0.9175750072	0.9181174449	0.9175473119	0.9170726440	0.9181925581	0.9188285026	0.9177188693	0.9186215566	0.9181545819	0.9187989888	0.9180803079	0.9181725559	0.9175881556	0.9177734208	0.9175655656	0.9183672627	0.9181472384	0.9184088757	0.9180863226	0.9190106206	0.9184576224	0.9180315613	0.9177861495	0.9175015026	0.9180421219	0.9180350581	0.9183378189	0.9176529879	0.9177274017	0.9168924842	0.9181970341	0.9180507242	0.9172510553	0.9180085517	0.9183354410	0.9175562639	0.9175657055	0.9180900992	0.9173923297	0.9185035016	0.9178390924	0.9186154720	0.9187294706	0.9180659707	0.9180118388	0.9176462039	0.9176233343	0.9183201946	0.9183283773	0.9180958341	0.9183953078	0.9182303245	0.9181270963	0.9179895286	0.9183515267	0.9180721252	0.9176101860	0.9184942698	0.9187666076	0.9181901802	0.9184690222	0.9184218842	0.9182558518	0.9183713191	0.9177351648	0.9179158142	0.9174108632	0.9178572762	0.9178569265	0.9176433365
0.9181829067	0.9184917520	0.9181588481	0.9188380141	0.9191394461	0.9187254842	0.9187698947	0.9184258706	0.9188359859	0.9189636923	0.9185529476	0.9187639500	0.9183668431	0.9189087912	0.9182705387	0.9192353308	0.9183746062	0.9180819864	0.9185842098	0.9186094574	0.9188524912	0.9184325147	0.9195038920	0.9186875079	0.9190992318	0.9188233971	0.9183161382	0.9182036782	1.0000000000	0.9183681020	0.9233164816	0.9184899336	0.9183248105	0.9188218585	0.9189325700	0.9180604456	0.9185953999	0.9189013778	0.9194438154	0.9181819975	0.9182268276	0.9182795607	0.9180583474	0.9177784563	0.9185795939	0.9185400091	0.9186336558	0.9189811069	0.9194218549	0.9189206107	0.9177979690	0.9186523992	0.9183281675	0.9184167088	0.9177246742	0.9190667107	0.9188727033	0.9181815779	0.9181354189	0.9183233418	0.9183110327	0.9186071494	0.9185533672	0.9190988821	0.9184511881	0.9185354632	0.9185585426	0.9182313036	0.9189206107	0.9184956685	0.9191159470	0.9208148762	0.9188750112	0.9181588481	0.9186253332	0.9176005345	0.9190848946	0.9185531574	0.9189371859	0.9188984404	0.9187558372	0.9181999715	0.9191732960	0.9189129874	0.9186752688	0.9188075212	0.9191462300	0.9186428177	0.9189477465	0.9188610936	0.9184016022	0.9188522814	0.9183895030	0.9184002734	0.9187970306	0.9179594554	0.9187424091	0.9181762626	0.9183224326
0.9182594886	0.9180457586	0.9183988047	0.9185962391	0.9181977335	0.9180516334	0.9185674247	0.9180463181	0.9190618151	0.9189721548	0.9183198449	0.9186979986	0.9178549683	0.9184524470	0.9189818762	0.9193791929	0.9185860282	0.9177793655	0.9182043776	0.9187411502	0.9186925435	0.9179062327	0.9191144083	0.9180619143	0.9191183248	0.9186693241	0.9187049225	0.9175750072	0.9183681020	1.0000000000	0.9182390667	0.9183578211	0.9179077713	0.9190085225	0.9185100757	0.9184359417	0.9180791889	0.9180805177	0.9191602176	0.9182826380	0.9180250570	0.9186589733	0.9178334974	0.9179211994	0.9183387980	0.9177743999	0.9185422471	0.9188173825	0.9189242474	0.9189889399	0.9174936696	0.9181147872	0.9189385147	0.9181623450	0.9179307809	0.9185197271	0.9182426336	0.9181448605	0.9173481290	0.9186170106	0.9182989335	0.9249151899	0.9185440655	0.9188706751	0.9177125749	0.9179460973	0.9186418386	0.9176783054	0.9184119530	0.9181383563	0.9188326289	0.9181170253	0.9186869484	0.9181484273	0.9188658494	0.9179595253	0.9182711682	0.9188097592	0.9185513390	0.9183439035	0.9187571660	0.9183881741	0.9189140365	0.9186755486	0.9183256497	0.9180851336	0.9187090488	0.9186005053	0.9185438557	0.9186517697	0.9185242032	0.9187082795	0.9180822662	0.9182431231	0.9183750958	0.9178476248	0.9180373661	0.9180766012	0.9190460791
0.9179626725	0.9177141135	0.9184846883	0.9184530065	0.9187692652	0.9180272950	0.9183483795	0.9182656431	0.9183546040	0.9180924771	0.9184215345	0.9187333871	0.9183884539	0.9187131751	0.9179335084	0.9188822148	0.9185598714	0.9178334974	0.9178823839	0.9188452177	0.9181868931	0.9177523695	0.9188858516	0.9180835950	0.9182284362	0.9185100058	0.9185390300	0.9181174449	0.9233164816	0.9182390667	1.0000000000	0.9181336005	0.9183071162	0.9190078231	0.9184444741	0.9182666922	0.9181780810	0.9176755778	0.9185598714	0.9177252337	0.9179562382	0.9175097553	0.9186773670	0.9182788613	0.9185238535	0.9175713005	0.9183623671	0.9189036857	0.9186914944	0.9191219616	0.9179884096	0.9184637769	0.9182812392	0.9180417722	0.9174787029	0.9185461636	0.9181272362	0.9183657241	0.9174969567	0.9181103812	0.9178365047	0.9180893998	0.9189936257	0.9187349957	0.9181377968	0.9174963972	0.9175635374	0.9181789202	0.9182625658	0.9182530543	0.9186874380	0.9185863079	0.9183098438	0.9179559585	0.9182439624	0.9180869520	0.9183658640	0.9180958341	0.9183464213	0.9181964746	0.9184714001	0.9181684295	0.9180824760	0.9183206841	0.9185062292	0.9180952047	0.9182673216	0.9183411759	0.9182515157	0.9178306999	0.9180505843	0.9188845227	0.9183997838	0.9181965445	0.9186485526	0.9174814305	0.9176969088	0.9181395452	0.9174533155
