0.5113537587	-0.0055335506	-0.0047781914	-0.0060462581	-0.0043834434	-0.0051341466	-0.0052525961	-0.0060693007	-0.0042885935	-0.0059573301	-0.0057814270	-0.0055201437	-0.0054486818	-0.0052457965	-0.0050956276	-0.0048106354	-0.0048452458	-0.0062002029	-0.0046685429	-0.0044470481	-0.0051383258	-0.0062740291	-0.0058722161	-0.0038017953	-0.0047103825	-0.0062818570	-0.0057920536	-0.0049844823	-0.0060096674	-0.0057154679	-0.0058305221	-0.0064376916	-0.0066590385	-0.0046164196	-0.0049244338	-0.0059830064	-0.0061907648	-0.0051071391	-0.0047791730	-0.0060995556	-0.0052627863	-0.0033813309	-0.0039617331	-0.0055464662	-0.0056207009	-0.0059633733	-0.0041007095	-0.0052039590	-0.0039773209	-0.0043494663	-0.0050543883	-0.0044331378	-0.0048283142	-0.0047798848	-0.0054720898	-0.0054282074	-0.0051284439	-0.0052761463	-0.0058053777	-0.0054810438	-0.0068782584	-0.0063051314	-0.0040340237	-0.0027261455	-0.0058044190	-0.0055313431	-0.0056148864	-0.0042159228	-0.0070568215	-0.0071856703	-0.0050544463	-0.0059714705	-0.0056676197	-0.0058633852	-0.0053205681	-0.0060718880	-0.0046392257	-0.0039603329	-0.0058048488	-0.0056736458	-0.0034116092	-0.0051575052	-0.0056631045	-0.0042959385	-0.0054048850	-0.0038449097	-0.0060870179	-0.0048835512	-0.0055558735	-0.0044940328	-0.0054649406	-0.0045804193	-0.0055253580	-0.0046513057	-0.0036964143	-0.0047025556	-0.0051414133	-0.0051392158	-0.0045039919
-0.0055335506	0.5384344920	-0.0068787739	-0.0059314087	-0.0072027196	-0.0064453398	-0.0046097074	-0.0052104924	-0.0050201432	-0.0049071584	-0.0060981020	-0.0062376234	-0.0056874102	-0.0061139824	-0.0063367978	-0.0045564540	-0.0057606751	-0.0057835442	-0.0059153843	-0.0057650084	-0.0049119618	-0.0063247286	-0.0046285929	-0.0047246090	-0.0064786935	-0.0055808447	-0.0068718543	-0.0052642239	-0.0041349218	-0.0050513352	-0.0053141146	-0.0051791810	-0.0052689500	-0.0058304597	-0.0043889034	-0.0049938327	-0.0044959258	-0.0045689957	-0.0052804142	-0.0052355519	-0.0050438975	-0.0050110187	-0.0068408541	-0.0038749720	-0.0049604731	-0.0051293948	-0.0058234465	-0.0059818242	-0.0055266497	-0.0056594586	-0.0065559929	-0.0044572168	-0.0065566461	-0.0058392187	-0.0066126162	-0.0047078569	-0.0062217022	-0.0058703905	-0.0067641019	-0.0057317937	-0.0046550281	-0.0071558319	-0.0047539565	-0.0053872380	-0.0048512046	-0.0043107079	-0.0065868544	-0.0042062305	-0.0048701853	-0.0043681374	-0.0043308162	-0.0052254132	-0.0050588798	-0.0037547324	-0.0061937731	-0.0064687349	-0.0052984210	-0.0054614586	-0.0069953380	-0.0040072715	-0.0048174427	-0.0057010088	-0.0053336595	-0.0037054118	-0.0063865971	-0.0042032487	-0.0053407347	-0.0048229911	-0.0061186106	-0.0060559859	-0.0065916307	-0.0069279413	-0.0046533941	-0.0066083445	-0.0066446522	-0.0058574715	-0.0068704341	-0.0055489093	-0.0046139146
-0.0047781914	-0.0068787739	0.5195483501	-0.0051397499	-0.0041843177	-0.0057193893	-0.0040589994	-0.0048611838	-0.0049578933	-0.0061815651	-0.0033284762	-0.0063083947	-0.0053154021	-0.0039555512	-0.0026710514	-0.0045105932	-0.0045342387	-0.0062346258	-0.0052576244	-0.0056564507	-0.0064910972	-0.0063817138	-0.0053879092	-0.0059600859	-0.0058193385	-0.0048823216	-0.0054955580	-0.0054073090	-0.0053764664	-0.0043634803	-0.0040154689	-0.0053782652	-0.0061712427	-0.0059240818	-0.0052835069	-0.0050303340	-0.0031284948	-0.0064230430	-0.0040451782	-0.0048020791	-0.0056079732	-0.0059292472	-0.0053581999	-0.0067982594	-0.0061274669	-0.0056515257	-0.0049377656	-0.0047482570	-0.0049792774	-0.0026236799	-0.0061861664	-0.0049288771	-0.0058639567	-0.0058226006	-0.0057452931	-0.0040145684	-0.0054910848	-0.0053883386	-0.0048215352	-0.0047757238	-0.0057206605	-0.0063197860	-0.0046075161	-0.0056930361	-0.0050233009	-0.0055207824	-0.0057654217	-0.0068563969	-0.0048322073	-0.0059942008	-0.0037597773	-0.0059004369	-0.0044736390	-0.0054573756	-0.0064352459	-0.0059764039	-0.0062548335	-0.0065070482	-0.0057656102	-0.0066583980	-0.0040143806	-0.0047781279	-0.0065471571	-0.0062254538	-0.0053866211	-0.0050741229	-0.0044212073	-0.0042758546	-0.0068182639	-0.0055014326	-0.0056170756	-0.0065178077	-0.0044232793	-0.0045609414	-0.0053318592	-0.0052856030	-0.0051773880	-0.0059610472	-0.0040094060
-0.0060462581	-0.0059314087	-0.0051397499	0.4669230698	-0.0047285709	-0.0050410247	-0.0071153567	-0.0044967791	-0.0040082195	-0.0050188881	-0.0044326506	-0.0044848916	-0.0049323615	-0.0044713469	-0.0055581839	-0.0048209433	-0.0040734069	-0.0051376362	-0.0047795496	-0.0070739072	-0.0048646549	-0.0066013952	0.0010187542	-0.0054641077	-0.0041985392	-0.0051313475	-0.0058666988	-0.0046738036	-0.0046830811	-0.0055054604	-0.0050718879	-0.0036025110	-0.0045339789	-0.0050164829	-0.0036454045	-0.0057226327	-0.0055647411	-0.0053169800	-0.0047795124	-0.0058254166	-0.0051067824	-0.0064746085	-0.0043336290	-0.0047170057	-0.0055530560	0.0042881767	-0.0048088354	-0.0046120479	-0.0038811028	-0.0050998299	-0.0027934879	-0.0044689782	-0.0042023434	-0.0055367282	-0.0054465308	-0.0041099722	-0.0049642937	-0.0059882321	-0.0047868911	-0.0028000604	-0.0043454921	-0.0059353944	-0.0039172357	-0.0044500896	-0.0047853794	-0.0067265792	-0.0040863080	-0.0046022529	-0.0032841680	-0.0048417676	-0.0043054493	-0.0069331859	-0.0039169823	-0.0049626230	-0.0044522125	-0.0063205061	-0.0054046815	-0.0048881149	-0.0046128863	-0.0050141376	-0.0034557328	-0.0054317049	-0.0058328900	-0.0058967711	-0.0043206924	-0.0055185438	-0.0050005449	-0.0051303702	-0.0058582589	-0.0045557998	-0.0050908070	-0.0043262937	-0.0035367173	-0.0045433292	-0.0046491913	-0.0055025052	-0.0043837221	-0.0042066721	-0.0041598222
-0.0043834434	-0.0072027196	-0.0041843177	-0.0047285709	0.4712097860	-0.0030179690	-0.0061838232	-0.0048519928	-0.0041078116	-0.0059605182	-0.0044032748	-0.0049646688	-0.0054588924	-0.0046127582	-0.0052006093	-0.0044722732	-0.0038854720	-0.0052547519	-0.0053674513	-0.0040008361	-0.0059635178	-0.0027815274	-0.0052993223	-0.0046238711	-0.0059730699	-0.0066732304	-0.0046312060	-0.0041181531	-0.0045211025	-0.0061946846	-0.0047706683	-0.0050730788	-0.0058868819	-0.0037312916	-0.0044974542	-0.0045704284	-0.0050766946	-0.0058240624	-0.0052041600	-0.0053332141	-0.0046340623	-0.0057674279	-0.0052022450	-0.0051134389	-0.0043785840	-0.0060341319	-0.0052706233	-0.0043789501	-0.0044237481	-0.0047800282	-0.0052121581	-0.0032966783	-0.0037172781	-0.0049224917	-0.0057406135	-0.0047134664	-0.0037033031	-0.0052198375	-0.0050371258	-0.0050266722	-0.0052077470	-0.0045422451	-0.0037548774	-0.0038191721	-0.0042167529	-0.0058318396	-0.0044904274	-0.0044004449	-0.0048812014	-0.0043075070	-0.0056834677	-0.0063224557	-0.0046595353	-0.0056552647	-0.0049612854	-0.0060580022	-0.0050094034	-0.0034148482	-0.0049933528	-0.0060195875	-0.0060210841	-0.0054777374	-0.0051412523	-0.0042638416	-0.0035952731	-0.0043172242	-0.0035093041	-0.0041963479	-0.0038918782	-0.0047234164	-0.0052421839	-0.0050791536	-0.0045565350	-0.0048002777	-0.0065482764	-0.0045517714	0.0018353496	-0.0051153383	-0.0042221845
-0.0051341466	-0.0064453398	-0.0057193893	-0.0050410247	-0.0030179690	0.5180067502	-0.0044806658	-0.0062476085	-0.0035603599	-0.0038876865	-0.0058944607	-0.0042570217	-0.0049034784	-0.0056508932	-0.0061723580	-0.0059019291	-0.0050048820	-0.0058680041	-0.0057698743	-0.0059937538	-0.0057175292	-0.0056778718	-0.0045637431	-0.0053129566	-0.0049903705	-0.0054486192	-0.0058064335	-0.0055132548	-0.0044400155	-0.0057752024	-0.0049869901	-0.0056142152	-0.0061062506	-0.0042603536	-0.0051167089	-0.0068684798	-0.0060098932	-0.0044556899	-0.0050572151	-0.0072231592	-0.0056715971	-0.0070630839	-0.0061204517	-0.0060223302	-0.0064256177	-0.0062159727	-0.0044098674	-0.0042425850	-0.0044071352	-0.0048476373	-0.0045264201	-0.0035000078	-0.0031181932	-0.0057997758	-0.0055444378	-0.0039810705	-0.0057387844	-0.0063955604	-0.0054599188	-0.0066513225	-0.0057557986	-0.0055197358	-0.0049238103	-0.0046970268	-0.0044063383	-0.0044425085	-0.0062618094	-0.0061765056	-0.0043174721	-0.0070020186	-0.0039806067	-0.0057024673	-0.0052814158	-0.0055140569	-0.0049855580	-0.0063676566	-0.0048926718	-0.0045722662	-0.0046983649	-0.0052582564	-0.0051330917	-0.0038879623	-0.0049872156	-0.0040905780	-0.0041787161	-0.0056991883	-0.0038888686	-0.0046698761	-0.0052835402	-0.0059290394	-0.0052765848	-0.0053566565	-0.0056887092	-0.0066526030	-0.0063540554	-0.0058088942	-0.0047012510	-0.0056356133	-0.0059903949
-0.0052525961	-0.0046097074	-0.0040589994	-0.0071153567	-0.0061838232	-0.0044806658	0.5085344226	-0.0052778373	-0.0037897082	-0.0049116085	-0.0058235347	-0.0062514065	-0.0053347781	-0.0050947596	-0.0062379443	-0.0043659158	-0.0060923101	-0.0049301934	-0.0065612750	-0.0045346950	-0.0056310452	-0.0060157127	-0.0045454861	-0.0053621289	-0.0053247796	-0.0058977966	-0.0051568333	-0.0052163489	-0.0040503501	-0.0046344095	-0.0043386387	-0.0053262860	-0.0044265668	-0.0047237115	-0.0052970596	-0.0036253610	-0.0057112944	-0.0051449863	-0.0048831504	-0.0057172289	-0.0046084482	-0.0053072793	-0.0066554409	-0.0057802417	-0.0051421599	-0.0053312544	-0.0054598791	-0.0045648914	-0.0041724426	-0.0038814190	-0.0046525343	-0.0054921401	-0.0041354969	-0.0055887483	-0.0066612315	-0.0056519915	-0.0027195997	-0.0054656129	-0.0049253354	-0.0053535589	-0.0056981761	-0.0052891917	-0.0058130512	-0.0042207704	-0.0045600398	-0.0051101869	-0.0044577806	-0.0053817890	-0.0059009415	-0.0061296563	-0.0051029717	-0.0046460164	-0.0053691158	-0.0049653414	-0.0061110175	-0.0052126154	-0.0040808056	-0.0042100940	-0.0053241837	-0.0045828800	-0.0047479831	-0.0071313056	-0.0047586767	-0.0063585281	-0.0051022302	-0.0039801832	-0.0068338202	-0.0051829398	-0.0056691302	-0.0062008643	-0.0041896693	-0.0042600361	-0.0040195294	-0.0049537323	-0.0053521618	-0.0055498607	-0.0064140614	-0.0055809580	-0.0065961317
-0.0060693007	-0.0052104924	-0.0048611838	-0.0044967791	-0.0048519928	-0.0062476085	-0.0052778373	0.4708636142	-0.0031275723	-0.0036303558	-0.0056590632	-0.0053016505	-0.0062592441	-0.0036234704	-0.0051012312	-0.0041823576	-0.0041478959	-0.0070313279	-0.0041180148	-0.0044564413	-0.0057365129	-0.0045092216	-0.0044407780	-0.0040919414	-0.0052773810	-0.0042481517	-0.0047846978	-0.0037252374	-0.0048290682	-0.0057052289	-0.0047797468	-0.0059136683	-0.0055876001	-0.0049633089	-0.0048492624	-0.0057751994	-0.0046971683	-0.0053075733	-0.0046248352	-0.0034950509	-0.0045416548	0.0014457367	-0.0044878876	-0.0063118384	-0.0035378900	-0.0056056347	-0.0049167742	-0.0046748755	-0.0048449361	-0.0036976367	-0.0059885226	-0.0061098582	-0.0063003646	-0.0048754635	-0.0049586044	-0.0045530787	-0.0015204219	-0.0050631101	-0.0054791283	-0.0038110054	-0.0048663703	-0.0057621148	-0.0033975246	-0.0037059663	-0.0075609218	-0.0061818545	-0.0055554753	-0.0053365769	-0.0039539686	-0.0061718775	-0.0030625903	-0.0040421351	-0.0041983402	-0.0045586854	-0.0057301584	-0.0057601541	-0.0044580968	-0.0050569320	-0.0046408076	-0.0052910043	-0.0055891140	-0.0047197976	-0.0033709408	-0.0053607339	-0.0040160165	-0.0056539682	-0.0048875763	-0.0057575588	-0.0040531653	-0.0041467072	-0.0050548491	-0.0042012402	-0.0053520252	-0.0051891244	-0.0046243039	-0.0047202740	-0.0032531293	-0.0058673067	-0.0049258269
-0.0042885935	-0.0050201432	-0.0049578933	-0.0040082195	-0.0041078116	-0.0035603599	-0.0037897082	-0.0031275723	0.4475969264	-0.0044222595	-0.0045900597	-0.0060203931	-0.0040710707	-0.0040681666	-0.0042122170	-0.0025066668	-0.0053757374	-0.0052482228	-0.0037912478	-0.0048569268	-0.0065699372	-0.0058878458	-0.0036682109	-0.0051885187	-0.0042030100	-0.0035457969	-0.0046667661	-0.0042462788	-0.0045312862	-0.0044097562	-0.0049079514	-0.0047053185	-0.0046988463	-0.0043411668	-0.0036813108	-0.0046963878	-0.0053142852	-0.0027798586	-0.0059377662	-0.0055786046	-0.0046427091	-0.0052940014	-0.0042470749	-0.0053395907	-0.0034531181	-0.0064907649	-0.0049683491	-0.0034916403	-0.0035774861	-0.0060089576	-0.0047330113	-0.0042999369	-0.0054009922	-0.0038263630	-0.0053668349	-0.0035887104	-0.0044123774	-0.0045767311	-0.0059694732	-0.0044583585	-0.0042878179	-0.0059341207	-0.0033662483	-0.0036975516	-0.0041478300	-0.0043209730	-0.0044438097	-0.0042009718	-0.0047880540	-0.0058486349	-0.0029447522	-0.0024139382	-0.0032703932	-0.0057526247	-0.0060680309	-0.0039411470	-0.0048264445	-0.0051103187	-0.0056695645	-0.0057404741	-0.0042356963	-0.0053623160	-0.0048654582	-0.0041198860	-0.0052401188	-0.0057008876	-0.0039226176	-0.0039141628	-0.0036329746	-0.0050305535	-0.0035776971	-0.0057217392	-0.0050818721	-0.0067391748	-0.0031292657	-0.0034514737	-0.0038956789	-0.0051465441	-0.0043264561
-0.0059573301	-0.0049071584	-0.0061815651	-0.0050188881	-0.0059605182	-0.0038876865	-0.0049116085	-0.0036303558	-0.0044222595	0.4712552506	-0.0055152922	-0.0038930399	-0.0055440588	-0.0022439292	-0.0038917818	-0.0038881194	-0.0035666759	-0.0045906578	-0.0046326817	-0.0033467277	-0.0051874339	-0.0057590532	-0.0055544876	-0.0052620910	-0.0025945410	-0.0053873669	-0.0056706629	-0.0053016643	-0.0041224501	-0.0039330151	-0.0061711497	-0.0051260771	-0.0073405520	-0.0047146188	-0.0057134037	-0.0047808154	-0.0047319343	-0.0055682381	-0.0036985171	-0.0048497901	-0.0043423093	-0.0040739303	-0.0035419934	-0.0057651939	-0.0034491952	-0.0053736994	-0.0034308270	-0.0051984036	-0.0031709114	-0.0048190470	-0.0057095808	-0.0049541944	-0.0056746922	-0.0047694884	-0.0061947059	-0.0051542790	-0.0046126215	-0.0049045525	-0.0043124595	-0.0042923448	-0.0052345814	-0.0045388775	-0.0041359779	-0.0057777445	-0.0052939582	-0.0067200496	-0.0050812505	-0.0044983909	-0.0041586470	-0.0042407790	-0.0039206135	-0.0064664517	-0.0057377263	-0.0045456302	-0.0036458684	-0.0054840946	-0.0053389351	-0.0042972198	-0.0042181011	-0.0051518164	-0.0033797736	-0.0051528625	-0.0038921304	-0.0063551547	-0.0032148691	-0.0043787024	-0.0058312598	-0.0029551758	-0.0050259630	-0.0040859436	-0.0060296265	-0.0055181961	-0.0064097897	-0.0038953166	-0.0044446794	-0.0054515052	-0.0058553112	-0.0055779301	-0.0041117212
-0.0057814270	-0.0060981020	-0.0033284762	-0.0044326506	-0.0044032748	-0.0058944607	-0.0058235347	-0.0056590632	-0.0045900597	-0.0055152922	0.5212298659	-0.0047250432	-0.0037942772	-0.0055245038	-0.0067700387	-0.0045299498	-0.0065830175	-0.0051019181	-0.0058462175	-0.0055911201	-0.0062747815	-0.0055737760	-0.0052175718	-0.0037093381	-0.0031430844	-0.0068718849	-0.0049602029	-0.0060390255	-0.0041772057	-0.0051427327	-0.0039353156	-0.0058550108	-0.0050264284	-0.0055111312	-0.0057826921	-0.0060628498	-0.0059324185	-0.0033670220	-0.0059714723	-0.0070778971	-0.0043155968	-0.0050445531	-0.0060316447	-0.0062016448	-0.0047312421	-0.0049446974	-0.0055481122	-0.0060215255	-0.0034273619	-0.0044027263	-0.0059476126	-0.0040125739	-0.0059230757	-0.0070347950	-0.0064195523	-0.0058082107	-0.0047588382	-0.0057104095	-0.0068852022	-0.0051494455	-0.0052103595	-0.0071488663	-0.0058076011	-0.0070393226	-0.0054149754	-0.0060307393	-0.0048792662	-0.0055990054	-0.0051022744	-0.0050393340	-0.0022189866	-0.0057443668	-0.0048983366	-0.0055205098	-0.0053226797	-0.0062191524	-0.0046311302	-0.0048513110	-0.0046566388	-0.0041185994	-0.0061193643	-0.0059605447	-0.0048223559	-0.0051903133	-0.0038637883	-0.0040000208	-0.0053585340	-0.0064224043	-0.0062933277	-0.0036616095	-0.0048077209	-0.0047796948	-0.0046606301	-0.0061521711	-0.0054762468	-0.0063449550	-0.0049479960	-0.0066923393	-0.0062793047
-0.0055201437	-0.0062376234	-0.0063083947	-0.0044848916	-0.0049646688	-0.0042570217	-0.0062514065	-0.0053016505	-0.0060203931	-0.0038930399	-0.0047250432	0.4803483993	-0.0041744025	-0.0023806295	-0.0061164631	-0.0042341381	-0.0033253038	-0.0053187133	-0.0047296447	-0.0044668660	-0.0047368187	-0.0051473107	-0.0047832975	-0.0040167948	-0.0048735905	-0.0052959179	-0.0049365590	-0.0053795574	-0.0049533456	-0.0051536588	-0.0045427704	-0.0047399293	-0.0037539245	-0.0050094900	-0.0046807798	-0.0058495333	-0.0047272428	-0.0054257545	-0.0029456913	-0.0063431347	-0.0039954408	-0.0051266046	-0.0061136407	-0.0053752295	-0.0045124811	-0.0043114918	-0.0051702782	-0.0051070089	-0.0045036909	-0.0043971477	-0.0060550042	-0.0051630501	-0.0049274517	-0.0059399568	-0.0060674193	-0.0045585282	-0.0058535088	-0.0061008033	-0.0046547056	-0.0034265082	-0.0064406733	-0.0051846806	-0.0028933647	-0.0043144701	-0.0047411715	-0.0050422147	-0.0048892793	-0.0040838670	-0.0051722616	-0.0044734872	-0.0046811600	-0.0051201706	-0.0050725728	-0.0058597257	-0.0048292111	-0.0049679859	-0.0035328585	-0.0035161781	-0.0053144839	-0.0051620758	-0.0052581687	-0.0044744212	-0.0055399202	-0.0036281253	-0.0053593307	-0.0052419570	-0.0040917344	-0.0047959151	-0.0050181954	-0.0044331563	-0.0054648866	-0.0040680140	-0.0039786199	-0.0047341566	-0.0053887200	-0.0050867560	-0.0057497073	-0.0053914914	-0.0059877411
-0.0054486818	-0.0056874102	-0.0053154021	-0.0049323615	-0.0054588924	-0.0049034784	-0.0053347781	-0.0062592441	-0.0040710707	-0.0055440588	-0.0037942772	-0.0041744025	0.5124362199	-0.0042845793	-0.0052454038	-0.0042689725	-0.0057331042	-0.0052021460	-0.0057800731	-0.0060004433	-0.0053143614	-0.0067227535	-0.0044453285	-0.0048373322	-0.0047153366	-0.0051930519	-0.0041581749	-0.0058579016	-0.0052340042	-0.0063856548	-0.0044536260	-0.0047737989	-0.0040890252	-0.0051432764	-0.0056634793	-0.0049095290	-0.0054307035	-0.0055181632	-0.0034755333	-0.0056753356	-0.0054053620	-0.0063931507	-0.0058170068	-0.0058415603	-0.0044006735	-0.0053456674	-0.0058470020	-0.0054283554	-0.0043572658	-0.0046559014	-0.0053593308	-0.0058632062	-0.0051917187	-0.0062996339	-0.0058377956	-0.0057676708	-0.0054782960	-0.0064814974	-0.0049884539	-0.0052498747	-0.0046478724	-0.0067900781	-0.0053257627	-0.0047849635	-0.0048753292	-0.0037757413	-0.0055021676	-0.0046839151	-0.0050877650	-0.0047400172	-0.0040421528	-0.0043384047	-0.0056295847	-0.0062952679	-0.0063945573	-0.0063972098	-0.0042374927	-0.0051585688	-0.0049702006	-0.0050928376	-0.0058957546	-0.0045912300	-0.0047141720	-0.0067784573	-0.0045518599	-0.0054614582	-0.0054965922	-0.0041372087	-0.0051630500	-0.0056911374	-0.0059453439	-0.0046445687	-0.0043661600	-0.0046270140	-0.0060274186	-0.0056059787	-0.0038749230	-0.0054364131	-0.0072130174
-0.0052457965	-0.0061139824	-0.0039555512	-0.0044713469	-0.0046127582	-0.0056508932	-0.0050947596	-0.0036234704	-0.0040681666	-0.0022439292	-0.0055245038	-0.0023806295	-0.0042845793	0.4607125388	-0.0046428668	-0.0042804066	-0.0033037474	-0.0049026281	-0.0042768379	-0.0055050817	-0.0060761675	-0.0070758984	-0.0043964698	-0.0050553247	-0.0048878737	-0.0053166939	-0.0052327483	-0.0040258212	-0.0050253617	-0.0053546603	-0.0049256962	-0.0032116722	-0.0052277224	-0.0057335324	-0.0037394569	-0.0034934596	-0.0050843383	-0.0058097836	-0.0048133239	-0.0054917052	-0.0046414597	-0.0043058821	-0.0057883227	-0.0056627833	-0.0045339601	-0.0053395513	-0.0036293781	-0.0050892625	-0.0042860487	-0.0045987778	-0.0049993332	-0.0048738520	-0.0044799974	-0.0043221850	-0.0061968396	-0.0049856150	-0.0058856504	-0.0051401993	-0.0055470036	-0.0047596522	-0.0022558466	-0.0047812997	-0.0043916350	-0.0043099963	-0.0053661953	-0.0033607983	-0.0044234813	-0.0050728434	-0.0032655881	-0.0040038221	-0.0041284453	-0.0066694984	-0.0052731812	-0.0025054353	-0.0038334493	-0.0048031060	-0.0045061786	-0.0038677941	-0.0047757557	-0.0057010689	-0.0039935947	-0.0041549783	-0.0044009281	-0.0049882099	-0.0044031041	-0.0060571700	-0.0033234282	-0.0047113695	-0.0048359117	-0.0053336108	-0.0056425255	-0.0055621529	-0.0052239707	-0.0055441729	-0.0031733100	-0.0051788115	-0.0045791860	-0.0055032066	-0.0035820795
-0.0050956276	-0.0063367978	-0.0026710514	-0.0055581839	-0.0052006093	-0.0061723580	-0.0062379443	-0.0051012312	-0.0042122170	-0.0038917818	-0.0067700387	-0.0061164631	-0.0052454038	-0.0046428668	0.5039449644	-0.0051192441	-0.0045503950	-0.0065875995	-0.0041247164	-0.0052791827	-0.0048891612	-0.0047514089	-0.0048462672	-0.0045189231	-0.0051189165	-0.0052843035	-0.0044140400	-0.0047203291	-0.0061643395	-0.0035000398	-0.0061243021	-0.0055470285	-0.0053824008	-0.0050785109	-0.0044857815	-0.0053173360	-0.0051685594	-0.0060301787	-0.0048538182	-0.0054853617	-0.0042089478	-0.0041556896	-0.0059445221	-0.0068681890	-0.0035283993	-0.0045746625	-0.0033374257	-0.0054040468	-0.0043548830	-0.0058166526	-0.0056460027	-0.0041332239	-0.0057118599	-0.0055692517	-0.0055510787	-0.0055905479	-0.0051109829	-0.0060480489	-0.0056763841	-0.0044487225	-0.0057125927	-0.0047005637	-0.0038680411	-0.0056155489	-0.0061394452	-0.0047449953	-0.0038257401	-0.0056228985	-0.0061203174	-0.0056972705	-0.0043801466	-0.0066343210	-0.0051774039	-0.0045479433	-0.0048125785	-0.0066721150	-0.0051660986	-0.0055161937	-0.0042185394	-0.0063510697	-0.0050663980	-0.0041397586	-0.0048349724	-0.0058299631	-0.0036018581	-0.0063332073	-0.0045411589	-0.0055322209	-0.0045330177	-0.0049062483	-0.0044749259	-0.0066363426	-0.0051261791	-0.0064102684	-0.0048101205	-0.0060378119	-0.0045256785	-0.0048396419	-0.0039671289
-0.0048106354	-0.0045564540	-0.0045105932	-0.0048209433	-0.0044722732	-0.0059019291	-0.0043659158	-0.0041823576	-0.0025066668	-0.0038881194	-0.0045299498	-0.0042341381	-0.0042689725	-0.0042804066	-0.0051192441	0.4124492823	-0.0030572525	-0.0040481083	-0.0042967293	-0.0035695388	-0.0036685385	-0.0040849184	-0.0039763513	-0.0041306526	-0.0027539756	-0.0035527677	-0.0039171412	-0.0047418138	-0.0052278084	-0.0052414788	-0.0061709402	-0.0041984829	-0.0048939639	-0.0041180778	-0.0040166962	-0.0047089968	-0.0053942736	-0.0042658512	-0.0036256162	-0.0052436487	-0.0050395095	-0.0042513928	-0.0039819329	-0.0042680752	-0.0050097066	-0.0031986115	-0.0022357062	-0.0049428522	-0.0029619534	-0.0037544079	-0.0047538482	-0.0054426691	-0.0046374038	-0.0054446461	-0.0032395710	-0.0040242112	-0.0043550300	-0.0042417070	-0.0045997396	-0.0022240062	-0.0045781017	-0.0040559535	-0.0057737071	-0.0032828969	-0.0044165960	-0.0029541751	-0.0051338921	-0.0045027472	-0.0031352157	-0.0048445123	-0.0048891925	-0.0038497530	-0.0047800319	-0.0033984978	-0.0050484020	-0.0045870901	-0.0053951768	-0.0031869241	-0.0042723045	-0.0032929028	-0.0031181386	-0.0039415247	-0.0034823134	-0.0029399725	-0.0062948748	-0.0041122336	-0.0041357023	-0.0030521662	-0.0031120536	-0.0057000092	-0.0042614938	-0.0036824791	-0.0030211290	-0.0056234311	-0.0046839951	-0.0035052384	-0.0024622634	-0.0041733309	-0.0038096575
-0.0048452458	-0.0057606751	-0.0045342387	-0.0040734069	-0.0038854720	-0.0050048820	-0.0060923101	-0.0041478959	-0.0053757374	-0.0035666759	-0.0065830175	-0.0033253038	-0.0057331042	-0.0033037474	-0.0045503950	-0.0030572525	0.4752562254	-0.0054965026	-0.0054233530	-0.0043054817	-0.0063660567	-0.0052514733	-0.0042502877	-0.0026934737	-0.0041835069	-0.0047762995	-0.0043856295	-0.0049801738	-0.0062924470	-0.0047037971	-0.0045852100	-0.0039626187	-0.0058874472	-0.0052055026	-0.0041771924	-0.0045287035	-0.0049990387	-0.0036178006	-0.0058899553	-0.0059898666	-0.0052622851	-0.0056661401	-0.0052726561	-0.0046556778	-0.0048780569	-0.0058604043	-0.0029629788	-0.0049262830	-0.0027217834	-0.0054126763	-0.0068062597	-0.0032031389	-0.0047852731	-0.0044639060	-0.0056009793	-0.0051303974	-0.0049515156	-0.0035915894	-0.0029787492	-0.0053643956	-0.0049156206	-0.0040981870	-0.0041909617	-0.0054952043	-0.0045351152	-0.0042970777	-0.0048039222	-0.0054865509	-0.0050018631	-0.0039636836	-0.0043241336	-0.0050373761	-0.0052167872	-0.0059085510	-0.0051837739	-0.0051956741	-0.0043441685	-0.0052996932	-0.0062009918	-0.0055108646	-0.0063391974	-0.0048737686	-0.0071761637	-0.0047417906	-0.0043639821	-0.0060369847	-0.0051755935	-0.0039489623	-0.0030071882	-0.0050244289	-0.0069330100	-0.0049341970	-0.0054979564	-0.0044629094	-0.0037762430	-0.0048357733	-0.0055823373	-0.0051549696	-0.0040942451
-0.0062002029	-0.0057835442	-0.0062346258	-0.0051376362	-0.0052547519	-0.0058680041	-0.0049301934	-0.0070313279	-0.0052482228	-0.0045906578	-0.0051019181	-0.0053187133	-0.0052021460	-0.0049026281	-0.0065875995	-0.0040481083	-0.0054965026	0.5361054735	-0.0037618774	-0.0061224081	-0.0061898695	-0.0063640908	-0.0047935052	-0.0053693220	-0.0061972222	-0.0056096290	-0.0060253908	-0.0058054384	-0.0052026277	-0.0064963232	-0.0058404181	-0.0051561264	-0.0069503415	-0.0047019408	-0.0065448332	-0.0052761794	-0.0059578437	-0.0056907669	-0.0047008236	-0.0063221306	-0.0060717928	-0.0057092995	-0.0055301434	-0.0067799193	-0.0053751137	-0.0041080005	-0.0051670705	-0.0058016460	-0.0056374894	-0.0040895450	-0.0050490133	-0.0052030505	-0.0055455407	-0.0062941746	-0.0044234785	-0.0039612087	-0.0059055645	-0.0062060840	-0.0053295430	-0.0056312576	-0.0060275780	-0.0053134532	-0.0049436889	-0.0052664726	-0.0044484853	-0.0049786285	-0.0066015331	-0.0049014549	-0.0056211035	-0.0050349784	-0.0040310084	-0.0063709536	-0.0047422943	-0.0061223265	-0.0053722498	-0.0044470233	-0.0058688762	-0.0054125415	-0.0058462477	-0.0051971038	-0.0044115430	-0.0057271362	-0.0049013388	-0.0050790526	-0.0056709280	-0.0044728793	-0.0052047754	-0.0067721336	-0.0053954810	-0.0066354107	-0.0057081980	-0.0058949993	-0.0046598197	-0.0063997740	-0.0059856860	-0.0044521143	-0.0049557461	-0.0056798175	-0.0057158109
-0.0046685429	-0.0059153843	-0.0052576244	-0.0047795496	-0.0053674513	-0.0057698743	-0.0065612750	-0.0041180148	-0.0037912478	-0.0046326817	-0.0058462175	-0.0047296447	-0.0057800731	-0.0042768379	-0.0041247164	-0.0042967293	-0.0054233530	-0.0037618774	0.4994914975	-0.0060646874	-0.0059095623	-0.0048128796	-0.0052341865	-0.0041097299	-0.0053345855	-0.0051986262	-0.0039882959	-0.0043770466	-0.0048556606	-0.0053241659	-0.0056852085	-0.0052732501	-0.0058652539	-0.0058372696	-0.0033249464	-0.0043607941	-0.0062423099	-0.0037599637	-0.0044302267	-0.0058134177	-0.0050778432	-0.0051911392	-0.0047764828	-0.0061767425	-0.0065544907	-0.0047400999	-0.0044797958	-0.0035187757	-0.0053982350	-0.0049115965	-0.0057384719	-0.0058853771	-0.0036255046	-0.0061934219	-0.0047354693	-0.0058545530	-0.0053841326	-0.0062824111	-0.0059867660	-0.0039583851	-0.0048621734	-0.0043455848	-0.0039227033	-0.0042961496	-0.0044122645	-0.0067098144	-0.0046101310	-0.0044894004	-0.0048358853	-0.0035919306	-0.0047555804	-0.0072049357	-0.0059060900	-0.0053343369	-0.0050606329	-0.0058764833	-0.0055145707	-0.0062274590	-0.0047112556	-0.0033816431	-0.0051922282	-0.0056598052	-0.0048099627	-0.0062384201	-0.0043587999	-0.0070814436	-0.0044397161	-0.0046014620	-0.0060345697	-0.0045392212	-0.0048797672	-0.0061418399	-0.0051767094	-0.0035847478	-0.0061612275	-0.0058846882	-0.0043699875	-0.0054406734	-0.0054743469
-0.0044470481	-0.0057650084	-0.0056564507	-0.0070739072	-0.0040008361	-0.0059937538	-0.0045346950	-0.0044564413	-0.0048569268	-0.0033467277	-0.0055911201	-0.0044668660	-0.0060004433	-0.0055050817	-0.0052791827	-0.0035695388	-0.0043054817	-0.0061224081	-0.0060646874	0.4938647369	-0.0051474047	-0.0046007643	-0.0040444489	-0.0042094338	-0.0048277401	-0.0052297855	-0.0050748090	-0.0056731105	-0.0053512919	-0.0041666298	-0.0035296102	-0.0058194734	-0.0030027787	-0.0050282427	-0.0043932281	-0.0042218576	-0.0039659958	-0.0055243840	-0.0046044375	-0.0065487439	-0.0027646394	-0.0047323828	-0.0041454004	-0.0070491515	-0.0056852278	-0.0060112623	-0.0039548118	-0.0048409890	-0.0041867158	-0.0033549614	-0.0049451211	-0.0051629568	-0.0053016983	-0.0056223451	-0.0055183104	-0.0051124784	-0.0047272485	-0.0061606478	-0.0053719459	-0.0031633532	-0.0056812266	-0.0046463626	-0.0048741599	-0.0054700954	-0.0056834245	-0.0053921229	-0.0061062393	-0.0061875328	-0.0056355526	-0.0046556674	-0.0052772655	-0.0052178093	-0.0060653536	-0.0064543861	-0.0042276134	-0.0053802789	-0.0060107213	-0.0051215958	-0.0056292438	-0.0060898446	-0.0042942907	-0.0045452759	-0.0059118008	-0.0066949003	-0.0048699470	-0.0036985106	-0.0062965397	-0.0053114376	-0.0060957177	-0.0036985629	-0.0060785524	-0.0049460783	-0.0055102716	-0.0057677428	-0.0035754136	-0.0052190934	-0.0040160768	-0.0042335283	-0.0034820773
-0.0051383258	-0.0049119618	-0.0064910972	-0.0048646549	-0.0059635178	-0.0057175292	-0.0056310452	-0.0057365129	-0.0065699372	-0.0051874339	-0.0062747815	-0.0047368187	-0.0053143614	-0.0060761675	-0.0048891612	-0.0036685385	-0.0063660567	-0.0061898695	-0.0059095623	-0.0051474047	0.5123354862	-0.0036915313	-0.0048760008	-0.0054402702	-0.0054478550	-0.0051500358	-0.0051554110	-0.0059665928	-0.0046661259	-0.0046646708	-0.0056044464	-0.0061783388	-0.0058510574	-0.0052825123	-0.0057153994	-0.0039375571	-0.0050975659	-0.0054043208	-0.0032184205	-0.0054448000	-0.0065271424	-0.0052808960	-0.0061403320	-0.0043296657	-0.0046175196	-0.0054814400	-0.0054755576	-0.0047524531	-0.0042974076	-0.0057960072	-0.0045642558	-0.0052099337	-0.0063682137	-0.0044869187	-0.0056771999	-0.0041598081	-0.0041946376	-0.0054276798	-0.0050941021	-0.0054687353	-0.0049925752	-0.0059388136	-0.0063954891	-0.0045969271	-0.0056604444	-0.0055896860	-0.0069608221	-0.0049621725	-0.0045893869	-0.0043730504	-0.0042152890	-0.0040137726	-0.0054184598	-0.0050693538	-0.0036325892	-0.0063791256	-0.0059666695	-0.0045334802	-0.0057027113	-0.0052495065	-0.0050141548	-0.0053100189	-0.0054976928	-0.0044115797	-0.0046018262	-0.0055114044	-0.0060356078	-0.0048266432	-0.0049101179	-0.0055609127	-0.0060445054	-0.0043612843	-0.0058602856	-0.0041776223	-0.0031341260	-0.0053309674	-0.0060257326	-0.0051734987	-0.0053796252
-0.0062740291	-0.0063247286	-0.0063817138	-0.0066013952	-0.0027815274	-0.0056778718	-0.0060157127	-0.0045092216	-0.0058878458	-0.0057590532	-0.0055737760	-0.0051473107	-0.0067227535	-0.0070758984	-0.0047514089	-0.0040849184	-0.0052514733	-0.0063640908	-0.0048128796	-0.0046007643	-0.0036915313	0.5135718613	-0.0048415432	-0.0061080863	-0.0059085192	-0.0065241683	-0.0069463177	-0.0053545249	-0.0057250115	-0.0065916317	-0.0067004641	-0.0048095806	-0.0056523648	-0.0048224306	-0.0060008485	-0.0049681275	-0.0050408323	-0.0059874535	-0.0040470297	-0.0055016878	-0.0062069857	-0.0050847339	-0.0049958355	-0.0059169595	-0.0064887440	-0.0068393545	-0.0058227211	-0.0058604301	-0.0037812514	-0.0053110615	-0.0043136036	-0.0043156979	-0.0052216736	-0.0048859127	-0.0045037232	-0.0059449998	-0.0059914011	-0.0059902917	-0.0061091836	-0.0066677374	-0.0046535331	-0.0062767800	-0.0030807038	-0.0061407329	-0.0049695156	-0.0060038542	-0.0024746915	-0.0046982782	-0.0054688817	-0.0046601568	-0.0048079301	-0.0056970088	-0.0063753312	-0.0049069882	-0.0043060691	-0.0049600901	-0.0038895574	-0.0047173320	-0.0050828038	-0.0039227768	-0.0025578382	-0.0033270721	-0.0048095716	-0.0039898388	-0.0050763811	-0.0040671910	-0.0047261225	-0.0061222170	-0.0047967214	-0.0051154667	-0.0064962493	-0.0038854738	-0.0043969526	-0.0057191399	-0.0052302661	-0.0044757020	-0.0053194748	-0.0052251531	-0.0050691859
-0.0058722161	-0.0046285929	-0.0053879092	0.0010187542	-0.0052993223	-0.0045637431	-0.0045454861	-0.0044407780	-0.0036682109	-0.0055544876	-0.0052175718	-0.0047832975	-0.0044453285	-0.0043964698	-0.0048462672	-0.0039763513	-0.0042502877	-0.0047935052	-0.0052341865	-0.0040444489	-0.0048760008	-0.0048415432	0.4733384941	-0.0042557689	-0.0044452487	-0.0055711912	-0.0054455680	-0.0046880968	-0.0039053237	-0.0044273717	-0.0026825486	-0.0053275073	-0.0054237355	-0.0041521480	-0.0048332480	-0.0054483221	-0.0066146859	-0.0052780478	-0.0034916435	-0.0059546672	-0.0064401080	-0.0067700754	-0.0058577272	-0.0054925395	-0.0049754129	-0.0016853286	-0.0046434370	-0.0049552859	-0.0038644782	-0.0052658494	-0.0051482911	-0.0034827790	-0.0048390829	-0.0046883992	-0.0050022080	-0.0033521524	-0.0059800367	-0.0041224072	-0.0046305190	-0.0044215241	-0.0043544281	-0.0053932209	-0.0038370191	-0.0051644184	-0.0053357000	-0.0043421202	-0.0050632772	-0.0068170458	-0.0041153820	-0.0047226923	-0.0050519473	-0.0055029493	-0.0035235374	-0.0058663207	-0.0038822109	-0.0059748463	-0.0052307133	-0.0046391302	-0.0043641544	-0.0057168203	-0.0050067934	-0.0042840030	-0.0040847011	-0.0053929098	-0.0049125802	-0.0031847228	-0.0039764276	-0.0054223172	-0.0057133199	-0.0040099531	-0.0050789057	-0.0063490966	-0.0044429387	-0.0057985987	-0.0057447416	-0.0049711811	-0.0059856982	-0.0062748276	-0.0075968290
-0.0038017953	-0.0047246090	-0.0059600859	-0.0054641077	-0.0046238711	-0.0053129566	-0.0053621289	-0.0040919414	-0.0051885187	-0.0052620910	-0.0037093381	-0.0040167948	-0.0048373322	-0.0050553247	-0.0045189231	-0.0041306526	-0.0026934737	-0.0053693220	-0.0041097299	-0.0042094338	-0.0054402702	-0.0061080863	-0.0042557689	0.4726488788	-0.0068115071	-0.0061457211	-0.0047018447	-0.0058335103	-0.0054857566	-0.0065275993	-0.0064241072	-0.0048550715	-0.0050037206	-0.0048147676	-0.0049458708	-0.0055322914	-0.0048374146	-0.0050261778	-0.0028889161	-0.0049695783	-0.0045944962	-0.0059233814	-0.0059398111	-0.0054108436	-0.0045622520	-0.0054869023	-0.0040742628	-0.0021615882	-0.0042464281	-0.0038322501	-0.0043356864	-0.0051651870	-0.0037779268	-0.0044381179	-0.0041679681	-0.0032164817	-0.0041323307	-0.0058869586	-0.0056516743	-0.0047899713	-0.0049274000	-0.0044305652	-0.0054683330	-0.0045456982	-0.0052417915	-0.0054224724	-0.0060657466	-0.0046347597	-0.0045721523	-0.0041331793	-0.0037936012	-0.0038715054	-0.0056252711	-0.0051554590	-0.0050045871	-0.0056249997	-0.0041838963	-0.0044248390	-0.0031238009	-0.0032933304	-0.0033103635	-0.0051650445	-0.0056826576	-0.0057987008	-0.0046742123	-0.0047940335	-0.0049220805	-0.0042342590	-0.0040010417	-0.0043762322	-0.0061490403	-0.0047510208	-0.0046240311	-0.0054297239	-0.0050258399	-0.0050264114	-0.0050015859	-0.0061042001	-0.0051900819
-0.0047103825	-0.0064786935	-0.0058193385	-0.0041985392	-0.0059730699	-0.0049903705	-0.0053247796	-0.0052773810	-0.0042030100	-0.0025945410	-0.0031430844	-0.0048735905	-0.0047153366	-0.0048878737	-0.0051189165	-0.0027539756	-0.0041835069	-0.0061972222	-0.0053345855	-0.0048277401	-0.0054478550	-0.0059085192	-0.0044452487	-0.0068115071	0.4957816308	-0.0062242838	-0.0047601742	-0.0058234648	-0.0044685245	-0.0038077568	-0.0052385424	-0.0057878650	-0.0043167188	-0.0057706418	-0.0052889030	-0.0055068239	-0.0046029479	-0.0058925411	-0.0056989320	-0.0058637395	-0.0040182884	-0.0059722127	-0.0044979800	-0.0048502330	-0.0032157311	-0.0054839420	-0.0048743337	-0.0051212283	-0.0044703205	-0.0045391343	-0.0049442131	-0.0050938324	-0.0059562266	-0.0055312172	-0.0063889810	-0.0050240373	-0.0057125407	-0.0049342765	-0.0060345137	-0.0060767551	-0.0054050483	-0.0075059116	-0.0044887480	-0.0024264253	-0.0052536581	-0.0063713476	-0.0055185168	-0.0046824480	-0.0036890677	-0.0042221161	-0.0044145225	-0.0041474282	-0.0038714880	-0.0055541875	-0.0039175298	-0.0051304046	-0.0045220992	-0.0050480196	-0.0059718103	-0.0058289505	-0.0049505939	-0.0056624648	-0.0057704661	-0.0049345539	-0.0049013905	-0.0045496077	-0.0046780429	-0.0049694986	-0.0056234319	-0.0056068395	-0.0058898283	-0.0052235552	-0.0046539793	-0.0059808653	-0.0040859827	-0.0064412588	-0.0044405862	-0.0035771647	-0.0058608684
-0.0062818570	-0.0055808447	-0.0048823216	-0.0051313475	-0.0066732304	-0.0054486192	-0.0058977966	-0.0042481517	-0.0035457969	-0.0053873669	-0.0068718849	-0.0052959179	-0.0051930519	-0.0053166939	-0.0052843035	-0.0035527677	-0.0047762995	-0.0056096290	-0.0051986262	-0.0052297855	-0.0051500358	-0.0065241683	-0.0055711912	-0.0061457211	-0.0062242838	0.5152289130	-0.0060473452	-0.0063777759	-0.0047062674	-0.0046452028	-0.0039821399	-0.0052211249	-0.0054468870	-0.0056246563	-0.0048242341	-0.0059217962	-0.0052630677	-0.0054450237	-0.0052000795	-0.0034380494	-0.0065036952	-0.0058594196	-0.0051155183	-0.0034392814	-0.0046869082	-0.0037441413	-0.0052937074	-0.0047434054	-0.0056445335	-0.0050988819	-0.0058426988	-0.0060128603	-0.0062363135	-0.0049862318	-0.0056896986	-0.0047754402	-0.0056074802	-0.0051832200	-0.0065057460	-0.0056915180	-0.0049567864	-0.0063447075	-0.0032717587	-0.0061655640	-0.0063618125	-0.0055705183	-0.0068752288	-0.0052341289	-0.0047527022	-0.0051637687	-0.0050630372	-0.0050027330	-0.0055677452	-0.0059450488	-0.0057047615	-0.0036371613	-0.0049016056	-0.0036239397	-0.0062692240	-0.0058063432	-0.0051691574	-0.0030983168	-0.0043250043	-0.0069309969	-0.0053932366	-0.0058490786	-0.0032893929	-0.0044466030	-0.0049305645	-0.0046294307	-0.0052907853	-0.0053340187	-0.0043095590	-0.0054179510	-0.0050813848	-0.0048394397	-0.0053970361	-0.0073142713	-0.0041380675
-0.0057920536	-0.0068718543	-0.0054955580	-0.0058666988	-0.0046312060	-0.0058064335	-0.0051568333	-0.0047846978	-0.0046667661	-0.0056706629	-0.0049602029	-0.0049365590	-0.0041581749	-0.0052327483	-0.0044140400	-0.0039171412	-0.0043856295	-0.0060253908	-0.0039882959	-0.0050748090	-0.0051554110	-0.0069463177	-0.0054455680	-0.0047018447	-0.0047601742	-0.0060473452	0.5053625426	-0.0064211479	-0.0064856957	-0.0043674717	-0.0049317729	-0.0038083629	-0.0053193471	-0.0048487604	-0.0051906818	-0.0056533106	-0.0038474582	-0.0060703400	-0.0059926770	-0.0051192825	-0.0048736244	-0.0050948059	-0.0061895445	-0.0056988235	-0.0064790490	-0.0046182759	-0.0044218139	-0.0055454147	-0.0041108583	-0.0043815890	-0.0064923533	-0.0049992510	-0.0051714507	-0.0058245934	-0.0047828354	-0.0045473723	-0.0054598615	-0.0053098750	-0.0055626955	-0.0051137215	-0.0056689405	-0.0049832836	-0.0058339385	-0.0036000756	-0.0060176579	-0.0059310824	-0.0048988544	-0.0051515328	-0.0051632224	-0.0040975813	-0.0054975092	-0.0061774100	-0.0047404620	-0.0050426889	-0.0034549799	-0.0057473045	-0.0050373458	-0.0055785678	-0.0047937662	-0.0053718641	-0.0050250702	-0.0052847835	-0.0046067281	-0.0068927614	-0.0046013685	-0.0037528613	-0.0044595083	-0.0045256353	-0.0039027134	-0.0031778950	-0.0068936312	-0.0040955557	-0.0062901687	-0.0051191064	-0.0069094736	-0.0051411905	-0.0047114701	-0.0042928098	-0.0052652095
-0.0049844823	-0.0052642239	-0.0054073090	-0.0046738036	-0.0041181531	-0.0055132548	-0.0052163489	-0.0037252374	-0.0042462788	-0.0053016643	-0.0060390255	-0.0053795574	-0.0058579016	-0.0040258212	-0.0047203291	-0.0047418138	-0.0049801738	-0.0058054384	-0.0043770466	-0.0056731105	-0.0059665928	-0.0053545249	-0.0046880968	-0.0058335103	-0.0058234648	-0.0063777759	-0.0064211479	0.5273911453	-0.0055818445	-0.0068032993	-0.0053839311	-0.0068052901	-0.0070336365	-0.0052229394	-0.0036993982	-0.0064019426	-0.0041464053	-0.0049092260	-0.0044534312	-0.0049612871	-0.0043861343	-0.0063586155	-0.0059489182	-0.0062770543	-0.0055515937	-0.0046462253	-0.0051521342	-0.0063168268	-0.0045313204	-0.0049285854	-0.0046171500	-0.0051642498	-0.0068645002	-0.0044239631	-0.0045087289	-0.0059801941	-0.0058098811	-0.0054990936	-0.0073364733	-0.0047678081	-0.0049265895	-0.0071547490	-0.0054150750	-0.0054324874	-0.0066211609	-0.0057258489	-0.0050207403	-0.0061818990	-0.0049640202	-0.0046388623	-0.0049149241	-0.0043839342	-0.0060142130	-0.0049637228	-0.0062641556	-0.0056853578	-0.0050210362	-0.0052046446	-0.0053384744	-0.0048845086	-0.0052970595	-0.0053963110	-0.0055644765	-0.0047981440	-0.0062643893	-0.0065311571	-0.0046851387	-0.0049390615	-0.0057801456	-0.0042962212	-0.0052436818	-0.0057613971	-0.0055976444	-0.0057332962	-0.0051498165	-0.0055661710	-0.0053947189	-0.0054488855	-0.0061988564
