0.5117061814	-0.0058507491	-0.0045495996	-0.0058678097	-0.0044768792	-0.0054694784	-0.0053767004	-0.0057763198	-0.0040855896	-0.0057021468	-0.0060269824	-0.0052171566	-0.0054880850	-0.0053118686	-0.0051048389	-0.0045999016	-0.0048944573	-0.0063189071	-0.0043410676	-0.0045200801	-0.0053463751	-0.0061721870	-0.0059026027	-0.0038041615	-0.0046242392	-0.0060977504	-0.0058147590	-0.0049406513	-0.0061748895	-0.0059819218	-0.0060417326	-0.0063368694	-0.0064638386	-0.0049949467	-0.0050113758	-0.0056085654	-0.0060639741	-0.0051193297	-0.0046780119	-0.0062065458	-0.0052250654	-0.0036344212	-0.0039715325	-0.0055752609	-0.0053046804	-0.0061254633	-0.0043029967	-0.0050133732	-0.0040897210	-0.0044335140	-0.0050992220	-0.0045895545	-0.0048545996	-0.0049647653	-0.0053299255	-0.0053415588	-0.0050236057	-0.0052821811	-0.0057046644	-0.0051625814	-0.0067963694	-0.0067549476	-0.0038697153	-0.0029014304	-0.0056702713	-0.0059177998	-0.0055344372	-0.0039550827	-0.0071287753	-0.0070104188	-0.0051564288	-0.0058269323	-0.0060332295	-0.0057866964	-0.0050938111	-0.0060159355	-0.0041844822	-0.0042831408	-0.0057078322	-0.0059476728	-0.0035729532	-0.0052290899	-0.0056020121	-0.0045714466	-0.0058632254	-0.0039177423	-0.0061525963	-0.0044623570	-0.0057154888	-0.0046352825	-0.0056589960	-0.0043986354	-0.0055651963	-0.0044773423	-0.0037247870	-0.0046297741	-0.0049857369	-0.0052006947	-0.0043753830
-0.0058507491	0.5387194015	-0.0068571701	-0.0063228653	-0.0071853425	-0.0065514769	-0.0046775068	-0.0054250265	-0.0048899292	-0.0048799742	-0.0061783135	-0.0063071582	-0.0059966766	-0.0062646449	-0.0061131613	-0.0046889923	-0.0054293816	-0.0055394254	-0.0060544100	-0.0055689981	-0.0050985705	-0.0062617447	-0.0047501475	-0.0046009001	-0.0063530045	-0.0054806588	-0.0073025044	-0.0056634396	-0.0042339053	-0.0052285391	-0.0051085371	-0.0048588602	-0.0053184591	-0.0058560551	-0.0042222976	-0.0052626631	-0.0043242397	-0.0043865061	-0.0055464976	-0.0053318110	-0.0049408574	-0.0048591174	-0.0064052586	-0.0038774421	-0.0049320922	-0.0051166271	-0.0056703172	-0.0060645485	-0.0055636722	-0.0057382952	-0.0064054864	-0.0044213188	-0.0066430102	-0.0058109755	-0.0069591044	-0.0048308162	-0.0061588053	-0.0062251842	-0.0066839291	-0.0058391662	-0.0047179982	-0.0070322791	-0.0046455751	-0.0053524185	-0.0047599215	-0.0045646318	-0.0068916348	-0.0041209076	-0.0051371194	-0.0040910841	-0.0041988659	-0.0051609062	-0.0049830557	-0.0038693065	-0.0060482967	-0.0066009133	-0.0055565265	-0.0056151714	-0.0069917066	-0.0040397355	-0.0049947926	-0.0058099803	-0.0051217572	-0.0034941018	-0.0060272489	-0.0042966207	-0.0058107789	-0.0044876799	-0.0057601739	-0.0058037479	-0.0065041540	-0.0071316496	-0.0046603605	-0.0062866291	-0.0066238910	-0.0059333442	-0.0068985174	-0.0054263235	-0.0041530282
-0.0045495996	-0.0068571701	0.5202138096	-0.0053133453	-0.0045761208	-0.0057269915	-0.0040712733	-0.0046361825	-0.0048999005	-0.0061025315	-0.0032873499	-0.0065053766	-0.0055753906	-0.0038940072	-0.0025442324	-0.0046129546	-0.0045937059	-0.0059393766	-0.0052544950	-0.0058501848	-0.0065963087	-0.0061579786	-0.0055579689	-0.0057723145	-0.0060370208	-0.0047009564	-0.0056473722	-0.0052573779	-0.0056053020	-0.0043288367	-0.0045125607	-0.0055768855	-0.0063708534	-0.0054988991	-0.0053968876	-0.0050246383	-0.0031438050	-0.0063872710	-0.0039330578	-0.0046048231	-0.0056491411	-0.0061198403	-0.0053875675	-0.0067763696	-0.0058903793	-0.0059489808	-0.0047420317	-0.0048531412	-0.0048994426	-0.0025525135	-0.0060996576	-0.0048006697	-0.0060546928	-0.0059619303	-0.0058254526	-0.0041230806	-0.0052428852	-0.0054295155	-0.0049477741	-0.0048091241	-0.0056830527	-0.0062668959	-0.0047775571	-0.0057435171	-0.0051137864	-0.0051937660	-0.0055965797	-0.0071859228	-0.0050912461	-0.0060540788	-0.0035114927	-0.0054578030	-0.0043854381	-0.0053841248	-0.0060614208	-0.0060159724	-0.0062410343	-0.0062499821	-0.0059597446	-0.0065934489	-0.0044000108	-0.0047896009	-0.0060334229	-0.0060665893	-0.0052688810	-0.0052000139	-0.0045426598	-0.0044265475	-0.0067450321	-0.0060369584	-0.0059187686	-0.0063891596	-0.0044312884	-0.0045344120	-0.0054166894	-0.0056051429	-0.0050489665	-0.0059008191	-0.0038764849
-0.0058678097	-0.0063228653	-0.0053133453	0.4669620174	-0.0045352072	-0.0051661941	-0.0071225849	-0.0046896554	-0.0040110629	-0.0050110425	-0.0043685237	-0.0041945799	-0.0049768272	-0.0047474693	-0.0056085057	-0.0047870311	-0.0041627519	-0.0051632186	-0.0047807461	-0.0069627464	-0.0046942046	-0.0063086538	0.0010395158	-0.0050817867	-0.0041586202	-0.0053495951	-0.0058255155	-0.0047600584	-0.0046185976	-0.0055030785	-0.0048889750	-0.0037027017	-0.0048953769	-0.0046337496	-0.0034802839	-0.0054594627	-0.0059402282	-0.0050553068	-0.0048949185	-0.0057455249	-0.0052458844	-0.0064100329	-0.0042547707	-0.0047984870	-0.0054737119	0.0043148812	-0.0047538526	-0.0046885993	-0.0039069805	-0.0052472695	-0.0026571954	-0.0046030522	-0.0045202956	-0.0058240274	-0.0056139640	-0.0040829844	-0.0049849320	-0.0060275747	-0.0042246028	-0.0027762942	-0.0042692946	-0.0060138055	-0.0039488282	-0.0044354012	-0.0048869817	-0.0066264166	-0.0042166635	-0.0048136400	-0.0035548995	-0.0050417901	-0.0046743276	-0.0069231178	-0.0037596760	-0.0050485975	-0.0044693067	-0.0058864328	-0.0055267962	-0.0050481408	-0.0047272970	-0.0050239563	-0.0030903549	-0.0054021683	-0.0059865531	-0.0059220777	-0.0041800932	-0.0055682237	-0.0049916535	-0.0049926953	-0.0058801037	-0.0048233481	-0.0049989298	-0.0043212025	-0.0035975063	-0.0045434465	-0.0045297530	-0.0051167804	-0.0044432305	-0.0040558053	-0.0040938026
-0.0044768792	-0.0071853425	-0.0045761208	-0.0045352072	0.4708285948	-0.0027569023	-0.0064630724	-0.0049562491	-0.0040059480	-0.0059448806	-0.0045024893	-0.0047815145	-0.0054510803	-0.0043378714	-0.0048106118	-0.0045849204	-0.0038691586	-0.0054651080	-0.0052409725	-0.0044761741	-0.0057664641	-0.0027774741	-0.0051927514	-0.0047975074	-0.0063109945	-0.0068698957	-0.0045976674	-0.0041817531	-0.0043044988	-0.0063392100	-0.0047434527	-0.0051312351	-0.0060238459	-0.0037488172	-0.0038760393	-0.0049053889	-0.0050954210	-0.0057781155	-0.0052156147	-0.0052795821	-0.0046308939	-0.0054133308	-0.0051438227	-0.0055405614	-0.0040948490	-0.0059742710	-0.0051253392	-0.0042775623	-0.0044595798	-0.0048457247	-0.0051751048	-0.0031468851	-0.0036084490	-0.0049032547	-0.0060434716	-0.0045293127	-0.0037503272	-0.0050784232	-0.0049297409	-0.0052914450	-0.0054008817	-0.0048369049	-0.0037780220	-0.0041742660	-0.0042786210	-0.0057857327	-0.0041974694	-0.0043919060	-0.0048124316	-0.0042427595	-0.0057133537	-0.0061484286	-0.0046423574	-0.0055584815	-0.0046761803	-0.0063425075	-0.0052818708	-0.0032329577	-0.0052793884	-0.0059581822	-0.0057637961	-0.0054529574	-0.0050873779	-0.0040753963	-0.0036590626	-0.0043323325	-0.0031799958	-0.0039966512	-0.0039087208	-0.0047379451	-0.0051115437	-0.0051189584	-0.0047754642	-0.0046993592	-0.0066698119	-0.0045110642	0.0017310415	-0.0053047399	-0.0041231754
-0.0054694784	-0.0065514769	-0.0057269915	-0.0051661941	-0.0027569023	0.5176992689	-0.0046628074	-0.0062886559	-0.0034287740	-0.0038034008	-0.0063478543	-0.0045589416	-0.0048913389	-0.0056239843	-0.0059742206	-0.0059808464	-0.0048004348	-0.0060369083	-0.0056502568	-0.0061149292	-0.0056195964	-0.0058167060	-0.0047649109	-0.0053934907	-0.0047895433	-0.0052041767	-0.0054559497	-0.0054344032	-0.0044606674	-0.0056978752	-0.0051901148	-0.0055743494	-0.0060259242	-0.0043793632	-0.0051258444	-0.0067913521	-0.0061273111	-0.0046801048	-0.0049380620	-0.0070838768	-0.0055784157	-0.0070196326	-0.0061037975	-0.0061923984	-0.0064202807	-0.0059786825	-0.0043720469	-0.0043729557	-0.0045533449	-0.0050601837	-0.0046073301	-0.0034907036	-0.0029201354	-0.0058146662	-0.0056943193	-0.0041545584	-0.0056658832	-0.0065296256	-0.0052736686	-0.0066636946	-0.0057441126	-0.0056292717	-0.0051089371	-0.0045701618	-0.0046876112	-0.0049278514	-0.0063436755	-0.0061131266	-0.0041517844	-0.0070603301	-0.0039048545	-0.0057870546	-0.0051031362	-0.0055690441	-0.0049619099	-0.0062964338	-0.0047932468	-0.0044990939	-0.0044585542	-0.0053161397	-0.0049064439	-0.0037764889	-0.0048319066	-0.0044216698	-0.0040254955	-0.0055685561	-0.0039749182	-0.0045991310	-0.0054486688	-0.0057237629	-0.0049372958	-0.0051755695	-0.0054651628	-0.0065827810	-0.0057037770	-0.0058502582	-0.0049592945	-0.0056556295	-0.0062117866
-0.0053767004	-0.0046775068	-0.0040712733	-0.0071225849	-0.0064630724	-0.0046628074	0.5086640899	-0.0055175601	-0.0037522487	-0.0046889426	-0.0056991354	-0.0062274114	-0.0052853789	-0.0051209193	-0.0066661576	-0.0042867966	-0.0062139047	-0.0051695559	-0.0067276485	-0.0044949794	-0.0054069253	-0.0055708683	-0.0045312984	-0.0055932576	-0.0050928614	-0.0059459149	-0.0051696507	-0.0052107475	-0.0040961625	-0.0044840796	-0.0043761030	-0.0053637656	-0.0043440829	-0.0047021248	-0.0056526891	-0.0032288343	-0.0058511670	-0.0050613922	-0.0050027009	-0.0058879686	-0.0045411956	-0.0052632299	-0.0067670361	-0.0060759440	-0.0053233326	-0.0051470695	-0.0051717115	-0.0044491679	-0.0042507069	-0.0041268112	-0.0045056352	-0.0052788325	-0.0041689772	-0.0053532920	-0.0066597147	-0.0058947102	-0.0028984235	-0.0052441996	-0.0049101689	-0.0053493788	-0.0058326760	-0.0053504439	-0.0057448279	-0.0042940398	-0.0047974686	-0.0051962911	-0.0043642876	-0.0056617870	-0.0060613970	-0.0060883701	-0.0048605142	-0.0044908311	-0.0049937381	-0.0051300744	-0.0061286490	-0.0053238280	-0.0040205394	-0.0043634717	-0.0053326382	-0.0045441886	-0.0044986276	-0.0069876774	-0.0043709129	-0.0064099729	-0.0050004906	-0.0040319405	-0.0069336262	-0.0052798119	-0.0055912455	-0.0060740431	-0.0041181123	-0.0040837447	-0.0039935084	-0.0050868027	-0.0058510043	-0.0053854277	-0.0062936204	-0.0056293412	-0.0062874018
-0.0057763198	-0.0054250265	-0.0046361825	-0.0046896554	-0.0049562491	-0.0062886559	-0.0055175601	0.4707272909	-0.0030847081	-0.0034548306	-0.0055352366	-0.0051795395	-0.0061118506	-0.0036034018	-0.0051626722	-0.0042588853	-0.0041185227	-0.0071232204	-0.0045563390	-0.0043615436	-0.0057301901	-0.0041733140	-0.0043662366	-0.0038464996	-0.0050534594	-0.0041052520	-0.0049836829	-0.0040169302	-0.0048440528	-0.0056747146	-0.0047415994	-0.0058041925	-0.0054246248	-0.0049169553	-0.0049791629	-0.0055501680	-0.0045609117	-0.0054599928	-0.0042539796	-0.0033600963	-0.0043397223	0.0015372771	-0.0044716001	-0.0061932955	-0.0035576465	-0.0056301545	-0.0051110452	-0.0050554451	-0.0047427694	-0.0037846078	-0.0058016666	-0.0059907573	-0.0064036355	-0.0043626285	-0.0051485558	-0.0046358345	-0.0011276450	-0.0049585957	-0.0054845490	-0.0037100075	-0.0046772713	-0.0058301703	-0.0036290861	-0.0036207388	-0.0073943187	-0.0064036731	-0.0057514095	-0.0054454684	-0.0039671042	-0.0060336547	-0.0032742666	-0.0040232756	-0.0043843723	-0.0049165967	-0.0056930980	-0.0060574469	-0.0043910759	-0.0047179198	-0.0045523099	-0.0052462516	-0.0056574052	-0.0048892426	-0.0035308079	-0.0052836149	-0.0038185125	-0.0055988570	-0.0050491036	-0.0059048632	-0.0042240694	-0.0039421571	-0.0052118868	-0.0039466293	-0.0055187246	-0.0053242371	-0.0046664759	-0.0047982265	-0.0036497308	-0.0061391853	-0.0049047534
-0.0040855896	-0.0048899292	-0.0048999005	-0.0040110629	-0.0040059480	-0.0034287740	-0.0037522487	-0.0030847081	0.4470647100	-0.0046727083	-0.0048583774	-0.0062149165	-0.0043099256	-0.0038559499	-0.0039947772	-0.0022205382	-0.0054357706	-0.0056419271	-0.0035665315	-0.0046116003	-0.0066777433	-0.0059147989	-0.0037244076	-0.0054640319	-0.0040952779	-0.0038199390	-0.0048476765	-0.0045670111	-0.0044972180	-0.0038403952	-0.0051084559	-0.0043856280	-0.0048513235	-0.0041111687	-0.0038573959	-0.0048406145	-0.0049357064	-0.0028523916	-0.0060268960	-0.0057080916	-0.0043039591	-0.0055185917	-0.0043350376	-0.0051620770	-0.0036986197	-0.0065027031	-0.0046207027	-0.0037472251	-0.0035788102	-0.0061010355	-0.0048246838	-0.0042301581	-0.0053238257	-0.0036772253	-0.0051600752	-0.0036543838	-0.0046263414	-0.0042133095	-0.0061546632	-0.0043643355	-0.0043923927	-0.0059863913	-0.0032121796	-0.0032264595	-0.0038281039	-0.0039731137	-0.0044349192	-0.0039137904	-0.0047668421	-0.0058582878	-0.0031382002	-0.0025606444	-0.0032000897	-0.0057685276	-0.0065088515	-0.0042782104	-0.0046018045	-0.0051855556	-0.0056516295	-0.0062241385	-0.0043786522	-0.0052699422	-0.0048080979	-0.0044223162	-0.0049781441	-0.0054064748	-0.0041988747	-0.0042934247	-0.0038529081	-0.0049334675	-0.0033791111	-0.0057384683	-0.0053544423	-0.0063256271	-0.0030607571	-0.0034422346	-0.0037128914	-0.0049356725	-0.0043979534
-0.0057021468	-0.0048799742	-0.0061025315	-0.0050110425	-0.0059448806	-0.0038034008	-0.0046889426	-0.0034548306	-0.0046727083	0.4707617110	-0.0058494981	-0.0038068776	-0.0052850801	-0.0022913928	-0.0038108315	-0.0037046657	-0.0037266208	-0.0048501794	-0.0046502582	-0.0031061992	-0.0054580934	-0.0056677636	-0.0055083171	-0.0051279897	-0.0027672254	-0.0056238407	-0.0059064202	-0.0050451176	-0.0039472604	-0.0039399143	-0.0061236986	-0.0046723647	-0.0072510693	-0.0047350833	-0.0056237177	-0.0042178018	-0.0046986485	-0.0054922211	-0.0037759613	-0.0051109645	-0.0043471615	-0.0040215879	-0.0035806983	-0.0057424007	-0.0034713212	-0.0053180634	-0.0033361316	-0.0051595109	-0.0034883148	-0.0047718371	-0.0057908716	-0.0052043785	-0.0058922646	-0.0048200597	-0.0060321565	-0.0055206127	-0.0044591563	-0.0049278648	-0.0041772435	-0.0041085458	-0.0051587382	-0.0043711973	-0.0040939803	-0.0058864894	-0.0051438914	-0.0066550858	-0.0051706460	-0.0043964514	-0.0042847217	-0.0041255241	-0.0037283166	-0.0067349483	-0.0058367460	-0.0043980374	-0.0038984588	-0.0055144572	-0.0051915661	-0.0042432129	-0.0042289720	-0.0053714697	-0.0034508190	-0.0052867317	-0.0041975911	-0.0058873604	-0.0033999807	-0.0043501484	-0.0062013525	-0.0032042485	-0.0052069970	-0.0040919614	-0.0059115564	-0.0053985016	-0.0061955767	-0.0039466970	-0.0046633491	-0.0052752005	-0.0057695125	-0.0056479324	-0.0040375671
-0.0060269824	-0.0061783135	-0.0032873499	-0.0043685237	-0.0045024893	-0.0063478543	-0.0056991354	-0.0055352366	-0.0048583774	-0.0058494981	0.5212479255	-0.0046346900	-0.0036708742	-0.0053956149	-0.0066669277	-0.0046764739	-0.0065821008	-0.0051832302	-0.0059982347	-0.0056937910	-0.0060041551	-0.0056342950	-0.0051639288	-0.0036342629	-0.0029352740	-0.0069321951	-0.0047769570	-0.0061893547	-0.0042441893	-0.0050897846	-0.0039974817	-0.0057540688	-0.0052080481	-0.0058042428	-0.0059672090	-0.0059579481	-0.0058897091	-0.0035086412	-0.0059948219	-0.0070893128	-0.0043218460	-0.0049014156	-0.0061065217	-0.0062173558	-0.0051326910	-0.0053738166	-0.0056385383	-0.0061038649	-0.0032567890	-0.0041899547	-0.0057730612	-0.0034017494	-0.0057470212	-0.0067729155	-0.0066573060	-0.0058246397	-0.0047397330	-0.0057516562	-0.0067542686	-0.0051871550	-0.0051470106	-0.0070448148	-0.0058310619	-0.0068457936	-0.0056398807	-0.0056466246	-0.0048309297	-0.0053415878	-0.0049879997	-0.0051487392	-0.0023016943	-0.0060154779	-0.0046559170	-0.0057721099	-0.0053123642	-0.0062159511	-0.0044406537	-0.0052327829	-0.0045029257	-0.0039593835	-0.0059412118	-0.0058875622	-0.0050044932	-0.0054655088	-0.0037876517	-0.0040973194	-0.0053014089	-0.0063113180	-0.0065490911	-0.0037061327	-0.0046368363	-0.0045727691	-0.0047272128	-0.0061112132	-0.0053581351	-0.0062450429	-0.0051080998	-0.0067280859	-0.0060512524
-0.0052171566	-0.0063071582	-0.0065053766	-0.0041945799	-0.0047815145	-0.0045589416	-0.0062274114	-0.0051795395	-0.0062149165	-0.0038068776	-0.0046346900	0.4802183954	-0.0039674134	-0.0023572081	-0.0063310785	-0.0040069669	-0.0032698587	-0.0053733762	-0.0044512242	-0.0044916616	-0.0045942312	-0.0052376632	-0.0050187095	-0.0039720052	-0.0049364961	-0.0052931537	-0.0048292068	-0.0053846738	-0.0050472435	-0.0050102478	-0.0046263265	-0.0050167471	-0.0037874388	-0.0050825650	-0.0046267735	-0.0060766299	-0.0048960348	-0.0052950793	-0.0027804221	-0.0062365639	-0.0039989661	-0.0057189892	-0.0063936098	-0.0052444343	-0.0044874054	-0.0042280419	-0.0047850692	-0.0051299732	-0.0045075296	-0.0042613165	-0.0058649011	-0.0052375309	-0.0047924414	-0.0064182258	-0.0059675279	-0.0043293167	-0.0059480546	-0.0060783967	-0.0048691723	-0.0034559778	-0.0065794780	-0.0053810163	-0.0031110279	-0.0042255351	-0.0045551987	-0.0049954002	-0.0047609567	-0.0042780594	-0.0053790952	-0.0046923055	-0.0042941879	-0.0053320032	-0.0048371228	-0.0056423675	-0.0044962049	-0.0048954405	-0.0036021999	-0.0037784316	-0.0053637278	-0.0052019299	-0.0051440052	-0.0045527413	-0.0056924736	-0.0036695981	-0.0054896062	-0.0053593567	-0.0040838897	-0.0045459782	-0.0052521393	-0.0042490106	-0.0055499980	-0.0042448815	-0.0039851928	-0.0044425427	-0.0053039268	-0.0048803471	-0.0059266975	-0.0052585715	-0.0058437076
-0.0054880850	-0.0059966766	-0.0055753906	-0.0049768272	-0.0054510803	-0.0048913389	-0.0052853789	-0.0061118506	-0.0043099256	-0.0052850801	-0.0036708742	-0.0039674134	0.5130047389	-0.0041863955	-0.0055424983	-0.0041549483	-0.0056278980	-0.0054601371	-0.0057603605	-0.0058946046	-0.0054047537	-0.0065534617	-0.0047553975	-0.0050905483	-0.0047358176	-0.0051541797	-0.0039531376	-0.0058129992	-0.0055261471	-0.0063944222	-0.0046224124	-0.0048881277	-0.0039357798	-0.0050126247	-0.0059050448	-0.0046582153	-0.0052752480	-0.0056225080	-0.0033528899	-0.0056612711	-0.0055506170	-0.0062688457	-0.0056671299	-0.0062886392	-0.0043523813	-0.0055458532	-0.0059214136	-0.0051739431	-0.0043636203	-0.0045540038	-0.0054057059	-0.0057268343	-0.0051788912	-0.0063845662	-0.0059770111	-0.0058643684	-0.0054280871	-0.0066179334	-0.0050104323	-0.0053119417	-0.0044474917	-0.0065889604	-0.0051106130	-0.0044411029	-0.0047991399	-0.0037511079	-0.0053739778	-0.0047846264	-0.0051572998	-0.0047381289	-0.0042497999	-0.0042822346	-0.0056353652	-0.0060949173	-0.0060569724	-0.0065518404	-0.0042362297	-0.0052575917	-0.0050961786	-0.0052061321	-0.0057586470	-0.0044841612	-0.0050227467	-0.0068419644	-0.0046797877	-0.0052489864	-0.0056372166	-0.0042447220	-0.0050149596	-0.0056012679	-0.0061289320	-0.0046996121	-0.0041655774	-0.0044689351	-0.0063982884	-0.0053260506	-0.0042240318	-0.0052557937	-0.0073993789
-0.0053118686	-0.0062646449	-0.0038940072	-0.0047474693	-0.0043378714	-0.0056239843	-0.0051209193	-0.0036034018	-0.0038559499	-0.0022913928	-0.0053956149	-0.0023572081	-0.0041863955	0.4595352621	-0.0045501131	-0.0040744577	-0.0033557573	-0.0049401340	-0.0041013157	-0.0054565368	-0.0059748758	-0.0074087176	-0.0041297912	-0.0049244043	-0.0047681654	-0.0050733313	-0.0051350305	-0.0038092726	-0.0049245193	-0.0051733983	-0.0050997027	-0.0032602992	-0.0051760374	-0.0058579747	-0.0037616405	-0.0035703891	-0.0050319712	-0.0058541896	-0.0047556829	-0.0053806630	-0.0047548569	-0.0041998935	-0.0056439773	-0.0057917690	-0.0043163914	-0.0054033008	-0.0035793869	-0.0050428330	-0.0042733670	-0.0045296623	-0.0051249908	-0.0049165161	-0.0046408580	-0.0041602008	-0.0063774731	-0.0051229800	-0.0060029775	-0.0050728532	-0.0058153003	-0.0048634494	-0.0024120530	-0.0047690653	-0.0045427774	-0.0040456332	-0.0053622043	-0.0035406353	-0.0045762820	-0.0051594466	-0.0031134566	-0.0042865719	-0.0040186246	-0.0067333244	-0.0051275975	-0.0024420201	-0.0041715287	-0.0046513717	-0.0044807791	-0.0040085287	-0.0048086801	-0.0056032302	-0.0040109748	-0.0040937761	-0.0044542266	-0.0047088558	-0.0041700278	-0.0057365247	-0.0033095634	-0.0046227011	-0.0047779313	-0.0053835559	-0.0053431798	-0.0056814268	-0.0054558730	-0.0058073461	-0.0029973805	-0.0051088180	-0.0047243279	-0.0055993461	-0.0035234790
-0.0051048389	-0.0061131613	-0.0025442324	-0.0056085057	-0.0048106118	-0.0059742206	-0.0066661576	-0.0051626722	-0.0039947772	-0.0038108315	-0.0066669277	-0.0063310785	-0.0055424983	-0.0045501131	0.5048155605	-0.0052457432	-0.0044803705	-0.0067686958	-0.0040375125	-0.0051757644	-0.0047739027	-0.0047392156	-0.0045492336	-0.0042823837	-0.0050195398	-0.0052643515	-0.0041848277	-0.0048447748	-0.0060498792	-0.0035790306	-0.0060241524	-0.0056254539	-0.0049251663	-0.0048818573	-0.0043975042	-0.0055733692	-0.0054060586	-0.0060904073	-0.0048114611	-0.0052564233	-0.0044409502	-0.0042096530	-0.0054482565	-0.0066303956	-0.0038328477	-0.0046940575	-0.0035297170	-0.0054618992	-0.0042972913	-0.0061392145	-0.0054393895	-0.0044153200	-0.0060065470	-0.0058443489	-0.0056424377	-0.0055732755	-0.0049699987	-0.0059062817	-0.0056736887	-0.0048806780	-0.0057956975	-0.0048494772	-0.0038285100	-0.0058486352	-0.0062562888	-0.0045231753	-0.0041692919	-0.0056771988	-0.0061894163	-0.0054201367	-0.0045579735	-0.0065033610	-0.0050885373	-0.0045632647	-0.0047230512	-0.0067916373	-0.0051482659	-0.0055123430	-0.0042267498	-0.0061676648	-0.0049869212	-0.0040778782	-0.0047008032	-0.0059437041	-0.0036989730	-0.0066487098	-0.0048538803	-0.0053121901	-0.0044056006	-0.0052512726	-0.0044723694	-0.0064824812	-0.0049961661	-0.0066648558	-0.0051390820	-0.0061258254	-0.0042199646	-0.0049094192	-0.0041808334
-0.0045999016	-0.0046889923	-0.0046129546	-0.0047870311	-0.0045849204	-0.0059808464	-0.0042867966	-0.0042588853	-0.0022205382	-0.0037046657	-0.0046764739	-0.0040069669	-0.0041549483	-0.0040744577	-0.0052457432	0.4121044964	-0.0032680946	-0.0042488150	-0.0045455931	-0.0035628420	-0.0034718428	-0.0042314138	-0.0039471092	-0.0040310873	-0.0029027255	-0.0033256749	-0.0038594466	-0.0044111247	-0.0053452840	-0.0051560819	-0.0061174691	-0.0040628741	-0.0047305320	-0.0039585847	-0.0040266297	-0.0045824927	-0.0055989041	-0.0043201756	-0.0034935891	-0.0051286463	-0.0049603739	-0.0046088009	-0.0039365795	-0.0042162951	-0.0044824816	-0.0033126355	-0.0024071920	-0.0054308128	-0.0029985588	-0.0034294211	-0.0051259848	-0.0057479637	-0.0044141077	-0.0054411628	-0.0034366988	-0.0038934625	-0.0047524039	-0.0037133222	-0.0048069471	-0.0020422589	-0.0049817080	-0.0039219655	-0.0057178398	-0.0031334948	-0.0044499282	-0.0028197285	-0.0051377361	-0.0045724764	-0.0031155973	-0.0049945497	-0.0049417221	-0.0036653950	-0.0049660486	-0.0035151039	-0.0051249146	-0.0045149210	-0.0055308372	-0.0033505984	-0.0043879037	-0.0031439673	-0.0027353091	-0.0036907430	-0.0034332398	-0.0029131569	-0.0061943335	-0.0039053846	-0.0042327587	-0.0031854556	-0.0031870472	-0.0053997417	-0.0042108276	-0.0040122030	-0.0030205614	-0.0057402177	-0.0047869072	-0.0036606110	-0.0024690159	-0.0041578804	-0.0038140468
-0.0048944573	-0.0054293816	-0.0045937059	-0.0041627519	-0.0038691586	-0.0048004348	-0.0062139047	-0.0041185227	-0.0054357706	-0.0037266208	-0.0065821008	-0.0032698587	-0.0056278980	-0.0033557573	-0.0044803705	-0.0032680946	0.4747268239	-0.0053178963	-0.0058535705	-0.0041099607	-0.0063181077	-0.0054077099	-0.0041288409	-0.0026433861	-0.0043092966	-0.0047375532	-0.0042728831	-0.0046584702	-0.0059260554	-0.0045170799	-0.0047731109	-0.0040532879	-0.0060947613	-0.0053057675	-0.0042027717	-0.0046295841	-0.0051253439	-0.0038627950	-0.0058332028	-0.0057912243	-0.0055166783	-0.0057054316	-0.0050393137	-0.0044781801	-0.0048147736	-0.0059978968	-0.0029016197	-0.0049919152	-0.0024648789	-0.0053812871	-0.0069923648	-0.0034267479	-0.0047839174	-0.0046301123	-0.0056255802	-0.0052693885	-0.0052787545	-0.0037039293	-0.0034040256	-0.0056223793	-0.0047408859	-0.0042882913	-0.0039839798	-0.0053650647	-0.0044522040	-0.0041117025	-0.0046448470	-0.0052120961	-0.0048487513	-0.0035813011	-0.0043231705	-0.0049889198	-0.0051537620	-0.0061357693	-0.0050772132	-0.0052485413	-0.0043956694	-0.0051338832	-0.0063286964	-0.0052045520	-0.0062911917	-0.0049698089	-0.0071584833	-0.0048563772	-0.0045580831	-0.0058959687	-0.0051321431	-0.0041304509	-0.0031705645	-0.0050988309	-0.0069821222	-0.0048428656	-0.0055473288	-0.0045047894	-0.0038217401	-0.0045917703	-0.0053518881	-0.0050302238	-0.0038422693
-0.0063189071	-0.0055394254	-0.0059393766	-0.0051632186	-0.0054651080	-0.0060369083	-0.0051695559	-0.0071232204	-0.0056419271	-0.0048501794	-0.0051832302	-0.0053733762	-0.0054601371	-0.0049401340	-0.0067686958	-0.0042488150	-0.0053178963	0.5364538035	-0.0038246627	-0.0059296669	-0.0061778624	-0.0064997461	-0.0051183588	-0.0050983607	-0.0059539751	-0.0056662484	-0.0063576048	-0.0058152883	-0.0050080414	-0.0067071770	-0.0055944756	-0.0052101482	-0.0069486378	-0.0046921354	-0.0065481733	-0.0052592214	-0.0059811029	-0.0059749545	-0.0047105466	-0.0061868782	-0.0060395527	-0.0054528388	-0.0054081510	-0.0068306303	-0.0053213196	-0.0040951765	-0.0052232446	-0.0055331606	-0.0054542547	-0.0039902202	-0.0049512686	-0.0053137784	-0.0053988354	-0.0065536659	-0.0042642808	-0.0039929902	-0.0057335573	-0.0064577466	-0.0051075345	-0.0056772431	-0.0060311675	-0.0052480714	-0.0049614153	-0.0049711105	-0.0043908614	-0.0050566681	-0.0065859318	-0.0047983544	-0.0057799723	-0.0051864475	-0.0043696246	-0.0063089481	-0.0050300257	-0.0060450712	-0.0051680127	-0.0045977782	-0.0061112187	-0.0055755931	-0.0056948351	-0.0048193605	-0.0045323458	-0.0062823006	-0.0050288639	-0.0048648573	-0.0058380276	-0.0043696362	-0.0048734860	-0.0068325209	-0.0052000668	-0.0066854193	-0.0057580371	-0.0058151456	-0.0045072427	-0.0065368414	-0.0057370701	-0.0044090005	-0.0047298271	-0.0055150920	-0.0056047271
-0.0043410676	-0.0060544100	-0.0052544950	-0.0047807461	-0.0052409725	-0.0056502568	-0.0067276485	-0.0045563390	-0.0035665315	-0.0046502582	-0.0059982347	-0.0044512242	-0.0057603605	-0.0041013157	-0.0040375125	-0.0045455931	-0.0058535705	-0.0038246627	0.4986931995	-0.0061778493	-0.0056014004	-0.0049214156	-0.0053010576	-0.0039495614	-0.0055131948	-0.0053738272	-0.0041142332	-0.0043670589	-0.0048379174	-0.0055587486	-0.0058675452	-0.0050430787	-0.0062829923	-0.0058826480	-0.0033576089	-0.0040987984	-0.0060772002	-0.0036854643	-0.0042688123	-0.0057269812	-0.0051096945	-0.0052839439	-0.0048750565	-0.0060025277	-0.0070282164	-0.0046867548	-0.0047254588	-0.0035599696	-0.0054524943	-0.0052003259	-0.0054326867	-0.0060259364	-0.0034649454	-0.0060588897	-0.0044887714	-0.0055057544	-0.0052897930	-0.0060578896	-0.0056078073	-0.0037552901	-0.0052005677	-0.0045961206	-0.0040633128	-0.0045942094	-0.0045967239	-0.0067826889	-0.0045358318	-0.0041151429	-0.0047856507	-0.0037906135	-0.0049319374	-0.0072602538	-0.0057201760	-0.0053396823	-0.0050184203	-0.0058763029	-0.0054370285	-0.0058837878	-0.0045797037	-0.0033847410	-0.0051127114	-0.0055732899	-0.0049825285	-0.0063002063	-0.0040000289	-0.0069919183	-0.0042442773	-0.0048007694	-0.0059573709	-0.0044189307	-0.0050736117	-0.0060165858	-0.0051519283	-0.0035708317	-0.0060556010	-0.0058289632	-0.0043100862	-0.0051927846	-0.0056030802
-0.0045200801	-0.0055689981	-0.0058501848	-0.0069627464	-0.0044761741	-0.0061149292	-0.0044949794	-0.0043615436	-0.0046116003	-0.0031061992	-0.0056937910	-0.0044916616	-0.0058946046	-0.0054565368	-0.0051757644	-0.0035628420	-0.0041099607	-0.0059296669	-0.0061778493	0.4946233265	-0.0051166828	-0.0047268425	-0.0037865763	-0.0044422291	-0.0048895975	-0.0050189754	-0.0051600860	-0.0058656572	-0.0056906591	-0.0044410397	-0.0035672099	-0.0057693676	-0.0025881575	-0.0052842625	-0.0043257842	-0.0040568799	-0.0041868188	-0.0055634863	-0.0045941979	-0.0065317552	-0.0029838587	-0.0042901367	-0.0040783148	-0.0070785611	-0.0059377153	-0.0058002681	-0.0041586412	-0.0050616261	-0.0044716841	-0.0033037702	-0.0048805507	-0.0048611057	-0.0055641389	-0.0056964945	-0.0053815270	-0.0052114239	-0.0050217718	-0.0060932057	-0.0054998065	-0.0032684278	-0.0057343569	-0.0046679102	-0.0049886498	-0.0053099584	-0.0051688280	-0.0055827479	-0.0062243263	-0.0063762405	-0.0057354520	-0.0044142271	-0.0053514280	-0.0052017125	-0.0056679868	-0.0068446377	-0.0042850149	-0.0053335910	-0.0063095980	-0.0052219938	-0.0054972827	-0.0061390899	-0.0041915197	-0.0044904192	-0.0057875206	-0.0066174885	-0.0051767014	-0.0036362339	-0.0060532831	-0.0054297205	-0.0058856323	-0.0037042978	-0.0061849456	-0.0051281693	-0.0054018695	-0.0058309373	-0.0035109781	-0.0052221853	-0.0042354056	-0.0038445072	-0.0034270725
-0.0053463751	-0.0050985705	-0.0065963087	-0.0046942046	-0.0057664641	-0.0056195964	-0.0054069253	-0.0057301901	-0.0066777433	-0.0054580934	-0.0060041551	-0.0045942312	-0.0054047537	-0.0059748758	-0.0047739027	-0.0034718428	-0.0063181077	-0.0061778624	-0.0056014004	-0.0051166828	0.5128935957	-0.0034549335	-0.0052954262	-0.0055848605	-0.0053591519	-0.0051137821	-0.0049064885	-0.0062141877	-0.0046073065	-0.0048397554	-0.0056293756	-0.0064228675	-0.0062195998	-0.0051680395	-0.0057973422	-0.0042506160	-0.0051518751	-0.0055886310	-0.0035061615	-0.0051140636	-0.0067156026	-0.0055058595	-0.0059587921	-0.0042696880	-0.0046940920	-0.0056280213	-0.0058468730	-0.0047483819	-0.0041832328	-0.0059138133	-0.0043959469	-0.0053339479	-0.0062936072	-0.0044209671	-0.0058810761	-0.0038369780	-0.0040579187	-0.0055764562	-0.0051214307	-0.0052774991	-0.0053324053	-0.0060034329	-0.0066769004	-0.0046168418	-0.0058067467	-0.0053301606	-0.0070533139	-0.0048631997	-0.0043269663	-0.0042150149	-0.0041221308	-0.0041724839	-0.0052897980	-0.0051005862	-0.0035671400	-0.0064121491	-0.0057503456	-0.0043668221	-0.0056114760	-0.0052763287	-0.0052002926	-0.0052823798	-0.0055303185	-0.0042253757	-0.0047582844	-0.0054862717	-0.0056765510	-0.0047478326	-0.0050229285	-0.0056225483	-0.0060712655	-0.0044092736	-0.0058543810	-0.0041341634	-0.0032968230	-0.0052411624	-0.0060986459	-0.0050691025	-0.0055548181
-0.0061721870	-0.0062617447	-0.0061579786	-0.0063086538	-0.0027774741	-0.0058167060	-0.0055708683	-0.0041733140	-0.0059147989	-0.0056677636	-0.0056342950	-0.0052376632	-0.0065534617	-0.0074087176	-0.0047392156	-0.0042314138	-0.0054077099	-0.0064997461	-0.0049214156	-0.0047268425	-0.0034549335	0.5139825808	-0.0048670809	-0.0057631276	-0.0061196082	-0.0065219817	-0.0068878389	-0.0055399255	-0.0055128491	-0.0065803378	-0.0067608840	-0.0047476263	-0.0057621581	-0.0048156350	-0.0059166976	-0.0050924714	-0.0051073684	-0.0057538382	-0.0041884000	-0.0055952326	-0.0063821226	-0.0050603461	-0.0050972884	-0.0057699205	-0.0062804302	-0.0067267361	-0.0063787671	-0.0059127702	-0.0034738437	-0.0056526514	-0.0041759075	-0.0041936117	-0.0052969762	-0.0046169769	-0.0042982455	-0.0059855443	-0.0062335766	-0.0062294024	-0.0062016198	-0.0066003446	-0.0047692186	-0.0062917527	-0.0031806526	-0.0063225105	-0.0048911519	-0.0062304105	-0.0027293520	-0.0048891803	-0.0056247238	-0.0048527034	-0.0048136019	-0.0056379215	-0.0063858597	-0.0050819998	-0.0043287305	-0.0049201647	-0.0040414773	-0.0042152796	-0.0049686983	-0.0038920956	-0.0028908153	-0.0032800005	-0.0047185894	-0.0042389327	-0.0049538649	-0.0041234584	-0.0047385355	-0.0060220755	-0.0050196892	-0.0051588297	-0.0062004252	-0.0037399128	-0.0044069843	-0.0055137468	-0.0052869537	-0.0045922262	-0.0052486917	-0.0050210025	-0.0050233143
-0.0059026027	-0.0047501475	-0.0055579689	0.0010395158	-0.0051927514	-0.0047649109	-0.0045312984	-0.0043662366	-0.0037244076	-0.0055083171	-0.0051639288	-0.0050187095	-0.0047553975	-0.0041297912	-0.0045492336	-0.0039471092	-0.0041288409	-0.0051183588	-0.0053010576	-0.0037865763	-0.0052954262	-0.0048670809	0.4739753529	-0.0040821179	-0.0045068086	-0.0055466742	-0.0055610239	-0.0050237612	-0.0038781560	-0.0042480282	-0.0019935648	-0.0053114816	-0.0052613632	-0.0041799061	-0.0049819922	-0.0053156864	-0.0065842045	-0.0053314268	-0.0035843993	-0.0058251476	-0.0061821702	-0.0068585651	-0.0059435738	-0.0049767629	-0.0048177850	-0.0017270000	-0.0044504528	-0.0055177298	-0.0040246309	-0.0050777881	-0.0052628408	-0.0034538405	-0.0048908896	-0.0046594687	-0.0050945999	-0.0035067879	-0.0057688521	-0.0042089633	-0.0048727632	-0.0043081459	-0.0042286999	-0.0051954923	-0.0036826322	-0.0050115009	-0.0052214678	-0.0044274650	-0.0052910849	-0.0070427602	-0.0043173813	-0.0044535860	-0.0050994142	-0.0054689499	-0.0038164446	-0.0058727259	-0.0039299872	-0.0059121284	-0.0052736576	-0.0047621386	-0.0041947879	-0.0059357245	-0.0052084124	-0.0040887785	-0.0041109431	-0.0052803696	-0.0049434375	-0.0030919936	-0.0038654223	-0.0054437009	-0.0056224518	-0.0040697388	-0.0054250777	-0.0063154589	-0.0045706305	-0.0059799018	-0.0057117935	-0.0051439076	-0.0060435205	-0.0061425656	-0.0076392302
-0.0038041615	-0.0046009001	-0.0057723145	-0.0050817867	-0.0047975074	-0.0053934907	-0.0055932576	-0.0038464996	-0.0054640319	-0.0051279897	-0.0036342629	-0.0039720052	-0.0050905483	-0.0049244043	-0.0042823837	-0.0040310873	-0.0026433861	-0.0050983607	-0.0039495614	-0.0044422291	-0.0055848605	-0.0057631276	-0.0040821179	0.4715618480	-0.0068476961	-0.0062142543	-0.0043883678	-0.0058544400	-0.0055643428	-0.0064065415	-0.0062977495	-0.0049357509	-0.0052786707	-0.0048650356	-0.0050915398	-0.0056682952	-0.0047686812	-0.0050542152	-0.0026319462	-0.0049024315	-0.0044929747	-0.0060438606	-0.0058933275	-0.0054796924	-0.0050262088	-0.0057058582	-0.0043210685	-0.0023186940	-0.0043930723	-0.0039162978	-0.0042932478	-0.0051929027	-0.0035118178	-0.0044497424	-0.0042719140	-0.0031984633	-0.0038082233	-0.0057880439	-0.0058856058	-0.0048423782	-0.0045805621	-0.0039991243	-0.0052588835	-0.0047295984	-0.0053619135	-0.0056989919	-0.0061177182	-0.0045298824	-0.0040535371	-0.0038883346	-0.0042506753	-0.0040068988	-0.0056471118	-0.0052084381	-0.0055561599	-0.0056001411	-0.0042725379	-0.0042177063	-0.0030616471	-0.0034100350	-0.0030789338	-0.0052693020	-0.0055394828	-0.0055533705	-0.0044171794	-0.0047807621	-0.0046446359	-0.0042242164	-0.0039688594	-0.0041522666	-0.0062333972	-0.0048728634	-0.0049895493	-0.0054757308	-0.0049288531	-0.0049345400	-0.0048828558	-0.0062857340	-0.0052957913
-0.0046242392	-0.0063530045	-0.0060370208	-0.0041586202	-0.0063109945	-0.0047895433	-0.0050928614	-0.0050534594	-0.0040952779	-0.0027672254	-0.0029352740	-0.0049364961	-0.0047358176	-0.0047681654	-0.0050195398	-0.0029027255	-0.0043092966	-0.0059539751	-0.0055131948	-0.0048895975	-0.0053591519	-0.0061196082	-0.0045068086	-0.0068476961	0.4956929582	-0.0063263323	-0.0048859527	-0.0056113044	-0.0047340821	-0.0036583838	-0.0051411115	-0.0056095178	-0.0042894117	-0.0057392604	-0.0054813600	-0.0055084705	-0.0047512287	-0.0059231940	-0.0055914126	-0.0061894372	-0.0040056259	-0.0061561359	-0.0043861626	-0.0047820114	-0.0030152798	-0.0055722379	-0.0051071374	-0.0050753317	-0.0044838933	-0.0045716592	-0.0050685925	-0.0053703323	-0.0060885665	-0.0056097189	-0.0067114691	-0.0051223449	-0.0055756443	-0.0045912883	-0.0060511990	-0.0060106577	-0.0055352401	-0.0074257081	-0.0043273402	-0.0022084753	-0.0049553873	-0.0064120184	-0.0054496327	-0.0045801236	-0.0036021530	-0.0040605640	-0.0047625502	-0.0040991760	-0.0041467640	-0.0056069177	-0.0040931171	-0.0051730456	-0.0045959128	-0.0051558750	-0.0060377858	-0.0055553503	-0.0049552077	-0.0054199092	-0.0058410032	-0.0047635730	-0.0048738148	-0.0047113102	-0.0048614364	-0.0051431609	-0.0057025854	-0.0054561712	-0.0053992705	-0.0051997911	-0.0047299659	-0.0055638565	-0.0041843529	-0.0066335088	-0.0041886094	-0.0033588359	-0.0060481159
-0.0060977504	-0.0054806588	-0.0047009564	-0.0053495951	-0.0068698957	-0.0052041767	-0.0059459149	-0.0041052520	-0.0038199390	-0.0056238407	-0.0069321951	-0.0052931537	-0.0051541797	-0.0050733313	-0.0052643515	-0.0033256749	-0.0047375532	-0.0056662484	-0.0053738272	-0.0050189754	-0.0051137821	-0.0065219817	-0.0055466742	-0.0062142543	-0.0063263323	0.5156044248	-0.0061226153	-0.0062620920	-0.0048655249	-0.0045460904	-0.0037257381	-0.0052195083	-0.0054987388	-0.0056615168	-0.0048922998	-0.0060893727	-0.0048865310	-0.0057711068	-0.0049762292	-0.0033587784	-0.0063693602	-0.0056806108	-0.0047623204	-0.0034155871	-0.0046262076	-0.0038122541	-0.0052170911	-0.0048391161	-0.0057724734	-0.0048301242	-0.0059981615	-0.0059530748	-0.0062907238	-0.0049203578	-0.0057148664	-0.0050232440	-0.0058658469	-0.0051312313	-0.0066880592	-0.0057601171	-0.0052283766	-0.0061586719	-0.0032046569	-0.0059591219	-0.0059907435	-0.0055618329	-0.0070860339	-0.0054280885	-0.0046461692	-0.0051823188	-0.0051502899	-0.0051860605	-0.0055889519	-0.0058792257	-0.0059208255	-0.0036634522	-0.0047842783	-0.0039017800	-0.0063060216	-0.0058337503	-0.0054379087	-0.0029833551	-0.0043531725	-0.0067924044	-0.0053302469	-0.0060879916	-0.0031108845	-0.0049417723	-0.0049126058	-0.0048429403	-0.0050115720	-0.0052302382	-0.0044156159	-0.0055265220	-0.0054033133	-0.0047929184	-0.0055750016	-0.0069163302	-0.0039715158
-0.0058147590	-0.0073025044	-0.0056473722	-0.0058255155	-0.0045976674	-0.0054559497	-0.0051696507	-0.0049836829	-0.0048476765	-0.0059064202	-0.0047769570	-0.0048292068	-0.0039531376	-0.0051350305	-0.0041848277	-0.0038594466	-0.0042728831	-0.0063576048	-0.0041142332	-0.0051600860	-0.0049064885	-0.0068878389	-0.0055610239	-0.0043883678	-0.0048859527	-0.0061226153	0.5056865935	-0.0064205952	-0.0064230920	-0.0043464578	-0.0053160525	-0.0038436023	-0.0054278566	-0.0050160757	-0.0054075279	-0.0054791434	-0.0041697777	-0.0059148733	-0.0063579869	-0.0051712803	-0.0049630059	-0.0050104524	-0.0064096228	-0.0056243982	-0.0068083817	-0.0048784055	-0.0044838498	-0.0052805788	-0.0040779779	-0.0045986001	-0.0067630681	-0.0049453879	-0.0049758851	-0.0060215409	-0.0046480080	-0.0045910084	-0.0053255920	-0.0051347790	-0.0054197932	-0.0053248289	-0.0059354888	-0.0050174172	-0.0059097239	-0.0034766820	-0.0059098685	-0.0059146323	-0.0045349015	-0.0054040162	-0.0046834075	-0.0042810122	-0.0055574312	-0.0063636945	-0.0045428507	-0.0051937742	-0.0034965067	-0.0055745883	-0.0052719135	-0.0053691913	-0.0044794533	-0.0052762350	-0.0051213502	-0.0053389376	-0.0047829060	-0.0068261314	-0.0048207361	-0.0037630620	-0.0041880850	-0.0043385596	-0.0039265449	-0.0033259979	-0.0066485723	-0.0040859065	-0.0063130595	-0.0047963820	-0.0068375158	-0.0046264428	-0.0045792128	-0.0043491415	-0.0052988752
-0.0049406513	-0.0056634396	-0.0052573779	-0.0047600584	-0.0041817531	-0.0054344032	-0.0052107475	-0.0040169302	-0.0045670111	-0.0050451176	-0.0061893547	-0.0053846738	-0.0058129992	-0.0038092726	-0.0048447748	-0.0044111247	-0.0046584702	-0.0058152883	-0.0043670589	-0.0058656572	-0.0062141877	-0.0055399255	-0.0050237612	-0.0058544400	-0.0056113044	-0.0062620920	-0.0064205952	0.5271910923	-0.0058235884	-0.0067516132	-0.0056436371	-0.0068835903	-0.0069388920	-0.0050270879	-0.0037884393	-0.0064599833	-0.0036784161	-0.0053520031	-0.0043600756	-0.0047026059	-0.0045706952	-0.0064354585	-0.0063081741	-0.0062584520	-0.0057783020	-0.0046025885	-0.0046589005	-0.0059284709	-0.0045476417	-0.0050444869	-0.0045706624	-0.0053231543	-0.0065646587	-0.0041619900	-0.0045527650	-0.0056337705	-0.0061317923	-0.0054389792	-0.0072591992	-0.0047561698	-0.0048437815	-0.0068144311	-0.0055887725	-0.0055355706	-0.0065366804	-0.0056954149	-0.0047716000	-0.0064708752	-0.0049978119	-0.0049845322	-0.0047801337	-0.0046149889	-0.0060463438	-0.0050832280	-0.0062806074	-0.0058501376	-0.0049887335	-0.0050685922	-0.0056740281	-0.0050271247	-0.0051793135	-0.0049764260	-0.0057925007	-0.0045716776	-0.0061217338	-0.0063849732	-0.0047966635	-0.0048351476	-0.0054622102	-0.0045159382	-0.0054056154	-0.0054337861	-0.0058540472	-0.0057072181	-0.0050350126	-0.0054757395	-0.0054200625	-0.0054778821	-0.0059930419
