1.0000000000	0.9108635837	0.9112634711	0.9117298367	0.9121409978	0.9113175846	0.9115312749	0.9112462333	0.9121316152	0.9119066512	0.9110501445	0.9116091722	0.9113671887	0.9118279539	0.9118762487	0.9126302743	0.9119119608	0.9109442449	0.9116779052	0.9118466463	0.9114082830	0.9110770558	0.9120646279	0.9124982635	0.9121869652	0.9111835373	0.9117101260	0.9115012361	0.9115842247	0.9115769514	0.9113382409	0.9108688932	0.9110432348	0.9117512203	0.9118959594	0.9115810972	0.9113113296	0.9117771861	0.9122786091	0.9110865838	0.9115966621	0.9120968487	0.9117769679	0.9112473243	0.9119754569	0.9110799651	0.9120285522	0.9121129227	0.9123898910	0.9122388240	0.9113500237	0.9113535149	0.9118609020	0.9111847010	0.9114528685	0.9119720384	0.9114859621	0.9113097295	0.9108782031	0.9117735494	0.9108681659	0.9107960145	0.9123055931	0.9126275832	0.9113671887	0.9105502489	0.9112596890	0.9117338370	0.9113535876	0.9107768129	0.9117037982	0.9115411667	0.9116568853	0.9112908188	0.9115340388	0.9111427339	0.9121757643	0.9115418213	0.9116677952	0.9113922817	0.9122874825	0.9114389037	0.9116173184	0.9120721194	0.9114830528	0.9118731212	0.9114600691	0.9124940450	0.9116756504	0.9116648859	0.9116122998	0.9123935276	0.9117221997	0.9116661951	0.9120228790	0.9110394527	0.9114007915	0.9115152736	0.9116045173
0.9108635837	1.0000000000	0.9104914077	0.9113589699	0.9107352822	0.9106856054	0.9114087194	0.9110963301	0.9122246410	0.9118089705	0.9108119431	0.9111651358	0.9110620727	0.9113062383	0.9113801352	0.9123983280	0.9109854119	0.9107847409	0.9109390081	0.9112440513	0.9113795534	0.9108954409	0.9119132700	0.9119535642	0.9111098585	0.9113347497	0.9107176808	0.9109546457	0.9119220707	0.9113329314	0.9111820826	0.9112054300	0.9111662268	0.9113882086	0.9119114516	0.9112928553	0.9114501774	0.9114985450	0.9119759660	0.9107899049	0.9112396146	0.9113130025	0.9107114985	0.9114580326	0.9112962011	0.9108165980	0.9115852430	0.9112681260	0.9115045091	0.9114946901	0.9105911977	0.9113727892	0.9110027224	0.9107288817	0.9106400744	0.9117693309	0.9108970410	0.9105180280	0.9103017921	0.9110311611	0.9114723610	0.9105336657	0.9116500483	0.9116176820	0.9110689097	0.9109170426	0.9108783485	0.9114915626	0.9114210113	0.9113338769	0.9120144419	0.9117246726	0.9117276547	0.9114687971	0.9111433885	0.9103744526	0.9113715527	0.9113462415	0.9109293346	0.9119366901	0.9115228379	0.9109737746	0.9116026990	0.9117854776	0.9113479871	0.9114511956	0.9110505082	0.9120761924	0.9115015998	0.9112147398	0.9111863011	0.9110892022	0.9117551479	0.9107170989	0.9106743318	0.9105344657	0.9107603752	0.9113026743	0.9115714237
0.9112634711	0.9104914077	1.0000000000	0.9116920881	0.9119214161	0.9110470897	0.9114996360	0.9115914981	0.9118198077	0.9112275409	0.9117984969	0.9110663640	0.9110719645	0.9120718284	0.9120585910	0.9122675536	0.9115793516	0.9109918852	0.9113212940	0.9112561250	0.9109661376	0.9109111512	0.9116681589	0.9116267010	0.9113961366	0.9115528040	0.9115437851	0.9113127843	0.9113914089	0.9118208260	0.9117019799	0.9109867938	0.9108488188	0.9114177383	0.9116379746	0.9116861968	0.9118099160	0.9112119760	0.9123199943	0.9112156854	0.9112076120	0.9111602626	0.9113678433	0.9107560112	0.9114454497	0.9108919497	0.9118956685	0.9116042991	0.9120438989	0.9125845251	0.9109890486	0.9112110304	0.9110754557	0.9107291727	0.9110396709	0.9120599729	0.9114943264	0.9109068600	0.9110334886	0.9115497492	0.9112159036	0.9107765947	0.9117059075	0.9116765960	0.9109232977	0.9108187073	0.9113383136	0.9104775156	0.9115977531	0.9111222231	0.9125208108	0.9117952239	0.9121163412	0.9111307329	0.9113175119	0.9106752773	0.9111737183	0.9114246480	0.9112346687	0.9111901560	0.9118300631	0.9114847984	0.9110803288	0.9112210676	0.9114742521	0.9111240415	0.9117424923	0.9120831748	0.9109809752	0.9111485526	0.9114535231	0.9112714718	0.9120360437	0.9113538058	0.9115497492	0.9105526491	0.9114589054	0.9109935580	0.9116009534
0.9117298367	0.9113589699	0.9116920881	1.0000000000	0.9126791511	0.9118487556	0.9112590344	0.9119942948	0.9127257731	0.9122571528	0.9121653634	0.9125043004	0.9119514549	0.9122948286	0.9122219499	0.9128335638	0.9122498067	0.9116648132	0.9120650643	0.9113348224	0.9121141592	0.9117247454	0.9138070983	0.9123399232	0.9126273650	0.9119203978	0.9118719575	0.9118533378	0.9123509059	0.9120554635	0.9119529096	0.9123265403	0.9119156702	0.9121155411	0.9128830224	0.9120124781	0.9113719164	0.9121650725	0.9127961062	0.9114085739	0.9119202524	0.9114455224	0.9120417896	0.9120406259	0.9120517541	0.9139836947	0.9120759015	0.9124618241	0.9130668193	0.9123637070	0.9126601677	0.9117239453	0.9124860443	0.9113088567	0.9114434859	0.9125483040	0.9120556817	0.9113896633	0.9117816228	0.9127939242	0.9120958304	0.9115971713	0.9125279387	0.9127175542	0.9119610557	0.9112920553	0.9123349046	0.9116221915	0.9128361094	0.9120238245	0.9124454592	0.9116112088	0.9125584139	0.9115978259	0.9123063932	0.9114100286	0.9120808474	0.9121422342	0.9122334417	0.9120853568	0.9128083253	0.9117453289	0.9117276547	0.9118035155	0.9128737853	0.9116625585	0.9123544699	0.9127000983	0.9122331508	0.9120919028	0.9122074760	0.9128845498	0.9129070971	0.9119269438	0.9123313407	0.9111468797	0.9119393812	0.9121705275	0.9124066923
0.9121409978	0.9107352822	0.9119214161	0.9126791511	1.0000000000	0.9124615332	0.9114374490	0.9119565462	0.9127401016	0.9121273239	0.9121690728	0.9124278577	0.9116918700	0.9126812604	0.9123826176	0.9130108147	0.9124629879	0.9114593417	0.9119209797	0.9124354947	0.9119219252	0.9126408207	0.9126079452	0.9122965015	0.9117678762	0.9112466697	0.9124866262	0.9121055039	0.9127443201	0.9115651686	0.9123515605	0.9119718202	0.9116587036	0.9129773574	0.9128580749	0.9120592456	0.9117040891	0.9119120335	0.9126350020	0.9119788754	0.9121151047	0.9118401003	0.9119078877	0.9115728784	0.9129035332	0.9114341760	0.9126952251	0.9125768154	0.9129452820	0.9125731060	0.9117430742	0.9125604504	0.9125885255	0.9118403185	0.9112906733	0.9127782138	0.9125627052	0.9117904962	0.9118983596	0.9120198242	0.9117249636	0.9117488201	0.9123330863	0.9127790138	0.9121255056	0.9114045736	0.9124942632	0.9119987315	0.9124949178	0.9121341608	0.9121980934	0.9118953776	0.9125157195	0.9116789234	0.9120905936	0.9111273145	0.9122512614	0.9125291024	0.9119232344	0.9118083159	0.9122092216	0.9118059157	0.9120332071	0.9125523043	0.9127077353	0.9121996935	0.9129148796	0.9131386070	0.9127233002	0.9123603613	0.9122964287	0.9125545590	0.9122901009	0.9121372156	0.9114322850	0.9116726684	0.9132410882	0.9116761596	0.9120558999
0.9113175846	0.9106856054	0.9110470897	0.9118487556	0.9124615332	1.0000000000	0.9117013980	0.9112125578	0.9123346137	0.9122197679	0.9111511710	0.9119393085	0.9117134717	0.9119121062	0.9116955066	0.9119824393	0.9118692663	0.9112185220	0.9113112569	0.9113178028	0.9112157581	0.9112675442	0.9123073387	0.9119653470	0.9120180058	0.9117289639	0.9114474862	0.9113348952	0.9122889372	0.9115601500	0.9114159927	0.9115126552	0.9113746802	0.9121689273	0.9118362455	0.9112205585	0.9109112240	0.9119969132	0.9124439318	0.9108917315	0.9114389037	0.9109007504	0.9111432430	0.9110115959	0.9114496682	0.9113668978	0.9123026838	0.9122264593	0.9124258939	0.9120333526	0.9115095277	0.9124457501	0.9123926548	0.9109188610	0.9113002014	0.9122679900	0.9113811535	0.9108317993	0.9113011469	0.9112097940	0.9108686750	0.9113798443	0.9116163001	0.9124426226	0.9116907790	0.9113144571	0.9110553813	0.9107895412	0.9122948286	0.9108510736	0.9124661154	0.9119318169	0.9118216261	0.9114238479	0.9116903426	0.9108038697	0.9121163412	0.9118446098	0.9118828675	0.9117113625	0.9117161629	0.9116784143	0.9117471472	0.9120483356	0.9122543889	0.9116622675	0.9121244873	0.9119614194	0.9117634395	0.9113961366	0.9118942866	0.9121512532	0.9118693391	0.9112202676	0.9114397765	0.9107053889	0.9114594872	0.9114468316	0.9108049607
0.9115312749	0.9114087194	0.9114996360	0.9112590344	0.9114374490	0.9117013980	1.0000000000	0.9113762076	0.9122679900	0.9120267338	0.9111894287	0.9112737992	0.9114010097	0.9118758851	0.9113136570	0.9126566765	0.9111401882	0.9110244696	0.9109771203	0.9119738568	0.9115532404	0.9114765795	0.9126119456	0.9116825601	0.9121180868	0.9112202676	0.9115843702	0.9112490699	0.9121847832	0.9120550271	0.9118196623	0.9113074020	0.9114786888	0.9122509704	0.9116611038	0.9122673354	0.9113976640	0.9117074349	0.9123835632	0.9111353879	0.9119201069	0.9116238644	0.9112305229	0.9111678269	0.9117272183	0.9113821718	0.9119841121	0.9120276066	0.9124770981	0.9125494677	0.9114959993	0.9116984887	0.9121645633	0.9113641339	0.9108764575	0.9115277110	0.9120473901	0.9113943182	0.9111860829	0.9116601583	0.9109572641	0.9113357680	0.9113761349	0.9120866660	0.9116644495	0.9112037571	0.9118301359	0.9111148043	0.9117701309	0.9108823489	0.9118934138	0.9123785446	0.9120651370	0.9113628975	0.9113268218	0.9112222314	0.9121394704	0.9115193467	0.9112967829	0.9120856478	0.9120873934	0.9109702834	0.9120639733	0.9115320750	0.9117942784	0.9118132617	0.9110455623	0.9120047684	0.9118866496	0.9114743975	0.9120576455	0.9123807993	0.9122639897	0.9115090186	0.9113603518	0.9109214066	0.9110066500	0.9114141017	0.9109690469
0.9112462333	0.9110963301	0.9115914981	0.9119942948	0.9119565462	0.9112125578	0.9113762076	1.0000000000	0.9126515125	0.9123978916	0.9113674069	0.9118365364	0.9112127033	0.9125343392	0.9120054230	0.9128107983	0.9119311623	0.9106531664	0.9114870531	0.9118316633	0.9115898252	0.9115534586	0.9126179824	0.9122765725	0.9120783017	0.9119177067	0.9116883060	0.9116775415	0.9119251982	0.9114387582	0.9117746404	0.9114372308	0.9114950538	0.9120555362	0.9121937294	0.9112769268	0.9114502501	0.9116027717	0.9125203744	0.9120820111	0.9118733394	0.9131506080	0.9116365927	0.9113239852	0.9124765890	0.9110745829	0.9117875142	0.9117997334	0.9122901009	0.9125304843	0.9112010660	0.9112691443	0.9114220296	0.9114394128	0.9112349597	0.9120577182	0.9125068460	0.9112970739	0.9108235077	0.9118947230	0.9117041619	0.9109641738	0.9122466792	0.9125256112	0.9106779684	0.9108580560	0.9115449488	0.9111234596	0.9125296843	0.9108028514	0.9123474875	0.9123640706	0.9118122435	0.9114541777	0.9113666069	0.9109155152	0.9122605712	0.9118158801	0.9118554470	0.9118662116	0.9116568853	0.9116184094	0.9121395431	0.9117897689	0.9121516168	0.9113098749	0.9118609748	0.9117633667	0.9122269685	0.9121306696	0.9118686117	0.9124495322	0.9116739048	0.9114200658	0.9118571926	0.9112042662	0.9117602392	0.9112570706	0.9112175764
0.9121316152	0.9122246410	0.9118198077	0.9127257731	0.9127401016	0.9123346137	0.9122679900	0.9126515125	1.0000000000	0.9124592057	0.9119544370	0.9118371910	0.9122723540	0.9128781493	0.9128170533	0.9139027426	0.9119902945	0.9116047355	0.9124400769	0.9122829731	0.9117663488	0.9116854694	0.9131138050	0.9123242128	0.9129120430	0.9122554072	0.9121999844	0.9119110880	0.9124200025	0.9128629480	0.9117923146	0.9121106680	0.9118532650	0.9127560301	0.9127375559	0.9122948286	0.9123471238	0.9126568947	0.9124359311	0.9117872232	0.9121828194	0.9119628013	0.9120863024	0.9118567562	0.9127504297	0.9113647158	0.9126046722	0.9128110892	0.9131280607	0.9123749079	0.9119043238	0.9119174158	0.9119578554	0.9124130929	0.9118807582	0.9128790948	0.9119817847	0.9119642560	0.9113878450	0.9122593348	0.9122743178	0.9115245835	0.9129390270	0.9130642009	0.9125241565	0.9119886943	0.9124834259	0.9121909655	0.9128110892	0.9115818973	0.9130105965	0.9130455085	0.9130266706	0.9118852677	0.9118675207	0.9119638196	0.9127526117	0.9120358982	0.9119796027	0.9118821401	0.9122907555	0.9120032410	0.9122213680	0.9125691057	0.9122738814	0.9122272594	0.9128483286	0.9126730415	0.9129911767	0.9122641352	0.9128101437	0.9124306943	0.9123439963	0.9116402293	0.9128019248	0.9120372802	0.9124105472	0.9122125673	0.9121543080
0.9119066512	0.9118089705	0.9112275409	0.9122571528	0.9121273239	0.9122197679	0.9120267338	0.9123978916	0.9124592057	1.0000000000	0.9114856712	0.9123983280	0.9117803136	0.9131223148	0.9126015447	0.9132086491	0.9127078080	0.9118679571	0.9119774207	0.9128454193	0.9117400921	0.9117725311	0.9122845732	0.9123213762	0.9131444257	0.9117073621	0.9119203251	0.9120071686	0.9126064178	0.9124513505	0.9115888797	0.9120938666	0.9110762557	0.9124660427	0.9121582355	0.9124031284	0.9120414259	0.9117313641	0.9131365705	0.9118689027	0.9120329162	0.9124960088	0.9122741724	0.9115913526	0.9127423563	0.9119785117	0.9126505669	0.9122252229	0.9131103865	0.9126115092	0.9113644249	0.9120198969	0.9117916600	0.9117382010	0.9116635040	0.9124993545	0.9121204870	0.9119833848	0.9118887589	0.9124988454	0.9118218443	0.9121344518	0.9124504777	0.9120874661	0.9116246644	0.9110689824	0.9119979315	0.9119469455	0.9124877899	0.9123481421	0.9127104264	0.9117776952	0.9121839104	0.9122079851	0.9125851797	0.9114208659	0.9121498712	0.9122159130	0.9122935921	0.9119885489	0.9127518116	0.9119736386	0.9123255948	0.9119131245	0.9128664392	0.9121173595	0.9117475109	0.9132472705	0.9119766206	0.9123651616	0.9119135609	0.9123495967	0.9119444725	0.9122572255	0.9121004126	0.9114090831	0.9117129626	0.9116466299	0.9118251900
0.9110501445	0.9108119431	0.9117984969	0.9121653634	0.9121690728	0.9111511710	0.9111894287	0.9113674069	0.9119544370	0.9114856712	1.0000000000	0.9120147328	0.9118076613	0.9114075557	0.9113807898	0.9123179578	0.9111222231	0.9109134060	0.9112023752	0.9115542586	0.9115349843	0.9113678433	0.9122532979	0.9124233482	0.9123955641	0.9109521001	0.9117313641	0.9109161698	0.9120246973	0.9117087441	0.9118101342	0.9112952555	0.9112479062	0.9114332305	0.9116018262	0.9113538785	0.9111254234	0.9120118235	0.9119318169	0.9107364460	0.9117137627	0.9113396956	0.9112156126	0.9108980593	0.9116692499	0.9112735810	0.9115655323	0.9112955465	0.9127512297	0.9121704547	0.9111991749	0.9118041701	0.9114499592	0.9108059062	0.9108113612	0.9117721675	0.9117582754	0.9110860020	0.9104221656	0.9114586144	0.9113093658	0.9107901958	0.9114662514	0.9112826000	0.9112279773	0.9110909478	0.9116925973	0.9111183683	0.9115253835	0.9111254961	0.9125251021	0.9117112170	0.9119155247	0.9110894932	0.9115689508	0.9104415854	0.9120058594	0.9114667605	0.9119379265	0.9120445535	0.9112299411	0.9113219486	0.9114097377	0.9115600773	0.9120781562	0.9116408112	0.9116997979	0.9116688135	0.9114333032	0.9119568372	0.9118998870	0.9116947065	0.9119719657	0.9112798361	0.9116299740	0.9106727316	0.9110695643	0.9108570377	0.9108239441
0.9116091722	0.9111651358	0.9110663640	0.9125043004	0.9124278577	0.9119393085	0.9112737992	0.9118365364	0.9118371910	0.9123983280	0.9120147328	1.0000000000	0.9120728467	0.9130233976	0.9118449734	0.9129865218	0.9127643945	0.9114751976	0.9119145792	0.9119614194	0.9122607167	0.9116664860	0.9126034358	0.9125715786	0.9122688628	0.9117526022	0.9120206970	0.9118209715	0.9121308878	0.9121554717	0.9121236145	0.9115441487	0.9121007763	0.9121742369	0.9122702448	0.9114474135	0.9116802326	0.9115850248	0.9132157043	0.9111568442	0.9120823748	0.9115046546	0.9112698716	0.9114057373	0.9124700430	0.9120001862	0.9122281322	0.9121501622	0.9125580502	0.9122941013	0.9113577334	0.9120165512	0.9122004208	0.9109740655	0.9113423140	0.9125597231	0.9116317196	0.9113133661	0.9115584044	0.9122854460	0.9111234596	0.9116084449	0.9123582520	0.9127633035	0.9119766934	0.9114655241	0.9120655734	0.9117939147	0.9120470264	0.9116679407	0.9123613068	0.9120216425	0.9122924284	0.9115647322	0.9123409415	0.9115357844	0.9125439400	0.9123896000	0.9117395102	0.9120748105	0.9120817929	0.9119637468	0.9115349843	0.9123920002	0.9120874661	0.9116972522	0.9125251748	0.9126073634	0.9120460081	0.9120753924	0.9119345081	0.9124602967	0.9123980371	0.9120196787	0.9119838939	0.9112364143	0.9115458216	0.9117947148	0.9114741793
0.9113671887	0.9110620727	0.9110719645	0.9119514549	0.9116918700	0.9117134717	0.9114010097	0.9112127033	0.9122723540	0.9117803136	0.9118076613	0.9120728467	1.0000000000	0.9119457090	0.9117206723	0.9127497751	0.9114740339	0.9109104239	0.9111557532	0.9112420148	0.9114160655	0.9111719727	0.9123205762	0.9117765315	0.9118675935	0.9113772259	0.9120951031	0.9111110222	0.9117483837	0.9112628165	0.9117862050	0.9114857439	0.9117713674	0.9119645469	0.9116747776	0.9120117508	0.9112913279	0.9115205104	0.9127393742	0.9108990048	0.9113490054	0.9109601007	0.9114783979	0.9108187073	0.9120002589	0.9113398410	0.9116661224	0.9117938420	0.9123732350	0.9121440526	0.9114001369	0.9111515346	0.9114843620	0.9109678832	0.9110865111	0.9117976968	0.9114281392	0.9107885957	0.9109179882	0.9113878450	0.9113369317	0.9109230795	0.9117479473	0.9121746733	0.9114183202	0.9112635438	0.9115559315	0.9112982376	0.9118710847	0.9116412476	0.9121746005	0.9119863669	0.9116754322	0.9110163963	0.9115216014	0.9108539102	0.9121455800	0.9117685308	0.9115650232	0.9118741395	0.9113958456	0.9121069586	0.9116054628	0.9110674550	0.9122805729	0.9113941728	0.9117471472	0.9123313407	0.9119404722	0.9114998542	0.9114834892	0.9122078396	0.9122456609	0.9116010989	0.9110468715	0.9106528755	0.9118324633	0.9114820345	0.9105150460
0.9118279539	0.9113062383	0.9120718284	0.9122948286	0.9126812604	0.9119121062	0.9118758851	0.9125343392	0.9128781493	0.9131223148	0.9114075557	0.9130233976	0.9119457090	1.0000000000	0.9124762981	0.9131363523	0.9127297734	0.9117639486	0.9122202043	0.9118073704	0.9117761678	0.9111252052	0.9127686857	0.9123920729	0.9121167049	0.9119470909	0.9118070067	0.9119953858	0.9124728796	0.9119329079	0.9122053667	0.9124256757	0.9115778242	0.9122257320	0.9127209000	0.9124861898	0.9118834493	0.9116792871	0.9128598932	0.9118434460	0.9122826821	0.9121218689	0.9115949893	0.9115544041	0.9124739706	0.9117942056	0.9126857698	0.9121159775	0.9127334828	0.9125697603	0.9118334089	0.9120385166	0.9121319061	0.9118736303	0.9113106023	0.9122900282	0.9114861076	0.9118290449	0.9110918934	0.9119399631	0.9122937376	0.9117840230	0.9122772271	0.9127318827	0.9117471472	0.9121295786	0.9121055767	0.9118042428	0.9129148796	0.9119351627	0.9125701967	0.9118302086	0.9123001381	0.9128557474	0.9124193479	0.9117110715	0.9124623333	0.9121932202	0.9120102234	0.9122275503	0.9123735987	0.9123742533	0.9122979561	0.9122519160	0.9125945623	0.9116867786	0.9128038886	0.9124342582	0.9122384603	0.9120545907	0.9120683373	0.9121862379	0.9121933657	0.9116663406	0.9126104182	0.9112220132	0.9121185232	0.9116354289	0.9120128418
0.9118762487	0.9113801352	0.9120585910	0.9122219499	0.9123826176	0.9116955066	0.9113136570	0.9120054230	0.9128170533	0.9126015447	0.9113807898	0.9118449734	0.9117206723	0.9124762981	1.0000000000	0.9127063533	0.9122536616	0.9110105776	0.9121573628	0.9120357528	0.9121716912	0.9121821648	0.9126624952	0.9124472048	0.9124665518	0.9116090268	0.9123187578	0.9118950139	0.9118547924	0.9124875717	0.9115752058	0.9116203732	0.9118345726	0.9123150484	0.9126579130	0.9118730485	0.9116937610	0.9116974704	0.9125548500	0.9118888316	0.9120477537	0.9124638607	0.9117061257	0.9113712618	0.9125763790	0.9117223452	0.9125625597	0.9118921046	0.9126931886	0.9119627286	0.9116485209	0.9121612903	0.9116793598	0.9113708981	0.9116229188	0.9122044939	0.9119692018	0.9115421849	0.9110166872	0.9119660016	0.9115645140	0.9117758769	0.9123505423	0.9121130682	0.9114947628	0.9117596573	0.9122504613	0.9114932354	0.9118430824	0.9116467026	0.9124055286	0.9119430906	0.9123922184	0.9120172785	0.9122971561	0.9109937762	0.9121327062	0.9118395912	0.9121302332	0.9119825848	0.9118590837	0.9120756106	0.9123111936	0.9121909655	0.9126960979	0.9113330041	0.9120604093	0.9123327226	0.9125180469	0.9121498712	0.9122712630	0.9120233154	0.9123290860	0.9112030298	0.9119462181	0.9109950854	0.9118697755	0.9118814128	0.9117408194
0.9126302743	0.9123983280	0.9122675536	0.9128335638	0.9130108147	0.9119824393	0.9126566765	0.9128107983	0.9139027426	0.9132086491	0.9123179578	0.9129865218	0.9127497751	0.9131363523	0.9127063533	1.0000000000	0.9131877747	0.9122869734	0.9126124547	0.9130085600	0.9133517882	0.9130087782	0.9135205293	0.9131843562	0.9136600317	0.9129107338	0.9130218702	0.9124785528	0.9125155740	0.9127803230	0.9122637715	0.9126813331	0.9123983280	0.9131941752	0.9131409345	0.9126824968	0.9120468809	0.9130535819	0.9136236651	0.9123309770	0.9124324399	0.9125500496	0.9127672311	0.9124968088	0.9132303237	0.9128190899	0.9135257661	0.9125267022	0.9136623592	0.9134877266	0.9123301042	0.9120704465	0.9128049069	0.9120280430	0.9125279387	0.9132734545	0.9124446591	0.9128674575	0.9119510913	0.9137551668	0.9121180868	0.9127014075	0.9124178205	0.9137298556	0.9125593594	0.9129078972	0.9127730497	0.9122613713	0.9133554248	0.9123858906	0.9127240275	0.9132520709	0.9130076144	0.9129196799	0.9126629316	0.9122066032	0.9127706495	0.9131721371	0.9127616306	0.9133596434	0.9134982729	0.9129250622	0.9133871365	0.9133927370	0.9126206736	0.9127448292	0.9132329421	0.9134477961	0.9131178781	0.9123854542	0.9130734380	0.9132797823	0.9133884457	0.9119186522	0.9125547772	0.9122276958	0.9133803724	0.9128222174	0.9125511406
0.9119119608	0.9109854119	0.9115793516	0.9122498067	0.9124629879	0.9118692663	0.9111401882	0.9119311623	0.9119902945	0.9127078080	0.9111222231	0.9127643945	0.9114740339	0.9127297734	0.9122536616	0.9131877747	1.0000000000	0.9113785351	0.9115173829	0.9123245765	0.9112909643	0.9115264745	0.9128115256	0.9128468740	0.9123711985	0.9117961694	0.9121918383	0.9117934056	0.9119699292	0.9121132137	0.9119731294	0.9121105225	0.9110261425	0.9118461372	0.9125426308	0.9119254891	0.9116277920	0.9120396804	0.9122245683	0.9113159118	0.9115573134	0.9115249471	0.9118359545	0.9118070067	0.9122017300	0.9111741547	0.9127895602	0.9119035237	0.9131679185	0.9123193397	0.9108290354	0.9124591330	0.9120538633	0.9115650232	0.9115003633	0.9122949013	0.9115269109	0.9120334980	0.9117612575	0.9118035882	0.9116843057	0.9118764669	0.9122218771	0.9121051403	0.9118778489	0.9117315096	0.9119354536	0.9113268945	0.9122574437	0.9120936484	0.9122547526	0.9121363428	0.9120686282	0.9114917808	0.9119673108	0.9116008807	0.9123351228	0.9118806855	0.9114054464	0.9121311788	0.9116080812	0.9116381201	0.9110337795	0.9119076695	0.9123192670	0.9115458943	0.9122273321	0.9125006637	0.9125291751	0.9120530633	0.9114373763	0.9122872643	0.9119441089	0.9117468563	0.9124036375	0.9112401237	0.9117475109	0.9115965167	0.9114890896
0.9109442449	0.9107847409	0.9109918852	0.9116648132	0.9114593417	0.9112185220	0.9110244696	0.9106531664	0.9116047355	0.9118679571	0.9109134060	0.9114751976	0.9109104239	0.9117639486	0.9110105776	0.9122869734	0.9113785351	1.0000000000	0.9119745114	0.9111521892	0.9110002495	0.9108501280	0.9119382175	0.9118867223	0.9114565779	0.9111092039	0.9108947863	0.9110948027	0.9115315659	0.9110379980	0.9113572970	0.9113857357	0.9105149005	0.9116687408	0.9113815899	0.9113112569	0.9108870038	0.9110699279	0.9121105953	0.9109216248	0.9108534738	0.9111651358	0.9110972029	0.9104616598	0.9116564489	0.9114360671	0.9116179002	0.9116647404	0.9119113062	0.9120437534	0.9110724736	0.9114397765	0.9112079029	0.9104025276	0.9114236297	0.9120597547	0.9111654994	0.9107540474	0.9109512273	0.9111558986	0.9109371170	0.9113156208	0.9115247289	0.9118673753	0.9113807171	0.9109056235	0.9108410364	0.9110820016	0.9115009452	0.9111704453	0.9119487638	0.9114749794	0.9118030791	0.9107876502	0.9115010179	0.9110640365	0.9113100931	0.9112623801	0.9109035143	0.9116010261	0.9117334006	0.9109111512	0.9112552522	0.9116413931	0.9114695244	0.9116627767	0.9117590027	0.9109923943	0.9116392838	0.9110507264	0.9115189103	0.9116907790	0.9117790771	0.9106048715	0.9112968557	0.9108213984	0.9113306766	0.9109969765	0.9109116604
0.9116779052	0.9109390081	0.9113212940	0.9120650643	0.9119209797	0.9113112569	0.9109771203	0.9114870531	0.9124400769	0.9119774207	0.9112023752	0.9119145792	0.9111557532	0.9122202043	0.9121573628	0.9126124547	0.9115173829	0.9119745114	1.0000000000	0.9113682797	0.9114183929	0.9114045736	0.9122234045	0.9122878462	0.9119417814	0.9113875540	0.9119928401	0.9116021171	0.9120476083	0.9116241553	0.9112415784	0.9113520602	0.9109974856	0.9112801270	0.9124965179	0.9119742204	0.9109275162	0.9120079687	0.9127870872	0.9111505164	0.9114416676	0.9116212460	0.9115652414	0.9110862202	0.9112911097	0.9115514948	0.9120161148	0.9123198488	0.9119980769	0.9120569181	0.9113234760	0.9113786078	0.9123020292	0.9109450449	0.9115633503	0.9119161066	0.9114703245	0.9111084766	0.9109046053	0.9119458545	0.9112762722	0.9117237271	0.9121098679	0.9121173595	0.9115063274	0.9107987784	0.9117658397	0.9119084696	0.9120779380	0.9116364472	0.9119399631	0.9113240579	0.9117699855	0.9113089294	0.9115698963	0.9110862202	0.9117382738	0.9112204130	0.9117912236	0.9123904001	0.9118805400	0.9115051637	0.9116613220	0.9114674879	0.9123557791	0.9110712371	0.9122245683	0.9123714894	0.9115469853	0.9118434460	0.9117600210	0.9119244709	0.9117816228	0.9119006144	0.9113360589	0.9107130986	0.9117575481	0.9117198723	0.9112679806
0.9118466463	0.9112440513	0.9112561250	0.9113348224	0.9124354947	0.9113178028	0.9119738568	0.9118316633	0.9122829731	0.9128454193	0.9115542586	0.9119614194	0.9112420148	0.9118073704	0.9120357528	0.9130085600	0.9123245765	0.9111521892	0.9113682797	1.0000000000	0.9118350090	0.9116365927	0.9127646854	0.9124356402	0.9120120417	0.9118201714	0.9120118963	0.9112851456	0.9118756669	0.9120496448	0.9122906828	0.9115306931	0.9121684909	0.9121203415	0.9123245765	0.9122882826	0.9116682316	0.9116816873	0.9127155177	0.9113116933	0.9122546798	0.9120650643	0.9120257883	0.9109855574	0.9118710847	0.9111001122	0.9124720068	0.9120399713	0.9125793611	0.9129832488	0.9118301359	0.9120122599	0.9116320105	0.9113324222	0.9114826164	0.9122390422	0.9116786325	0.9113556241	0.9110062863	0.9126544218	0.9115106187	0.9117870050	0.9118259173	0.9120984488	0.9118142800	0.9112875458	0.9113451505	0.9113177301	0.9117289639	0.9115992078	0.9120460081	0.9123039202	0.9117273638	0.9110233786	0.9119242527	0.9113489327	0.9117811864	0.9117404558	0.9116440115	0.9115178920	0.9123839996	0.9119713838	0.9116504120	0.9114136653	0.9121061585	0.9122933012	0.9117081622	0.9122715540	0.9118371910	0.9121060131	0.9116237189	0.9122075487	0.9119518186	0.9113785351	0.9123471965	0.9109878848	0.9117323824	0.9121452163	0.9117331824
0.9114082830	0.9113795534	0.9109661376	0.9121141592	0.9119219252	0.9112157581	0.9115532404	0.9115898252	0.9117663488	0.9117400921	0.9115349843	0.9122607167	0.9114160655	0.9117761678	0.9121716912	0.9133517882	0.9112909643	0.9110002495	0.9114183929	0.9118350090	1.0000000000	0.9121047766	0.9120119690	0.9118580654	0.9120580819	0.9116749231	0.9120736468	0.9111046944	0.9123183942	0.9120111689	0.9115881523	0.9111633174	0.9112367053	0.9119099242	0.9118601747	0.9119255619	0.9115120734	0.9115454579	0.9128789493	0.9115778242	0.9112151035	0.9117267819	0.9114352670	0.9117385647	0.9120240427	0.9113615883	0.9115547678	0.9121908928	0.9127030803	0.9117894780	0.9116306286	0.9115477126	0.9113828991	0.9118602474	0.9110490535	0.9125402306	0.9121923474	0.9116281556	0.9113010742	0.9118442461	0.9112121942	0.9111323331	0.9112656531	0.9123823267	0.9110957482	0.9113689343	0.9111929199	0.9113093658	0.9123011564	0.9116644495	0.9125221927	0.9121060131	0.9119545097	0.9116924518	0.9121215780	0.9110265062	0.9120313160	0.9119134882	0.9116596491	0.9117264182	0.9119070876	0.9114754158	0.9117124535	0.9119505094	0.9119786572	0.9113312585	0.9117879506	0.9124860443	0.9120634641	0.9116483027	0.9117282366	0.9122204225	0.9117732585	0.9120010590	0.9122326417	0.9110384344	0.9112836910	0.9114703245	0.9115348389
0.9110770558	0.9108954409	0.9109111512	0.9117247454	0.9126408207	0.9112675442	0.9114765795	0.9115534586	0.9116854694	0.9117725311	0.9113678433	0.9116664860	0.9111719727	0.9111252052	0.9121821648	0.9130087782	0.9115264745	0.9108501280	0.9114045736	0.9116365927	0.9121047766	1.0000000000	0.9122269685	0.9117136172	0.9116350653	0.9112513247	0.9111611354	0.9112565614	0.9119349445	0.9113145298	0.9111684815	0.9116909244	0.9110828017	0.9120358982	0.9114796343	0.9117614757	0.9112266681	0.9113281310	0.9126504215	0.9114064647	0.9112517611	0.9116845966	0.9117362372	0.9110586543	0.9113340951	0.9108415455	0.9114413039	0.9115944801	0.9127334828	0.9118303541	0.9120459354	0.9118149346	0.9118021336	0.9114529412	0.9114233388	0.9117915145	0.9114148290	0.9110118141	0.9109222794	0.9112849274	0.9114024643	0.9112023024	0.9122586074	0.9116497574	0.9115772423	0.9111100039	0.9122757725	0.9113006378	0.9115992805	0.9112967102	0.9120108780	0.9118958140	0.9117125989	0.9114109741	0.9121141592	0.9112396146	0.9124041467	0.9120044047	0.9117448925	0.9121428888	0.9123628342	0.9123166486	0.9119353081	0.9119788754	0.9119718202	0.9119020690	0.9119934947	0.9119140700	0.9119073786	0.9118010426	0.9115618229	0.9125064096	0.9120462991	0.9113834082	0.9115898252	0.9111852101	0.9113012924	0.9117670761	0.9111577897
0.9120646279	0.9119132700	0.9116681589	0.9138070983	0.9126079452	0.9123073387	0.9126119456	0.9126179824	0.9131138050	0.9122845732	0.9122532979	0.9126034358	0.9123205762	0.9127686857	0.9126624952	0.9135205293	0.9128115256	0.9119382175	0.9122234045	0.9127646854	0.9120119690	0.9122269685	1.0000000000	0.9131051497	0.9128022885	0.9119654197	0.9121654361	0.9122457336	0.9131024586	0.9126765327	0.9125050277	0.9120016409	0.9120612094	0.9127985791	0.9127424290	0.9122387513	0.9118015517	0.9123330135	0.9136710144	0.9116786325	0.9119696382	0.9115898979	0.9119445453	0.9122792637	0.9126035812	0.9127843961	0.9128686212	0.9122707539	0.9131534446	0.9126971889	0.9120399713	0.9128387278	0.9124599331	0.9120966305	0.9119445453	0.9132535983	0.9119766206	0.9126352202	0.9117576935	0.9125373940	0.9122720631	0.9120477537	0.9130016503	0.9128354548	0.9123348319	0.9122671900	0.9121265239	0.9112750357	0.9127170451	0.9123085752	0.9124903356	0.9125973989	0.9132468341	0.9119563280	0.9127673038	0.9117915145	0.9126786420	0.9123779627	0.9124838623	0.9122262411	0.9124595694	0.9126208190	0.9128329819	0.9124618241	0.9126366021	0.9128609842	0.9130999129	0.9127366831	0.9123923639	0.9127340647	0.9124453864	0.9124389132	0.9127950152	0.9116122270	0.9121644179	0.9116248099	0.9119531278	0.9120273157	0.9111531348
0.9124982635	0.9119535642	0.9116267010	0.9123399232	0.9122965015	0.9119653470	0.9116825601	0.9122765725	0.9123242128	0.9123213762	0.9124233482	0.9125715786	0.9117765315	0.9123920729	0.9124472048	0.9131843562	0.9128468740	0.9118867223	0.9122878462	0.9124356402	0.9118580654	0.9117136172	0.9131051497	1.0000000000	0.9118662116	0.9114996360	0.9121565627	0.9117444561	0.9122082760	0.9116156455	0.9116421204	0.9119612012	0.9117101987	0.9122225317	0.9122827549	0.9118617021	0.9121775826	0.9121222326	0.9136020633	0.9119532733	0.9121353246	0.9115724420	0.9119272347	0.9116595764	0.9125250293	0.9116315741	0.9125842342	0.9129759755	0.9127881782	0.9129017148	0.9122524978	0.9119650560	0.9128209809	0.9119408359	0.9121355428	0.9129964135	0.9126018356	0.9115958621	0.9113038381	0.9120036774	0.9119258528	0.9120579364	0.9120552453	0.9124794983	0.9118854859	0.9116064811	0.9118035882	0.9119481092	0.9129778665	0.9123853815	0.9122346055	0.9126363839	0.9121242691	0.9119219980	0.9121947476	0.9115990623	0.9126283105	0.9126059087	0.9128804040	0.9127286824	0.9129259350	0.9119992407	0.9119731294	0.9121451436	0.9127090445	0.9121634723	0.9125670691	0.9130111784	0.9126492577	0.9122771544	0.9121252147	0.9127289734	0.9124246574	0.9117976968	0.9122351146	0.9115202195	0.9123250856	0.9116434296	0.9116629948
0.9121869652	0.9111098585	0.9113961366	0.9126273650	0.9117678762	0.9120180058	0.9121180868	0.9120783017	0.9129120430	0.9131444257	0.9123955641	0.9122688628	0.9118675935	0.9121167049	0.9124665518	0.9136600317	0.9123711985	0.9114565779	0.9119417814	0.9120120417	0.9120580819	0.9116350653	0.9128022885	0.9118662116	1.0000000000	0.9115728056	0.9121393976	0.9116906335	0.9126283833	0.9127335556	0.9118462099	0.9120771380	0.9121333608	0.9121692910	0.9124504777	0.9119075240	0.9118441734	0.9119374901	0.9124639334	0.9116265555	0.9123283586	0.9118111525	0.9122107490	0.9118899953	0.9128072343	0.9120048411	0.9121212143	0.9120308796	0.9129054242	0.9125754335	0.9117733312	0.9119385811	0.9116621948	0.9117789317	0.9113476962	0.9125029912	0.9120947394	0.9119094878	0.9109115149	0.9115998624	0.9117872232	0.9111979384	0.9125752880	0.9134387044	0.9121144501	0.9111932108	0.9120780835	0.9118714483	0.9128763309	0.9120746650	0.9123540335	0.9127539209	0.9128889865	0.9115888797	0.9124296760	0.9116981250	0.9125046640	0.9118884679	0.9118406094	0.9122569346	0.9122239137	0.9118914500	0.9119098515	0.9122056576	0.9121155411	0.9121326334	0.9122781727	0.9126636589	0.9120816474	0.9120125508	0.9121035401	0.9124988454	0.9125491768	0.9117559479	0.9123376685	0.9109613372	0.9121870379	0.9122344600	0.9115134553
0.9111835373	0.9113347497	0.9115528040	0.9119203978	0.9112466697	0.9117289639	0.9112202676	0.9119177067	0.9122554072	0.9117073621	0.9109521001	0.9117526022	0.9113772259	0.9119470909	0.9116090268	0.9129107338	0.9117961694	0.9111092039	0.9113875540	0.9118201714	0.9116749231	0.9112513247	0.9119654197	0.9114996360	0.9115728056	1.0000000000	0.9115950620	0.9109251888	0.9122523524	0.9121580901	0.9120843386	0.9115197103	0.9112991104	0.9115391301	0.9119059966	0.9113018015	0.9112825272	0.9116225552	0.9122057304	0.9120615003	0.9112911825	0.9113226760	0.9118806855	0.9120143692	0.9119774934	0.9120212788	0.9119597465	0.9118426460	0.9119713838	0.9121534352	0.9110577815	0.9112966375	0.9114931627	0.9113717709	0.9110233059	0.9120539361	0.9114285029	0.9113091476	0.9106742590	0.9113850084	0.9112644166	0.9110511628	0.9122746087	0.9118961776	0.9112624528	0.9111502982	0.9107828498	0.9110037407	0.9118771215	0.9113495145	0.9121100861	0.9119052693	0.9120387348	0.9111965565	0.9113292220	0.9116703409	0.9120515359	0.9121210689	0.9112548159	0.9115402211	0.9115921527	0.9121489257	0.9120583728	0.9112388873	0.9119350172	0.9112612891	0.9125750698	0.9119793845	0.9119299259	0.9116024808	0.9117824956	0.9119994589	0.9118500648	0.9111487708	0.9111945927	0.9110275244	0.9113924999	0.9109684650	0.9116542669
0.9117101260	0.9107176808	0.9115437851	0.9118719575	0.9124866262	0.9114474862	0.9115843702	0.9116883060	0.9121999844	0.9119203251	0.9117313641	0.9120206970	0.9120951031	0.9118070067	0.9123187578	0.9130218702	0.9121918383	0.9108947863	0.9119928401	0.9120118963	0.9120736468	0.9111611354	0.9121654361	0.9121565627	0.9121393976	0.9115950620	1.0000000000	0.9111081856	0.9118152255	0.9122193315	0.9119503639	0.9119923310	0.9113993368	0.9123018110	0.9121042675	0.9118798854	0.9118824311	0.9117994424	0.9120297159	0.9115971713	0.9117654033	0.9119519641	0.9113330041	0.9114223205	0.9114095922	0.9115796425	0.9125560137	0.9121788191	0.9126322381	0.9123800720	0.9112273954	0.9116226279	0.9118994506	0.9110043225	0.9116777597	0.9124264758	0.9119210524	0.9117302731	0.9112664532	0.9120285522	0.9112183038	0.9116744867	0.9116764505	0.9127624307	0.9113575879	0.9111232414	0.9123031202	0.9113314767	0.9122690083	0.9118705755	0.9118235171	0.9117560207	0.9122191133	0.9118175530	0.9123873453	0.9111808461	0.9121792555	0.9119210524	0.9121580173	0.9118190804	0.9120913937	0.9117526749	0.9122297323	0.9113296584	0.9122144584	0.9122568618	0.9124479321	0.9126962434	0.9122540252	0.9125707058	0.9115874250	0.9124950632	0.9118614112	0.9119153792	0.9110462169	0.9113805716	0.9118169711	0.9122065304	0.9114250117
0.9115012361	0.9109546457	0.9113127843	0.9118533378	0.9121055039	0.9113348952	0.9112490699	0.9116775415	0.9119110880	0.9120071686	0.9109161698	0.9118209715	0.9111110222	0.9119953858	0.9118950139	0.9124785528	0.9117934056	0.9110948027	0.9116021171	0.9112851456	0.9111046944	0.9112565614	0.9122457336	0.9117444561	0.9116906335	0.9109251888	0.9111081856	1.0000000000	0.9115456761	0.9109514455	0.9114611601	0.9109676650	0.9104186017	0.9117775497	0.9123483603	0.9112421603	0.9121784554	0.9115493855	0.9123427598	0.9116165183	0.9116061174	0.9109753020	0.9110174873	0.9109384989	0.9117784953	0.9115470580	0.9120893572	0.9115652414	0.9123346137	0.9118217715	0.9115190557	0.9111684815	0.9108222712	0.9115271291	0.9113396956	0.9118526104	0.9109403173	0.9111764821	0.9103632517	0.9116954339	0.9113921362	0.9108022696	0.9113796988	0.9117095441	0.9109831572	0.9109415537	0.9115981895	0.9106357104	0.9118232989	0.9109811934	0.9122158403	0.9121775826	0.9115307658	0.9113734438	0.9111043308	0.9109284618	0.9117120171	0.9117937692	0.9113944637	0.9117686035	0.9118177712	0.9117032163	0.9112555432	0.9118302086	0.9115889524	0.9111184410	0.9119255619	0.9123164304	0.9117668579	0.9118361000	0.9117854049	0.9118778489	0.9117971150	0.9111573533	0.9113979549	0.9107787767	0.9112351051	0.9113018743	0.9111314603
0.9115842247	0.9119220707	0.9113914089	0.9123509059	0.9127443201	0.9122889372	0.9121847832	0.9119251982	0.9124200025	0.9126064178	0.9120246973	0.9121308878	0.9117483837	0.9124728796	0.9118547924	0.9125155740	0.9119699292	0.9115315659	0.9120476083	0.9118756669	0.9123183942	0.9119349445	0.9131024586	0.9122082760	0.9126283833	0.9122523524	0.9118152255	0.9115456761	1.0000000000	0.9119497093	0.9170132527	0.9120775016	0.9117306368	0.9125014638	0.9125254657	0.9114070465	0.9120076050	0.9123169395	0.9128874591	0.9116435023	0.9118664298	0.9117936238	0.9114993450	0.9112231042	0.9120518995	0.9119302895	0.9121329244	0.9125037185	0.9128487650	0.9125899074	0.9111311693	0.9120185150	0.9116155728	0.9119400358	0.9110850564	0.9123360683	0.9123220308	0.9116480118	0.9117183449	0.9117388556	0.9116524485	0.9120068049	0.9120848477	0.9124613877	0.9118455553	0.9121017218	0.9118790126	0.9117416195	0.9123598521	0.9120155329	0.9125986354	0.9144796627	0.9123933094	0.9116848148	0.9121644179	0.9110226513	0.9123866180	0.9119000325	0.9124517869	0.9124212390	0.9123070478	0.9114894533	0.9126872972	0.9125122283	0.9121253601	0.9122461700	0.9127405379	0.9120876843	0.9124215299	0.9124205116	0.9119750205	0.9123775990	0.9118546470	0.9117909326	0.9122276231	0.9114497410	0.9122178041	0.9117821319	0.9119426542
0.9115769514	0.9113329314	0.9118208260	0.9120554635	0.9115651686	0.9115601500	0.9120550271	0.9114387582	0.9128629480	0.9124513505	0.9117087441	0.9121554717	0.9112628165	0.9119329079	0.9124875717	0.9127803230	0.9121132137	0.9110379980	0.9116241553	0.9120496448	0.9120111689	0.9113145298	0.9126765327	0.9116156455	0.9127335556	0.9121580901	0.9122193315	0.9109514455	0.9119497093	1.0000000000	0.9117108533	0.9117026345	0.9112535067	0.9124394950	0.9119085423	0.9119019236	0.9113918453	0.9115797153	0.9125555046	0.9118014790	0.9114835619	0.9119869487	0.9111801915	0.9112600526	0.9118200259	0.9112908188	0.9121978024	0.9122296596	0.9122830458	0.9123056658	0.9108827125	0.9116741958	0.9122767180	0.9116585581	0.9111233141	0.9118529741	0.9117910781	0.9116471390	0.9107706306	0.9120294977	0.9116781961	0.9187131015	0.9119550916	0.9124066923	0.9110187237	0.9113995550	0.9119754569	0.9111457887	0.9118562471	0.9114034099	0.9125003000	0.9116542669	0.9122917738	0.9114696699	0.9123861088	0.9113630429	0.9116742685	0.9122380967	0.9119889125	0.9119214161	0.9122222408	0.9118262083	0.9123514151	0.9120470264	0.9116674316	0.9115592772	0.9120481174	0.9120999035	0.9118881043	0.9121582355	0.9119953858	0.9121711821	0.9115065456	0.9116236462	0.9116546305	0.9111225868	0.9115479308	0.9115371663	0.9127412653
0.9113382409	0.9111820826	0.9117019799	0.9119529096	0.9123515605	0.9114159927	0.9118196623	0.9117746404	0.9117923146	0.9115888797	0.9118101342	0.9121236145	0.9117862050	0.9122053667	0.9115752058	0.9122637715	0.9119731294	0.9113572970	0.9112415784	0.9122906828	0.9115881523	0.9111684815	0.9125050277	0.9116421204	0.9118462099	0.9120843386	0.9119503639	0.9114611601	0.9170132527	0.9117108533	1.0000000000	0.9115994987	0.9117025617	0.9125896165	0.9119099970	0.9116537577	0.9115941892	0.9112455787	0.9119510913	0.9111398973	0.9116214642	0.9110018496	0.9121810011	0.9118091887	0.9120524814	0.9110538539	0.9118451916	0.9124117837	0.9120497175	0.9126377659	0.9115765877	0.9120767016	0.9116859786	0.9114480681	0.9107133895	0.9118871587	0.9116217551	0.9117552206	0.9110457078	0.9116121543	0.9111763367	0.9115352025	0.9123906183	0.9122034756	0.9115954984	0.9110251242	0.9109580642	0.9118256991	0.9116828510	0.9115788425	0.9122351146	0.9120352436	0.9118553743	0.9114474135	0.9118810491	0.9116787052	0.9118774852	0.9114150472	0.9118376274	0.9117499111	0.9120888480	0.9115920072	0.9115090186	0.9117959512	0.9119641832	0.9115200013	0.9118217715	0.9118213351	0.9116605947	0.9112180856	0.9115518584	0.9124336036	0.9119448362	0.9114678515	0.9119051238	0.9106383288	0.9111640448	0.9115598591	0.9110051226
