0.5332974292	-0.0058273473	-0.0058645529	-0.0043461887	-0.0053584489	-0.0057218081	-0.0059062671	-0.0036346990	-0.0058969623	-0.0052683499	-0.0051482749	-0.0044875677	-0.0038846627	-0.0050944019	-0.0042550275	-0.0056065483	-0.0057247196	-0.0059222595	-0.0054960831	-0.0047844488	-0.0050351347	-0.0053620988	-0.0045728813	-0.0048682687	-0.0052519755	-0.0057818671	-0.0061418718	-0.0044693597	-0.0050304714	-0.0063646645	-0.0059998703	-0.0063755941	-0.0050832339	-0.0052718199	-0.0041806717	-0.0060556162	-0.0062244132	-0.0062398187	-0.0043673051	-0.0042893774	-0.0066028971	-0.0045430688	-0.0057770290	-0.0058366168	-0.0054621392	-0.0030257922	-0.0056551656	-0.0047383897	-0.0057964238	-0.0052751347	-0.0048477593	-0.0058137644	-0.0045002976	-0.0055093781	-0.0053878022	-0.0064060503	-0.0053649569	-0.0038126369	-0.0049262749	-0.0044508835	-0.0046875371	-0.0046506803	-0.0042001878	-0.0056681346	-0.0065700647	-0.0045592455	-0.0051195050	-0.0049574457	-0.0049677930	-0.0052592512	-0.0059110632	-0.0069624146	-0.0041094154	-0.0046893303	-0.0069704228	-0.0053080143	-0.0048591693	-0.0053732970	-0.0035499131	-0.0058343099	-0.0053981080	-0.0070149993	-0.0056507449	-0.0059821881	-0.0062216879	-0.0049513125	-0.0063442208	-0.0048417466	-0.0051262261	-0.0047379922	-0.0041363569	-0.0059368702	-0.0052082729	-0.0044397281	-0.0060300163	-0.0045766867	-0.0040412848	-0.0056929630	-0.0040403747	-0.0048986298	-0.0039148866	-0.0063572246	-0.0046203198
-0.0058273473	0.5072590505	-0.0052394881	-0.0026235525	-0.0067385364	-0.0047637107	-0.0047498249	-0.0041592680	-0.0045485912	-0.0046592753	-0.0049291787	-0.0053180115	-0.0058959343	-0.0054122756	-0.0064548183	-0.0042210337	-0.0053442536	-0.0043816131	-0.0051384932	-0.0063342634	-0.0057714999	-0.0053387367	-0.0033384426	-0.0048835492	-0.0054017218	-0.0044745658	-0.0036894658	-0.0065701594	-0.0036853717	-0.0053568760	-0.0050285949	-0.0057703047	-0.0049429486	-0.0054019987	-0.0044006939	-0.0050851930	-0.0054232780	-0.0043915342	-0.0050481804	-0.0034373656	-0.0044299526	-0.0057710463	-0.0045971403	-0.0050730918	-0.0036793119	-0.0045919511	-0.0050563998	-0.0056570046	-0.0048370110	-0.0046383330	-0.0056900697	-0.0055893713	-0.0031232123	-0.0064477289	-0.0061511634	-0.0048215430	-0.0060737371	-0.0043760587	-0.0052771189	-0.0038721622	-0.0052520575	-0.0036137877	-0.0053959368	-0.0060824742	-0.0043876938	-0.0035992033	-0.0042970011	-0.0039202161	-0.0056754292	-0.0045651265	-0.0065313036	-0.0050863259	-0.0046783254	-0.0058115686	-0.0056074140	-0.0058288157	-0.0027355518	-0.0049505799	-0.0042813403	-0.0051331695	-0.0047348592	-0.0055006000	-0.0048926283	-0.0059609220	-0.0049107493	-0.0036116607	-0.0036000925	-0.0035819801	-0.0053368494	-0.0056241708	-0.0050442199	-0.0057106057	-0.0062361803	-0.0043496750	-0.0057752168	-0.0054357865	-0.0057961139	-0.0036921623	-0.0052938553	-0.0041543379	-0.0044454633	-0.0055473294	-0.0066569119
-0.0058645529	-0.0052394881	0.5355252350	-0.0030863431	-0.0059249647	-0.0060251605	-0.0052932686	-0.0032751540	-0.0054667415	-0.0055222619	-0.0034916528	-0.0046683826	-0.0062182713	-0.0045980910	-0.0051649545	-0.0063168747	-0.0047262496	-0.0046186277	-0.0066982308	-0.0057126913	-0.0042282636	-0.0054949693	-0.0058450464	-0.0047803186	-0.0060481320	-0.0050838936	-0.0053275450	-0.0054077560	-0.0055436872	-0.0065849769	-0.0056114335	-0.0052292672	-0.0043976216	-0.0056513087	-0.0063068489	-0.0045570662	-0.0044852514	-0.0062021669	-0.0053433548	-0.0048655844	-0.0057058185	-0.0045204915	-0.0055411101	-0.0055048631	-0.0051016148	-0.0063079440	-0.0069477702	-0.0049059634	-0.0068430300	-0.0056585272	-0.0048096801	-0.0052406511	-0.0034919598	-0.0063646828	-0.0040444854	-0.0064352575	-0.0037474869	-0.0028244539	-0.0047436530	-0.0054401506	-0.0037103726	-0.0041725312	-0.0051190903	-0.0046778782	-0.0054573640	-0.0054961931	-0.0052535994	-0.0034173702	-0.0056794742	-0.0060360174	-0.0046417760	-0.0065140804	-0.0053219903	-0.0041211178	-0.0048226663	-0.0048134335	-0.0075901799	-0.0058505935	-0.0048921065	-0.0043581655	-0.0059218747	-0.0040071700	-0.0064596308	-0.0048159276	-0.0059094777	-0.0065975265	-0.0061568876	-0.0058440344	-0.0057757349	-0.0036957995	-0.0049025182	-0.0056300328	-0.0061457125	-0.0055044483	-0.0062783040	-0.0053000262	-0.0043289033	-0.0051774274	-0.0042392052	-0.0054638990	-0.0052329962	-0.0051852500	-0.0059204000
-0.0043461887	-0.0026235525	-0.0030863431	0.3855328398	-0.0043245687	-0.0031797867	-0.0035734779	-0.0028570534	-0.0025703951	-0.0042231360	-0.0024638578	-0.0048442803	-0.0031060921	-0.0035021883	-0.0047894715	-0.0049617033	-0.0031871962	-0.0032384968	-0.0038409614	-0.0034766177	-0.0038112855	-0.0053896850	-0.0029803223	-0.0040037061	-0.0047831399	-0.0041493084	-0.0040977735	-0.0038240356	-0.0040967514	-0.0035520011	-0.0039184180	-0.0034321302	-0.0033699158	-0.0051065874	-0.0039989700	-0.0034016812	-0.0036063911	-0.0049858204	-0.0035767438	-0.0025954202	-0.0034801113	-0.0026900300	-0.0033897831	-0.0039224608	-0.0053444899	-0.0035209221	-0.0040558160	-0.0035568133	-0.0025278530	-0.0040449963	-0.0027379933	-0.0038226820	-0.0024068036	-0.0048190398	-0.0040659031	-0.0050908371	-0.0049503139	-0.0026787545	-0.0042304462	-0.0033037580	-0.0037825808	-0.0029104429	-0.0036662832	-0.0033896712	-0.0031652918	-0.0041050375	-0.0033890261	-0.0024039009	-0.0053050910	-0.0040057360	-0.0045403799	-0.0044540019	-0.0031158603	-0.0037530942	-0.0034998459	-0.0045309078	-0.0049461810	-0.0030329380	-0.0032507690	-0.0040753000	-0.0048554240	-0.0042689479	-0.0042334356	-0.0033251377	-0.0051283704	-0.0040931057	-0.0032236907	-0.0032350646	-0.0036450731	-0.0044229989	-0.0030919621	-0.0030842164	-0.0033928554	-0.0035563809	-0.0037462157	-0.0052215863	-0.0024879176	-0.0057604951	-0.0034907430	-0.0036141770	-0.0036561696	-0.0027670894	-0.0043941819
-0.0053584489	-0.0067385364	-0.0059249647	-0.0043245687	0.5072954215	-0.0071088875	-0.0053695171	-0.0037508108	-0.0048068011	-0.0047153132	-0.0026099707	-0.0047232876	-0.0048472415	-0.0052700650	-0.0035508002	-0.0051742586	-0.0055648313	-0.0054733424	-0.0049618456	-0.0045304209	-0.0053093127	-0.0056542444	-0.0061536400	-0.0058165567	-0.0051280339	-0.0051176885	-0.0048079919	-0.0060223673	-0.0039275553	-0.0061067323	-0.0056635776	-0.0033733056	-0.0039257979	-0.0053506458	-0.0064347601	-0.0049002762	-0.0048343785	-0.0040847994	-0.0059890341	-0.0051888405	-0.0051415594	-0.0035786515	-0.0053290695	-0.0040499593	-0.0051358703	-0.0044034901	-0.0054329061	-0.0058479520	-0.0047937662	-0.0040688234	-0.0064492442	-0.0050233005	-0.0045561293	-0.0050018143	-0.0040576097	-0.0054936701	-0.0040086932	-0.0045088873	-0.0047100789	-0.0040096353	-0.0042600322	-0.0037294997	-0.0060168192	-0.0043849317	-0.0060054806	-0.0064479137	-0.0043383353	-0.0035163849	-0.0052631740	-0.0047055469	-0.0056683047	-0.0052837523	-0.0050132693	-0.0042989141	-0.0050145281	-0.0058387760	-0.0060096787	-0.0053287694	-0.0050316463	-0.0054286341	-0.0056070397	-0.0058915487	-0.0047357194	-0.0046551970	-0.0046648076	-0.0039977536	-0.0057501765	-0.0054869162	-0.0051426087	-0.0050622827	-0.0040182687	-0.0046453508	-0.0049785178	-0.0060197633	-0.0029494685	-0.0050683138	-0.0044801223	-0.0060544397	-0.0044937349	-0.0049858552	-0.0043437302	-0.0032720667	-0.0052127872
-0.0057218081	-0.0047637107	-0.0060251605	-0.0031797867	-0.0071088875	0.5175152906	-0.0045499015	-0.0043648847	-0.0041217740	-0.0051148087	-0.0051123926	-0.0039699209	-0.0045909309	-0.0038346446	-0.0061108756	-0.0037249858	-0.0037575161	-0.0062451674	-0.0061844526	-0.0046276941	-0.0043366070	-0.0050182867	-0.0054255182	-0.0042003772	-0.0058205627	-0.0056329507	-0.0043810896	-0.0052366030	-0.0052796978	-0.0051243969	-0.0054000977	-0.0047574450	-0.0065519744	-0.0047909534	-0.0056970791	-0.0049559341	-0.0048037891	-0.0059475661	-0.0047596166	-0.0035025467	-0.0040398604	-0.0064262331	-0.0054074483	-0.0061403760	-0.0043092702	-0.0040888431	-0.0051128982	-0.0064155236	-0.0053572918	-0.0043987487	-0.0040953659	-0.0061415341	-0.0050966666	-0.0049371692	-0.0061530885	-0.0042491784	-0.0059497284	-0.0066179029	-0.0055071187	-0.0054759960	-0.0045922248	-0.0046435785	-0.0050869489	-0.0044158290	-0.0043810777	-0.0058062953	-0.0043285961	-0.0034047154	-0.0064732628	-0.0042484254	-0.0042351319	-0.0036896087	-0.0052311363	-0.0042698775	-0.0061616886	-0.0052721046	-0.0040452834	-0.0060746381	-0.0038690204	-0.0063538844	-0.0052774842	-0.0059682464	-0.0045187223	-0.0054801094	-0.0045926495	-0.0065558262	-0.0049893103	-0.0055645392	-0.0060770905	-0.0064042497	-0.0052738187	-0.0060220735	-0.0048809887	-0.0046384163	-0.0046830509	-0.0045613319	-0.0055530488	-0.0036919516	-0.0031158460	-0.0054054838	-0.0046142690	-0.0061128679	-0.0062979507
-0.0059062671	-0.0047498249	-0.0052932686	-0.0035734779	-0.0053695171	-0.0045499015	0.5240996339	-0.0048858504	-0.0045470375	-0.0051365649	-0.0051866706	-0.0035664461	-0.0048128244	-0.0051125899	-0.0054236015	-0.0036756040	-0.0056608296	-0.0051827629	-0.0063277256	-0.0045662795	-0.0054851040	-0.0037091785	-0.0047245543	-0.0049481190	-0.0050449598	-0.0047553011	-0.0061944519	-0.0066630994	-0.0051285389	-0.0050995355	-0.0049936850	-0.0045793702	-0.0060489461	-0.0070759875	-0.0038578943	-0.0055100018	-0.0056967764	-0.0056416185	-0.0041425482	-0.0042524543	-0.0038162565	-0.0049290391	-0.0051085065	-0.0069931673	-0.0066834279	-0.0053456803	-0.0066261864	-0.0058460426	-0.0068477876	-0.0067045021	-0.0063186605	-0.0051751558	-0.0034551200	-0.0048695055	-0.0045602509	-0.0032913802	-0.0064539578	-0.0043354126	-0.0064622684	-0.0037509842	-0.0053999550	-0.0054271545	-0.0052378626	-0.0050144374	-0.0050738950	-0.0046650194	-0.0035218461	-0.0039414731	-0.0061014366	-0.0061394953	-0.0055622200	-0.0061121178	-0.0060385554	-0.0044079019	-0.0058380660	-0.0054720544	-0.0047104109	-0.0056371526	-0.0032144652	-0.0050769518	-0.0052326668	-0.0042620407	-0.0039844219	-0.0057311628	-0.0044094360	-0.0049971798	-0.0046762879	-0.0043997900	-0.0053318350	-0.0052738258	-0.0048265764	-0.0054298962	-0.0042567608	-0.0048695778	-0.0060054402	-0.0060375078	-0.0051665112	-0.0049771862	-0.0048854987	-0.0058477897	-0.0041837871	-0.0060373338	-0.0060321893
-0.0036346990	-0.0041592680	-0.0032751540	-0.0028570534	-0.0037508108	-0.0043648847	-0.0048858504	0.3883696001	-0.0042756098	-0.0049065216	-0.0021107563	-0.0038312698	-0.0023241531	-0.0034164642	-0.0028413523	-0.0042657930	-0.0038608548	-0.0031681413	-0.0034463839	-0.0041486423	-0.0030803063	-0.0030698001	-0.0045136780	-0.0024970140	-0.0048942414	-0.0045427381	-0.0056587295	-0.0037704797	-0.0035714441	-0.0048946297	-0.0044808707	-0.0048591138	-0.0036166120	-0.0025442208	-0.0040895865	-0.0041575672	-0.0048104771	-0.0046981167	-0.0036299235	-0.0038805691	-0.0042790349	-0.0036451688	-0.0038908151	-0.0015341219	-0.0037419400	-0.0041552031	-0.0042688011	-0.0038756620	-0.0031772269	-0.0036908726	-0.0044266078	-0.0047666538	-0.0029787594	-0.0035226884	-0.0042834705	-0.0048225400	-0.0049952331	-0.0019177608	-0.0037288205	-0.0014033618	-0.0035609566	-0.0027565577	-0.0033224808	-0.0053389774	-0.0050391596	-0.0041712459	-0.0013709871	-0.0031682055	-0.0026388608	-0.0046863503	-0.0031028499	-0.0049048365	-0.0029030855	-0.0040873509	-0.0048561233	-0.0033181190	-0.0045645226	-0.0039510857	-0.0025167071	-0.0032521229	-0.0046352871	-0.0050790737	-0.0029386825	-0.0025809923	-0.0045828162	-0.0043463249	-0.0036486526	-0.0044203473	-0.0048633407	-0.0051294798	-0.0033081225	-0.0034188173	-0.0022534524	-0.0037425195	-0.0031548739	-0.0041055121	-0.0044683052	-0.0037163310	-0.0032538360	-0.0051818470	-0.0039595111	-0.0047539540	-0.0034284127
-0.0058969623	-0.0045485912	-0.0054667415	-0.0025703951	-0.0048068011	-0.0041217740	-0.0045470375	-0.0042756098	0.4650445516	-0.0055470389	-0.0043523826	-0.0040209486	-0.0027882077	-0.0034786459	-0.0060207939	-0.0059832711	-0.0050233481	-0.0054857019	-0.0027563373	-0.0039569723	-0.0033741336	-0.0052661002	-0.0053259885	-0.0047785905	-0.0049408398	-0.0048415856	-0.0034015862	-0.0041666906	-0.0051090908	-0.0044911444	-0.0052261932	-0.0038728666	-0.0047786637	-0.0034382385	-0.0043095727	-0.0042826981	-0.0046205224	-0.0052324834	-0.0043851241	-0.0037994034	-0.0059034905	-0.0045665575	-0.0048937936	-0.0053602906	-0.0056108852	-0.0056517001	-0.0051531964	-0.0038621866	-0.0054125346	-0.0040866021	-0.0045346528	-0.0042237114	-0.0035533076	-0.0041482309	-0.0049086909	-0.0054165969	-0.0053496462	-0.0030903207	-0.0050499665	-0.0035569850	-0.0042425943	-0.0038259600	-0.0048124407	-0.0041529998	-0.0044643593	-0.0053265105	-0.0031614932	-0.0034013331	-0.0040710025	-0.0061745258	-0.0033874053	-0.0046634145	-0.0044087005	-0.0042440795	-0.0060627493	-0.0051138140	-0.0055219825	-0.0048074581	-0.0036722335	-0.0049188322	-0.0056181405	-0.0039383015	-0.0052855878	-0.0047509588	-0.0049837649	-0.0057796945	-0.0037852222	-0.0042941861	-0.0031916722	-0.0044999098	-0.0031476743	-0.0040017897	-0.0037405170	-0.0028445603	-0.0060870786	-0.0052703951	-0.0040358133	-0.0057938383	-0.0048071754	-0.0053096471	-0.0058418122	-0.0041114669	-0.0038690328
-0.0052683499	-0.0046592753	-0.0055222619	-0.0042231360	-0.0047153132	-0.0051148087	-0.0051365649	-0.0049065216	-0.0055470389	0.5282716010	-0.0047660530	-0.0047431799	-0.0057743717	-0.0048044792	-0.0051327388	-0.0047447777	-0.0058589106	-0.0050159101	-0.0058636626	-0.0059342363	-0.0056150318	-0.0040060848	-0.0041650295	-0.0047332423	-0.0073923800	-0.0025176616	-0.0053737899	-0.0064206443	-0.0047861332	-0.0049686095	-0.0047646465	-0.0043125139	-0.0060167628	-0.0048998867	-0.0036161808	-0.0050785551	-0.0054181113	-0.0057014494	-0.0051529307	-0.0046869670	-0.0053513455	-0.0044452997	-0.0054738801	-0.0060047647	-0.0056340893	-0.0060601386	-0.0052984834	-0.0059973559	-0.0069761549	-0.0059885232	-0.0049208579	-0.0063506493	-0.0054337307	-0.0050103868	-0.0058454145	-0.0043109951	-0.0055390301	-0.0036917402	-0.0035601246	-0.0048169605	-0.0051336377	-0.0041674840	-0.0064236435	-0.0051030279	-0.0052049048	-0.0046110049	-0.0048980606	-0.0035245235	-0.0052696246	-0.0053446256	-0.0065705458	-0.0054773200	-0.0057933452	-0.0040209315	-0.0055100554	-0.0057037970	-0.0055818592	-0.0049097663	-0.0028344105	-0.0045749129	-0.0055245920	-0.0049089893	-0.0046469481	-0.0059059711	-0.0056758891	-0.0053641045	-0.0045106118	-0.0038288474	-0.0054396245	-0.0056402411	-0.0069255924	-0.0055949988	-0.0039020411	-0.0062038074	-0.0052127972	-0.0058685205	-0.0064789514	-0.0043881072	-0.0052159172	-0.0060950721	-0.0055431588	-0.0053286042	-0.0053426066
-0.0051482749	-0.0049291787	-0.0034916528	-0.0024638578	-0.0026099707	-0.0051123926	-0.0051866706	-0.0021107563	-0.0043523826	-0.0047660530	0.3989830562	-0.0047673917	-0.0030507807	-0.0035097679	-0.0039620835	-0.0027817439	-0.0043967974	-0.0021987098	-0.0045209363	-0.0043681050	-0.0047701392	-0.0036360694	-0.0051066847	-0.0039181927	-0.0045803948	-0.0034783239	-0.0031040988	-0.0042798607	-0.0041880465	-0.0028861727	-0.0042967078	-0.0026235347	-0.0041991171	-0.0032677689	-0.0031153389	-0.0021335476	-0.0029482876	-0.0028936157	-0.0040178362	-0.0046530700	-0.0056072245	-0.0033868351	-0.0051099252	-0.0054968219	-0.0028495273	-0.0033792396	-0.0039361073	-0.0036614626	-0.0043174748	-0.0041596534	-0.0051681426	-0.0036856920	-0.0023619581	-0.0049018447	-0.0051400514	-0.0037725863	-0.0041581628	-0.0030751978	-0.0046329842	-0.0040778785	-0.0040554809	-0.0026741074	-0.0042109844	-0.0025896807	-0.0039075550	-0.0052136768	-0.0039991346	-0.0033720055	-0.0040489971	-0.0030350242	-0.0045549661	-0.0052597070	-0.0040534082	-0.0031863514	-0.0046274890	-0.0057388941	-0.0044965173	-0.0025676192	-0.0033772245	-0.0045165766	-0.0046137175	-0.0039542167	-0.0030923395	-0.0019954742	-0.0048281862	-0.0043217456	-0.0036183467	-0.0035004010	-0.0030609321	-0.0047324417	-0.0051914268	-0.0034567822	-0.0042414341	-0.0045853291	-0.0042810718	-0.0048415369	-0.0031709888	-0.0042165927	-0.0028213468	-0.0040472648	-0.0031437323	-0.0039956714	-0.0030835932
-0.0044875677	-0.0053180115	-0.0046683826	-0.0048442803	-0.0047232876	-0.0039699209	-0.0035664461	-0.0038312698	-0.0040209486	-0.0047431799	-0.0047673917	0.5137123148	-0.0032870248	-0.0042409415	-0.0048423330	-0.0064507871	-0.0051996896	-0.0064292799	-0.0043604251	-0.0058365697	-0.0044314518	-0.0055278538	-0.0059469353	-0.0049114332	-0.0052676411	-0.0051714849	-0.0046389016	-0.0040941896	-0.0052606618	-0.0045358125	-0.0040826726	-0.0052621672	-0.0042987765	-0.0065978638	-0.0046709161	-0.0048241985	-0.0048315165	-0.0058867293	-0.0046991018	-0.0038418278	-0.0065951027	-0.0030787021	-0.0048955104	-0.0057290712	-0.0045966967	-0.0037387649	-0.0065796508	-0.0070344146	-0.0047885276	-0.0042039533	-0.0039506122	-0.0056587405	-0.0030925373	-0.0063930603	-0.0049653463	-0.0063034763	-0.0060058550	-0.0041811011	-0.0053186230	-0.0044415894	-0.0054985705	-0.0040606635	-0.0051096604	-0.0034826903	-0.0056237921	-0.0052632973	-0.0032575460	-0.0045538512	-0.0059785477	-0.0059491792	-0.0056148018	-0.0058091905	-0.0047528003	-0.0039913941	-0.0057055894	-0.0054417162	-0.0064097660	-0.0051079951	-0.0044407495	-0.0043259408	-0.0051109057	-0.0046392209	-0.0062156645	-0.0053673465	-0.0063707120	-0.0063260491	-0.0051156422	-0.0040412187	-0.0050804905	-0.0043732254	-0.0046326477	-0.0047627675	-0.0046913713	-0.0043820656	-0.0049276337	-0.0059474949	-0.0052442733	-0.0063535432	-0.0054308120	-0.0062695690	-0.0054328587	-0.0065534448	-0.0061444070
-0.0038846627	-0.0058959343	-0.0062182713	-0.0031060921	-0.0048472415	-0.0045909309	-0.0048128244	-0.0023241531	-0.0027882077	-0.0057743717	-0.0030507807	-0.0032870248	0.4411912035	-0.0046540295	-0.0044262012	-0.0050350000	-0.0049748877	-0.0040150920	-0.0033581974	-0.0039065208	-0.0036811119	-0.0054829742	-0.0053961715	-0.0039177270	-0.0034471761	-0.0044282451	-0.0041783931	-0.0048580781	-0.0041942898	-0.0038276213	-0.0035588652	-0.0043936750	-0.0037006019	-0.0045688510	-0.0042191678	-0.0041475360	-0.0047530877	-0.0050068719	-0.0036959737	-0.0040734032	-0.0035397603	-0.0030867782	-0.0047561235	-0.0044349695	-0.0054225667	-0.0047438190	-0.0043405430	-0.0039643256	-0.0031579599	-0.0041320219	-0.0054955843	-0.0019111387	-0.0031052757	-0.0049129245	-0.0041317674	-0.0055105900	-0.0045898710	-0.0027982352	-0.0032751374	-0.0032650521	-0.0039867407	-0.0035622924	-0.0040155870	-0.0034982158	-0.0033400327	-0.0052844223	-0.0035410749	-0.0032649309	-0.0046090192	-0.0037058824	-0.0039618968	-0.0050806929	-0.0056066427	-0.0035284981	-0.0038715213	-0.0051464358	-0.0061899467	-0.0044552791	-0.0038880178	-0.0050960173	-0.0059381385	-0.0036869650	-0.0045432739	-0.0036261527	-0.0057383159	-0.0064717316	-0.0050662402	-0.0037654856	-0.0038724393	-0.0030777976	-0.0049474336	-0.0048064593	-0.0041351439	-0.0045383678	-0.0048867757	-0.0053327333	-0.0041126339	-0.0063979420	-0.0049641640	-0.0046482174	-0.0048789403	-0.0055192499	-0.0035487662
-0.0050944019	-0.0054122756	-0.0045980910	-0.0035021883	-0.0052700650	-0.0038346446	-0.0051125899	-0.0034164642	-0.0034786459	-0.0048044792	-0.0035097679	-0.0042409415	-0.0046540295	0.4851529169	-0.0037960916	-0.0049053865	-0.0044977271	-0.0063236710	-0.0048825316	-0.0053992316	-0.0035924992	-0.0035867453	-0.0064893280	-0.0048975620	-0.0052664558	-0.0054538050	-0.0033940742	-0.0047175755	-0.0053315054	-0.0050432754	-0.0048321719	-0.0038450271	-0.0039101172	-0.0055555414	-0.0042241005	-0.0047581033	-0.0032180898	-0.0054258523	-0.0045737744	-0.0037079717	-0.0046462840	-0.0052766167	-0.0055823428	-0.0050133396	-0.0065277910	-0.0056508675	-0.0043890702	-0.0045708394	-0.0049439409	-0.0035516534	-0.0046902431	-0.0038809634	-0.0046179798	-0.0047657508	-0.0046480302	-0.0060831889	-0.0047675796	-0.0034430297	-0.0044536037	-0.0034683179	-0.0054002627	-0.0029048186	-0.0062851000	-0.0046492766	-0.0065092657	-0.0054424576	-0.0032725500	-0.0033716423	-0.0042903294	-0.0045440291	-0.0057195492	-0.0048201588	-0.0050431179	-0.0048634473	-0.0043145846	-0.0060042849	-0.0059101923	-0.0048601241	-0.0040822464	-0.0051538394	-0.0060466638	-0.0056114856	-0.0043077427	-0.0041723667	-0.0061091810	-0.0056575254	-0.0059283636	-0.0057610391	-0.0050829980	-0.0035228359	-0.0040116375	-0.0050645881	-0.0039275252	-0.0050115458	-0.0046261261	-0.0051896813	-0.0029329508	-0.0066539138	-0.0037356123	-0.0055403269	-0.0059302265	-0.0054181548	-0.0039409172
-0.0042550275	-0.0064548183	-0.0051649545	-0.0047894715	-0.0035508002	-0.0061108756	-0.0054236015	-0.0028413523	-0.0060207939	-0.0051327388	-0.0039620835	-0.0048423330	-0.0044262012	-0.0037960916	0.5196712438	-0.0059575255	-0.0058671621	-0.0047668854	-0.0049529588	-0.0048088461	-0.0046698405	-0.0069644207	-0.0051290200	-0.0048702625	-0.0057523600	-0.0054301464	-0.0038913636	-0.0055759384	-0.0046366506	-0.0050419061	-0.0034946876	-0.0049727590	-0.0056096875	-0.0055017430	-0.0044305613	-0.0048058868	-0.0054313416	-0.0065307636	-0.0061869549	-0.0046475177	-0.0058287594	-0.0047851020	-0.0049010591	-0.0053567177	-0.0058635630	-0.0045463908	-0.0050145991	-0.0052047124	-0.0057153591	-0.0053838608	-0.0053512644	-0.0051237372	-0.0042286193	-0.0057587951	-0.0042237977	-0.0045977967	-0.0055801215	-0.0030128519	-0.0045828997	-0.0044330329	-0.0049853854	-0.0035496344	-0.0045477240	-0.0046232010	-0.0054437614	-0.0062546569	-0.0038236114	-0.0032211225	-0.0044997763	-0.0029443823	-0.0071736322	-0.0064653887	-0.0051700521	-0.0043341943	-0.0060557815	-0.0051526834	-0.0066048906	-0.0048178864	-0.0045478541	-0.0061223006	-0.0067455319	-0.0054514067	-0.0060901673	-0.0047823704	-0.0066908631	-0.0057215804	-0.0044512852	-0.0048642432	-0.0046998652	-0.0047546446	-0.0063722278	-0.0046925476	-0.0063390232	-0.0059575188	-0.0041276506	-0.0038743410	-0.0048220416	-0.0056566302	-0.0054113424	-0.0067404677	-0.0057861654	-0.0050962750	-0.0040137622
-0.0056065483	-0.0042210337	-0.0063168747	-0.0049617033	-0.0051742586	-0.0037249858	-0.0036756040	-0.0042657930	-0.0059832711	-0.0047447777	-0.0027817439	-0.0064507871	-0.0050350000	-0.0049053865	-0.0059575255	0.5255204367	-0.0044516201	-0.0054307593	-0.0056923100	-0.0062874729	-0.0045038129	-0.0042659034	-0.0038331326	-0.0036945785	-0.0060159278	-0.0052413712	-0.0058582518	-0.0063387074	-0.0046385899	-0.0050447087	-0.0047999389	-0.0049977514	-0.0042078988	-0.0058374420	-0.0047814616	-0.0049272604	-0.0061827842	-0.0051393858	-0.0041749051	-0.0049668791	-0.0043713743	-0.0049540566	-0.0059128751	-0.0068134421	-0.0056061263	-0.0035024099	-0.0060942240	-0.0046622987	-0.0046567280	-0.0059073342	-0.0064553795	-0.0067964873	-0.0045073369	-0.0047465218	-0.0060337504	-0.0043396818	-0.0070578517	-0.0057318227	-0.0056812731	-0.0056782551	-0.0061921892	-0.0039357272	-0.0057440229	-0.0058546274	-0.0052651231	-0.0060080295	-0.0045010972	-0.0057862382	-0.0052294529	-0.0054294496	-0.0051477283	-0.0064462369	-0.0047482448	-0.0052231049	-0.0049828876	-0.0045214238	-0.0040590119	-0.0053570022	-0.0039356728	-0.0045609550	-0.0044863389	-0.0064516984	-0.0043685267	-0.0057088849	-0.0044874437	-0.0051437505	-0.0057270735	-0.0046355678	-0.0038569666	-0.0050961618	-0.0062752488	-0.0056620293	-0.0057634037	-0.0054530633	-0.0046849870	-0.0054560111	-0.0050098472	-0.0050315460	-0.0065043965	-0.0040565494	-0.0033544382	-0.0055578649	-0.0051930366
-0.0057247196	-0.0053442536	-0.0047262496	-0.0031871962	-0.0055648313	-0.0037575161	-0.0056608296	-0.0038608548	-0.0050233481	-0.0058589106	-0.0043967974	-0.0051996896	-0.0049748877	-0.0044977271	-0.0058671621	-0.0044516201	0.4982721870	-0.0051191209	-0.0040964295	-0.0050088872	-0.0047560721	-0.0053084753	-0.0075828562	-0.0036648514	-0.0062159393	-0.0058915715	-0.0050319189	-0.0050819528	-0.0046510437	-0.0055203543	-0.0047644992	-0.0051544997	-0.0043721481	-0.0038624708	-0.0039638799	-0.0046365214	-0.0058766798	-0.0042717800	-0.0053409631	-0.0039261968	-0.0049948488	-0.0053282942	-0.0042234395	-0.0045639944	-0.0049525116	-0.0047416466	-0.0048908973	-0.0049671519	-0.0038594947	-0.0040110409	-0.0048259496	-0.0054722066	-0.0046330303	-0.0060270679	-0.0043520331	-0.0050235216	-0.0055366929	-0.0038308786	-0.0038723256	-0.0048603025	-0.0035845200	-0.0036842272	-0.0037843359	-0.0044937097	-0.0056480590	-0.0071157338	-0.0044755204	-0.0037305975	-0.0044340789	-0.0057500171	-0.0044873094	-0.0056307965	-0.0051582689	-0.0048927323	-0.0059376482	-0.0046399458	-0.0075571352	-0.0050064216	-0.0031767545	-0.0048075655	-0.0045557855	-0.0061051578	-0.0046750793	-0.0046707890	-0.0048393793	-0.0058196864	-0.0051890172	-0.0046995970	-0.0034230953	-0.0040444199	-0.0049514430	-0.0051905906	-0.0040990971	-0.0052182894	-0.0044388756	-0.0061188766	-0.0049871182	-0.0059464333	-0.0037949815	-0.0055401492	-0.0045241908	-0.0052859858	-0.0049957378
-0.0059222595	-0.0043816131	-0.0046186277	-0.0032384968	-0.0054733424	-0.0062451674	-0.0051827629	-0.0031681413	-0.0054857019	-0.0050159101	-0.0021987098	-0.0064292799	-0.0040150920	-0.0063236710	-0.0047668854	-0.0054307593	-0.0051191209	0.4846711036	-0.0052210182	-0.0048747393	-0.0055287230	-0.0039485392	-0.0044485995	-0.0047730153	-0.0055514973	-0.0032264748	-0.0048091277	-0.0050367636	-0.0039411796	-0.0045520941	-0.0044239648	-0.0031818476	-0.0054461743	-0.0062478082	-0.0045496829	-0.0047969612	-0.0055960805	-0.0034948268	-0.0031437662	-0.0040621125	-0.0051259135	-0.0061444101	-0.0048669433	-0.0058369959	-0.0035000496	-0.0059424741	-0.0055845448	-0.0032730585	-0.0052379124	-0.0049126327	-0.0050236290	-0.0051550851	-0.0035135160	-0.0055579561	-0.0052574001	-0.0049667482	-0.0074123728	-0.0036146848	-0.0033992211	-0.0046776100	-0.0057826870	-0.0033870091	-0.0050016368	-0.0051045171	-0.0052055477	-0.0055754755	-0.0039085461	-0.0049163715	-0.0051499518	-0.0059446298	-0.0044127973	-0.0061369724	-0.0056636447	-0.0052897855	-0.0057091546	-0.0041665584	-0.0041861319	-0.0049803186	-0.0027392338	-0.0044851678	-0.0052167059	-0.0056250040	-0.0045805839	-0.0042472883	-0.0048425599	-0.0026043241	-0.0038922945	-0.0035845399	-0.0036283135	-0.0042011750	-0.0042385038	-0.0049009399	-0.0043251923	-0.0039128181	-0.0054998635	-0.0053163955	-0.0035533915	-0.0046130565	-0.0053508233	-0.0049468760	-0.0047919616	-0.0049907086	-0.0051879508
-0.0054960831	-0.0051384932	-0.0066982308	-0.0038409614	-0.0049618456	-0.0061844526	-0.0063277256	-0.0034463839	-0.0027563373	-0.0058636626	-0.0045209363	-0.0043604251	-0.0033581974	-0.0048825316	-0.0049529588	-0.0056923100	-0.0040964295	-0.0052210182	0.5049416334	-0.0039034643	-0.0043291196	-0.0049564880	-0.0072021640	-0.0054338715	-0.0048130169	-0.0053851390	-0.0040613973	-0.0046899885	-0.0056409548	-0.0053719841	-0.0054134259	-0.0051171581	-0.0043181596	-0.0030656270	-0.0042460485	-0.0053644339	-0.0046371496	-0.0044164049	-0.0057397684	-0.0035956536	-0.0056044958	-0.0045594981	-0.0056308039	-0.0034611621	-0.0054798156	-0.0048647053	-0.0047216570	-0.0046931124	-0.0043576113	-0.0057267660	-0.0044441495	-0.0051980690	-0.0025298582	-0.0049858504	-0.0058171063	-0.0048253666	-0.0039441698	-0.0032398219	-0.0039287088	-0.0046651899	-0.0040896037	-0.0043081659	-0.0047152333	-0.0049096966	-0.0066140073	-0.0057999849	-0.0037897622	-0.0037989978	-0.0037827475	-0.0063223273	-0.0045057617	-0.0054616145	-0.0036763404	-0.0041168203	-0.0041965604	-0.0053213093	-0.0057456496	-0.0056503783	-0.0046142265	-0.0058370730	-0.0059981888	-0.0044013707	-0.0057150111	-0.0055209622	-0.0056490691	-0.0060109347	-0.0070461482	-0.0052961707	-0.0054299219	-0.0046423675	-0.0052031607	-0.0066187736	-0.0052361730	-0.0055474316	-0.0065700445	-0.0065362480	-0.0047204206	-0.0059083483	-0.0046744240	-0.0062095861	-0.0043484553	-0.0049002223	-0.0033236215
-0.0047844488	-0.0063342634	-0.0057126913	-0.0034766177	-0.0045304209	-0.0046276941	-0.0045662795	-0.0041486423	-0.0039569723	-0.0059342363	-0.0043681050	-0.0058365697	-0.0039065208	-0.0053992316	-0.0048088461	-0.0062874729	-0.0050088872	-0.0048747393	-0.0039034643	0.5183225909	-0.0060761476	-0.0047012273	-0.0054619686	-0.0058454176	-0.0062236921	-0.0048488482	-0.0051484897	-0.0057636459	-0.0046784584	-0.0060820593	-0.0050716664	-0.0063425797	-0.0045667924	-0.0060951524	-0.0056569840	-0.0053629656	-0.0059242637	-0.0054370118	-0.0051369183	-0.0039961097	-0.0052874654	-0.0039028694	-0.0057906293	-0.0050654580	-0.0052056238	-0.0044643899	-0.0056362270	-0.0050803608	-0.0037748922	-0.0037938717	-0.0052290616	-0.0050436097	-0.0028871772	-0.0051838267	-0.0050666295	-0.0054446525	-0.0067606803	-0.0045123370	-0.0053279894	-0.0039864508	-0.0037850622	-0.0035313460	-0.0041649727	-0.0055102464	-0.0064333737	-0.0056606130	-0.0044173937	-0.0034382215	-0.0056670383	-0.0054836884	-0.0039677593	-0.0057168695	-0.0048539017	-0.0040702850	-0.0053990720	-0.0056424424	-0.0059322928	-0.0054583086	-0.0041294079	-0.0059589255	-0.0059078265	-0.0045772671	-0.0042733583	-0.0049569060	-0.0063497592	-0.0059406647	-0.0071328989	-0.0046623738	-0.0059969561	-0.0053638821	-0.0047158054	-0.0050258969	-0.0040025325	-0.0053493497	-0.0055139103	-0.0040090092	-0.0046016477	-0.0063610032	-0.0053295672	-0.0068549972	-0.0047534226	-0.0050691946	-0.0040224368
-0.0050351347	-0.0057714999	-0.0042282636	-0.0038112855	-0.0053093127	-0.0043366070	-0.0054851040	-0.0030803063	-0.0033741336	-0.0056150318	-0.0047701392	-0.0044314518	-0.0036811119	-0.0035924992	-0.0046698405	-0.0045038129	-0.0047560721	-0.0055287230	-0.0043291196	-0.0060761476	0.4756279440	-0.0047210650	-0.0056658904	-0.0045487676	-0.0047743219	-0.0043505302	-0.0044487027	-0.0045194678	-0.0040132948	-0.0038642876	-0.0052704840	-0.0046787947	-0.0042786550	-0.0041406033	-0.0039924803	-0.0043375691	-0.0040291983	-0.0057196284	-0.0048866083	-0.0030849178	-0.0049795120	-0.0040929412	-0.0061205510	-0.0039289321	-0.0051899809	-0.0056474821	-0.0039033495	-0.0039070646	-0.0039178673	-0.0064328153	-0.0045731464	-0.0052300334	-0.0034820326	-0.0049679583	-0.0043030903	-0.0047084268	-0.0054847811	-0.0042270214	-0.0047844884	-0.0039532082	-0.0033938352	-0.0037131194	-0.0044829084	-0.0037707173	-0.0053339730	-0.0050529853	-0.0047503460	-0.0037905651	-0.0051826338	-0.0048018238	-0.0040697671	-0.0036134820	-0.0054633101	-0.0042594291	-0.0065940000	-0.0058409917	-0.0059113665	-0.0046900518	-0.0043776600	-0.0047726335	-0.0049995996	-0.0044394078	-0.0048673205	-0.0032965789	-0.0054456308	-0.0058425686	-0.0054424813	-0.0050557060	-0.0052082026	-0.0047572632	-0.0042396856	-0.0045321315	-0.0051793016	-0.0056478822	-0.0031780203	-0.0053769116	-0.0047425418	-0.0060980411	-0.0043391779	-0.0057696017	-0.0038282822	-0.0039417355	-0.0039887254
-0.0053620988	-0.0053387367	-0.0054949693	-0.0053896850	-0.0056542444	-0.0050182867	-0.0037091785	-0.0030698001	-0.0052661002	-0.0040060848	-0.0036360694	-0.0055278538	-0.0054829742	-0.0035867453	-0.0069644207	-0.0042659034	-0.0053084753	-0.0039485392	-0.0049564880	-0.0047012273	-0.0047210650	0.5139735659	-0.0039669558	-0.0052723608	-0.0067070480	-0.0053877957	-0.0058120789	-0.0042944210	-0.0055488836	-0.0043949034	-0.0061420752	-0.0065710771	-0.0043027380	-0.0057098875	-0.0043209503	-0.0051876095	-0.0055897892	-0.0051732966	-0.0056740439	-0.0047087664	-0.0059923523	-0.0054874540	-0.0053088961	-0.0049242551	-0.0051447656	-0.0040370555	-0.0048429886	-0.0042625296	-0.0059972730	-0.0052564395	-0.0060510627	-0.0066030165	-0.0040233786	-0.0050546739	-0.0053968565	-0.0048520847	-0.0061283580	-0.0046448290	-0.0044192422	-0.0043587657	-0.0053207958	-0.0033708118	-0.0054677750	-0.0053968293	-0.0058781797	-0.0054304195	-0.0037553789	-0.0043403715	-0.0051222927	-0.0050372014	-0.0041205110	-0.0069850169	-0.0059689151	-0.0047871761	-0.0044918796	-0.0045994711	-0.0054836950	-0.0044840235	-0.0037340995	-0.0046779820	-0.0044731657	-0.0042640242	-0.0063688220	-0.0046949335	-0.0044775242	-0.0049531443	-0.0057523343	-0.0029378519	-0.0058152415	-0.0040012592	-0.0059023152	-0.0051794091	-0.0051270344	-0.0053254251	-0.0048931235	-0.0062819357	-0.0054965742	-0.0036344305	-0.0052324477	-0.0055011740	-0.0052649760	-0.0048479220	-0.0061357684
-0.0045728813	-0.0033384426	-0.0058450464	-0.0029803223	-0.0061536400	-0.0054255182	-0.0047245543	-0.0045136780	-0.0053259885	-0.0041650295	-0.0051066847	-0.0059469353	-0.0053961715	-0.0064893280	-0.0051290200	-0.0038331326	-0.0075828562	-0.0044485995	-0.0072021640	-0.0054619686	-0.0056658904	-0.0039669558	0.5335825738	-0.0032966848	-0.0059192539	-0.0048085976	-0.0056793828	-0.0060932400	-0.0062939693	-0.0031010548	-0.0060110353	-0.0066544731	-0.0061932896	-0.0063206501	-0.0033252189	-0.0065792391	-0.0051547417	-0.0049708811	-0.0031181529	-0.0048408377	-0.0045763344	-0.0056623801	-0.0039023041	-0.0062724666	-0.0038247324	-0.0034416626	-0.0056872129	-0.0062868385	-0.0048975635	-0.0063491844	-0.0057292775	-0.0084882894	-0.0053741334	-0.0047333368	-0.0052675048	-0.0038985677	-0.0071782585	-0.0052317839	-0.0048277793	-0.0054910687	-0.0058613277	-0.0051913934	-0.0055447237	-0.0067767653	-0.0044891641	-0.0034211170	-0.0063961208	-0.0054116122	-0.0056941807	-0.0068247931	-0.0052415489	-0.0070553050	-0.0055903484	-0.0073168948	-0.0071742268	-0.0043606936	-0.0033488423	-0.0061477559	-0.0034683940	-0.0055520549	-0.0035654428	-0.0048439498	-0.0040764768	-0.0070092398	-0.0026795501	-0.0055250458	-0.0047828477	-0.0024144925	-0.0064136802	-0.0065287346	-0.0055223323	-0.0059293899	-0.0048942430	-0.0043381812	-0.0058053745	-0.0072044078	-0.0068410066	-0.0025261805	-0.0050194444	-0.0041050289	-0.0030481172	-0.0058625454	-0.0050234094
-0.0048682687	-0.0048835492	-0.0047803186	-0.0040037061	-0.0058165567	-0.0042003772	-0.0049481190	-0.0024970140	-0.0047785905	-0.0047332423	-0.0039181927	-0.0049114332	-0.0039177270	-0.0048975620	-0.0048702625	-0.0036945785	-0.0036648514	-0.0047730153	-0.0054338715	-0.0058454176	-0.0045487676	-0.0052723608	-0.0032966848	0.4743991099	-0.0046424542	-0.0047148505	-0.0053694154	-0.0052702651	-0.0049118972	-0.0036525052	-0.0051017778	-0.0048618057	-0.0051837183	-0.0056030714	-0.0040787668	-0.0044370665	-0.0049290185	-0.0056367414	-0.0050009451	-0.0034230954	-0.0035406175	-0.0053894232	-0.0052023910	-0.0054097739	-0.0040525413	-0.0041009628	-0.0047732704	-0.0046122137	-0.0034697883	-0.0041218838	-0.0051789322	-0.0052465256	-0.0038686601	-0.0047015347	-0.0047160332	-0.0045059908	-0.0045638533	-0.0035627525	-0.0048544375	-0.0058319924	-0.0051230474	-0.0032126957	-0.0046599201	-0.0053523797	-0.0046565644	-0.0051689391	-0.0036514243	-0.0035544630	-0.0051162867	-0.0042606720	-0.0045628145	-0.0058011728	-0.0033114648	-0.0037796798	-0.0048675044	-0.0047782489	-0.0044268606	-0.0037321409	-0.0039077147	-0.0048728096	-0.0046679739	-0.0066903443	-0.0056838114	-0.0051272874	-0.0061020049	-0.0054964468	-0.0048581256	-0.0038077342	-0.0053244763	-0.0059181985	-0.0040776948	-0.0035731736	-0.0043949516	-0.0040249366	-0.0056610033	-0.0053769431	-0.0048379002	-0.0039910776	-0.0049363081	-0.0044624379	-0.0048513807	-0.0048656674	-0.0037969879
-0.0052519755	-0.0054017218	-0.0060481320	-0.0047831399	-0.0051280339	-0.0058205627	-0.0050449598	-0.0048942414	-0.0049408398	-0.0073923800	-0.0045803948	-0.0052676411	-0.0034471761	-0.0052664558	-0.0057523600	-0.0060159278	-0.0062159393	-0.0055514973	-0.0048130169	-0.0062236921	-0.0047743219	-0.0067070480	-0.0059192539	-0.0046424542	0.5547359801	-0.0056733589	-0.0056861594	-0.0058750206	-0.0042910650	-0.0043268955	-0.0048006578	-0.0049235573	-0.0063077743	-0.0056443300	-0.0047478710	-0.0034519935	-0.0048675333	-0.0065229554	-0.0066296282	-0.0041185826	-0.0058379849	-0.0052177119	-0.0054688935	-0.0053850949	-0.0055125210	-0.0045442543	-0.0051464476	-0.0056576992	-0.0067914026	-0.0045308598	-0.0053330966	-0.0052946736	-0.0035077717	-0.0055761072	-0.0052001161	-0.0067397035	-0.0061334810	-0.0054653919	-0.0054724870	-0.0048958746	-0.0058069918	-0.0039816539	-0.0051776799	-0.0060462014	-0.0047023695	-0.0050088000	-0.0054521838	-0.0050741996	-0.0062687147	-0.0046111777	-0.0063737677	-0.0053771165	-0.0068025492	-0.0056022062	-0.0057405911	-0.0052226364	-0.0073565185	-0.0056839433	-0.0051879974	-0.0061727511	-0.0055442404	-0.0047856361	-0.0044551654	-0.0051560218	-0.0058577036	-0.0057168726	-0.0066692876	-0.0055794008	-0.0063280566	-0.0042714450	-0.0045388383	-0.0066595037	-0.0049874501	-0.0061441665	-0.0047960772	-0.0065932951	-0.0055488040	-0.0062358753	-0.0053203343	-0.0055858375	-0.0062668277	-0.0054796320	-0.0051033370
-0.0057818671	-0.0044745658	-0.0050838936	-0.0041493084	-0.0051176885	-0.0056329507	-0.0047553011	-0.0045427381	-0.0048415856	-0.0025176616	-0.0034783239	-0.0051714849	-0.0044282451	-0.0054538050	-0.0054301464	-0.0052413712	-0.0058915715	-0.0032264748	-0.0053851390	-0.0048488482	-0.0043505302	-0.0053877957	-0.0048085976	-0.0047148505	-0.0056733589	0.4975088952	-0.0043268193	-0.0048346636	-0.0046514877	-0.0046381994	-0.0057303901	-0.0068865363	-0.0052249152	-0.0051852341	-0.0038063196	-0.0045351905	-0.0062904559	-0.0054421375	-0.0042443783	-0.0044629058	-0.0030301231	-0.0056901659	-0.0053230986	-0.0055427051	-0.0037483344	-0.0061482312	-0.0064020054	-0.0055764074	-0.0061111563	-0.0052621518	-0.0059179176	-0.0053964110	-0.0041629607	-0.0048119632	-0.0050880019	-0.0045457455	-0.0044758330	-0.0043297915	-0.0048783944	-0.0052379274	-0.0056249393	-0.0044292588	-0.0054350451	-0.0064253833	-0.0037547042	-0.0058284077	-0.0043229228	-0.0036955763	-0.0039467981	-0.0060654414	-0.0051564564	-0.0052909468	-0.0043478745	-0.0043412999	-0.0053298622	-0.0049979801	-0.0052964160	-0.0040408811	-0.0026116867	-0.0042506851	-0.0046493175	-0.0045344901	-0.0037864716	-0.0051279349	-0.0041561994	-0.0054377151	-0.0063419496	-0.0042805080	-0.0051195898	-0.0073089580	-0.0039018922	-0.0045529416	-0.0048996627	-0.0048260300	-0.0045647341	-0.0048338245	-0.0058390923	-0.0037112246	-0.0038691067	-0.0043030073	-0.0033162499	-0.0050190060	-0.0056093611
-0.0061418718	-0.0036894658	-0.0053275450	-0.0040977735	-0.0048079919	-0.0043810896	-0.0061944519	-0.0056587295	-0.0034015862	-0.0053737899	-0.0031040988	-0.0046389016	-0.0041783931	-0.0033940742	-0.0038913636	-0.0058582518	-0.0050319189	-0.0048091277	-0.0040613973	-0.0051484897	-0.0044487027	-0.0058120789	-0.0056793828	-0.0053694154	-0.0056861594	-0.0043268193	0.5010530177	-0.0047441451	-0.0045927936	-0.0054643382	-0.0042776934	-0.0050762133	-0.0041453647	-0.0052888185	-0.0054005016	-0.0050500734	-0.0048088895	-0.0052315682	-0.0049762527	-0.0039412273	-0.0055341417	-0.0053173545	-0.0053016074	-0.0051707758	-0.0067564092	-0.0044657480	-0.0049710919	-0.0039025473	-0.0048253145	-0.0048484736	-0.0055278377	-0.0038710511	-0.0036273445	-0.0062331825	-0.0042836396	-0.0046919540	-0.0048788535	-0.0024406219	-0.0052473360	-0.0048820272	-0.0048387466	-0.0034590157	-0.0047619399	-0.0047684417	-0.0060305957	-0.0055661599	-0.0022238880	-0.0031499776	-0.0043379390	-0.0042317880	-0.0057280125	-0.0045549173	-0.0036110998	-0.0043703185	-0.0048282246	-0.0054600387	-0.0056086547	-0.0055928530	-0.0047419141	-0.0059760044	-0.0052341999	-0.0058659421	-0.0049666252	-0.0050225765	-0.0059540032	-0.0063030256	-0.0054692653	-0.0056238995	-0.0057688128	-0.0055235006	-0.0040269775	-0.0040777627	-0.0050580425	-0.0060874777	-0.0043150777	-0.0059551421	-0.0045513273	-0.0051385744	-0.0046454398	-0.0063927036	-0.0051533960	-0.0058530303	-0.0059376238
