1.0000000000	0.9219554105	0.9212027014	0.9229911822	0.9216343864	0.9215147723	0.9213960178	0.9233513853	0.9218408818	0.9213276874	0.9227237338	0.9216206344	0.9230547138	0.9219511129	0.9218610085	0.9219741046	0.9215593232	0.9220114930	0.9221376965	0.9214119186	0.9223338063	0.9217562925	0.9219428761	0.9223242085	0.9214305411	0.9217503476	0.9215824581	0.9217716919	0.9221793108	0.9217683971	0.9215159183	0.9216262927	0.9221371952	0.9218153832	0.9220872008	0.9219893608	0.9213789710	0.9215233674	0.9218759781	0.9233902777	0.9214407835	0.9224711118	0.9217153945	0.9215403425	0.9216946232	0.9230296449	0.9218663804	0.9221144900	0.9217442594	0.9221980050	0.9220849804	0.9214573289	0.9231880082	0.9220007492	0.9218243364	0.9209757928	0.9214329764	0.9230328681	0.9223456245	0.9224681035	0.9217742704	0.9231183169	0.9222776522	0.9218517688	0.9213137204	0.9219372893	0.9224310017	0.9225118665	0.9220465177	0.9219842038	0.9212902990	0.9210684042	0.9223126052	0.9223025777	0.9211346575	0.9217325129	0.9216810144	0.9221096195	0.9236294342	0.9217651023	0.9219178072	0.9215141993	0.9218670966	0.9217003532	0.9207596997	0.9217700445	0.9210826576	0.9224294975	0.9219216034	0.9219180221	0.9219990302	0.9222236468	0.9224331504	0.9224353708	0.9217633117	0.9216041606	0.9223911781	0.9215259459	0.9230608019	0.9218376587	0.9227487310	0.9214791030	0.9224325058
0.9219554105	1.0000000000	0.9218519837	0.9238080674	0.9218996144	0.9222661921	0.9220180825	0.9235648999	0.9228618988	0.9223345226	0.9234486523	0.9218831406	0.9225488251	0.9223790734	0.9217493448	0.9226523235	0.9223570129	0.9227715078	0.9223400377	0.9212966737	0.9226689405	0.9223385336	0.9224777013	0.9227816786	0.9217873062	0.9225009078	0.9225984613	0.9216048768	0.9232089228	0.9223901753	0.9226246045	0.9223812938	0.9225834917	0.9221423522	0.9224627316	0.9227127035	0.9220554708	0.9228376178	0.9221914871	0.9240222267	0.9226113539	0.9224610126	0.9223504950	0.9224258447	0.9224344397	0.9229003615	0.9225938773	0.9223931836	0.9223310845	0.9229722016	0.9221952116	0.9219218182	0.9236734121	0.9220228814	0.9221573218	0.9220195866	0.9217543586	0.9235224262	0.9225552714	0.9232887132	0.9220009641	0.9238681610	0.9221907708	0.9221896248	0.9223393214	0.9225368637	0.9232822670	0.9232108567	0.9222418396	0.9227427861	0.9213625688	0.9218852894	0.9224403129	0.9224278502	0.9218572840	0.9218828541	0.9227723673	0.9226054806	0.9234609002	0.9223737015	0.9223808640	0.9222922637	0.9225458885	0.9221419224	0.9215404858	0.9228333203	0.9225236847	0.9231681680	0.9220073387	0.9218481876	0.9219059891	0.9226059104	0.9225567039	0.9228269457	0.9222692004	0.9220146445	0.9220952944	0.9225185993	0.9228952761	0.9226122850	0.9228148410	0.9222074595	0.9221536690
0.9212027014	0.9218519837	1.0000000000	0.9231882947	0.9214411416	0.9213500344	0.9213617809	0.9233761676	0.9219494656	0.9216597417	0.9233166471	0.9214067616	0.9220611292	0.9218534162	0.9216028713	0.9215197145	0.9218892288	0.9222883959	0.9212896544	0.9212265526	0.9220561871	0.9216434112	0.9212239025	0.9223507098	0.9212524809	0.9217916037	0.9213803319	0.9214412133	0.9219604242	0.9216696976	0.9217697580	0.9219567713	0.9219440937	0.9213436598	0.9214637752	0.9221649857	0.9217628820	0.9215245134	0.9216906122	0.9229971987	0.9212620071	0.9222904731	0.9215828879	0.9215725739	0.9218483308	0.9220193001	0.9213512520	0.9216811576	0.9211012085	0.9221170685	0.9216861714	0.9215634775	0.9231345758	0.9217959012	0.9219710247	0.9208991539	0.9217846560	0.9235783655	0.9219674435	0.9222421977	0.9218638019	0.9231912314	0.9218330030	0.9218532013	0.9216290145	0.9216804414	0.9224811393	0.9230410334	0.9217819343	0.9215596097	0.9217833668	0.9208009558	0.9219500386	0.9225538389	0.9213193072	0.9219996748	0.9206511875	0.9219211020	0.9226955851	0.9218861489	0.9216300173	0.9220959391	0.9213102824	0.9219196695	0.9207992368	0.9211620899	0.9209800903	0.9220630631	0.9215839623	0.9219801928	0.9217600886	0.9219003307	0.9221273109	0.9218431738	0.9217009978	0.9214819680	0.9220743083	0.9213544752	0.9226760314	0.9216210641	0.9221516635	0.9218932398	0.9219447383
0.9229911822	0.9238080674	0.9231882947	1.0000000000	0.9233326195	0.9235333132	0.9231511213	0.9248487813	0.9241844578	0.9231176007	0.9251261857	0.9226428690	0.9244369365	0.9235449165	0.9228335352	0.9232839860	0.9236748446	0.9239913563	0.9235419799	0.9234311757	0.9237824972	0.9230140307	0.9234391261	0.9238654392	0.9226875631	0.9233053303	0.9232398649	0.9231385868	0.9237000567	0.9236449769	0.9235417650	0.9237161723	0.9236980512	0.9229128243	0.9233798921	0.9239856979	0.9232049834	0.9232966636	0.9232073470	0.9250524117	0.9233927130	0.9243316475	0.9235391149	0.9231640854	0.9228343231	0.9240056097	0.9235491424	0.9233768122	0.9240379843	0.9238155881	0.9238681610	0.9233861951	0.9248570182	0.9234541674	0.9235254345	0.9223852332	0.9227332599	0.9248159054	0.9237024919	0.9239427228	0.9229027967	0.9248271505	0.9235193463	0.9238999625	0.9236263543	0.9232619254	0.9242613116	0.9244291294	0.9231473967	0.9235505033	0.9229680473	0.9227538880	0.9237200401	0.9237322164	0.9232609227	0.9231186034	0.9226897835	0.9242100996	0.9246409251	0.9237263431	0.9233748067	0.9234214347	0.9234316771	0.9236994120	0.9224593652	0.9233125644	0.9232074903	0.9239501002	0.9233447958	0.9231991101	0.9232719529	0.9241391906	0.9240852569	0.9237114451	0.9236971916	0.9227326869	0.9240242322	0.9227149239	0.9242121051	0.9234523768	0.9241183477	0.9240647721	0.9238790480
0.9216343864	0.9218996144	0.9214411416	0.9233326195	1.0000000000	0.9213661501	0.9216654001	0.9232616389	0.9221742970	0.9219391515	0.9238837036	0.9218292785	0.9228303121	0.9222212115	0.9222859607	0.9223712663	0.9220147877	0.9220723028	0.9223423297	0.9220296858	0.9224891613	0.9220864129	0.9214808220	0.9223613820	0.9216515048	0.9219915096	0.9221207214	0.9217952566	0.9229466314	0.9220276086	0.9220379943	0.9228204994	0.9226738827	0.9216144746	0.9217175432	0.9224644506	0.9221187875	0.9225551281	0.9215884030	0.9230524218	0.9222735695	0.9228396233	0.9217859453	0.9224544947	0.9220777463	0.9226400756	0.9221929196	0.9216375379	0.9222465668	0.9226811168	0.9215236539	0.9215523756	0.9234638368	0.9224602247	0.9224134535	0.9215719292	0.9219238238	0.9233112752	0.9222703464	0.9230019260	0.9222045228	0.9237123046	0.9218998293	0.9224251284	0.9215987170	0.9215435657	0.9229515019	0.9233548233	0.9219831294	0.9220983027	0.9214261720	0.9217280005	0.9220455149	0.9223718393	0.9216835213	0.9220435811	0.9214107726	0.9225859986	0.9229989177	0.9221508040	0.9220074103	0.9219145125	0.9222585282	0.9223566547	0.9216585241	0.9222362528	0.9213627837	0.9226557615	0.9217673944	0.9218620828	0.9220506720	0.9226561912	0.9228737169	0.9221380547	0.9228152708	0.9216665461	0.9225286268	0.9218209700	0.9230976889	0.9221773769	0.9228697059	0.9226489571	0.9225716735
0.9215147723	0.9222661921	0.9213500344	0.9235333132	0.9213661501	1.0000000000	0.9220834047	0.9232392919	0.9225888636	0.9220253883	0.9234092584	0.9221623356	0.9229079538	0.9225734642	0.9216549428	0.9227418550	0.9226551169	0.9222757183	0.9218054273	0.9216091027	0.9227525987	0.9219844187	0.9217269261	0.9229888186	0.9213518250	0.9220874873	0.9222639717	0.9216037308	0.9220599116	0.9222212831	0.9221037462	0.9224999051	0.9218364410	0.9219927988	0.9220561871	0.9225114368	0.9221504458	0.9219339945	0.9222735695	0.9237473293	0.9223689743	0.9221590409	0.9218525567	0.9217350914	0.9224632330	0.9229698379	0.9224380209	0.9217836533	0.9221477241	0.9227033206	0.9223499220	0.9217517801	0.9231981074	0.9223470570	0.9217739839	0.9219910798	0.9214240232	0.9225798388	0.9221643411	0.9224845057	0.9219125786	0.9234296716	0.9222546605	0.9223245666	0.9218777688	0.9217869480	0.9231057825	0.9231082894	0.9217954714	0.9223519991	0.9223557236	0.9220950079	0.9219638622	0.9227408522	0.9213494614	0.9221780932	0.9221314652	0.9222732830	0.9234578919	0.9219638622	0.9221728645	0.9216823036	0.9220922146	0.9221290299	0.9217811464	0.9216788656	0.9217239179	0.9223486327	0.9217314385	0.9214124199	0.9216298024	0.9221612612	0.9227427861	0.9225107921	0.9226204503	0.9217880224	0.9220818289	0.9222627541	0.9233054019	0.9219448816	0.9225165938	0.9217298628	0.9223353104
0.9213960178	0.9220180825	0.9213617809	0.9231511213	0.9216654001	0.9220834047	1.0000000000	0.9229778599	0.9221674210	0.9216725626	0.9227831111	0.9219212452	0.9226770342	0.9221494431	0.9215947777	0.9224653818	0.9218987549	0.9223259992	0.9215492957	0.9215877584	0.9222389029	0.9223024345	0.9215762267	0.9223350239	0.9213635716	0.9221019556	0.9213049106	0.9210867402	0.9222232170	0.9219473884	0.9221273825	0.9220674322	0.9216208492	0.9211095171	0.9223683296	0.9223111727	0.9216982044	0.9218163860	0.9220740218	0.9231333582	0.9221611180	0.9223303683	0.9219203141	0.9212337151	0.9214550369	0.9221379830	0.9215348274	0.9216482817	0.9215949209	0.9219466722	0.9215991468	0.9218258405	0.9235457760	0.9222328864	0.9222624676	0.9218525567	0.9211342277	0.9229944054	0.9214642766	0.9227499486	0.9214932848	0.9227997997	0.9221738673	0.9217836533	0.9216447004	0.9217941105	0.9229837332	0.9229691933	0.9216734221	0.9219279780	0.9213647176	0.9211392415	0.9217199069	0.9224987591	0.9210676879	0.9215303150	0.9215746510	0.9222570957	0.9232917215	0.9218526999	0.9220086996	0.9220488813	0.9220251734	0.9218515539	0.9211313627	0.9216311633	0.9214908495	0.9225743953	0.9218976089	0.9218669534	0.9216840943	0.9222122584	0.9224870842	0.9221466497	0.9218893004	0.9213535440	0.9219699504	0.9216288713	0.9224143846	0.9214955052	0.9223978392	0.9216161220	0.9220168649
0.9233513853	0.9235648999	0.9233761676	0.9248487813	0.9232616389	0.9232392919	0.9229778599	1.0000000000	0.9237012027	0.9230703997	0.9252693644	0.9230901682	0.9244761155	0.9240016703	0.9234739360	0.9235472085	0.9236263543	0.9241929812	0.9240649153	0.9229595239	0.9243455428	0.9235802277	0.9229858103	0.9246734429	0.9229371768	0.9233029666	0.9229149014	0.9232270439	0.9242940443	0.9234947789	0.9232579144	0.9236368832	0.9237569987	0.9237913071	0.9233541786	0.9237883705	0.9230967577	0.9235803710	0.9235729936	0.9248341698	0.9235585253	0.9241443477	0.9233710106	0.9241548766	0.9233074074	0.9237322164	0.9235482113	0.9234899084	0.9237183211	0.9240146345	0.9234112639	0.9229437664	0.9246962197	0.9239495988	0.9238907945	0.9228209292	0.9227261690	0.9251125053	0.9238511142	0.9247901203	0.9234323217	0.9251870671	0.9238445963	0.9231372260	0.9231824931	0.9235338862	0.9252190119	0.9242484191	0.9238786182	0.9235312361	0.9233483054	0.9227149955	0.9236590871	0.9240192185	0.9230847963	0.9237766240	0.9228932706	0.9238831306	0.9250045661	0.9238261170	0.9235512195	0.9231242618	0.9239660726	0.9240525958	0.9228411991	0.9231845702	0.9232988124	0.9236764203	0.9232735287	0.9227996565	0.9236363102	0.9242657523	0.9245818343	0.9237119464	0.9241522264	0.9230984767	0.9237034230	0.9235492856	0.9245256085	0.9229961960	0.9241411962	0.9233538921	0.9240558906
0.9218408818	0.9228618988	0.9219494656	0.9241844578	0.9221742970	0.9225888636	0.9221674210	0.9237012027	1.0000000000	0.9222633987	0.9237395221	0.9223209854	0.9235370377	0.9231634408	0.9218204686	0.9220892779	0.9223927538	0.9225564174	0.9232031928	0.9219323472	0.9232626417	0.9224633763	0.9219041985	0.9229933310	0.9220582642	0.9223658944	0.9229715569	0.9222458506	0.9227484445	0.9228422018	0.9225085001	0.9229989177	0.9223567980	0.9227306098	0.9223812938	0.9229989894	0.9223139661	0.9224771283	0.9223774977	0.9237799187	0.9223032940	0.9228250834	0.9224353708	0.9222035917	0.9223148973	0.9226119269	0.9224577179	0.9227091223	0.9223174041	0.9230261353	0.9224839327	0.9225092164	0.9237883705	0.9227807474	0.9226023291	0.9220650686	0.9219668705	0.9239489542	0.9224675305	0.9231691708	0.9223528586	0.9235082444	0.9226731664	0.9228157005	0.9224385223	0.9223164730	0.9234927734	0.9236454066	0.9226652160	0.9221218674	0.9226541857	0.9221221539	0.9225905110	0.9230643832	0.9218330030	0.9222649745	0.9219762534	0.9230652427	0.9239697971	0.9226334861	0.9223462691	0.9225947368	0.9223893874	0.9223382471	0.9219078513	0.9221387709	0.9224976847	0.9231481846	0.9231208954	0.9224513432	0.9226307643	0.9232006143	0.9233552530	0.9230599424	0.9220648537	0.9219837740	0.9227026044	0.9219919393	0.9231725372	0.9223151121	0.9223141094	0.9230441132	0.9231361516
0.9213276874	0.9223345226	0.9216597417	0.9231176007	0.9219391515	0.9220253883	0.9216725626	0.9230703997	0.9222633987	1.0000000000	0.9232575563	0.9217363090	0.9227344776	0.9221050355	0.9219036255	0.9222752885	0.9218643749	0.9220657132	0.9218492619	0.9214200122	0.9225693815	0.9222298065	0.9218910910	0.9224774148	0.9209432750	0.9228269457	0.9216883918	0.9210367459	0.9223663241	0.9222752885	0.9222739276	0.9225029134	0.9219998897	0.9217081603	0.9224475471	0.9223840872	0.9220149310	0.9221901262	0.9218708927	0.9232564103	0.9220634212	0.9227561084	0.9220797518	0.9216101771	0.9217469812	0.9222356798	0.9218654492	0.9218314989	0.9213410813	0.9222883243	0.9220806113	0.9214688606	0.9230200472	0.9223853048	0.9217202650	0.9216863863	0.9212584258	0.9233273192	0.9224683184	0.9224767702	0.9218571407	0.9235015833	0.9217369537	0.9219810523	0.9217733392	0.9221442144	0.9228271606	0.9234704263	0.9219735316	0.9218534878	0.9214859074	0.9216182707	0.9218161711	0.9227122021	0.9218362262	0.9215373343	0.9214775272	0.9226093484	0.9237889435	0.9222179884	0.9220618455	0.9221230850	0.9220427932	0.9219506832	0.9212842109	0.9218099397	0.9219986721	0.9228557390	0.9216936204	0.9216628216	0.9213795440	0.9223055144	0.9229500694	0.9218541325	0.9222851012	0.9213413678	0.9216209925	0.9221719334	0.9226326982	0.9218080775	0.9221970022	0.9221140602	0.9223999163
0.9227237338	0.9234486523	0.9233166471	0.9251261857	0.9238837036	0.9234092584	0.9227831111	0.9252693644	0.9237395221	0.9232575563	1.0000000000	0.9229448407	0.9244824901	0.9238398690	0.9233909224	0.9244080716	0.9236300072	0.9244594985	0.9235941230	0.9231204657	0.9236779245	0.9235623931	0.9227675684	0.9244024848	0.9233021071	0.9238296266	0.9240672790	0.9230529231	0.9239630643	0.9242908928	0.9238471748	0.9245453054	0.9237332907	0.9235060240	0.9236110982	0.9244925177	0.9239238137	0.9241282320	0.9236156106	0.9245295479	0.9231905867	0.9243591516	0.9233990160	0.9230576504	0.9239286126	0.9246810352	0.9236984093	0.9235961285	0.9236298640	0.9240021001	0.9232026198	0.9237105139	0.9250375137	0.9235452746	0.9232806196	0.9233488784	0.9231837823	0.9249163239	0.9234049609	0.9239657861	0.9233099143	0.9251902902	0.9238565577	0.9241444909	0.9234927018	0.9232189503	0.9243802094	0.9246918506	0.9236608061	0.9240482983	0.9233253137	0.9229425487	0.9236399631	0.9243537797	0.9231380138	0.9231355070	0.9231007688	0.9248170514	0.9248315913	0.9237174616	0.9236782110	0.9236285747	0.9237382329	0.9243450414	0.9226097781	0.9235364647	0.9234389829	0.9242487772	0.9241110420	0.9230564328	0.9230148185	0.9240313231	0.9240336868	0.9237250538	0.9238768276	0.9232201679	0.9240574663	0.9232548345	0.9248048751	0.9235691258	0.9243031407	0.9236100954	0.9243459009
0.9216206344	0.9218831406	0.9214067616	0.9226428690	0.9218292785	0.9221623356	0.9219212452	0.9230901682	0.9223209854	0.9217363090	0.9229448407	1.0000000000	0.9230470499	0.9221584679	0.9216950529	0.9214826843	0.9218789864	0.9220611292	0.9220013938	0.9211713296	0.9223679715	0.9214655658	0.9212158088	0.9224589355	0.9211307897	0.9217571520	0.9217338021	0.9219555537	0.9220087712	0.9221337572	0.9220465893	0.9222218561	0.9222276578	0.9211288559	0.9217341603	0.9221939939	0.9217923199	0.9218559231	0.9219463857	0.9232641458	0.9211855830	0.9229178380	0.9217292181	0.9214603372	0.9218448212	0.9227635574	0.9217060116	0.9212437426	0.9221346883	0.9222906163	0.9221159941	0.9214051142	0.9234728616	0.9214040398	0.9220622036	0.9211822882	0.9211452580	0.9230323667	0.9219577741	0.9226688689	0.9215994333	0.9236147511	0.9217693282	0.9223083794	0.9215842488	0.9217618792	0.9232660797	0.9224686765	0.9217196920	0.9217605183	0.9213498195	0.9212197482	0.9221194321	0.9222920488	0.9213945853	0.9214853344	0.9211143876	0.9223716960	0.9228694194	0.9222671233	0.9219867823	0.9220490246	0.9214124916	0.9219886445	0.9208282450	0.9212304920	0.9214283924	0.9225471777	0.9218377303	0.9219155152	0.9217551464	0.9223970513	0.9227601194	0.9223429027	0.9220208043	0.9212731806	0.9220180825	0.9209822391	0.9223830128	0.9214970809	0.9219573443	0.9213151530	0.9220584075
0.9230547138	0.9225488251	0.9220611292	0.9244369365	0.9228303121	0.9229079538	0.9226770342	0.9244761155	0.9235370377	0.9227344776	0.9244824901	0.9230470499	1.0000000000	0.9232268291	0.9228890447	0.9229901078	0.9229526479	0.9236083764	0.9235674068	0.9225574201	0.9236625251	0.9226756017	0.9223731285	0.9238858524	0.9229550831	0.9230448295	0.9232127189	0.9224699658	0.9236140348	0.9232145812	0.9233967240	0.9230085871	0.9233586194	0.9228149126	0.9229579481	0.9233965808	0.9226012547	0.9229778599	0.9228749346	0.9243216200	0.9232419420	0.9238168773	0.9226975906	0.9229631768	0.9226104944	0.9234414181	0.9231345042	0.9232277602	0.9237316434	0.9235732801	0.9227719375	0.9234064650	0.9241581713	0.9228736453	0.9230370223	0.9225456020	0.9225806267	0.9244426665	0.9235285143	0.9241175598	0.9228937004	0.9244610742	0.9233535340	0.9237267012	0.9231377990	0.9228073204	0.9242357414	0.9243915262	0.9230350168	0.9233556112	0.9226674364	0.9225930895	0.9227067586	0.9236331587	0.9231236172	0.9229033697	0.9218468267	0.9234115504	0.9241777250	0.9229474192	0.9226738110	0.9230542124	0.9228689180	0.9235391865	0.9219315593	0.9223720541	0.9225148031	0.9236320127	0.9229229950	0.9232069173	0.9225209629	0.9234122667	0.9236796435	0.9231627245	0.9231203941	0.9223461258	0.9235989935	0.9222667651	0.9235883214	0.9231477549	0.9232082065	0.9225801969	0.9236635278
0.9219511129	0.9223790734	0.9218534162	0.9235449165	0.9222212115	0.9225734642	0.9221494431	0.9240016703	0.9231634408	0.9221050355	0.9238398690	0.9221584679	0.9232268291	1.0000000000	0.9224428198	0.9224812825	0.9224734754	0.9220827600	0.9223874536	0.9219139395	0.9231544160	0.9228911935	0.9213720950	0.9229636065	0.9217994824	0.9222530847	0.9227417117	0.9220859115	0.9224310733	0.9224002028	0.9227056842	0.9228630448	0.9228718547	0.9219382204	0.9226745989	0.9228357556	0.9226893537	0.9223508531	0.9223351672	0.9239292572	0.9224711118	0.9224992605	0.9221768755	0.9223086659	0.9220258896	0.9226804722	0.9228474305	0.9225007646	0.9225220373	0.9229691933	0.9223116741	0.9224905222	0.9235088174	0.9225620758	0.9223955472	0.9218286339	0.9222096082	0.9236563653	0.9228171330	0.9231272701	0.9220919281	0.9241857470	0.9222030903	0.9226984501	0.9218418129	0.9219995316	0.9235186301	0.9236381725	0.9227694307	0.9223320873	0.9220039007	0.9219878567	0.9223423297	0.9227831111	0.9220933606	0.9221238013	0.9218910910	0.9226846981	0.9235952690	0.9224428915	0.9221957846	0.9222604621	0.9226550452	0.9228557390	0.9215456428	0.9220544681	0.9216691962	0.9225547700	0.9224633046	0.9226968027	0.9224454700	0.9228285214	0.9231615069	0.9225424505	0.9227821799	0.9217890252	0.9232963055	0.9217555046	0.9233790326	0.9221255203	0.9223114592	0.9223169028	0.9231833526
0.9218610085	0.9217493448	0.9216028713	0.9228335352	0.9222859607	0.9216549428	0.9215947777	0.9234739360	0.9218204686	0.9219036255	0.9233909224	0.9216950529	0.9228890447	0.9224428198	1.0000000000	0.9219468154	0.9220394268	0.9227116291	0.9221836083	0.9216507886	0.9224738335	0.9212547013	0.9216230696	0.9225158059	0.9213359243	0.9220638510	0.9224046436	0.9214687890	0.9226438001	0.9222315972	0.9224393818	0.9222891838	0.9219881432	0.9218186064	0.9220803964	0.9223693324	0.9218070747	0.9218261270	0.9212711035	0.9232751761	0.9219654380	0.9222997127	0.9220314764	0.9218754768	0.9215928438	0.9225309188	0.9220552560	0.9219163031	0.9219890027	0.9224059329	0.9219236089	0.9219010469	0.9231481130	0.9220135701	0.9222809469	0.9215813838	0.9215377640	0.9234028121	0.9222747871	0.9226087037	0.9215000175	0.9235216383	0.9223993433	0.9222820213	0.9216879620	0.9216111798	0.9230516339	0.9233033964	0.9219786886	0.9224885167	0.9210110324	0.9213571253	0.9221406332	0.9225986046	0.9212852853	0.9218318570	0.9211692525	0.9225103624	0.9229850225	0.9216893945	0.9217114551	0.9217661051	0.9216997086	0.9222993546	0.9208050384	0.9217360225	0.9218107276	0.9228335352	0.9219021929	0.9219152287	0.9211480514	0.9224745498	0.9219405840	0.9219777575	0.9222710626	0.9217174000	0.9221333990	0.9215870421	0.9222407652	0.9213761776	0.9221889802	0.9221140602	0.9224222634
0.9219741046	0.9226523235	0.9215197145	0.9232839860	0.9223712663	0.9227418550	0.9224653818	0.9235472085	0.9220892779	0.9222752885	0.9244080716	0.9214826843	0.9229901078	0.9224812825	0.9219468154	1.0000000000	0.9226994529	0.9224382358	0.9221011677	0.9213135056	0.9229431934	0.9226349902	0.9221948534	0.9232497491	0.9217263531	0.9220404296	0.9217466231	0.9216103920	0.9229686203	0.9225253320	0.9225572052	0.9225909407	0.9227195079	0.9218652344	0.9223716960	0.9227821083	0.9217918185	0.9224215471	0.9224452551	0.9235547292	0.9227081195	0.9228263727	0.9219864242	0.9216321660	0.9221137737	0.9231289174	0.9221074707	0.9222739276	0.9225606433	0.9225532659	0.9220011790	0.9215313894	0.9234480076	0.9227427861	0.9218736145	0.9219447383	0.9214399956	0.9231769779	0.9223954756	0.9226580535	0.9216840226	0.9237695331	0.9225316351	0.9224256298	0.9222808037	0.9220349860	0.9233803218	0.9226841967	0.9225158059	0.9222901866	0.9221639830	0.9217047223	0.9226575521	0.9225180263	0.9218385898	0.9226064834	0.9222070297	0.9226042630	0.9233559693	0.9225461033	0.9225072825	0.9218726117	0.9226576954	0.9224282083	0.9218449644	0.9224752660	0.9217891684	0.9228893312	0.9226292602	0.9220011073	0.9219516143	0.9224385223	0.9225235414	0.9224150293	0.9225516185	0.9218580002	0.9225046324	0.9220870575	0.9226634254	0.9222857458	0.9232714516	0.9222307377	0.9230440416
0.9215593232	0.9223570129	0.9218892288	0.9236748446	0.9220147877	0.9226551169	0.9218987549	0.9236263543	0.9223927538	0.9218643749	0.9236300072	0.9218789864	0.9229526479	0.9224734754	0.9220394268	0.9226994529	1.0000000000	0.9225013376	0.9227581855	0.9216804414	0.9227538880	0.9222798009	0.9211691092	0.9234237267	0.9215212902	0.9221026718	0.9222850295	0.9218644465	0.9230022125	0.9224894478	0.9222836687	0.9223461975	0.9224948197	0.9224622303	0.9225196020	0.9229305873	0.9217523531	0.9226574089	0.9222303079	0.9237592191	0.9222626825	0.9225418058	0.9225152329	0.9222522252	0.9220081266	0.9229162623	0.9225423072	0.9221599720	0.9226589846	0.9230246312	0.9221536690	0.9221222255	0.9232877821	0.9223408972	0.9227360533	0.9215207889	0.9219034822	0.9236696876	0.9229305873	0.9226031170	0.9224291394	0.9238850645	0.9227223729	0.9225341419	0.9221942088	0.9215104748	0.9230861572	0.9232809061	0.9225038445	0.9221990077	0.9222498616	0.9217729811	0.9223655363	0.9228003011	0.9214354116	0.9222875364	0.9214292519	0.9228088961	0.9237693182	0.9225149464	0.9227292489	0.9219682314	0.9223257127	0.9223427594	0.9216572348	0.9219362865	0.9217594440	0.9228313864	0.9227476566	0.9222967045	0.9223595197	0.9226220977	0.9231092205	0.9223994866	0.9227479431	0.9214934997	0.9223466988	0.9217801436	0.9236556490	0.9221808149	0.9227048247	0.9220862697	0.9229830886
0.9220114930	0.9227715078	0.9222883959	0.9239913563	0.9220723028	0.9222757183	0.9223259992	0.9241929812	0.9225564174	0.9220657132	0.9244594985	0.9220611292	0.9236083764	0.9220827600	0.9227116291	0.9224382358	0.9225013376	1.0000000000	0.9226138608	0.9221755863	0.9230258488	0.9229316617	0.9223479881	0.9234332529	0.9220879170	0.9232251101	0.9225945220	0.9224140265	0.9233586910	0.9230812867	0.9230307909	0.9233746635	0.9229047306	0.9221285285	0.9227556070	0.9233248839	0.9222731398	0.9233062614	0.9230749837	0.9238259021	0.9226585549	0.9227504500	0.9226293318	0.9223224895	0.9230875897	0.9229124661	0.9228158438	0.9231923057	0.9226073429	0.9231053528	0.9226604171	0.9224108034	0.9240877638	0.9226238883	0.9227222297	0.9220606279	0.9214925685	0.9241698462	0.9233088399	0.9231737548	0.9220556141	0.9242651793	0.9228023782	0.9230062235	0.9224664561	0.9224578611	0.9234463603	0.9233079088	0.9226550452	0.9223406107	0.9224136684	0.9217325129	0.9225153045	0.9228330338	0.9220878454	0.9228495792	0.9226283290	0.9230358763	0.9241269427	0.9228548079	0.9225170235	0.9225911556	0.9230506311	0.9230921737	0.9220783193	0.9231110112	0.9227336181	0.9234991480	0.9232362120	0.9225080704	0.9224310733	0.9229430501	0.9233327627	0.9230182565	0.9226258222	0.9222172721	0.9230999809	0.9226928633	0.9229747084	0.9224438942	0.9232814791	0.9226079159	0.9228460696
0.9221376965	0.9223400377	0.9212896544	0.9235419799	0.9223423297	0.9218054273	0.9215492957	0.9240649153	0.9232031928	0.9218492619	0.9235941230	0.9220013938	0.9235674068	0.9223874536	0.9221836083	0.9221011677	0.9227581855	0.9226138608	1.0000000000	0.9223085226	0.9226756017	0.9222000821	0.9211113077	0.9230775622	0.9219651515	0.9221117682	0.9223583021	0.9221510188	0.9223810073	0.9222795144	0.9224377344	0.9224756242	0.9227278164	0.9226181583	0.9223420432	0.9227447200	0.9221184294	0.9227339762	0.9219746776	0.9240480834	0.9220468758	0.9231969614	0.9220156472	0.9226387863	0.9221096195	0.9227375575	0.9224173213	0.9224408143	0.9228924111	0.9225842079	0.9222087487	0.9219708815	0.9240069706	0.9225652989	0.9220181541	0.9219862809	0.9222997843	0.9237410979	0.9229203449	0.9230605870	0.9224157455	0.9236003544	0.9226846264	0.9224445388	0.9216486398	0.9220059062	0.9234184264	0.9234720737	0.9227054694	0.9217534274	0.9223447650	0.9219443802	0.9225658719	0.9228542349	0.9219713829	0.9219360717	0.9217649591	0.9224918115	0.9233930711	0.9223297953	0.9221540271	0.9224711118	0.9220453001	0.9220031845	0.9215268054	0.9219677300	0.9212661613	0.9224959657	0.9220476637	0.9222026606	0.9219209587	0.9223442636	0.9226576237	0.9222219278	0.9220668592	0.9216647555	0.9224681035	0.9219860660	0.9230178268	0.9218095816	0.9226882793	0.9222261536	0.9234564594
0.9214119186	0.9212966737	0.9212265526	0.9234311757	0.9220296858	0.9216091027	0.9215877584	0.9229595239	0.9219323472	0.9214200122	0.9231204657	0.9211713296	0.9225574201	0.9219139395	0.9216507886	0.9213135056	0.9216804414	0.9221755863	0.9223085226	1.0000000000	0.9217260666	0.9219413003	0.9213987395	0.9221380547	0.9210401123	0.9217187609	0.9214279626	0.9211659577	0.9223047265	0.9217551464	0.9218772674	0.9214573289	0.9220382808	0.9214117753	0.9216658298	0.9219580606	0.9213101392	0.9216689814	0.9215414169	0.9232776113	0.9220191569	0.9225428086	0.9211247016	0.9216712017	0.9216689097	0.9223342360	0.9216962705	0.9216914000	0.9223229193	0.9224958941	0.9216710585	0.9216225682	0.9234000904	0.9220220219	0.9216691246	0.9213897148	0.9207352755	0.9231812038	0.9216937637	0.9225250455	0.9218564245	0.9231666639	0.9223500652	0.9217121713	0.9212782660	0.9215084693	0.9225854972	0.9228649070	0.9215260175	0.9217159675	0.9219696639	0.9211574343	0.9217451189	0.9223928971	0.9215838190	0.9218152400	0.9209452089	0.9219893608	0.9230338708	0.9214450094	0.9215173508	0.9219520441	0.9216461329	0.9220008208	0.9206980304	0.9213306240	0.9208069723	0.9224215471	0.9215032407	0.9217997689	0.9216494277	0.9222633987	0.9225561309	0.9217793558	0.9217172567	0.9217772786	0.9219302700	0.9210121784	0.9222757183	0.9211403875	0.9222246495	0.9220293993	0.9225467480
0.9223338063	0.9226689405	0.9220561871	0.9237824972	0.9224891613	0.9227525987	0.9222389029	0.9243455428	0.9232626417	0.9225693815	0.9236779245	0.9223679715	0.9236625251	0.9231544160	0.9224738335	0.9229431934	0.9227538880	0.9230258488	0.9226756017	0.9217260666	1.0000000000	0.9229063064	0.9221547433	0.9234528782	0.9222056688	0.9228485049	0.9226723069	0.9224204728	0.9234880461	0.9232401514	0.9228215022	0.9230085155	0.9229988461	0.9227122738	0.9227619100	0.9232276170	0.9228704938	0.9225679490	0.9226028305	0.9243016366	0.9227821799	0.9232948014	0.9222699166	0.9230125265	0.9226035467	0.9228979979	0.9231381571	0.9229274358	0.9228786591	0.9226009682	0.9229234248	0.9223632442	0.9238932298	0.9227659926	0.9228392652	0.9223071617	0.9221314652	0.9239993783	0.9230614465	0.9235837374	0.9228371881	0.9241412678	0.9231529119	0.9230383116	0.9222680544	0.9226930782	0.9235847401	0.9235699137	0.9228487197	0.9228402680	0.9225471777	0.9225758278	0.9225287700	0.9232112148	0.9219918677	0.9223911781	0.9222100380	0.9232304103	0.9237775551	0.9228930557	0.9226584116	0.9227782406	0.9227181470	0.9233335506	0.9220347712	0.9223304399	0.9223623131	0.9231827080	0.9224602247	0.9226276844	0.9224522744	0.9228982127	0.9231253362	0.9225793374	0.9231117274	0.9218516972	0.9228627583	0.9221147049	0.9235055943	0.9224966103	0.9235601010	0.9227036071	0.9233080520
0.9217562925	0.9223385336	0.9216434112	0.9230140307	0.9220864129	0.9219844187	0.9223024345	0.9235802277	0.9224633763	0.9222298065	0.9235623931	0.9214655658	0.9226756017	0.9228911935	0.9212547013	0.9226349902	0.9222798009	0.9229316617	0.9222000821	0.9219413003	0.9229063064	1.0000000000	0.9220182974	0.9228044554	0.9214609818	0.9219660110	0.9220572615	0.9222572390	0.9225544119	0.9226573372	0.9221142035	0.9220304737	0.9227843287	0.9219842038	0.9221557461	0.9225336406	0.9221134872	0.9221811014	0.9218204686	0.9235668338	0.9218737578	0.9226174420	0.9219674435	0.9223355969	0.9220969418	0.9229144000	0.9224895911	0.9224960373	0.9219955922	0.9225345717	0.9219253279	0.9215903369	0.9233861951	0.9221775918	0.9220725176	0.9217946835	0.9214615548	0.9231853581	0.9225588526	0.9227850449	0.9220243139	0.9240013838	0.9223573710	0.9220561155	0.9216614607	0.9221655587	0.9233196553	0.9232876389	0.9226751719	0.9223379606	0.9221392723	0.9213863484	0.9218660222	0.9229469895	0.9222432004	0.9223525721	0.9217706175	0.9227282462	0.9235309496	0.9225009078	0.9224857233	0.9226753152	0.9216574497	0.9225537672	0.9217494881	0.9220517463	0.9217709040	0.9234261620	0.9219508981	0.9225347866	0.9216954110	0.9227865491	0.9226710177	0.9225011943	0.9226105660	0.9214051142	0.9222521536	0.9222962747	0.9227160699	0.9220799667	0.9225727479	0.9222250793	0.9223109579
0.9219428761	0.9224777013	0.9212239025	0.9234391261	0.9214808220	0.9217269261	0.9215762267	0.9229858103	0.9219041985	0.9218910910	0.9227675684	0.9212158088	0.9223731285	0.9213720950	0.9216230696	0.9221948534	0.9211691092	0.9223479881	0.9211113077	0.9213987395	0.9221547433	0.9220182974	1.0000000000	0.9228692762	0.9213125028	0.9219360000	0.9214797476	0.9210885309	0.9219820550	0.9223557236	0.9217624522	0.9215572461	0.9215790917	0.9212713183	0.9222126881	0.9217504192	0.9216621770	0.9219052728	0.9219609256	0.9232868510	0.9220699391	0.9218873665	0.9221669196	0.9214495218	0.9221524513	0.9228358272	0.9214790314	0.9213801886	0.9217753447	0.9219013334	0.9214512408	0.9204446921	0.9227049680	0.9222620379	0.9218707495	0.9216211357	0.9208132753	0.9227273151	0.9220072671	0.9222729965	0.9214436485	0.9229124661	0.9217792841	0.9216377528	0.9219044850	0.9221719334	0.9220374929	0.9224568584	0.9221298894	0.9214409984	0.9215120506	0.9208515231	0.9217853007	0.9214998027	0.9210534345	0.9218048543	0.9218423143	0.9217116700	0.9230289287	0.9215946344	0.9223395363	0.9221152779	0.9220024682	0.9215023812	0.9218898018	0.9217229151	0.9214801774	0.9229291548	0.9216214939	0.9212925910	0.9215463590	0.9220385673	0.9224987591	0.9221812447	0.9219383637	0.9209182778	0.9215382654	0.9222602472	0.9224305003	0.9219917961	0.9227326869	0.9215073233	0.9221606166
0.9223242085	0.9227816786	0.9223507098	0.9238654392	0.9223613820	0.9229888186	0.9223350239	0.9246734429	0.9229933310	0.9224774148	0.9244024848	0.9224589355	0.9238858524	0.9229636065	0.9225158059	0.9232497491	0.9234237267	0.9234332529	0.9230775622	0.9221380547	0.9234528782	0.9228044554	0.9228692762	1.0000000000	0.9225589242	0.9228099705	0.9224888032	0.9224527041	0.9232612808	0.9233322613	0.9227444335	0.9233169336	0.9228004444	0.9224855084	0.9229744936	0.9234899084	0.9224703955	0.9227994416	0.9227509514	0.9245746718	0.9232828400	0.9230210499	0.9227208688	0.9225877892	0.9230759864	0.9235009386	0.9232056280	0.9227781689	0.9233765973	0.9233897047	0.9226926485	0.9226983069	0.9238230371	0.9232914350	0.9230700415	0.9226187313	0.9225529077	0.9240765902	0.9228428465	0.9229585928	0.9225425221	0.9245705891	0.9231733967	0.9227919210	0.9228305986	0.9228124058	0.9240163535	0.9236909603	0.9228656233	0.9230822178	0.9226427257	0.9222013713	0.9236034343	0.9232226748	0.9224544231	0.9226318387	0.9226290453	0.9236179026	0.9239948659	0.9229540804	0.9228669842	0.9222888973	0.9226244613	0.9228288796	0.9217138903	0.9225649408	0.9228697059	0.9232985975	0.9225272659	0.9224252717	0.9230000637	0.9236498474	0.9234008066	0.9232031928	0.9228439925	0.9221701428	0.9229782181	0.9226682243	0.9237229051	0.9228598933	0.9230449727	0.9229646093	0.9235237871
0.9214305411	0.9217873062	0.9212524809	0.9226875631	0.9216515048	0.9213518250	0.9213635716	0.9229371768	0.9220582642	0.9209432750	0.9233021071	0.9211307897	0.9229550831	0.9217994824	0.9213359243	0.9217263531	0.9215212902	0.9220879170	0.9219651515	0.9210401123	0.9222056688	0.9214609818	0.9213125028	0.9225589242	1.0000000000	0.9215041718	0.9217843695	0.9209523714	0.9225231833	0.9222240049	0.9220802532	0.9219747493	0.9217752731	0.9213308389	0.9217970472	0.9223515693	0.9216764304	0.9214989432	0.9210989165	0.9233608398	0.9216386839	0.9222514373	0.9215046016	0.9213984530	0.9214616265	0.9227744444	0.9219999613	0.9215448549	0.9215420615	0.9223719825	0.9218207551	0.9216427665	0.9232960906	0.9217456919	0.9218513391	0.9206246146	0.9212471090	0.9227091939	0.9218411683	0.9223438338	0.9212354341	0.9231471819	0.9219228926	0.9215716427	0.9217895265	0.9218661655	0.9224673156	0.9224433212	0.9217155377	0.9217598021	0.9211088724	0.9213724531	0.9212032028	0.9218375154	0.9211971863	0.9215752956	0.9208535287	0.9220688647	0.9226912160	0.9213070593	0.9217799288	0.9218245513	0.9218830690	0.9221629802	0.9210479910	0.9213747451	0.9209394789	0.9221187159	0.9211551423	0.9216784359	0.9215935600	0.9216033011	0.9222772224	0.9215342544	0.9220342698	0.9209256552	0.9217258517	0.9212110099	0.9225693815	0.9218029204	0.9216755709	0.9214841884	0.9222661205
0.9217503476	0.9225009078	0.9217916037	0.9233053303	0.9219915096	0.9220874873	0.9221019556	0.9233029666	0.9223658944	0.9228269457	0.9238296266	0.9217571520	0.9230448295	0.9222530847	0.9220638510	0.9220404296	0.9221026718	0.9232251101	0.9221117682	0.9217187609	0.9228485049	0.9219660110	0.9219360000	0.9228099705	0.9215041718	1.0000000000	0.9222204953	0.9219805509	0.9227402792	0.9226048360	0.9220551127	0.9218112290	0.9222066716	0.9220210908	0.9225905826	0.9227268137	0.9216279401	0.9223572277	0.9221583246	0.9235323821	0.9227032490	0.9225039161	0.9222729249	0.9218010582	0.9224594369	0.9222337459	0.9218347220	0.9220378510	0.9219853498	0.9224206160	0.9219713829	0.9219088541	0.9235150488	0.9225062797	0.9224895911	0.9220480218	0.9222303079	0.9235252196	0.9223804343	0.9226278277	0.9217400335	0.9236787124	0.9224101587	0.9219337080	0.9222328148	0.9217963309	0.9229015791	0.9233252421	0.9227023179	0.9220847655	0.9220659997	0.9217332291	0.9228333203	0.9229578049	0.9220451568	0.9220561155	0.9216341715	0.9230159645	0.9239788219	0.9224648804	0.9222957017	0.9223560817	0.9226564061	0.9221418508	0.9217494164	0.9221840380	0.9211405308	0.9229228518	0.9221460767	0.9213279739	0.9223256410	0.9226817614	0.9229820858	0.9224004177	0.9226153649	0.9220064076	0.9220437959	0.9223851616	0.9232003278	0.9225209629	0.9229870996	0.9222092501	0.9223054427
0.9215824581	0.9225984613	0.9213803319	0.9232398649	0.9221207214	0.9222639717	0.9213049106	0.9229149014	0.9229715569	0.9216883918	0.9240672790	0.9217338021	0.9232127189	0.9227417117	0.9224046436	0.9217466231	0.9222850295	0.9225945220	0.9223583021	0.9214279626	0.9226723069	0.9220572615	0.9214797476	0.9224888032	0.9217843695	0.9222204953	1.0000000000	0.9218135210	0.9225146599	0.9221104790	0.9225205331	0.9222882527	0.9222635420	0.9219496088	0.9218472564	0.9224777013	0.9221896248	0.9221649857	0.9220955809	0.9236223433	0.9218923087	0.9227089074	0.9219232508	0.9222180600	0.9217368820	0.9228577445	0.9219700936	0.9223300818	0.9221307489	0.9226339158	0.9221007380	0.9221959278	0.9235888227	0.9220060495	0.9223105281	0.9217726946	0.9218017028	0.9238830590	0.9221814595	0.9226475962	0.9218739726	0.9235272967	0.9226438001	0.9223328035	0.9216315930	0.9218785566	0.9237352962	0.9233738039	0.9223749908	0.9224016353	0.9217716202	0.9219064188	0.9227380588	0.9228522294	0.9216987774	0.9218170306	0.9218146670	0.9223442636	0.9231557053	0.9219063472	0.9221683521	0.9219336364	0.9223541479	0.9223022912	0.9212902990	0.9215997198	0.9216049484	0.9223398228	0.9216181991	0.9217829370	0.9221046057	0.9227168578	0.9228518712	0.9219537631	0.9223983406	0.9212818472	0.9224158171	0.9220801815	0.9230543556	0.9213730977	0.9223401809	0.9218653060	0.9220812559
0.9217716919	0.9216048768	0.9214412133	0.9231385868	0.9217952566	0.9216037308	0.9210867402	0.9232270439	0.9222458506	0.9210367459	0.9230529231	0.9219555537	0.9224699658	0.9220859115	0.9214687890	0.9216103920	0.9218644465	0.9224140265	0.9221510188	0.9211659577	0.9224204728	0.9222572390	0.9210885309	0.9224527041	0.9209523714	0.9219805509	0.9218135210	1.0000000000	0.9224537785	0.9219093555	0.9216110366	0.9225383678	0.9222324567	0.9210055889	0.9218436752	0.9222000821	0.9220101321	0.9217700445	0.9213498195	0.9236389604	0.9213042659	0.9222697018	0.9210832306	0.9216578078	0.9215446400	0.9224454700	0.9220945782	0.9221482971	0.9216047336	0.9222008700	0.9220359888	0.9215530202	0.9230427524	0.9221540271	0.9220135701	0.9213450923	0.9214283924	0.9234111923	0.9219228926	0.9225456020	0.9215563866	0.9237620841	0.9221859719	0.9222680544	0.9208034626	0.9216502156	0.9227026044	0.9226403621	0.9220723028	0.9216773615	0.9211524922	0.9213905743	0.9219292673	0.9220501706	0.9211912414	0.9217703310	0.9210971259	0.9221460051	0.9230443997	0.9222023025	0.9214255990	0.9220985176	0.9217169702	0.9218388763	0.9212036325	0.9217511354	0.9212380843	0.9222083190	0.9219428044	0.9216287996	0.9216002212	0.9227254528	0.9226198057	0.9220326940	0.9220927876	0.9214594777	0.9221487985	0.9217581547	0.9225597121	0.9216799400	0.9216849538	0.9214236651	0.9225485386
0.9221793108	0.9232089228	0.9219604242	0.9237000567	0.9229466314	0.9220599116	0.9222232170	0.9242940443	0.9227484445	0.9223663241	0.9239630643	0.9220087712	0.9236140348	0.9224310733	0.9226438001	0.9229686203	0.9230022125	0.9233586910	0.9223810073	0.9223047265	0.9234880461	0.9225544119	0.9219820550	0.9232612808	0.9225231833	0.9227402792	0.9225146599	0.9224537785	1.0000000000	0.9224703955	0.9227276016	0.9229126094	0.9226473813	0.9220486664	0.9223838007	0.9230055073	0.9225045607	0.9227056842	0.9224728308	0.9241488600	0.9225322797	0.9232047685	0.9225503292	0.9223563682	0.9223686878	0.9233550382	0.9228517280	0.9224033544	0.9224746214	0.9230999809	0.9225898663	0.9224640209	0.9240187887	0.9227692158	0.9225995357	0.9221575367	0.9222507211	0.9241558793	0.9230050775	0.9238476762	0.9221631235	0.9241847443	0.9227669238	0.9226119269	0.9222559497	0.9227285327	0.9239426511	0.9234046744	0.9224628749	0.9224127372	0.9224532771	0.9217083752	0.9221890518	0.9234553850	0.9222241481	0.9224892329	0.9219440937	0.9227543177	0.9235945528	0.9224857233	0.9224040706	0.9227916345	0.9228623285	0.9226384282	0.9220596251	0.9220692229	0.9220652835	0.9231796281	0.9220699391	0.9223365281	0.9225318499	0.9229392540	0.9231458926	0.9226063401	0.9227059707	0.9221415643	0.9228291661	0.9222320985	0.9234791646	0.9223084510	0.9227304666	0.9230930332	0.9227991551
