0.5329887203	-0.0055404810	-0.0062899910	-0.0043858218	-0.0053422404	-0.0057286488	-0.0058833202	-0.0039088765	-0.0061050027	-0.0055230314	-0.0051156627	-0.0042784672	-0.0039702388	-0.0051586143	-0.0042235501	-0.0053483904	-0.0058138704	-0.0057461264	-0.0052002908	-0.0048725737	-0.0055480019	-0.0054682522	-0.0045429527	-0.0050735446	-0.0053925395	-0.0056635621	-0.0062760114	-0.0044318448	-0.0050901564	-0.0061162533	-0.0060052172	-0.0066460574	-0.0049895645	-0.0051662097	-0.0041056219	-0.0059258057	-0.0063475615	-0.0062062887	-0.0044299198	-0.0041948528	-0.0065880254	-0.0045666093	-0.0056561880	-0.0056586144	-0.0055524336	-0.0029162449	-0.0057392298	-0.0047718238	-0.0060236110	-0.0052304107	-0.0051140050	-0.0057440085	-0.0044975174	-0.0057544572	-0.0054186051	-0.0060486392	-0.0052453489	-0.0040287358	-0.0048204547	-0.0045492517	-0.0044518194	-0.0045870732	-0.0040192914	-0.0054948568	-0.0065192740	-0.0043350792	-0.0051026950	-0.0050932331	-0.0049470820	-0.0055509561	-0.0061460884	-0.0067644980	-0.0040156500	-0.0047494109	-0.0068181771	-0.0054469974	-0.0048498778	-0.0054954098	-0.0033867749	-0.0056107570	-0.0054087108	-0.0065015139	-0.0056382342	-0.0058382518	-0.0061220777	-0.0051267929	-0.0062749033	-0.0049802505	-0.0051521274	-0.0046874691	-0.0041737736	-0.0057377208	-0.0052557871	-0.0045968261	-0.0060055284	-0.0046481176	-0.0040576586	-0.0057221979	-0.0038481920	-0.0050944097	-0.0038137293	-0.0066091021	-0.0043307129
-0.0055404810	0.5065770044	-0.0052787185	-0.0029451922	-0.0064582911	-0.0046416142	-0.0047786645	-0.0038486328	-0.0044754181	-0.0046760336	-0.0050546189	-0.0054292171	-0.0054679055	-0.0055608132	-0.0064267790	-0.0039664334	-0.0052040966	-0.0043167035	-0.0049774366	-0.0063692115	-0.0056343079	-0.0051979225	-0.0035204365	-0.0050949871	-0.0055945469	-0.0045069004	-0.0038491559	-0.0063466273	-0.0037460165	-0.0052183776	-0.0051573408	-0.0055818593	-0.0050634744	-0.0054623455	-0.0044292360	-0.0050513204	-0.0052624588	-0.0040787199	-0.0049975776	-0.0033611341	-0.0042927016	-0.0058590953	-0.0047529576	-0.0048766562	-0.0037518568	-0.0046632636	-0.0048341881	-0.0053926312	-0.0051547176	-0.0049592255	-0.0056795285	-0.0053444794	-0.0032955544	-0.0060882569	-0.0058307229	-0.0046561786	-0.0059287114	-0.0045718418	-0.0053055751	-0.0039218283	-0.0052755159	-0.0038356771	-0.0054262168	-0.0059961431	-0.0047017610	-0.0034045067	-0.0043500473	-0.0041326541	-0.0056853097	-0.0043363652	-0.0067216417	-0.0050424124	-0.0048278438	-0.0059204505	-0.0055341641	-0.0058995474	-0.0026640314	-0.0050709680	-0.0044229529	-0.0049493023	-0.0045370573	-0.0054584613	-0.0050397371	-0.0062087075	-0.0052824300	-0.0035711985	-0.0037599629	-0.0038836029	-0.0053431011	-0.0056645745	-0.0050982171	-0.0052794822	-0.0060822778	-0.0039659305	-0.0059528956	-0.0057120088	-0.0059597090	-0.0034691037	-0.0052993264	-0.0043645158	-0.0044297840	-0.0058072043	-0.0064792268
-0.0062899910	-0.0052787185	0.5345925201	-0.0030973546	-0.0059086167	-0.0062925173	-0.0053255781	-0.0031354173	-0.0054460736	-0.0054693205	-0.0035428327	-0.0048821156	-0.0060296531	-0.0044210016	-0.0050869569	-0.0062831822	-0.0048163512	-0.0044430547	-0.0064753624	-0.0056807528	-0.0044198304	-0.0058616875	-0.0058904702	-0.0046813150	-0.0060142387	-0.0049926677	-0.0053052359	-0.0052318646	-0.0057339247	-0.0063503393	-0.0057842407	-0.0052591131	-0.0045327433	-0.0058241995	-0.0060080061	-0.0044016025	-0.0043204160	-0.0063517952	-0.0052873789	-0.0045605518	-0.0057072736	-0.0046422980	-0.0056842643	-0.0053164024	-0.0051003072	-0.0060790853	-0.0068146999	-0.0050883437	-0.0066921989	-0.0054747154	-0.0048017475	-0.0052750739	-0.0035358124	-0.0061864053	-0.0038546418	-0.0064548774	-0.0035937712	-0.0029068207	-0.0047061650	-0.0053130203	-0.0039511715	-0.0043223351	-0.0051722072	-0.0047775002	-0.0054839806	-0.0055183882	-0.0054984144	-0.0033183123	-0.0054154708	-0.0058311629	-0.0048381664	-0.0066282462	-0.0052304414	-0.0042689951	-0.0052418616	-0.0048827008	-0.0075956841	-0.0058605578	-0.0045337653	-0.0045852712	-0.0058523394	-0.0038512215	-0.0064331099	-0.0048671467	-0.0061062170	-0.0065178648	-0.0064067827	-0.0056060819	-0.0056933646	-0.0036306457	-0.0048001489	-0.0056106131	-0.0062891233	-0.0055904333	-0.0062075675	-0.0051682924	-0.0042631095	-0.0049434951	-0.0042293833	-0.0053819358	-0.0052460756	-0.0050934336	-0.0059051052
-0.0043858218	-0.0029451922	-0.0030973546	0.3873575314	-0.0041865573	-0.0031377002	-0.0035908498	-0.0027165674	-0.0025977619	-0.0042043362	-0.0023319374	-0.0044405983	-0.0031211317	-0.0036786061	-0.0047225538	-0.0050780539	-0.0033539742	-0.0034306421	-0.0039654522	-0.0033178649	-0.0040719689	-0.0053003776	-0.0031039296	-0.0040945312	-0.0047355387	-0.0043335843	-0.0042697107	-0.0040778151	-0.0039728077	-0.0037307967	-0.0038530769	-0.0035331995	-0.0033682271	-0.0049164082	-0.0037176218	-0.0036577732	-0.0040009220	-0.0049558344	-0.0036667460	-0.0024629019	-0.0039828636	-0.0026496420	-0.0033566211	-0.0041112992	-0.0053328103	-0.0035319846	-0.0041306359	-0.0037170489	-0.0027304658	-0.0042966087	-0.0026371256	-0.0035939650	-0.0026332001	-0.0050317963	-0.0041221631	-0.0050219364	-0.0047032415	-0.0025981816	-0.0040206073	-0.0035753652	-0.0040615852	-0.0028223237	-0.0038859270	-0.0031689769	-0.0031711455	-0.0041442916	-0.0034267752	-0.0024976350	-0.0051200806	-0.0038191837	-0.0044092470	-0.0046993030	-0.0031667447	-0.0035744913	-0.0035141791	-0.0043796507	-0.0053261577	-0.0029997487	-0.0032906022	-0.0038884837	-0.0047554243	-0.0040200504	-0.0038949434	-0.0033525496	-0.0051251679	-0.0042728016	-0.0034094456	-0.0032990754	-0.0036806221	-0.0044013471	-0.0033401080	-0.0030788872	-0.0033813711	-0.0039349577	-0.0037795823	-0.0049420530	-0.0023961630	-0.0057007488	-0.0035806939	-0.0034153507	-0.0035711484	-0.0025393808	-0.0042148369
-0.0053422404	-0.0064582911	-0.0059086167	-0.0041865573	0.5070957933	-0.0070744227	-0.0058293195	-0.0038509597	-0.0047777717	-0.0048213191	-0.0028553464	-0.0048698268	-0.0048415562	-0.0051458313	-0.0035012139	-0.0052900299	-0.0053370828	-0.0056121706	-0.0048190359	-0.0042143884	-0.0050818344	-0.0057431587	-0.0063645899	-0.0060570365	-0.0053397883	-0.0051140357	-0.0047483049	-0.0058479520	-0.0036851451	-0.0062253735	-0.0055868162	-0.0037469750	-0.0039940375	-0.0053573116	-0.0063282148	-0.0049247755	-0.0044846932	-0.0042080572	-0.0059319997	-0.0053920457	-0.0052427672	-0.0037339800	-0.0053058878	-0.0038154453	-0.0050052969	-0.0044880087	-0.0052906656	-0.0059335709	-0.0045749832	-0.0042477868	-0.0062893775	-0.0054293482	-0.0047392641	-0.0046512101	-0.0040549833	-0.0053894508	-0.0042290029	-0.0043328022	-0.0048110653	-0.0039689751	-0.0041735439	-0.0033956436	-0.0058675810	-0.0044340922	-0.0060558089	-0.0065800983	-0.0041496204	-0.0033147652	-0.0053239195	-0.0049807290	-0.0057216469	-0.0050697241	-0.0047106381	-0.0043947050	-0.0051541157	-0.0060559444	-0.0061028427	-0.0052720597	-0.0050065817	-0.0052854247	-0.0058178077	-0.0056263632	-0.0050086682	-0.0046223859	-0.0048353355	-0.0039516210	-0.0059400809	-0.0053634684	-0.0050404114	-0.0051317081	-0.0041010635	-0.0050199122	-0.0046465742	-0.0059390742	-0.0029873397	-0.0049833573	-0.0041600636	-0.0059734996	-0.0046340743	-0.0052786749	-0.0041468800	-0.0032674057	-0.0051385408
-0.0057286488	-0.0046416142	-0.0062925173	-0.0031377002	-0.0070744227	0.5173349757	-0.0043820186	-0.0043898629	-0.0040720843	-0.0048896184	-0.0049905783	-0.0038440300	-0.0043779531	-0.0038370534	-0.0060155177	-0.0039368550	-0.0038594156	-0.0061787029	-0.0061493160	-0.0044948817	-0.0043646909	-0.0049413295	-0.0052152194	-0.0041912369	-0.0057799550	-0.0057275244	-0.0045971780	-0.0053322544	-0.0054225755	-0.0050830864	-0.0055405821	-0.0050332398	-0.0062837736	-0.0047496434	-0.0054316795	-0.0051456150	-0.0046866428	-0.0060224289	-0.0047261598	-0.0036797664	-0.0045336190	-0.0064602889	-0.0056228288	-0.0060356798	-0.0041056144	-0.0040558722	-0.0049119955	-0.0060836789	-0.0051897819	-0.0042266155	-0.0042490372	-0.0060143331	-0.0050990187	-0.0048045790	-0.0060182435	-0.0042252611	-0.0058038695	-0.0065850615	-0.0056603900	-0.0055115824	-0.0046893913	-0.0047595696	-0.0052213218	-0.0043294582	-0.0048511889	-0.0056619360	-0.0043701329	-0.0033993420	-0.0061480588	-0.0045483927	-0.0037889868	-0.0038102730	-0.0052836383	-0.0042060559	-0.0062039733	-0.0050122896	-0.0041875548	-0.0062006814	-0.0038494603	-0.0061654071	-0.0053474103	-0.0062406234	-0.0042326662	-0.0053662431	-0.0045962667	-0.0066423210	-0.0049138913	-0.0058488402	-0.0059792747	-0.0067097200	-0.0053388830	-0.0059302951	-0.0048806440	-0.0045187927	-0.0049489804	-0.0045744788	-0.0056091779	-0.0036998485	-0.0032675386	-0.0055692173	-0.0049123632	-0.0061182502	-0.0059574127
-0.0058833202	-0.0047786645	-0.0053255781	-0.0035908498	-0.0058293195	-0.0043820186	0.5235042812	-0.0048032501	-0.0047253240	-0.0050469751	-0.0052764114	-0.0034972040	-0.0046896642	-0.0049445750	-0.0058235555	-0.0038831121	-0.0052105253	-0.0052345391	-0.0060747341	-0.0044864389	-0.0056498200	-0.0037087831	-0.0046862344	-0.0048518436	-0.0050610657	-0.0046935472	-0.0063067993	-0.0062789051	-0.0051823969	-0.0050012442	-0.0049553662	-0.0048303917	-0.0064199164	-0.0069103172	-0.0036790890	-0.0053538531	-0.0056770919	-0.0055236119	-0.0038435414	-0.0042759661	-0.0039229047	-0.0052937732	-0.0049207343	-0.0070881723	-0.0065177303	-0.0052451711	-0.0066584428	-0.0058996113	-0.0066425491	-0.0065916238	-0.0065155807	-0.0053184998	-0.0035071527	-0.0048638195	-0.0046426574	-0.0033078533	-0.0063170395	-0.0043462529	-0.0066622653	-0.0037923870	-0.0054602208	-0.0054562595	-0.0049100797	-0.0051850118	-0.0050449049	-0.0046876619	-0.0037787343	-0.0038977271	-0.0058924498	-0.0060182871	-0.0054017189	-0.0060824674	-0.0061314174	-0.0044891005	-0.0058953451	-0.0054186568	-0.0049703462	-0.0053981902	-0.0031315687	-0.0047486217	-0.0051145640	-0.0043998643	-0.0041643098	-0.0060605989	-0.0047074724	-0.0050071389	-0.0046039174	-0.0041378149	-0.0053557730	-0.0051392891	-0.0049010405	-0.0053215725	-0.0044454513	-0.0047465687	-0.0061392499	-0.0058465799	-0.0050634932	-0.0049106541	-0.0049000096	-0.0060233628	-0.0044863621	-0.0058395865	-0.0057607725
-0.0039088765	-0.0038486328	-0.0031354173	-0.0027165674	-0.0038509597	-0.0043898629	-0.0048032501	0.3901114078	-0.0043307290	-0.0050766414	-0.0023490188	-0.0040145148	-0.0024915134	-0.0037119003	-0.0028832994	-0.0042992616	-0.0039746416	-0.0030282898	-0.0034499620	-0.0044236702	-0.0030530720	-0.0032340923	-0.0045799661	-0.0024380782	-0.0048708166	-0.0044859412	-0.0056153293	-0.0037297376	-0.0034087389	-0.0049233806	-0.0045701657	-0.0047164305	-0.0039433663	-0.0025614319	-0.0040925364	-0.0041711269	-0.0045969048	-0.0047494040	-0.0035455691	-0.0040433532	-0.0042378761	-0.0035704539	-0.0038524071	-0.0016663258	-0.0040179836	-0.0044298086	-0.0039215237	-0.0040965279	-0.0035980661	-0.0036187440	-0.0043503356	-0.0048746038	-0.0031166721	-0.0033671313	-0.0041057773	-0.0047253116	-0.0051989746	-0.0018667199	-0.0036227197	-0.0013799487	-0.0035717464	-0.0029727134	-0.0036253344	-0.0052194083	-0.0050279648	-0.0043237851	-0.0013437397	-0.0034546180	-0.0027445703	-0.0045212262	-0.0033276631	-0.0049570049	-0.0028393455	-0.0038377400	-0.0047925908	-0.0033713723	-0.0045495768	-0.0039467082	-0.0025310705	-0.0032197832	-0.0042094176	-0.0051951831	-0.0030860712	-0.0026070776	-0.0048499828	-0.0043541751	-0.0035372438	-0.0045926267	-0.0048216723	-0.0051242378	-0.0031387951	-0.0034416538	-0.0026570026	-0.0039640110	-0.0028876401	-0.0038521081	-0.0041690327	-0.0036654083	-0.0032128775	-0.0051411170	-0.0035383267	-0.0045568735	-0.0036965493
-0.0061050027	-0.0044754181	-0.0054460736	-0.0025977619	-0.0047777717	-0.0040720843	-0.0047253240	-0.0043307290	0.4660950113	-0.0053630112	-0.0043620583	-0.0040728736	-0.0029473293	-0.0037551119	-0.0059679847	-0.0058641601	-0.0050985192	-0.0054834705	-0.0025590103	-0.0040020173	-0.0035499131	-0.0053400538	-0.0055832515	-0.0045376925	-0.0048382883	-0.0050073528	-0.0035766206	-0.0043251254	-0.0048540984	-0.0045477330	-0.0050902409	-0.0038999934	-0.0048476420	-0.0031963884	-0.0046812361	-0.0044020623	-0.0046518190	-0.0053678777	-0.0045991781	-0.0038199233	-0.0059985608	-0.0047154646	-0.0047283408	-0.0052220623	-0.0055620295	-0.0058204198	-0.0051302425	-0.0041035486	-0.0051945811	-0.0043525667	-0.0045929261	-0.0042729482	-0.0033110346	-0.0043515553	-0.0045772501	-0.0052361789	-0.0051259833	-0.0029671658	-0.0053183583	-0.0035972980	-0.0039624999	-0.0038206551	-0.0046894652	-0.0040312798	-0.0043928524	-0.0053636505	-0.0031038762	-0.0032244782	-0.0041351854	-0.0061148873	-0.0035697796	-0.0045297559	-0.0045004013	-0.0040839460	-0.0059227142	-0.0051208115	-0.0053604951	-0.0046027130	-0.0039045881	-0.0050128993	-0.0055897973	-0.0038477734	-0.0051728496	-0.0052015353	-0.0051467320	-0.0056066745	-0.0042818750	-0.0041667722	-0.0032466309	-0.0043417770	-0.0033877520	-0.0039782151	-0.0037405628	-0.0029814911	-0.0060756359	-0.0053319031	-0.0042577673	-0.0059195212	-0.0046475539	-0.0052105363	-0.0059076872	-0.0040318534	-0.0036744632
-0.0055230314	-0.0046760336	-0.0054693205	-0.0042043362	-0.0048213191	-0.0048896184	-0.0050469751	-0.0050766414	-0.0053630112	0.5274569978	-0.0047954766	-0.0048870586	-0.0053080244	-0.0050498962	-0.0049881877	-0.0047826793	-0.0059810726	-0.0049763335	-0.0057979172	-0.0058928894	-0.0053639191	-0.0041520669	-0.0044662324	-0.0048921654	-0.0072872315	-0.0027810797	-0.0052840043	-0.0066624903	-0.0049857957	-0.0049270965	-0.0049475361	-0.0042881039	-0.0058811067	-0.0052675523	-0.0035721376	-0.0051425407	-0.0052901144	-0.0053788922	-0.0050545652	-0.0047765000	-0.0052128537	-0.0046052179	-0.0053794771	-0.0060919823	-0.0054797099	-0.0059438630	-0.0054992158	-0.0056600720	-0.0068891006	-0.0059876557	-0.0050677109	-0.0061531422	-0.0052052627	-0.0048383546	-0.0057767344	-0.0046096323	-0.0055589300	-0.0039326504	-0.0037482732	-0.0048075007	-0.0047365075	-0.0040173464	-0.0062022461	-0.0052339555	-0.0052474792	-0.0047193324	-0.0047538365	-0.0036791506	-0.0052987436	-0.0054846401	-0.0064197632	-0.0055557278	-0.0058529086	-0.0040897174	-0.0052586603	-0.0055611102	-0.0055965502	-0.0048510801	-0.0029585439	-0.0048624402	-0.0055251516	-0.0047748477	-0.0043109475	-0.0060115972	-0.0053706928	-0.0051433870	-0.0047584756	-0.0038833203	-0.0055358312	-0.0056453365	-0.0069156863	-0.0055852607	-0.0038796891	-0.0061314197	-0.0052436557	-0.0058508768	-0.0066770180	-0.0043742639	-0.0052664721	-0.0061952018	-0.0054340482	-0.0050305666	-0.0051552193
-0.0051156627	-0.0050546189	-0.0035428327	-0.0023319374	-0.0028553464	-0.0049905783	-0.0052764114	-0.0023490188	-0.0043620583	-0.0047954766	0.4003478832	-0.0048893534	-0.0032720102	-0.0034760915	-0.0039917305	-0.0026680445	-0.0043371850	-0.0023680796	-0.0046063415	-0.0043962870	-0.0049296414	-0.0037026635	-0.0052297713	-0.0036097500	-0.0045031552	-0.0034976379	-0.0032094407	-0.0042583217	-0.0040900142	-0.0029626618	-0.0039846799	-0.0026478904	-0.0040592381	-0.0034780006	-0.0029289026	-0.0022884528	-0.0031691927	-0.0030993986	-0.0039221250	-0.0047466351	-0.0053392915	-0.0032864474	-0.0049310013	-0.0055254836	-0.0028997407	-0.0030270312	-0.0038635504	-0.0039121570	-0.0041465653	-0.0042962790	-0.0051950207	-0.0036447390	-0.0023961157	-0.0052319956	-0.0053525661	-0.0040968870	-0.0041505849	-0.0028310882	-0.0045418784	-0.0042051550	-0.0040228136	-0.0025153138	-0.0040483174	-0.0026662993	-0.0040430069	-0.0052832685	-0.0038316671	-0.0033519966	-0.0042415548	-0.0032101591	-0.0043217166	-0.0054381099	-0.0040525819	-0.0033267074	-0.0044060273	-0.0058476342	-0.0043594955	-0.0023857944	-0.0035553665	-0.0040313895	-0.0045066358	-0.0041907422	-0.0032542001	-0.0020082702	-0.0049816711	-0.0042979711	-0.0035376446	-0.0035819294	-0.0027457677	-0.0048441654	-0.0050799575	-0.0038686706	-0.0043212234	-0.0047381621	-0.0042095945	-0.0050082545	-0.0029888152	-0.0043972395	-0.0027960814	-0.0041154534	-0.0029821637	-0.0038947969	-0.0031890364
-0.0042784672	-0.0054292171	-0.0048821156	-0.0044405983	-0.0048698268	-0.0038440300	-0.0034972040	-0.0040145148	-0.0040728736	-0.0048870586	-0.0048893534	0.5126840180	-0.0035865508	-0.0042578023	-0.0046945893	-0.0062464079	-0.0050863421	-0.0065626450	-0.0047626417	-0.0055770885	-0.0045023817	-0.0056424331	-0.0058703758	-0.0047041644	-0.0053947359	-0.0055106946	-0.0047212620	-0.0038447338	-0.0054603366	-0.0046402570	-0.0046676871	-0.0050203730	-0.0040130880	-0.0064356766	-0.0049685560	-0.0050309460	-0.0048442260	-0.0059276466	-0.0046021421	-0.0040383031	-0.0066483954	-0.0030169377	-0.0047239862	-0.0058110631	-0.0045872893	-0.0038016846	-0.0063973629	-0.0069640592	-0.0046817029	-0.0043252611	-0.0039324278	-0.0058615238	-0.0030623350	-0.0064821574	-0.0049231825	-0.0058620699	-0.0060416352	-0.0042855814	-0.0054082847	-0.0043292668	-0.0051395631	-0.0035895417	-0.0051289520	-0.0036773300	-0.0053966189	-0.0051360761	-0.0030426521	-0.0045763516	-0.0057287311	-0.0058990916	-0.0057789033	-0.0058820338	-0.0047562930	-0.0042387433	-0.0055866463	-0.0053121254	-0.0064697541	-0.0049547865	-0.0044742195	-0.0042434147	-0.0050419667	-0.0046472192	-0.0061777689	-0.0051260070	-0.0059571495	-0.0066396051	-0.0051876166	-0.0039743037	-0.0053504550	-0.0045654532	-0.0045862055	-0.0045099971	-0.0046415734	-0.0042931677	-0.0048611130	-0.0059375412	-0.0051457806	-0.0066662977	-0.0055846555	-0.0062525972	-0.0055927199	-0.0064579614	-0.0056094818
-0.0039702388	-0.0054679055	-0.0060296531	-0.0031211317	-0.0048415562	-0.0043779531	-0.0046896642	-0.0024915134	-0.0029473293	-0.0053080244	-0.0032720102	-0.0035865508	0.4416091671	-0.0045839934	-0.0044230926	-0.0049291104	-0.0050359112	-0.0041258265	-0.0032445131	-0.0038760534	-0.0039302531	-0.0057552081	-0.0054095928	-0.0039570102	-0.0033030895	-0.0043941362	-0.0041542745	-0.0049720258	-0.0039207212	-0.0040742623	-0.0034912750	-0.0045135879	-0.0035309819	-0.0043897552	-0.0044361914	-0.0043087233	-0.0046738224	-0.0052332083	-0.0037401203	-0.0040430145	-0.0038650420	-0.0034572977	-0.0048362099	-0.0042856396	-0.0057578588	-0.0044475983	-0.0044121186	-0.0034506058	-0.0031149532	-0.0039889108	-0.0055368034	-0.0020614209	-0.0034148964	-0.0051636194	-0.0041648602	-0.0050258592	-0.0043043774	-0.0030198429	-0.0036581980	-0.0028431394	-0.0038547395	-0.0037699776	-0.0039094556	-0.0030984984	-0.0033648192	-0.0050191431	-0.0033787943	-0.0031668307	-0.0048763709	-0.0036882195	-0.0041213211	-0.0048185639	-0.0054813275	-0.0037569170	-0.0039952015	-0.0049801087	-0.0063740966	-0.0046483959	-0.0039730278	-0.0051049072	-0.0059654182	-0.0038532672	-0.0043959980	-0.0036886270	-0.0056580517	-0.0062117099	-0.0049515469	-0.0039163753	-0.0040566009	-0.0031833561	-0.0049968073	-0.0050484213	-0.0042086872	-0.0045175989	-0.0050127743	-0.0052305812	-0.0040605196	-0.0064048482	-0.0045784000	-0.0047506206	-0.0048497557	-0.0055940243	-0.0037319240
-0.0051586143	-0.0055608132	-0.0044210016	-0.0036786061	-0.0051458313	-0.0038370534	-0.0049445750	-0.0037119003	-0.0037551119	-0.0050498962	-0.0034760915	-0.0042578023	-0.0045839934	0.4861696198	-0.0039018682	-0.0049358031	-0.0044604002	-0.0065638117	-0.0052705796	-0.0053182765	-0.0036808534	-0.0035615791	-0.0065992568	-0.0048788181	-0.0051618439	-0.0052357547	-0.0032401384	-0.0047181610	-0.0054246993	-0.0051953487	-0.0046576344	-0.0040366383	-0.0039659258	-0.0057794092	-0.0039864097	-0.0046856369	-0.0030805375	-0.0056971341	-0.0045076846	-0.0037289604	-0.0048909316	-0.0053976001	-0.0053664374	-0.0050741193	-0.0062601287	-0.0057394048	-0.0045014015	-0.0046742301	-0.0050850565	-0.0035057709	-0.0048246208	-0.0039614034	-0.0045646227	-0.0049184580	-0.0048676892	-0.0059721181	-0.0047676387	-0.0036053566	-0.0045729643	-0.0033506699	-0.0054586792	-0.0030085377	-0.0059705133	-0.0047601718	-0.0064839101	-0.0052596469	-0.0030987032	-0.0032889060	-0.0043764039	-0.0047026366	-0.0058735511	-0.0049900723	-0.0050414628	-0.0048093118	-0.0044632960	-0.0058711505	-0.0057954788	-0.0048376692	-0.0038892618	-0.0052796702	-0.0059618897	-0.0055904496	-0.0042649641	-0.0041673570	-0.0060364735	-0.0057594543	-0.0056668779	-0.0058210144	-0.0047998503	-0.0036527177	-0.0039145463	-0.0047026882	-0.0040319778	-0.0053101901	-0.0046175954	-0.0052094220	-0.0029467712	-0.0064415178	-0.0038009673	-0.0054295124	-0.0057822694	-0.0055725352	-0.0036744682
-0.0042235501	-0.0064267790	-0.0050869569	-0.0047225538	-0.0035012139	-0.0060155177	-0.0058235555	-0.0028832994	-0.0059679847	-0.0049881877	-0.0039917305	-0.0046945893	-0.0044230926	-0.0039018682	0.5185625714	-0.0057424129	-0.0057592873	-0.0046692197	-0.0049986347	-0.0051199354	-0.0046356037	-0.0068672973	-0.0049796032	-0.0049536767	-0.0058418696	-0.0053122133	-0.0040065530	-0.0050234578	-0.0045873512	-0.0050402628	-0.0037779807	-0.0048457263	-0.0055241579	-0.0055339855	-0.0044262325	-0.0048956471	-0.0056054132	-0.0063147775	-0.0060475544	-0.0045011671	-0.0059596176	-0.0049118875	-0.0049618947	-0.0052383505	-0.0055479952	-0.0044727141	-0.0050167818	-0.0052831164	-0.0058443215	-0.0052224926	-0.0051894834	-0.0051114976	-0.0045186445	-0.0057674707	-0.0044903522	-0.0045731853	-0.0054128394	-0.0031349331	-0.0046074092	-0.0045918012	-0.0051892783	-0.0035405908	-0.0045086412	-0.0046092190	-0.0053512357	-0.0061030816	-0.0037434324	-0.0031099133	-0.0046733423	-0.0031348507	-0.0072629469	-0.0066526153	-0.0052886716	-0.0041653122	-0.0060475924	-0.0049388000	-0.0063036935	-0.0048980651	-0.0045258936	-0.0058985852	-0.0064149184	-0.0055344539	-0.0064139259	-0.0048624327	-0.0063806486	-0.0056152323	-0.0047039214	-0.0048787840	-0.0045122749	-0.0047433223	-0.0065193979	-0.0044519588	-0.0063301398	-0.0058152305	-0.0040411017	-0.0042478404	-0.0049019251	-0.0059316731	-0.0056566707	-0.0066958068	-0.0056732182	-0.0046713907	-0.0041028542
-0.0053483904	-0.0039664334	-0.0062831822	-0.0050780539	-0.0052900299	-0.0039368550	-0.0038831121	-0.0042992616	-0.0058641601	-0.0047826793	-0.0026680445	-0.0062464079	-0.0049291104	-0.0049358031	-0.0057424129	0.5248411649	-0.0044252917	-0.0053697072	-0.0055127357	-0.0062798107	-0.0044519383	-0.0042282887	-0.0037119828	-0.0036988355	-0.0057915673	-0.0054625364	-0.0062333233	-0.0062856311	-0.0043466249	-0.0050849573	-0.0047549160	-0.0048668823	-0.0043200583	-0.0059564648	-0.0048031137	-0.0051765333	-0.0060329486	-0.0052831167	-0.0041102912	-0.0049258592	-0.0042479252	-0.0048598922	-0.0058930766	-0.0068913153	-0.0052784686	-0.0034690897	-0.0061494016	-0.0049007298	-0.0047598779	-0.0058364965	-0.0064253184	-0.0066824237	-0.0048482769	-0.0044458029	-0.0062592945	-0.0045365825	-0.0070352978	-0.0057956879	-0.0055700107	-0.0055236100	-0.0060878612	-0.0038822626	-0.0053917495	-0.0056911288	-0.0054356489	-0.0058754640	-0.0045628571	-0.0058664691	-0.0049033433	-0.0056690819	-0.0053351254	-0.0063009503	-0.0046963438	-0.0052235941	-0.0050697380	-0.0046797453	-0.0041416970	-0.0053389595	-0.0039335822	-0.0046761704	-0.0043788191	-0.0067072997	-0.0043485870	-0.0056264710	-0.0045766058	-0.0049875380	-0.0058475326	-0.0046251285	-0.0042114469	-0.0052979894	-0.0059647713	-0.0058785071	-0.0057821692	-0.0053918424	-0.0045457210	-0.0052469111	-0.0051087074	-0.0050324965	-0.0064033457	-0.0041030173	-0.0034029426	-0.0057591156	-0.0050764969
-0.0058138704	-0.0052040966	-0.0048163512	-0.0033539742	-0.0053370828	-0.0038594156	-0.0052105253	-0.0039746416	-0.0050985192	-0.0059810726	-0.0043371850	-0.0050863421	-0.0050359112	-0.0044604002	-0.0057592873	-0.0044252917	0.4982198549	-0.0053810247	-0.0041598320	-0.0050419334	-0.0046083989	-0.0050501872	-0.0075949068	-0.0036067258	-0.0061974850	-0.0057734047	-0.0050149708	-0.0053167239	-0.0043590936	-0.0050529644	-0.0047873185	-0.0053204402	-0.0045785317	-0.0039846258	-0.0038811922	-0.0045877690	-0.0059168296	-0.0046311420	-0.0055514362	-0.0039099427	-0.0049268720	-0.0052592542	-0.0040887712	-0.0047987513	-0.0048891132	-0.0046533225	-0.0048183304	-0.0048975064	-0.0037412987	-0.0038474128	-0.0049258244	-0.0052486660	-0.0047035536	-0.0056801256	-0.0043970053	-0.0049005362	-0.0053562311	-0.0037756251	-0.0042157415	-0.0052280342	-0.0036010906	-0.0035736679	-0.0038707339	-0.0046304398	-0.0051415907	-0.0072810890	-0.0049348556	-0.0037555984	-0.0045075282	-0.0056405331	-0.0049820263	-0.0058063733	-0.0051660522	-0.0048944989	-0.0060517697	-0.0047302548	-0.0074806932	-0.0047353219	-0.0033084554	-0.0047039999	-0.0046735631	-0.0061889554	-0.0046927800	-0.0047143051	-0.0050837376	-0.0056173134	-0.0053741016	-0.0046661629	-0.0033245259	-0.0042886064	-0.0047263442	-0.0049517973	-0.0042702334	-0.0052886419	-0.0041861731	-0.0062198041	-0.0050603547	-0.0057908084	-0.0037577290	-0.0053509253	-0.0045879584	-0.0054881331	-0.0047075057
-0.0057461264	-0.0043167035	-0.0044430547	-0.0034306421	-0.0056121706	-0.0061787029	-0.0052345391	-0.0030282898	-0.0054834705	-0.0049763335	-0.0023680796	-0.0065626450	-0.0041258265	-0.0065638117	-0.0046692197	-0.0053697072	-0.0053810247	0.4845654531	-0.0052810748	-0.0048933347	-0.0051815043	-0.0040612962	-0.0044825918	-0.0048622194	-0.0055460801	-0.0031826112	-0.0047878440	-0.0050646799	-0.0037292470	-0.0043998664	-0.0044777640	-0.0033165439	-0.0050463630	-0.0060299510	-0.0046546244	-0.0048047383	-0.0055351588	-0.0037526810	-0.0032071530	-0.0042184019	-0.0049625561	-0.0059836239	-0.0046783609	-0.0057836365	-0.0036894509	-0.0056292778	-0.0055106209	-0.0030352305	-0.0051030622	-0.0049062520	-0.0052729025	-0.0052296913	-0.0033848287	-0.0056018655	-0.0052959664	-0.0051790142	-0.0075116653	-0.0032958271	-0.0033246080	-0.0050266373	-0.0056347195	-0.0037360910	-0.0050658204	-0.0047755431	-0.0050178205	-0.0055492499	-0.0038272973	-0.0051892450	-0.0051782321	-0.0057991352	-0.0041635823	-0.0064859285	-0.0053770522	-0.0053829792	-0.0058445963	-0.0042373736	-0.0039580931	-0.0049775800	-0.0028615736	-0.0047610082	-0.0050694717	-0.0056225420	-0.0043430423	-0.0043040903	-0.0049138391	-0.0028104999	-0.0037702853	-0.0036838418	-0.0036244944	-0.0043248070	-0.0043481176	-0.0051217387	-0.0044887553	-0.0037703136	-0.0056896178	-0.0055528479	-0.0035054044	-0.0042646565	-0.0055262218	-0.0048844004	-0.0044901604	-0.0050826917	-0.0051395377
-0.0052002908	-0.0049774366	-0.0064753624	-0.0039654522	-0.0048190359	-0.0061493160	-0.0060747341	-0.0034499620	-0.0025590103	-0.0057979172	-0.0046063415	-0.0047626417	-0.0032445131	-0.0052705796	-0.0049986347	-0.0055127357	-0.0041598320	-0.0052810748	0.5045623830	-0.0037721623	-0.0045254148	-0.0051401086	-0.0072849281	-0.0052364260	-0.0047876469	-0.0053797394	-0.0040320499	-0.0047132515	-0.0056646503	-0.0056853780	-0.0053422030	-0.0051569961	-0.0037114324	-0.0033768905	-0.0044831118	-0.0050978342	-0.0046776274	-0.0042263416	-0.0057828811	-0.0036299966	-0.0056502164	-0.0043058514	-0.0056367256	-0.0038234511	-0.0052943906	-0.0049598933	-0.0045308030	-0.0047390588	-0.0043288761	-0.0052735917	-0.0045661757	-0.0049696070	-0.0025169116	-0.0049321596	-0.0058274718	-0.0047299367	-0.0039296819	-0.0034241643	-0.0039762852	-0.0047424443	-0.0039959847	-0.0044398299	-0.0049528724	-0.0047380077	-0.0065148909	-0.0059205953	-0.0035555654	-0.0036533880	-0.0037720570	-0.0062004825	-0.0045891796	-0.0051699785	-0.0039795184	-0.0041385721	-0.0046185088	-0.0056286218	-0.0059998908	-0.0056130796	-0.0045894551	-0.0057550302	-0.0059880821	-0.0043442375	-0.0057414017	-0.0055763593	-0.0056670227	-0.0060318171	-0.0071688702	-0.0055392577	-0.0055868586	-0.0046934225	-0.0051184126	-0.0066001161	-0.0055532824	-0.0056136281	-0.0062401570	-0.0062395024	-0.0047354365	-0.0058604361	-0.0045138365	-0.0063052131	-0.0041947132	-0.0051524649	-0.0031027093
-0.0048725737	-0.0063692115	-0.0056807528	-0.0033178649	-0.0042143884	-0.0044948817	-0.0044864389	-0.0044236702	-0.0040020173	-0.0058928894	-0.0043962870	-0.0055770885	-0.0038760534	-0.0053182765	-0.0051199354	-0.0062798107	-0.0050419334	-0.0048933347	-0.0037721623	0.5188587512	-0.0061889574	-0.0047038796	-0.0051835299	-0.0060773549	-0.0061557200	-0.0051125423	-0.0051711448	-0.0058384369	-0.0044473035	-0.0062101828	-0.0048520580	-0.0065079643	-0.0044505736	-0.0060359017	-0.0054527682	-0.0053883887	-0.0060306123	-0.0058481784	-0.0052518366	-0.0039717673	-0.0051856607	-0.0038442256	-0.0058372999	-0.0049437405	-0.0053304542	-0.0045109816	-0.0053786641	-0.0053891993	-0.0035626072	-0.0038790884	-0.0054028505	-0.0050253625	-0.0030928798	-0.0053886771	-0.0050696718	-0.0053913526	-0.0068356006	-0.0043876772	-0.0053611056	-0.0040285032	-0.0036996794	-0.0038946590	-0.0043210336	-0.0053602899	-0.0063062904	-0.0053917763	-0.0043872868	-0.0033633324	-0.0057233939	-0.0057653535	-0.0039605653	-0.0055119883	-0.0048442746	-0.0041575063	-0.0052960768	-0.0055459922	-0.0059073498	-0.0054156715	-0.0041733533	-0.0060949075	-0.0061815269	-0.0044830510	-0.0043243271	-0.0046383424	-0.0063376829	-0.0062589366	-0.0067296395	-0.0046511125	-0.0060666139	-0.0054191167	-0.0048153403	-0.0049296522	-0.0043046457	-0.0054124750	-0.0055731992	-0.0038310817	-0.0048722549	-0.0063650312	-0.0052508755	-0.0070519067	-0.0050361058	-0.0046854097	-0.0037653686
-0.0055480019	-0.0056343079	-0.0044198304	-0.0040719689	-0.0050818344	-0.0043646909	-0.0056498200	-0.0030530720	-0.0035499131	-0.0053639191	-0.0049296414	-0.0045023817	-0.0039302531	-0.0036808534	-0.0046356037	-0.0044519383	-0.0046083989	-0.0051815043	-0.0045254148	-0.0061889574	0.4758189985	-0.0043878664	-0.0055668353	-0.0042570631	-0.0048550764	-0.0041517990	-0.0044238224	-0.0045249794	-0.0038893398	-0.0038084011	-0.0051858593	-0.0043387467	-0.0042172414	-0.0040120168	-0.0042672204	-0.0044355813	-0.0039416335	-0.0056202888	-0.0047881304	-0.0031440819	-0.0050739959	-0.0041645635	-0.0058450568	-0.0037955069	-0.0051424270	-0.0055781875	-0.0040217364	-0.0037012263	-0.0040896490	-0.0063290391	-0.0045151064	-0.0053846114	-0.0036976560	-0.0049458462	-0.0044474971	-0.0049313124	-0.0054089953	-0.0040035980	-0.0045411717	-0.0037960127	-0.0034759382	-0.0038326801	-0.0045929233	-0.0040164041	-0.0053257979	-0.0049464566	-0.0045434993	-0.0039370202	-0.0054908383	-0.0047049160	-0.0043128697	-0.0033891525	-0.0054240653	-0.0039520316	-0.0062802313	-0.0057274827	-0.0056703208	-0.0046734189	-0.0044344180	-0.0049940031	-0.0049996476	-0.0046656281	-0.0049027091	-0.0034072172	-0.0053038005	-0.0059203054	-0.0056148581	-0.0050852000	-0.0052313063	-0.0045352937	-0.0043090966	-0.0046000373	-0.0052451274	-0.0058623281	-0.0033156455	-0.0055313492	-0.0048981583	-0.0063074124	-0.0043067764	-0.0055825124	-0.0037885507	-0.0041061400	-0.0039739462
-0.0054682522	-0.0051979225	-0.0058616875	-0.0053003776	-0.0057431587	-0.0049413295	-0.0037087831	-0.0032340923	-0.0053400538	-0.0041520669	-0.0037026635	-0.0056424331	-0.0057552081	-0.0035615791	-0.0068672973	-0.0042282887	-0.0050501872	-0.0040612962	-0.0051401086	-0.0047038796	-0.0043878664	0.5137884348	-0.0039860014	-0.0052687126	-0.0064078042	-0.0053848762	-0.0056021628	-0.0043360550	-0.0054369903	-0.0043769342	-0.0061108539	-0.0067092236	-0.0041939523	-0.0054670729	-0.0040145234	-0.0050496980	-0.0052822335	-0.0052258094	-0.0056204421	-0.0048531480	-0.0059801390	-0.0053022063	-0.0054159759	-0.0048593675	-0.0049699765	-0.0043744410	-0.0050997411	-0.0044828110	-0.0062374234	-0.0053665312	-0.0060659913	-0.0066246046	-0.0039892819	-0.0051429976	-0.0058525257	-0.0048830222	-0.0060132285	-0.0046675148	-0.0047099592	-0.0043478624	-0.0051801848	-0.0031550988	-0.0054147325	-0.0054013157	-0.0059529705	-0.0051772101	-0.0038445523	-0.0043585341	-0.0050858287	-0.0052926415	-0.0043667193	-0.0069936631	-0.0058109365	-0.0044466079	-0.0044553658	-0.0047676470	-0.0053617237	-0.0047078575	-0.0036844111	-0.0048048269	-0.0044243052	-0.0040152535	-0.0062620223	-0.0047641599	-0.0046127855	-0.0051112831	-0.0056708435	-0.0027995835	-0.0058887360	-0.0039752163	-0.0057224547	-0.0051837921	-0.0050061930	-0.0052124595	-0.0047841340	-0.0061507129	-0.0055911718	-0.0038370715	-0.0053125309	-0.0052288803	-0.0052086523	-0.0051245240	-0.0058782147
-0.0045429527	-0.0035204365	-0.0058904702	-0.0031039296	-0.0063645899	-0.0052152194	-0.0046862344	-0.0045799661	-0.0055832515	-0.0044662324	-0.0052297713	-0.0058703758	-0.0054095928	-0.0065992568	-0.0049796032	-0.0037119828	-0.0075949068	-0.0044825918	-0.0072849281	-0.0051835299	-0.0055668353	-0.0039860014	0.5337530533	-0.0030895921	-0.0057641995	-0.0049530608	-0.0055396386	-0.0060950909	-0.0059760060	-0.0031606205	-0.0058706365	-0.0066978290	-0.0060314183	-0.0063790540	-0.0031369622	-0.0066054722	-0.0055300463	-0.0047985125	-0.0033541859	-0.0047683857	-0.0045497403	-0.0060274113	-0.0036217583	-0.0063052431	-0.0039503989	-0.0034030626	-0.0058880956	-0.0063542720	-0.0053198071	-0.0065230413	-0.0057148226	-0.0083690765	-0.0053135046	-0.0047214365	-0.0051174774	-0.0038347630	-0.0071799911	-0.0052445010	-0.0048045735	-0.0055204828	-0.0057979050	-0.0051340336	-0.0052823245	-0.0066433345	-0.0046353826	-0.0033048861	-0.0062787714	-0.0051234301	-0.0056199424	-0.0066340242	-0.0050175497	-0.0071548363	-0.0056698373	-0.0069591592	-0.0072023738	-0.0044702114	-0.0034375422	-0.0065419269	-0.0036765257	-0.0060037788	-0.0034509249	-0.0045119658	-0.0043655921	-0.0068116035	-0.0025385921	-0.0053343881	-0.0048189605	-0.0026669536	-0.0063334574	-0.0062597514	-0.0056995720	-0.0058773112	-0.0046220722	-0.0043906987	-0.0058119701	-0.0072859886	-0.0067265369	-0.0027304116	-0.0051609732	-0.0043439193	-0.0031850395	-0.0059105365	-0.0049612292
-0.0050735446	-0.0050949871	-0.0046813150	-0.0040945312	-0.0060570365	-0.0041912369	-0.0048518436	-0.0024380782	-0.0045376925	-0.0048921654	-0.0036097500	-0.0047041644	-0.0039570102	-0.0048788181	-0.0049536767	-0.0036988355	-0.0036067258	-0.0048622194	-0.0052364260	-0.0060773549	-0.0042570631	-0.0052687126	-0.0030895921	0.4741149134	-0.0045312023	-0.0047690064	-0.0052496278	-0.0050464738	-0.0047596592	-0.0036394679	-0.0049419620	-0.0046059659	-0.0052829314	-0.0056084568	-0.0040553315	-0.0043126639	-0.0049397318	-0.0056505571	-0.0050842516	-0.0035579757	-0.0034429405	-0.0054033791	-0.0051940350	-0.0054239283	-0.0039338153	-0.0041433533	-0.0045367605	-0.0045659513	-0.0036269059	-0.0042626611	-0.0048882673	-0.0052476791	-0.0041415465	-0.0042803199	-0.0050464879	-0.0045204871	-0.0046149551	-0.0037965338	-0.0051900888	-0.0060307331	-0.0049839130	-0.0030996149	-0.0047460623	-0.0053066623	-0.0044990244	-0.0052904887	-0.0034111258	-0.0034607784	-0.0053096227	-0.0042091139	-0.0044585628	-0.0058811335	-0.0033147423	-0.0041652087	-0.0050211848	-0.0052187222	-0.0043454261	-0.0037438343	-0.0040427391	-0.0048755250	-0.0046722141	-0.0065606972	-0.0055492321	-0.0052181157	-0.0058981402	-0.0055851382	-0.0045272439	-0.0040373693	-0.0054743316	-0.0057973964	-0.0040374753	-0.0035067438	-0.0041664155	-0.0039260287	-0.0056813363	-0.0056380756	-0.0048483844	-0.0041682291	-0.0047027635	-0.0043484050	-0.0049164084	-0.0048739204	-0.0041584900
-0.0053925395	-0.0055945469	-0.0060142387	-0.0047355387	-0.0053397883	-0.0057799550	-0.0050610657	-0.0048708166	-0.0048382883	-0.0072872315	-0.0045031552	-0.0053947359	-0.0033030895	-0.0051618439	-0.0058418696	-0.0057915673	-0.0061974850	-0.0055460801	-0.0047876469	-0.0061557200	-0.0048550764	-0.0064078042	-0.0057641995	-0.0045312023	0.5545484702	-0.0056973469	-0.0057127666	-0.0057896810	-0.0043617190	-0.0044829373	-0.0048043023	-0.0051616607	-0.0061907806	-0.0057523455	-0.0048669279	-0.0036955635	-0.0049242090	-0.0066897411	-0.0067704750	-0.0040290833	-0.0057717693	-0.0053523768	-0.0057442669	-0.0054853545	-0.0056495049	-0.0045994536	-0.0051920157	-0.0058445169	-0.0064792958	-0.0043248059	-0.0050880968	-0.0052693821	-0.0035833931	-0.0057502328	-0.0053334316	-0.0069159702	-0.0060985405	-0.0052877904	-0.0052867273	-0.0051386737	-0.0058237531	-0.0040297112	-0.0052180749	-0.0062675560	-0.0046793716	-0.0046476326	-0.0053630014	-0.0050751079	-0.0060087606	-0.0046363895	-0.0064785015	-0.0052135862	-0.0069141721	-0.0056284499	-0.0054338633	-0.0053286969	-0.0071928430	-0.0055074647	-0.0049663965	-0.0062973614	-0.0056524364	-0.0045926253	-0.0043118830	-0.0050145382	-0.0055880586	-0.0059980594	-0.0068930473	-0.0056311187	-0.0063851406	-0.0048121095	-0.0047171353	-0.0067501095	-0.0049474963	-0.0063218158	-0.0044825630	-0.0065131668	-0.0056508738	-0.0062073199	-0.0052878566	-0.0051407205	-0.0065223971	-0.0052835268	-0.0048531543
-0.0056635621	-0.0045069004	-0.0049926677	-0.0043335843	-0.0051140357	-0.0057275244	-0.0046935472	-0.0044859412	-0.0050073528	-0.0027810797	-0.0034976379	-0.0055106946	-0.0043941362	-0.0052357547	-0.0053122133	-0.0054625364	-0.0057734047	-0.0031826112	-0.0053797394	-0.0051125423	-0.0041517990	-0.0053848762	-0.0049530608	-0.0047690064	-0.0056973469	0.4972553212	-0.0043945332	-0.0049035339	-0.0047137730	-0.0043519480	-0.0055838349	-0.0065744562	-0.0053356067	-0.0050836353	-0.0036820867	-0.0051230474	-0.0061199414	-0.0051585949	-0.0044781229	-0.0043368979	-0.0031759830	-0.0055343076	-0.0053730776	-0.0053789563	-0.0039930165	-0.0059834523	-0.0063572590	-0.0054955112	-0.0058660451	-0.0054598798	-0.0058032945	-0.0054260245	-0.0042478069	-0.0048162728	-0.0049894073	-0.0046776085	-0.0046143922	-0.0043078872	-0.0049480771	-0.0049239084	-0.0055568720	-0.0042410405	-0.0052188033	-0.0065875285	-0.0039051888	-0.0057628873	-0.0044656596	-0.0040876863	-0.0039768325	-0.0059814583	-0.0050606775	-0.0053416571	-0.0042198166	-0.0043337759	-0.0052833112	-0.0050036830	-0.0053808069	-0.0039621918	-0.0023902365	-0.0043973518	-0.0045390601	-0.0046330202	-0.0034982903	-0.0052897868	-0.0036503002	-0.0053632863	-0.0064641281	-0.0042313369	-0.0051145763	-0.0071690265	-0.0040583429	-0.0047558426	-0.0049306435	-0.0046278372	-0.0044192833	-0.0048070361	-0.0060293154	-0.0039869802	-0.0040368881	-0.0042959735	-0.0033743464	-0.0051203972	-0.0053664226
-0.0062760114	-0.0038491559	-0.0053052359	-0.0042697107	-0.0047483049	-0.0045971780	-0.0063067993	-0.0056153293	-0.0035766206	-0.0052840043	-0.0032094407	-0.0047212620	-0.0041542745	-0.0032401384	-0.0040065530	-0.0062333233	-0.0050149708	-0.0047878440	-0.0040320499	-0.0051711448	-0.0044238224	-0.0056021628	-0.0055396386	-0.0052496278	-0.0057127666	-0.0043945332	0.5015773414	-0.0049442204	-0.0050577226	-0.0053293964	-0.0043499314	-0.0050807737	-0.0043181885	-0.0049067367	-0.0052114162	-0.0050476649	-0.0046555170	-0.0051821107	-0.0045837975	-0.0036717007	-0.0056474975	-0.0049556074	-0.0054201839	-0.0049166916	-0.0066084966	-0.0048896219	-0.0051612083	-0.0037673653	-0.0046044710	-0.0047508590	-0.0055036389	-0.0037492709	-0.0036623030	-0.0058963612	-0.0042709513	-0.0047200612	-0.0049813242	-0.0026412567	-0.0049170132	-0.0049215862	-0.0052413141	-0.0038055201	-0.0045749390	-0.0048194947	-0.0060720966	-0.0058661091	-0.0024726989	-0.0034538961	-0.0044349570	-0.0044947989	-0.0055822394	-0.0043498623	-0.0035428557	-0.0040264894	-0.0048286771	-0.0054525050	-0.0053350417	-0.0056523887	-0.0047123183	-0.0061245486	-0.0056801888	-0.0058443215	-0.0048630941	-0.0049585181	-0.0059042275	-0.0062581050	-0.0057847240	-0.0055591720	-0.0057412816	-0.0055086026	-0.0043469549	-0.0039342690	-0.0051499699	-0.0059778981	-0.0043690194	-0.0057998801	-0.0044010093	-0.0051189890	-0.0044279663	-0.0066868650	-0.0050173857	-0.0057423495	-0.0060129504
