1.0000000000	0.9172868308	0.9166085994	0.9185305027	0.9169678510	0.9168130793	0.9167063069	0.9189434748	0.9173675974	0.9167060840	0.9181899009	0.9169403592	0.9185417966	0.9174230269	0.9172403176	0.9173013197	0.9170778184	0.9172900258	0.9173216786	0.9168561747	0.9179275395	0.9173511023	0.9173692320	0.9178348102	0.9169330776	0.9170796760	0.9169324088	0.9172141631	0.9176391723	0.9169940797	0.9169496470	0.9171250004	0.9176486087	0.9172637971	0.9175238551	0.9174892303	0.9168120391	0.9169171769	0.9172209990	0.9188185727	0.9168179090	0.9179729382	0.9171562817	0.9167888568	0.9171776807	0.9185218836	0.9172112654	0.9176171045	0.9171869685	0.9175387156	0.9175738606	0.9167965099	0.9185446944	0.9174524506	0.9173125394	0.9161722220	0.9167089818	0.9184097614	0.9177342792	0.9178848900	0.9169554425	0.9185458832	0.9176862056	0.9171218797	0.9166711620	0.9171834763	0.9178648284	0.9179507218	0.9174555713	0.9174161168	0.9167637426	0.9162898426	0.9176012038	0.9178108849	0.9164420880	0.9171651979	0.9170934219	0.9175618236	0.9189327753	0.9170809391	0.9174722150	0.9167400402	0.9172524288	0.9170337572	0.9161095852	0.9173328239	0.9164247755	0.9178634166	0.9173679689	0.9172089620	0.9173598700	0.9175988261	0.9179561459	0.9179015337	0.9171652722	0.9169572258	0.9177206819	0.9169166567	0.9184734385	0.9173841668	0.9181630035	0.9169959373	0.9177648918
0.9172868308	1.0000000000	0.9172339276	0.9194922716	0.9172628312	0.9176810788	0.9175499352	0.9190721664	0.9182928096	0.9177402234	0.9190663708	0.9173534800	0.9178552434	0.9179578548	0.9172156492	0.9181462855	0.9177707617	0.9181297904	0.9178260426	0.9167248082	0.9181225087	0.9179221897	0.9180438969	0.9182890945	0.9173900367	0.9179742757	0.9180814196	0.9170511439	0.9187030326	0.9178362220	0.9182096653	0.9178189839	0.9181560934	0.9176610172	0.9179356385	0.9183270630	0.9175174651	0.9181369234	0.9175763125	0.9195852238	0.9180651474	0.9179992412	0.9179707834	0.9178336957	0.9179363072	0.9184645222	0.9178944007	0.9177515917	0.9178767910	0.9186238263	0.9176603484	0.9172466333	0.9192799899	0.9173294060	0.9174471752	0.9173506565	0.9170969884	0.9190269163	0.9180588317	0.9187873657	0.9175168707	0.9194963582	0.9177183042	0.9176191107	0.9179277624	0.9179596381	0.9188300152	0.9187557129	0.9177619940	0.9181417530	0.9168386393	0.9172990164	0.9179939658	0.9179648393	0.9173002795	0.9173785941	0.9181950278	0.9181725885	0.9189422860	0.9178132626	0.9179016823	0.9178266370	0.9180505841	0.9177524090	0.9170613976	0.9184097614	0.9180392159	0.9187779293	0.9174422712	0.9173477587	0.9174313488	0.9178880107	0.9180607635	0.9182116715	0.9177877769	0.9175385670	0.9175864920	0.9178371136	0.9184281141	0.9181786070	0.9184238046	0.9178141542	0.9175630867
0.9166085994	0.9172339276	1.0000000000	0.9185606694	0.9165972312	0.9167139601	0.9166688586	0.9188033407	0.9172750167	0.9169382044	0.9187360228	0.9167425665	0.9172802922	0.9171701019	0.9168931772	0.9169201490	0.9171696561	0.9174543825	0.9165154986	0.9165598571	0.9175121897	0.9172307326	0.9166823816	0.9176105659	0.9165102975	0.9169961602	0.9165825936	0.9167433838	0.9173948663	0.9168506763	0.9171245546	0.9173068924	0.9173781483	0.9168371533	0.9166701217	0.9174361784	0.9171110316	0.9168300946	0.9169382044	0.9183027661	0.9166461221	0.9177839132	0.9170283331	0.9167762254	0.9171959591	0.9172987192	0.9164978147	0.9170528529	0.9163369502	0.9173435977	0.9170118380	0.9168144911	0.9184837665	0.9170009899	0.9172226336	0.9161980792	0.9169237155	0.9189936289	0.9173418145	0.9174797939	0.9172536920	0.9185222551	0.9171354770	0.9172563669	0.9169618325	0.9169005331	0.9179233786	0.9183246110	0.9169886557	0.9167145545	0.9170998862	0.9161198389	0.9172369740	0.9179645421	0.9167180467	0.9173115735	0.9158784307	0.9173038460	0.9178824380	0.9173253937	0.9170348717	0.9174010334	0.9164701742	0.9172380885	0.9161079505	0.9164961800	0.9163919339	0.9172314013	0.9168631591	0.9172608250	0.9169396162	0.9171845165	0.9175662074	0.9172811095	0.9169385016	0.9167439782	0.9173109790	0.9166485741	0.9179555515	0.9169674795	0.9175639784	0.9172588188	0.9172058413
0.9185305027	0.9194922716	0.9185606694	1.0000000000	0.9187806785	0.9190232755	0.9187237629	0.9204362080	0.9197571593	0.9185799880	0.9206435114	0.9180202688	0.9200168458	0.9191625923	0.9182884258	0.9188621138	0.9193477536	0.9195369273	0.9191129584	0.9188681323	0.9195039371	0.9186262783	0.9191087974	0.9194734731	0.9182182101	0.9188855190	0.9187155154	0.9189152400	0.9190576032	0.9192047217	0.9190255046	0.9193595677	0.9193479022	0.9185125215	0.9188225107	0.9197178534	0.9188792776	0.9189277970	0.9187517749	0.9206743468	0.9191567967	0.9199315468	0.9191236579	0.9187554900	0.9184319035	0.9194738446	0.9190689714	0.9190359812	0.9196673278	0.9193876540	0.9194969526	0.9188573585	0.9203948216	0.9190662965	0.9192344426	0.9178805805	0.9180814939	0.9203503888	0.9191686108	0.9196226721	0.9185034566	0.9203786237	0.9192273839	0.9193769544	0.9193088935	0.9189019398	0.9198434986	0.9200314834	0.9185452888	0.9190694915	0.9184600641	0.9183321155	0.9192935129	0.9192367460	0.9187444190	0.9185158651	0.9183191126	0.9198527120	0.9202326197	0.9192218855	0.9190083407	0.9189227445	0.9187946473	0.9193187014	0.9179402452	0.9189705952	0.9188339532	0.9195786109	0.9189571464	0.9187706477	0.9189236361	0.9197011354	0.9196631669	0.9194495478	0.9193026521	0.9181252579	0.9194635166	0.9182551383	0.9198961789	0.9190164397	0.9197431162	0.9196844916	0.9193072589
0.9169678510	0.9172628312	0.9165972312	0.9187806785	1.0000000000	0.9166638060	0.9172684038	0.9187638862	0.9175975630	0.9173817148	0.9195688773	0.9173455296	0.9181757092	0.9176442248	0.9176200766	0.9178929889	0.9173054064	0.9175635326	0.9177009918	0.9173182607	0.9177585018	0.9176283242	0.9169596035	0.9178643083	0.9170728402	0.9173693806	0.9174545311	0.9171115517	0.9182084022	0.9174175285	0.9173860244	0.9183870249	0.9182222967	0.9171317619	0.9170956510	0.9179713779	0.9174910878	0.9180674507	0.9168387136	0.9185556168	0.9177903032	0.9183839042	0.9173027315	0.9177884456	0.9174187917	0.9181360318	0.9175251926	0.9170719485	0.9176116061	0.9181404899	0.9169215607	0.9170226118	0.9189593755	0.9177690527	0.9178160861	0.9169414737	0.9173886249	0.9185462547	0.9177520375	0.9183884367	0.9175824796	0.9190101983	0.9173492447	0.9179456693	0.9170919359	0.9170177079	0.9182937755	0.9186462656	0.9173966496	0.9176335996	0.9168089927	0.9169198517	0.9173646996	0.9177821299	0.9171006292	0.9175026047	0.9167714701	0.9180478349	0.9182886487	0.9174877442	0.9175725974	0.9172600820	0.9177063416	0.9177499570	0.9170900040	0.9176766206	0.9167713958	0.9180125413	0.9171753030	0.9172867565	0.9174855151	0.9181106947	0.9182321789	0.9175663560	0.9182101854	0.9169526934	0.9177480995	0.9171922440	0.9185598521	0.9177885942	0.9183344189	0.9180335689	0.9180116497
0.9168130793	0.9176810788	0.9167139601	0.9190232755	0.9166638060	1.0000000000	0.9174081664	0.9186481975	0.9179874272	0.9172107452	0.9187441961	0.9175187283	0.9182098139	0.9180204174	0.9169442972	0.9183098991	0.9181256294	0.9174943571	0.9171137807	0.9169313686	0.9182336650	0.9174738497	0.9170764810	0.9184161514	0.9167019974	0.9174697631	0.9176216369	0.9171085053	0.9174525249	0.9176244604	0.9175393100	0.9180730977	0.9171506347	0.9174996326	0.9173886249	0.9180845403	0.9175171679	0.9173727986	0.9176023184	0.9193120885	0.9180808995	0.9175063198	0.9174381846	0.9170206800	0.9178226247	0.9184071608	0.9176480143	0.9169935596	0.9174428656	0.9179944859	0.9179291742	0.9171106600	0.9185915048	0.9177254373	0.9169949714	0.9172087391	0.9167024432	0.9179291742	0.9176353086	0.9178776084	0.9173496905	0.9188408634	0.9177288552	0.9177528548	0.9174511875	0.9171356256	0.9184916426	0.9185816969	0.9169821171	0.9178056094	0.9175892411	0.9175540219	0.9174087609	0.9180675250	0.9166364628	0.9173623962	0.9174842520	0.9177380686	0.9187731740	0.9174115844	0.9177087935	0.9171662382	0.9172934437	0.9174708033	0.9171860769	0.9171558358	0.9170921588	0.9179616443	0.9170991432	0.9168769793	0.9169874668	0.9174729581	0.9182820358	0.9179321463	0.9181050477	0.9172204045	0.9174421969	0.9176632462	0.9188500025	0.9173994731	0.9181552761	0.9172142374	0.9175192484
0.9167063069	0.9175499352	0.9166688586	0.9187237629	0.9172684038	0.9174081664	1.0000000000	0.9183904428	0.9176097486	0.9169685941	0.9183079673	0.9172684038	0.9180149190	0.9175278674	0.9171429072	0.9180436740	0.9171695818	0.9177834674	0.9168746016	0.9169391703	0.9176948990	0.9178381538	0.9169585632	0.9177427497	0.9168976354	0.9174863325	0.9166886230	0.9163767019	0.9176267638	0.9173363904	0.9175694024	0.9175618236	0.9172447757	0.9164315370	0.9177945384	0.9177636286	0.9171418670	0.9172495310	0.9172800693	0.9186620177	0.9176516551	0.9179340781	0.9172828185	0.9166195219	0.9168588496	0.9176221571	0.9169034309	0.9170446053	0.9168773508	0.9172062128	0.9171533839	0.9172212962	0.9189726013	0.9177176355	0.9177700186	0.9172923292	0.9164385958	0.9183651057	0.9170577568	0.9181358088	0.9168514936	0.9181864830	0.9173719812	0.9173616532	0.9170724687	0.9172238224	0.9184859213	0.9184015139	0.9169674795	0.9173704209	0.9167314211	0.9164336175	0.9171572476	0.9179631303	0.9164964030	0.9168389365	0.9170695709	0.9176864286	0.9186990946	0.9171367402	0.9174247359	0.9175418363	0.9174645619	0.9174190146	0.9165905440	0.9171181646	0.9168271225	0.9179227842	0.9174216895	0.9172663977	0.9170929018	0.9176185163	0.9181002180	0.9176066279	0.9173588297	0.9166681156	0.9172923292	0.9170039619	0.9178554663	0.9169856836	0.9180620267	0.9169753556	0.9173580867
0.9189434748	0.9190721664	0.9188033407	0.9204362080	0.9187638862	0.9186481975	0.9183904428	1.0000000000	0.9191731432	0.9185437285	0.9210544031	0.9186909213	0.9200490930	0.9197061879	0.9189926629	0.9191426793	0.9192244118	0.9196222263	0.9196905844	0.9184749245	0.9198631144	0.9192697362	0.9185764958	0.9201872210	0.9184604356	0.9187033298	0.9182778748	0.9188629311	0.9197089371	0.9190568601	0.9187770377	0.9191152617	0.9195009650	0.9193730907	0.9189149427	0.9193977591	0.9186221917	0.9190677826	0.9190359069	0.9205183120	0.9190967605	0.9196139788	0.9189338898	0.9197032901	0.9188708815	0.9193484223	0.9189010482	0.9191218746	0.9193458961	0.9194279258	0.9189159087	0.9184559774	0.9202540931	0.9194660429	0.9192897235	0.9182379745	0.9181106204	0.9205951406	0.9194166319	0.9203049158	0.9190023222	0.9207716829	0.9195633789	0.9186126810	0.9186596400	0.9191361407	0.9207068913	0.9198912006	0.9194715413	0.9189235618	0.9190226811	0.9181676102	0.9192315448	0.9194672317	0.9185946255	0.9193953071	0.9183602761	0.9194351331	0.9205348814	0.9193586018	0.9189530598	0.9186398013	0.9195675398	0.9196676250	0.9183801148	0.9186727916	0.9187421156	0.9193530291	0.9187293356	0.9182823330	0.9190171084	0.9197318965	0.9203390206	0.9193627627	0.9195175344	0.9184541199	0.9190444516	0.9190342722	0.9201563855	0.9184926085	0.9195671683	0.9188239224	0.9198178643
0.9173675974	0.9182928096	0.9172750167	0.9197571593	0.9175975630	0.9179874272	0.9176097486	0.9191731432	1.0000000000	0.9175456257	0.9192692904	0.9178522713	0.9190590149	0.9188031921	0.9171828819	0.9175361893	0.9179285054	0.9179357871	0.9185820684	0.9173684890	0.9189155372	0.9180319342	0.9174468779	0.9183301837	0.9174760044	0.9178202470	0.9184420086	0.9178416461	0.9181165646	0.9182910263	0.9179052488	0.9185075432	0.9179497559	0.9182002289	0.9180202688	0.9185501928	0.9177541179	0.9179577805	0.9178571009	0.9192866028	0.9178274543	0.9183067784	0.9178537573	0.9175411676	0.9177485453	0.9181439078	0.9179093354	0.9182636088	0.9176842738	0.9185485581	0.9180016189	0.9179093354	0.9190626557	0.9183282518	0.9179418055	0.9174043770	0.9173065952	0.9193612023	0.9180483550	0.9186360119	0.9177951328	0.9189283172	0.9181120321	0.9182723022	0.9178556149	0.9177408178	0.9188580272	0.9190528478	0.9180106838	0.9174595836	0.9182305443	0.9173993988	0.9180644786	0.9183631739	0.9172116369	0.9176920755	0.9173184836	0.9184117676	0.9194875906	0.9180716117	0.9178504880	0.9180738407	0.9176904409	0.9180146218	0.9173279200	0.9175520900	0.9180639585	0.9185907618	0.9186188481	0.9178239621	0.9182315102	0.9186328912	0.9189055064	0.9186568166	0.9175719287	0.9173922658	0.9181430905	0.9175285362	0.9185901674	0.9177551582	0.9178135598	0.9185233696	0.9185689169
0.9167060840	0.9177402234	0.9169382044	0.9185799880	0.9173817148	0.9172107452	0.9169685941	0.9185437285	0.9175456257	1.0000000000	0.9187647035	0.9171830305	0.9178779799	0.9176129436	0.9172204045	0.9177616968	0.9173121679	0.9174029653	0.9172096307	0.9166971678	0.9178828095	0.9177853249	0.9174524506	0.9179080723	0.9161811383	0.9182396835	0.9169969032	0.9166582334	0.9178366678	0.9176889548	0.9177274434	0.9179048773	0.9173292574	0.9172504227	0.9178533115	0.9178754536	0.9173116478	0.9174680541	0.9170343516	0.9187939043	0.9173952378	0.9181658270	0.9175378983	0.9169215607	0.9170562708	0.9175672477	0.9172134944	0.9170217945	0.9166025066	0.9175078058	0.9175618236	0.9166388405	0.9182216280	0.9177775975	0.9170563451	0.9171391921	0.9164955856	0.9188043066	0.9180577914	0.9178860788	0.9171339167	0.9188326901	0.9170139185	0.9173542973	0.9171581392	0.9175142701	0.9180547450	0.9189509794	0.9173167746	0.9173147685	0.9168242247	0.9168872330	0.9172078475	0.9180896671	0.9171818416	0.9167727332	0.9168810659	0.9179386849	0.9192799156	0.9177015119	0.9174967348	0.9174818743	0.9172149805	0.9173817891	0.9164778274	0.9171326535	0.9174285996	0.9183028404	0.9170596144	0.9170972113	0.9166666295	0.9176578222	0.9184312348	0.9171857054	0.9176301074	0.9166172185	0.9168645708	0.9175483749	0.9180591289	0.9172692955	0.9176745402	0.9173878076	0.9177400748
0.9181899009	0.9190663708	0.9187360228	0.9206435114	0.9195688773	0.9187441961	0.9183079673	0.9210544031	0.9192692904	0.9187647035	1.0000000000	0.9184259593	0.9201121014	0.9193602364	0.9188184984	0.9199934406	0.9191266300	0.9200019111	0.9191719544	0.9185269361	0.9192920269	0.9192202509	0.9183503196	0.9198372572	0.9187812729	0.9194010284	0.9196280962	0.9186657328	0.9194340186	0.9198594736	0.9192270124	0.9201069002	0.9192890548	0.9191570196	0.9191497380	0.9202305392	0.9195937685	0.9198173441	0.9189852327	0.9201092036	0.9186438137	0.9199958926	0.9189269054	0.9184740329	0.9194498450	0.9200838665	0.9191046365	0.9192056876	0.9191177880	0.9195471067	0.9188120341	0.9191556079	0.9205585839	0.9192596311	0.9188514886	0.9189964524	0.9186408416	0.9203746114	0.9189833009	0.9195394536	0.9188104737	0.9206646876	0.9193947127	0.9197289987	0.9190573059	0.9187560101	0.9198234369	0.9202888665	0.9192640892	0.9196310683	0.9186884693	0.9185146020	0.9191734404	0.9199857132	0.9186172134	0.9186646183	0.9185154193	0.9203147237	0.9203815215	0.9191159305	0.9192749374	0.9192358544	0.9193244227	0.9199171321	0.9182007491	0.9190203777	0.9188450986	0.9198446131	0.9195245188	0.9186024273	0.9184498847	0.9196987577	0.9197041817	0.9193942669	0.9194108363	0.9187416698	0.9194079385	0.9188354393	0.9204485422	0.9191567224	0.9198556098	0.9191358435	0.9199639426
0.9169403592	0.9173534800	0.9167425665	0.9180202688	0.9173455296	0.9175187283	0.9172684038	0.9186909213	0.9178522713	0.9171830305	0.9184259593	1.0000000000	0.9185488553	0.9176787011	0.9171284926	0.9168529054	0.9173476101	0.9175308395	0.9175789874	0.9164214319	0.9178886794	0.9171101399	0.9166456020	0.9177787120	0.9166677440	0.9172603049	0.9171533096	0.9173494676	0.9175899099	0.9176159157	0.9177792321	0.9177053756	0.9176901437	0.9165132696	0.9172360823	0.9178609646	0.9172961186	0.9173942719	0.9172843788	0.9188360337	0.9167677549	0.9184316063	0.9170985488	0.9168852269	0.9173273998	0.9183850931	0.9171043444	0.9167022203	0.9175013415	0.9177830958	0.9176446707	0.9169105640	0.9188006658	0.9169113070	0.9175578113	0.9163842065	0.9164549423	0.9184822062	0.9174980722	0.9180298538	0.9169987608	0.9188788318	0.9171914266	0.9179382390	0.9169784020	0.9171186104	0.9185777589	0.9180087519	0.9170382153	0.9171495945	0.9167893769	0.9165877205	0.9175675449	0.9177066388	0.9167676063	0.9168830721	0.9165455911	0.9178678748	0.9183033605	0.9177115427	0.9174638189	0.9175773528	0.9168181319	0.9174209464	0.9159919647	0.9168420572	0.9168323236	0.9181283043	0.9174106927	0.9172961186	0.9171675013	0.9177228367	0.9181716969	0.9178830324	0.9174435343	0.9166355712	0.9173630650	0.9165837082	0.9179739041	0.9169828601	0.9175090690	0.9168353700	0.9173106818
0.9185417966	0.9178552434	0.9172802922	0.9200168458	0.9181757092	0.9182098139	0.9180149190	0.9200490930	0.9190590149	0.9178779799	0.9201121014	0.9185488553	1.0000000000	0.9187010264	0.9183172551	0.9183929691	0.9185409793	0.9190606495	0.9190208235	0.9179922568	0.9192709251	0.9183564124	0.9179328893	0.9194449410	0.9183764740	0.9184786396	0.9185774617	0.9179825975	0.9190455662	0.9187061533	0.9188434639	0.9185536850	0.9188842559	0.9182436958	0.9184373276	0.9189871646	0.9180564540	0.9186484204	0.9182633116	0.9198712876	0.9188717731	0.9194726558	0.9182711133	0.9183627281	0.9182287610	0.9188373711	0.9185748611	0.9185140818	0.9191883752	0.9188489623	0.9182899861	0.9189484531	0.9197122807	0.9185004102	0.9185120757	0.9176624289	0.9179108958	0.9198712876	0.9192455880	0.9194792687	0.9182078821	0.9199906171	0.9187787466	0.9190039569	0.9185686940	0.9181005153	0.9197130237	0.9197972825	0.9185637158	0.9188635256	0.9182542467	0.9179412854	0.9180984348	0.9192581451	0.9186282102	0.9183222333	0.9173539258	0.9190787793	0.9196324057	0.9184277426	0.9182443645	0.9186487176	0.9181849227	0.9190956459	0.9173551889	0.9177410407	0.9178614848	0.9192282012	0.9185154936	0.9188024491	0.9179893590	0.9189365647	0.9192227029	0.9186646183	0.9186859431	0.9176836051	0.9189607873	0.9177391832	0.9189561062	0.9186278387	0.9187510319	0.9181363290	0.9192146782
0.9174230269	0.9179578548	0.9171701019	0.9191625923	0.9176442248	0.9180204174	0.9175278674	0.9197061879	0.9188031921	0.9176129436	0.9193602364	0.9176787011	0.9187010264	1.0000000000	0.9179504246	0.9180634384	0.9180659647	0.9176562618	0.9180222749	0.9173687862	0.9187340909	0.9185648303	0.9169110098	0.9184845838	0.9172296180	0.9175321027	0.9181749662	0.9176995801	0.9179591923	0.9179624616	0.9181554990	0.9184287828	0.9185143048	0.9175948138	0.9181256294	0.9184932772	0.9180908560	0.9179958233	0.9177276663	0.9194609160	0.9181255551	0.9181150785	0.9176570048	0.9177419324	0.9175419849	0.9182827045	0.9182964504	0.9181744460	0.9180855062	0.9183526973	0.9179558487	0.9180170738	0.9188590674	0.9181078712	0.9180202688	0.9171576934	0.9175547649	0.9192042759	0.9183798919	0.9186156531	0.9175321027	0.9196417678	0.9174703575	0.9182761659	0.9172268688	0.9173271026	0.9189177662	0.9191027790	0.9182383460	0.9178266370	0.9175032734	0.9174989639	0.9178111078	0.9182019379	0.9175907272	0.9176027642	0.9173268054	0.9181772695	0.9189711896	0.9179762075	0.9177746997	0.9177794550	0.9181518581	0.9184235816	0.9170266985	0.9176274325	0.9169388731	0.9179868327	0.9178933605	0.9181978513	0.9179473782	0.9182225939	0.9188144117	0.9181765265	0.9182033496	0.9172879453	0.9187330507	0.9171332479	0.9189518710	0.9176343426	0.9178942521	0.9178656457	0.9185665393
0.9172403176	0.9172156492	0.9168931772	0.9182884258	0.9176200766	0.9169442972	0.9171429072	0.9189926629	0.9171828819	0.9172204045	0.9188184984	0.9171284926	0.9183172551	0.9179504246	1.0000000000	0.9173626934	0.9174294169	0.9180299281	0.9176025413	0.9172319957	0.9179021281	0.9166819358	0.9170262526	0.9180748067	0.9167795690	0.9173871389	0.9178289404	0.9167387770	0.9180885526	0.9175358921	0.9180216805	0.9176584909	0.9175107036	0.9173716840	0.9175731918	0.9180533333	0.9172504227	0.9171524179	0.9165157215	0.9187462022	0.9174737011	0.9177748483	0.9175798048	0.9172547322	0.9168242990	0.9179622387	0.9174570574	0.9173842411	0.9173944205	0.9177400748	0.9172754625	0.9172091849	0.9187136578	0.9174251074	0.9177810897	0.9170427477	0.9167947267	0.9188726647	0.9177879255	0.9181546073	0.9170239493	0.9189008996	0.9178382281	0.9177384402	0.9170615462	0.9169901417	0.9184845095	0.9186631323	0.9173622476	0.9180325287	0.9164394874	0.9168087698	0.9176176989	0.9180039223	0.9166302214	0.9170785615	0.9163970608	0.9180841688	0.9184425287	0.9169907361	0.9171122947	0.9172476735	0.9171834763	0.9178114050	0.9160265152	0.9171527151	0.9173447866	0.9182410209	0.9172459645	0.9172921806	0.9166303700	0.9177000259	0.9174724379	0.9173115735	0.9176020211	0.9172416550	0.9174383332	0.9170997376	0.9178811006	0.9167123254	0.9176935616	0.9173784455	0.9178758994
0.9173013197	0.9181462855	0.9169201490	0.9188621138	0.9178929889	0.9183098991	0.9180436740	0.9191426793	0.9175361893	0.9177616968	0.9199934406	0.9168529054	0.9183929691	0.9180634384	0.9173626934	1.0000000000	0.9181956965	0.9179457436	0.9175269758	0.9168133023	0.9184353957	0.9182597451	0.9177463162	0.9187389949	0.9170616948	0.9175224434	0.9172901744	0.9170748463	0.9183101963	0.9180043681	0.9180290364	0.9180422623	0.9182921409	0.9175108522	0.9179159483	0.9184461695	0.9172760570	0.9179993898	0.9178911314	0.9191041164	0.9182488969	0.9183134656	0.9174751128	0.9170708340	0.9175275702	0.9187065248	0.9174642647	0.9178347359	0.9180048139	0.9180086776	0.9175223691	0.9168367075	0.9191057510	0.9180407019	0.9174196090	0.9175263814	0.9167344675	0.9186724200	0.9178618563	0.9180219777	0.9170738061	0.9193580816	0.9178173492	0.9178643826	0.9179218925	0.9175235579	0.9188856676	0.9181945077	0.9178803575	0.9178859302	0.9176903666	0.9170796017	0.9182139749	0.9180378784	0.9173355731	0.9182214051	0.9176896979	0.9181123293	0.9188509685	0.9180788933	0.9180628440	0.9174844749	0.9181216914	0.9178698809	0.9173918199	0.9180023619	0.9172436612	0.9184476556	0.9183515084	0.9176117547	0.9171954390	0.9179910680	0.9181124036	0.9179687773	0.9178845928	0.9171653465	0.9179469324	0.9175658359	0.9180858034	0.9178089530	0.9188127771	0.9178048664	0.9184986270
0.9170778184	0.9177707617	0.9171696561	0.9193477536	0.9173054064	0.9181256294	0.9171695818	0.9192244118	0.9179285054	0.9173121679	0.9191266300	0.9173476101	0.9185409793	0.9180659647	0.9174294169	0.9181956965	1.0000000000	0.9180782989	0.9182190274	0.9171589565	0.9182242286	0.9178140799	0.9166028038	0.9189399083	0.9169380558	0.9174109899	0.9177238026	0.9174959918	0.9183815265	0.9178099933	0.9177778947	0.9179526537	0.9182377516	0.9181309792	0.9179317004	0.9184897107	0.9172283549	0.9183518799	0.9177456475	0.9194035547	0.9177791578	0.9180333460	0.9179551057	0.9177495112	0.9175892411	0.9184115447	0.9180365410	0.9176045474	0.9181109176	0.9184559774	0.9177229853	0.9174719921	0.9187403323	0.9177524090	0.9182201420	0.9168383421	0.9172354136	0.9190778134	0.9185815483	0.9182753486	0.9179902506	0.9192983426	0.9182373058	0.9180782246	0.9174319432	0.9169541051	0.9186852000	0.9187485056	0.9179430687	0.9175581085	0.9178724072	0.9172836358	0.9178546490	0.9181913870	0.9168416114	0.9177767801	0.9167515570	0.9182634602	0.9194199755	0.9179696689	0.9183778857	0.9174853665	0.9177801981	0.9178832553	0.9172102251	0.9173120936	0.9172564412	0.9183204501	0.9182198447	0.9178782028	0.9177105025	0.9179295457	0.9187509576	0.9180415935	0.9181336541	0.9169500185	0.9177171897	0.9171588079	0.9191593230	0.9176463796	0.9183179238	0.9176993572	0.9184339840
0.9172900258	0.9181297904	0.9174543825	0.9195369273	0.9175635326	0.9174943571	0.9177834674	0.9196222263	0.9179357871	0.9174029653	0.9200019111	0.9175308395	0.9190606495	0.9176562618	0.9180299281	0.9179457436	0.9180782989	1.0000000000	0.9180111296	0.9176062564	0.9183530688	0.9184853269	0.9177613253	0.9189207383	0.9175561023	0.9185319144	0.9179073293	0.9179278367	0.9186974599	0.9184421572	0.9185659448	0.9188051982	0.9182809955	0.9174989639	0.9181999317	0.9188245168	0.9176683731	0.9189118220	0.9183761768	0.9193457475	0.9180138045	0.9181332083	0.9180106838	0.9176493517	0.9186562221	0.9183360535	0.9180846889	0.9186106005	0.9179103014	0.9184678658	0.9181998574	0.9178166062	0.9194008798	0.9179724924	0.9182376773	0.9174927968	0.9168974868	0.9195158997	0.9187622515	0.9187826847	0.9173601672	0.9197887378	0.9182365628	0.9183058868	0.9179089639	0.9178542031	0.9189302490	0.9188639714	0.9179557001	0.9176536612	0.9177419324	0.9172250856	0.9178203213	0.9181848484	0.9175828511	0.9183077444	0.9180031049	0.9186010898	0.9196072172	0.9183924490	0.9180377298	0.9180369868	0.9183655516	0.9185938825	0.9174794967	0.9186768782	0.9180817911	0.9189558833	0.9187175215	0.9179972351	0.9178637138	0.9184276683	0.9188653831	0.9184147397	0.9180759955	0.9176802615	0.9185318401	0.9178899425	0.9185111098	0.9178734474	0.9185602979	0.9180936051	0.9182569959
0.9173216786	0.9178260426	0.9165154986	0.9191129584	0.9177009918	0.9171137807	0.9168746016	0.9196905844	0.9185820684	0.9172096307	0.9191719544	0.9175789874	0.9190208235	0.9180222749	0.9176025413	0.9175269758	0.9182190274	0.9180111296	1.0000000000	0.9177230596	0.9181925758	0.9177828729	0.9166307415	0.9183961641	0.9174499986	0.9174732553	0.9177732879	0.9177114684	0.9178496707	0.9178718128	0.9178426863	0.9180471662	0.9180366896	0.9183623566	0.9179713779	0.9181991887	0.9176352343	0.9182445874	0.9173066695	0.9196337432	0.9176041016	0.9185663907	0.9175213288	0.9182731938	0.9174945800	0.9182202906	0.9176188135	0.9179536196	0.9183837556	0.9178285688	0.9177761857	0.9173085271	0.9194800860	0.9180689368	0.9175087718	0.9173205640	0.9176070737	0.9193347507	0.9185500442	0.9185401620	0.9178492249	0.9190260990	0.9182154609	0.9179067349	0.9170412617	0.9175275702	0.9187563816	0.9189133081	0.9181191651	0.9171209138	0.9178120737	0.9172293951	0.9181899009	0.9183211188	0.9175822567	0.9174716949	0.9172777659	0.9179222640	0.9188254085	0.9177460190	0.9177020320	0.9180222749	0.9174887844	0.9173830523	0.9168776480	0.9175382698	0.9167492537	0.9181471771	0.9175300222	0.9177214249	0.9172856420	0.9178286431	0.9182971191	0.9178038262	0.9174418997	0.9169540308	0.9179295457	0.9173649225	0.9183963870	0.9173106818	0.9181841796	0.9178374108	0.9189407256
0.9168561747	0.9167248082	0.9165598571	0.9188681323	0.9173182607	0.9169313686	0.9169391703	0.9184749245	0.9173684890	0.9166971678	0.9185269361	0.9164214319	0.9179922568	0.9173687862	0.9172319957	0.9168133023	0.9171589565	0.9176062564	0.9177230596	1.0000000000	0.9172537663	0.9174481411	0.9167504425	0.9176466768	0.9163413341	0.9172166894	0.9167065298	0.9166190017	0.9175580342	0.9171544241	0.9172538406	0.9169022421	0.9175567710	0.9167994077	0.9169599007	0.9174763017	0.9167115824	0.9173843897	0.9170486176	0.9187482827	0.9174781592	0.9179846780	0.9165917328	0.9169159137	0.9171180903	0.9179013108	0.9169149478	0.9172744223	0.9176422930	0.9178356276	0.9171981882	0.9169252015	0.9188943610	0.9174835090	0.9171411983	0.9167048209	0.9162141285	0.9184546400	0.9171132606	0.9180204174	0.9172496796	0.9186533244	0.9178348102	0.9170451997	0.9165601543	0.9167841758	0.9179520593	0.9182251945	0.9170158503	0.9172581501	0.9173514738	0.9164848118	0.9172154263	0.9178584384	0.9169742410	0.9171182389	0.9162931862	0.9174462092	0.9184096871	0.9170152559	0.9171363686	0.9173988044	0.9170354661	0.9173223473	0.9159920390	0.9169535850	0.9160274068	0.9178491506	0.9169908104	0.9172648373	0.9171012980	0.9177049298	0.9181566135	0.9172778402	0.9170792302	0.9171015209	0.9173184093	0.9164501869	0.9177298211	0.9165759064	0.9178182408	0.9173710153	0.9180017675
0.9179275395	0.9181225087	0.9175121897	0.9195039371	0.9177585018	0.9182336650	0.9176948990	0.9198631144	0.9189155372	0.9178828095	0.9192920269	0.9178886794	0.9192709251	0.9187340909	0.9179021281	0.9184353957	0.9182242286	0.9183530688	0.9181925758	0.9172537663	1.0000000000	0.9183816008	0.9175575884	0.9189202925	0.9177672695	0.9182431757	0.9180303739	0.9179535453	0.9189417659	0.9186852743	0.9183061840	0.9184571663	0.9186547361	0.9182687357	0.9183234221	0.9188797978	0.9182795838	0.9181378893	0.9179764304	0.9199579984	0.9182879800	0.9189778768	0.9176619088	0.9183941579	0.9180442684	0.9183983189	0.9186369035	0.9183364251	0.9183691924	0.9179254590	0.9185091036	0.9178408287	0.9193935981	0.9182306186	0.9183999535	0.9178044206	0.9174962147	0.9193149863	0.9184564233	0.9189317351	0.9183666661	0.9196667334	0.9186802961	0.9185944769	0.9176906638	0.9181597342	0.9189806260	0.9191470631	0.9184300459	0.9182320303	0.9181238462	0.9179455207	0.9180198973	0.9185872696	0.9172960443	0.9178646055	0.9175073600	0.9187976937	0.9192086597	0.9184871101	0.9182454790	0.9184685345	0.9180830542	0.9189661370	0.9173138025	0.9178776827	0.9179458179	0.9187042957	0.9180406276	0.9180502869	0.9179974580	0.9184526338	0.9187604683	0.9182123402	0.9187519978	0.9173785941	0.9183590130	0.9176509864	0.9190701602	0.9179183260	0.9190569344	0.9183102706	0.9188123313
0.9173511023	0.9179221897	0.9172307326	0.9186262783	0.9176283242	0.9174738497	0.9178381538	0.9192697362	0.9180319342	0.9177853249	0.9192202509	0.9171101399	0.9183564124	0.9185648303	0.9166819358	0.9182597451	0.9178140799	0.9184853269	0.9177828729	0.9174481411	0.9183816008	1.0000000000	0.9176012781	0.9183402888	0.9168711837	0.9174190146	0.9173837953	0.9179536939	0.9180852090	0.9180918962	0.9176977968	0.9176703050	0.9184374762	0.9175515699	0.9175780215	0.9181450966	0.9174762274	0.9178550948	0.9172452958	0.9191877808	0.9174025938	0.9181235490	0.9175914702	0.9178117765	0.9175721516	0.9186200369	0.9181566135	0.9181298647	0.9175980831	0.9180363181	0.9175075086	0.9170129525	0.9188994879	0.9177455732	0.9178646798	0.9172890599	0.9170029960	0.9187291870	0.9182645747	0.9183703069	0.9174540853	0.9194937576	0.9178897196	0.9177071589	0.9172186956	0.9176219342	0.9189348558	0.9189023114	0.9182419125	0.9179076265	0.9177902289	0.9167930920	0.9173889222	0.9183499481	0.9177549353	0.9179228585	0.9172275376	0.9183662946	0.9190104212	0.9182031267	0.9181222858	0.9182506802	0.9170726916	0.9181516352	0.9173081556	0.9177632571	0.9172469305	0.9189747561	0.9175301708	0.9180771843	0.9171982625	0.9183813036	0.9181412329	0.9180846889	0.9181595113	0.9168587753	0.9177888171	0.9179210009	0.9182944443	0.9175337373	0.9181630778	0.9180080089	0.9178689893
0.9173692320	0.9180438969	0.9166823816	0.9191087974	0.9169596035	0.9170764810	0.9169585632	0.9185764958	0.9174468779	0.9174524506	0.9183503196	0.9166456020	0.9179328893	0.9169110098	0.9170262526	0.9177463162	0.9166028038	0.9177613253	0.9166307415	0.9167504425	0.9175575884	0.9176012781	1.0000000000	0.9183049209	0.9167655259	0.9174215409	0.9168055748	0.9166135777	0.9173941976	0.9178661658	0.9172240454	0.9171015952	0.9170440109	0.9168990471	0.9176851654	0.9173451581	0.9173814176	0.9173853556	0.9175136757	0.9186935219	0.9175648700	0.9175639041	0.9176779581	0.9169440743	0.9177665264	0.9183960898	0.9169292881	0.9168410170	0.9173900367	0.9174447232	0.9169857579	0.9158094039	0.9181488861	0.9177023292	0.9173597213	0.9169404335	0.9162281717	0.9181919814	0.9176016496	0.9177571643	0.9169292138	0.9184009194	0.9171276753	0.9169862780	0.9174343209	0.9175769070	0.9174715463	0.9177703901	0.9176090056	0.9167997792	0.9169711203	0.9162911057	0.9172771715	0.9167586901	0.9164943225	0.9173391396	0.9173764394	0.9174241414	0.9186213744	0.9171958848	0.9178977443	0.9174997812	0.9174782335	0.9169937082	0.9172990907	0.9171383748	0.9169660678	0.9185754555	0.9171194277	0.9166600909	0.9171141523	0.9174479182	0.9179633532	0.9178305750	0.9173814176	0.9164058285	0.9168652396	0.9178839984	0.9180523674	0.9176442991	0.9183110880	0.9171144495	0.9176648066
0.9178348102	0.9182890945	0.9176105659	0.9194734731	0.9178643083	0.9184161514	0.9177427497	0.9201872210	0.9183301837	0.9179080723	0.9198372572	0.9177787120	0.9194449410	0.9184845838	0.9180748067	0.9187389949	0.9189399083	0.9189207383	0.9183961641	0.9176466768	0.9189202925	0.9183402888	0.9183049209	1.0000000000	0.9180473891	0.9182029038	0.9178764195	0.9179367530	0.9187311932	0.9187597252	0.9181563906	0.9187019181	0.9184420829	0.9180398846	0.9184793084	0.9190025452	0.9179321463	0.9182606367	0.9181217657	0.9201965088	0.9187807528	0.9185169053	0.9182540981	0.9179704862	0.9185272334	0.9190376158	0.9184866643	0.9182086251	0.9189325524	0.9189066952	0.9180928621	0.9180653703	0.9193576358	0.9186098575	0.9187245060	0.9179672912	0.9179411368	0.9196243811	0.9184628133	0.9185071717	0.9179443318	0.9200126849	0.9186473059	0.9182324761	0.9181982971	0.9183208216	0.9193509486	0.9190708290	0.9182707418	0.9185828858	0.9180976918	0.9176888805	0.9191204629	0.9189003795	0.9180866207	0.9182609339	0.9179441089	0.9191591001	0.9195080980	0.9185190601	0.9184871101	0.9177843590	0.9180188570	0.9183785545	0.9170081229	0.9181576537	0.9182240057	0.9189150170	0.9180331974	0.9179180288	0.9184230615	0.9190657764	0.9189211098	0.9186187738	0.9183476447	0.9176789240	0.9184312348	0.9183008343	0.9191298993	0.9183103449	0.9185598521	0.9184942431	0.9191493665
0.9169330776	0.9173900367	0.9165102975	0.9182182101	0.9170728402	0.9167019974	0.9168976354	0.9184604356	0.9174760044	0.9161811383	0.9187812729	0.9166677440	0.9183764740	0.9172296180	0.9167795690	0.9170616948	0.9169380558	0.9175561023	0.9174499986	0.9163413341	0.9177672695	0.9168711837	0.9167655259	0.9180473891	1.0000000000	0.9168073581	0.9171380033	0.9164053826	0.9180400332	0.9177756656	0.9174713234	0.9175013415	0.9173380994	0.9168644222	0.9173314865	0.9180019904	0.9172072530	0.9169662907	0.9165205512	0.9188456930	0.9170955767	0.9177276663	0.9170741776	0.9168877532	0.9169532135	0.9182058759	0.9174233984	0.9170856202	0.9168552087	0.9177125087	0.9172104480	0.9171163813	0.9187678242	0.9172828185	0.9173714611	0.9160232459	0.9166595708	0.9181114377	0.9173705695	0.9179564431	0.9165896523	0.9186847542	0.9174036340	0.9171326535	0.9171944730	0.9172530976	0.9179198864	0.9179120103	0.9169612381	0.9171668326	0.9166495400	0.9167523744	0.9166375773	0.9172108938	0.9165280557	0.9169933367	0.9161522347	0.9175522386	0.9180369125	0.9167468017	0.9173866931	0.9172461131	0.9171719594	0.9175998664	0.9163668940	0.9169939311	0.9163979524	0.9176316678	0.9166745056	0.9174175285	0.9171200964	0.9170472802	0.9177863651	0.9171211367	0.9172981990	0.9162523199	0.9171621515	0.9166850565	0.9180655932	0.9170874777	0.9173395111	0.9168918398	0.9176853140
0.9170796760	0.9179742757	0.9169961602	0.9188855190	0.9173693806	0.9174697631	0.9174863325	0.9187033298	0.9178202470	0.9182396835	0.9194010284	0.9172603049	0.9184786396	0.9175321027	0.9173871389	0.9175224434	0.9174109899	0.9185319144	0.9174732553	0.9172166894	0.9182431757	0.9174190146	0.9174215409	0.9182029038	0.9168073581	1.0000000000	0.9176641379	0.9174317203	0.9181585454	0.9178498936	0.9173725756	0.9170896325	0.9177367312	0.9174283024	0.9179400966	0.9184612529	0.9170208286	0.9176469740	0.9175528330	0.9189749047	0.9181823964	0.9178663887	0.9176599026	0.9170868090	0.9179825232	0.9175968200	0.9171243317	0.9173126137	0.9172214448	0.9178097704	0.9174127732	0.9172877967	0.9189723784	0.9179643934	0.9178644569	0.9174151509	0.9176215626	0.9188426466	0.9177809411	0.9178582898	0.9170214230	0.9189908054	0.9177099824	0.9174098754	0.9177069360	0.9170983259	0.9182948901	0.9188157492	0.9180825341	0.9174425684	0.9173380994	0.9169711946	0.9181100260	0.9183317440	0.9173785941	0.9174103955	0.9169412508	0.9184032228	0.9192390494	0.9179031684	0.9176654010	0.9178672060	0.9178697323	0.9176069251	0.9168659826	0.9176649552	0.9164372583	0.9182870883	0.9175348519	0.9166209336	0.9177611024	0.9180317113	0.9184276683	0.9177600621	0.9178385997	0.9173315608	0.9174037083	0.9179565917	0.9186841598	0.9178696580	0.9184805715	0.9177116170	0.9175247468
0.9169324088	0.9180814196	0.9165825936	0.9187155154	0.9174545311	0.9176216369	0.9166886230	0.9182778748	0.9184420086	0.9169969032	0.9196280962	0.9171533096	0.9185774617	0.9181749662	0.9178289404	0.9172901744	0.9177238026	0.9179073293	0.9177732879	0.9167065298	0.9180303739	0.9173837953	0.9168055748	0.9178764195	0.9171380033	0.9176641379	1.0000000000	0.9173737645	0.9180971717	0.9174326119	0.9179502017	0.9177060444	0.9178047921	0.9172288750	0.9172429924	0.9179713036	0.9175529816	0.9176448936	0.9172657289	0.9190520305	0.9173655169	0.9180625468	0.9174595836	0.9174514847	0.9170036647	0.9184107273	0.9174158939	0.9176774380	0.9173612817	0.9179800712	0.9174264448	0.9174919794	0.9190159196	0.9172699642	0.9177457218	0.9170987717	0.9171684672	0.9193896601	0.9174789765	0.9180765899	0.9174379617	0.9190156224	0.9180433025	0.9177810897	0.9169792193	0.9172965644	0.9191756695	0.9189264596	0.9177643717	0.9179702633	0.9170668960	0.9171423871	0.9181428676	0.9181077969	0.9170201598	0.9172261258	0.9170317510	0.9178018200	0.9184456494	0.9173912255	0.9179098556	0.9173317837	0.9176454880	0.9177212020	0.9165699622	0.9170085687	0.9170199369	0.9177136232	0.9169867981	0.9171538297	0.9175509755	0.9180334946	0.9183854646	0.9173121679	0.9177749969	0.9165091829	0.9176979454	0.9174329091	0.9183716443	0.9169576716	0.9177763343	0.9172481193	0.9175782444
0.9172141631	0.9170511439	0.9167433838	0.9189152400	0.9171115517	0.9171085053	0.9163767019	0.9188629311	0.9178416461	0.9166582334	0.9186657328	0.9173494676	0.9179825975	0.9176995801	0.9167387770	0.9170748463	0.9174959918	0.9179278367	0.9177114684	0.9166190017	0.9179535453	0.9179536939	0.9166135777	0.9179367530	0.9164053826	0.9174317203	0.9173737645	1.0000000000	0.9179953775	0.9174284510	0.9172703357	0.9182236342	0.9178410516	0.9167254026	0.9173936775	0.9178070955	0.9175592230	0.9171562817	0.9167918289	0.9192896492	0.9168543171	0.9177272948	0.9166492428	0.9172860878	0.9169987608	0.9180396617	0.9174372929	0.9176810045	0.9171102885	0.9176208939	0.9175066913	0.9170637010	0.9185262674	0.9177674924	0.9174828403	0.9167791232	0.9168810659	0.9190184458	0.9175165735	0.9179926283	0.9168899079	0.9192883118	0.9178496707	0.9178598501	0.9162226733	0.9170564194	0.9180568255	0.9182015664	0.9176561875	0.9172688496	0.9166085994	0.9168994186	0.9174326862	0.9176689675	0.9167985904	0.9172950783	0.9165355603	0.9177827986	0.9186013870	0.9176875431	0.9170262526	0.9176475684	0.9172546579	0.9174149280	0.9167546777	0.9173247993	0.9167089075	0.9178512310	0.9175825539	0.9170988460	0.9170573110	0.9182146436	0.9182481539	0.9176659954	0.9175257870	0.9167423436	0.9175255641	0.9173097159	0.9181423475	0.9171692846	0.9171012237	0.9168708122	0.9181112891
0.9176391723	0.9187030326	0.9173948663	0.9190576032	0.9182084022	0.9174525249	0.9176267638	0.9197089371	0.9181165646	0.9178366678	0.9194340186	0.9175899099	0.9190455662	0.9179591923	0.9180885526	0.9183101963	0.9183815265	0.9186974599	0.9178496707	0.9175580342	0.9189417659	0.9180852090	0.9173941976	0.9187311932	0.9180400332	0.9181585454	0.9180971717	0.9179953775	1.0000000000	0.9178119994	0.9182047614	0.9183324127	0.9181566878	0.9176088570	0.9179344496	0.9186043591	0.9178761966	0.9182721536	0.9178347359	0.9196339661	0.9180435997	0.9187584621	0.9181266697	0.9176397667	0.9179254590	0.9188433153	0.9183804863	0.9177429726	0.9179423257	0.9184429745	0.9181502978	0.9179201093	0.9193456732	0.9182844877	0.9180045910	0.9175720773	0.9175355206	0.9195890875	0.9185049427	0.9193513201	0.9175262328	0.9196357493	0.9181819506	0.9179551057	0.9177197160	0.9182879057	0.9194596529	0.9188442813	0.9180110553	0.9178207671	0.9179274652	0.9171337681	0.9177168182	0.9189691091	0.9176955677	0.9179287283	0.9172909174	0.9182292068	0.9190387304	0.9181057164	0.9178735960	0.9182547668	0.9182483768	0.9181387809	0.9175397558	0.9175575141	0.9175632353	0.9185523475	0.9175162763	0.9177464648	0.9179673655	0.9184742558	0.9187431558	0.9181000694	0.9181294189	0.9174430142	0.9181024471	0.9175944423	0.9191498866	0.9178744134	0.9182228911	0.9185552453	0.9182656893
