0.3897137865	-0.0032471296	-0.0029132287	-0.0046455103	-0.0048175021	-0.0026795434	-0.0042650776	-0.0035378914	-0.0049463322	-0.0046393828	-0.0023386598	-0.0057349609	-0.0041218418	-0.0041587936	-0.0043985834	-0.0026419176	-0.0044179168	-0.0031487128	-0.0055465959	-0.0041880073	-0.0022224578	-0.0027417855	-0.0033741208	-0.0033021009	-0.0057892326	-0.0034183413	-0.0051759134	-0.0056273995	-0.0040697964	-0.0045828935	-0.0024792368	-0.0028579914	-0.0034815934	-0.0034001809	-0.0041832283	-0.0013904846	-0.0032081182	-0.0044054007	-0.0038362700	-0.0029137524	-0.0036933217	-0.0051025312	-0.0055112979	-0.0039010974	-0.0043457275	-0.0027676777	-0.0034094502	-0.0026597457	-0.0027243574	-0.0041679881	-0.0034568481	-0.0029431030	-0.0028583503	-0.0040850151	-0.0032595156	-0.0027310993	-0.0033144900	-0.0027258893	-0.0049475523	-0.0052202017	-0.0041657288	-0.0031144663	-0.0032313133	-0.0031971064	-0.0045418579	-0.0023657293	-0.0037456161	-0.0041942940	-0.0041668303	-0.0042717568	-0.0031389014	-0.0044515304	-0.0016134669	-0.0036510316	-0.0049381015	-0.0050907689	-0.0032185377	-0.0031123605	-0.0024516095	-0.0040439086	-0.0026637121	-0.0044592531	-0.0049686859	-0.0051472529	-0.0039581887	-0.0041998786	-0.0030801987	-0.0046654193	-0.0039916024	-0.0030899570	-0.0040108585	-0.0031244368	-0.0041317044	-0.0025393457	-0.0031717116	-0.0031882479	-0.0026271270	-0.0026291325	-0.0053306891	-0.0029529174	-0.0043346598	-0.0042719593	-0.0031175291	-0.0051546940	-0.0035265624
-0.0032471296	0.4590765975	-0.0032889394	-0.0041894737	-0.0044333451	-0.0052744009	-0.0052112401	-0.0039904432	-0.0043860401	-0.0053647113	-0.0038051879	-0.0042887603	-0.0046270711	-0.0044274173	-0.0043647867	-0.0051796162	-0.0059568900	-0.0053443213	-0.0058017566	-0.0067397673	-0.0048647135	-0.0046085952	-0.0053360398	-0.0046978516	-0.0050551024	-0.0065962421	-0.0049548500	-0.0036290229	-0.0032037687	-0.0046339380	-0.0047682534	-0.0045152554	-0.0041413213	-0.0055921739	-0.0032147421	-0.0039681367	-0.0031935100	-0.0039873887	-0.0050901022	-0.0040109742	-0.0036117148	-0.0060364180	-0.0044838690	-0.0050233298	-0.0055273760	-0.0046222875	-0.0034870793	-0.0048150880	-0.0042992767	-0.0039811770	-0.0051860034	-0.0044841310	-0.0040611626	-0.0015117812	-0.0036640922	-0.0054951732	-0.0033722629	-0.0031771592	-0.0053990338	-0.0041299627	-0.0045734318	-0.0043431018	-0.0040084869	-0.0028895631	-0.0039978774	-0.0043587170	-0.0027112460	-0.0037706196	-0.0052145693	-0.0070260889	-0.0026254290	-0.0035456748	-0.0046406747	-0.0039741184	-0.0056639093	-0.0049338585	-0.0026473259	-0.0051695707	-0.0040361100	-0.0034112838	-0.0030452624	-0.0048997838	-0.0049387534	-0.0045035215	-0.0034848660	-0.0048236252	-0.0047402481	-0.0053348528	-0.0051137896	-0.0040641859	-0.0035165696	-0.0055086933	-0.0041848398	-0.0041922890	-0.0040268750	-0.0042617189	-0.0045764277	-0.0042544529	-0.0031097781	-0.0047153876	-0.0036011953	-0.0031206379	-0.0041376553	-0.0063093768	-0.0047184961
-0.0029132287	-0.0032889394	0.5135744839	-0.0039280431	-0.0069056236	-0.0061032236	-0.0051407388	-0.0063547648	-0.0056566389	-0.0050974102	-0.0039124319	-0.0063104464	-0.0072249503	-0.0055149829	-0.0041510303	-0.0044954528	-0.0041335389	-0.0038087900	-0.0048757689	-0.0053017273	-0.0056936773	-0.0057448650	-0.0032439182	-0.0052580221	-0.0047363533	-0.0069741368	-0.0056972001	-0.0058308727	-0.0052332779	-0.0053771090	-0.0051677558	-0.0041974758	-0.0057091805	-0.0043362591	-0.0043343059	-0.0038882995	-0.0042536899	-0.0043419136	-0.0039302777	-0.0038161788	-0.0044790775	-0.0047699735	-0.0062187320	-0.0049961660	-0.0044551760	-0.0054490945	-0.0038552882	-0.0041560094	-0.0040596597	-0.0060121402	-0.0053849177	-0.0057256594	-0.0059346275	-0.0050992153	-0.0047703340	-0.0062520888	-0.0054824018	-0.0027392011	-0.0049026424	-0.0058672315	-0.0035714048	-0.0030464214	-0.0040035619	-0.0045633431	-0.0044064709	-0.0048725083	-0.0049704534	-0.0039318324	-0.0070638498	-0.0066544195	-0.0034043270	-0.0052711653	-0.0057928641	-0.0044976219	-0.0052648464	-0.0053819525	-0.0049506796	-0.0050601373	-0.0049729257	-0.0057796548	-0.0028813527	-0.0054191428	-0.0057862139	-0.0047816013	-0.0057546448	-0.0048730062	-0.0036867597	-0.0043570146	-0.0056730017	-0.0040066207	-0.0046744932	-0.0042686517	-0.0048554130	-0.0050637152	-0.0053124266	-0.0043540558	-0.0048692814	-0.0040817929	-0.0045881634	-0.0057569670	-0.0052535468	-0.0053547057	-0.0049736067	-0.0055855651	-0.0064101644
-0.0046455103	-0.0041894737	-0.0039280431	0.5250348120	-0.0064967836	-0.0074676117	-0.0067558174	-0.0062718071	-0.0061778357	-0.0042805448	-0.0036906293	-0.0053289320	-0.0059191748	-0.0041214894	-0.0062676281	-0.0052206478	-0.0039642296	-0.0051509196	-0.0047976444	-0.0050707331	-0.0058253973	-0.0060984744	-0.0041460269	-0.0041181250	-0.0054957254	-0.0056407428	-0.0062206814	-0.0044453708	-0.0047655301	-0.0043407652	-0.0054508857	-0.0046368937	-0.0053410910	-0.0065334646	-0.0035063574	-0.0060644620	-0.0059306094	-0.0050810300	-0.0048506620	-0.0049773502	-0.0037334524	-0.0064211891	-0.0065876897	-0.0051460565	-0.0051396235	-0.0045278371	-0.0034605154	-0.0053256685	-0.0043339559	-0.0039638210	-0.0051083864	-0.0054533118	-0.0047161792	-0.0055076345	-0.0038965574	-0.0039440060	-0.0052402142	-0.0049343665	-0.0067732778	-0.0059452842	-0.0043514486	-0.0039709135	-0.0048698027	-0.0043142089	-0.0052005730	-0.0051058927	-0.0056908269	-0.0048019495	-0.0060492936	-0.0048864119	-0.0045872766	-0.0042481272	-0.0038433034	-0.0058571118	-0.0052442004	-0.0060902707	-0.0030203924	-0.0041610265	-0.0051121339	-0.0048846654	-0.0037519710	-0.0051679125	-0.0053633125	-0.0048654859	-0.0053733601	-0.0057729109	-0.0051221495	-0.0057337932	-0.0059356799	-0.0046008814	-0.0036066730	-0.0048822048	-0.0049833541	-0.0044993215	-0.0048382695	-0.0057023010	-0.0048140223	-0.0036666465	-0.0046873119	-0.0047282742	-0.0062253536	-0.0052679549	-0.0046160140	-0.0054383717	-0.0057273251
-0.0048175021	-0.0044333451	-0.0069056236	-0.0064967836	0.5689553488	0.0019580151	-0.0079893932	-0.0075779700	-0.0067637669	-0.0058292312	-0.0041198766	-0.0049314866	-0.0070889149	-0.0054787344	-0.0057522220	-0.0065880995	-0.0048368591	-0.0046298008	-0.0065740417	-0.0057958310	-0.0063841877	-0.0055334256	-0.0047730797	-0.0049103873	-0.0053975295	-0.0060985729	-0.0068252038	-0.0062656695	-0.0058356259	-0.0039963891	-0.0054124110	-0.0057414686	-0.0044922081	-0.0069144694	-0.0050935047	-0.0047947234	-0.0068970064	-0.0065183492	-0.0067151266	-0.0052058305	-0.0047391052	-0.0067206718	-0.0055612236	-0.0061367306	-0.0051960386	-0.0052745635	-0.0046669015	-0.0039393019	-0.0069118722	-0.0065694082	-0.0059434224	-0.0058031388	-0.0059247595	-0.0045867767	-0.0044656369	-0.0068413334	-0.0059473820	-0.0048532231	-0.0050516402	-0.0062198790	-0.0060023083	-0.0059041575	-0.0040297877	-0.0051457785	-0.0049548164	-0.0040989199	-0.0060448891	-0.0057443995	-0.0063858959	-0.0054297891	-0.0050562445	-0.0048502090	-0.0045838380	-0.0050175244	-0.0074254081	-0.0051299900	-0.0039677484	-0.0033902184	-0.0058770999	-0.0041382948	-0.0051130900	-0.0052454656	-0.0054213623	-0.0051428931	-0.0054984673	-0.0056796271	-0.0045987976	-0.0057440053	-0.0062975452	-0.0050361498	-0.0048719602	-0.0053919459	-0.0049703187	-0.0041157997	-0.0054740816	-0.0060465812	-0.0063924327	-0.0068953241	-0.0058198179	-0.0036381410	-0.0056565246	-0.0057854737	-0.0064513595	-0.0050256507	-0.0056555713
-0.0026795434	-0.0052744009	-0.0061032236	-0.0074676117	0.0019580151	0.5690071205	-0.0063173450	-0.0056074915	-0.0064794646	-0.0056756848	-0.0039404968	-0.0060875020	-0.0054827195	-0.0066004138	-0.0060743241	-0.0049002995	-0.0074684416	-0.0060856490	-0.0061193978	-0.0054055972	-0.0056676203	-0.0051288387	-0.0043875549	-0.0054687880	-0.0059967404	-0.0059503122	-0.0058268411	-0.0059750486	-0.0057665474	-0.0067294427	-0.0052269339	-0.0039942343	-0.0046223156	-0.0073946987	-0.0044147768	-0.0043833927	-0.0051588420	-0.0047237985	-0.0066396457	-0.0067029260	-0.0051214903	-0.0050536687	-0.0062515823	-0.0065610520	-0.0057835711	-0.0058117670	-0.0053031616	-0.0053376221	-0.0056886749	-0.0064632785	-0.0062957506	-0.0062257880	-0.0048752837	-0.0050594616	-0.0045275929	-0.0063338679	-0.0060018993	-0.0054928044	-0.0062397975	-0.0062443058	-0.0043234592	-0.0057399259	-0.0053447599	-0.0040587802	-0.0059345833	-0.0051009015	-0.0042695960	-0.0040394574	-0.0062632090	-0.0060322612	-0.0040225091	-0.0051649199	-0.0058014518	-0.0068750395	-0.0049454193	-0.0060090279	-0.0043160372	-0.0033993272	-0.0047483506	-0.0058541631	-0.0059164716	-0.0052829869	-0.0049681053	-0.0046080936	-0.0047464076	-0.0055546323	-0.0067291140	-0.0046458535	-0.0051559863	-0.0053029527	-0.0059811861	-0.0062131357	-0.0061860164	-0.0040165121	-0.0047080198	-0.0052056325	-0.0067584830	-0.0054179264	-0.0060854467	-0.0071682438	-0.0056125527	-0.0056595701	-0.0074597259	-0.0048582895	-0.0058792867
-0.0042650776	-0.0052112401	-0.0051407388	-0.0067558174	-0.0079893932	-0.0063173450	0.5675556206	-0.0039009132	-0.0059090143	-0.0056143475	-0.0042998656	-0.0059010234	-0.0069888626	-0.0041060745	-0.0066232436	-0.0066228600	-0.0064957292	-0.0053490698	-0.0053191887	-0.0034907114	-0.0040742958	-0.0056594338	-0.0066752046	-0.0039223411	-0.0047703100	-0.0061485887	-0.0057282905	-0.0062185508	-0.0072364315	-0.0054648312	-0.0058770148	-0.0050510795	-0.0046517036	-0.0059349500	-0.0037776376	-0.0053646633	-0.0052612212	-0.0054685919	-0.0076054719	-0.0052860031	-0.0028793884	-0.0056870516	-0.0058383387	-0.0067406878	-0.0067198331	-0.0056510397	-0.0048228125	-0.0060804661	-0.0054913166	-0.0053325586	-0.0055717153	-0.0063403721	-0.0058787014	-0.0051057260	-0.0042761864	-0.0059806449	-0.0041943554	-0.0039863148	-0.0065135053	-0.0061307767	-0.0043059993	-0.0046367082	-0.0025240153	-0.0068517465	-0.0047624343	-0.0038688150	-0.0051728915	-0.0059295766	-0.0070163450	-0.0067315598	-0.0052645250	-0.0057219014	-0.0049301501	-0.0049995419	-0.0059807542	-0.0060038552	-0.0034947541	-0.0047552215	-0.0051248028	-0.0051865010	-0.0053341033	-0.0055844083	-0.0045895975	-0.0063091335	-0.0058762673	-0.0044324583	-0.0055724650	-0.0064125173	-0.0056151062	-0.0058774728	-0.0045498724	-0.0060029473	-0.0046900839	-0.0057731865	-0.0064222555	-0.0040327511	-0.0045248740	-0.0053910529	-0.0055683706	-0.0060220330	-0.0057891873	-0.0060032470	-0.0051615318	-0.0069443225	-0.0061153548
-0.0035378914	-0.0039904432	-0.0063547648	-0.0062718071	-0.0075779700	-0.0056074915	-0.0039009132	0.5572173132	-0.0058279929	-0.0054551140	-0.0047527603	-0.0056678546	-0.0048872467	-0.0050398955	-0.0050048320	-0.0053363539	-0.0064870031	-0.0046534939	-0.0037931103	-0.0056287895	-0.0051706779	-0.0049000238	-0.0043070584	-0.0039887404	-0.0064197517	-0.0059212244	-0.0064944813	-0.0065883738	-0.0075358894	-0.0070447605	-0.0054749635	-0.0036740314	-0.0058019242	-0.0057979425	-0.0037098475	-0.0046828364	-0.0044703019	-0.0061761028	-0.0057711208	-0.0059838580	-0.0044943507	-0.0063810250	-0.0068373838	-0.0058174664	-0.0061166599	-0.0029954798	-0.0053879849	-0.0048408469	-0.0029464200	-0.0064188496	-0.0056553786	-0.0067020351	-0.0059770081	-0.0048763536	-0.0044466182	-0.0052960271	-0.0050325392	-0.0040293568	-0.0066859421	-0.0054194409	-0.0046601561	-0.0048819756	-0.0041285465	-0.0051680200	-0.0049203407	-0.0041234342	-0.0059142877	-0.0046297932	-0.0062206494	-0.0070771976	-0.0035735449	-0.0051912618	-0.0035233455	-0.0045986594	-0.0052020388	-0.0046062377	-0.0051634345	-0.0053566025	-0.0054811718	-0.0055060605	-0.0055659260	-0.0048368391	-0.0054716382	-0.0066229091	-0.0051420805	-0.0055725002	-0.0050580643	-0.0052246558	-0.0044350259	-0.0059642493	-0.0065199338	-0.0047206673	-0.0060960557	-0.0057184680	-0.0052829041	-0.0058452280	-0.0073082899	-0.0047016052	-0.0070401098	-0.0050050776	-0.0048675335	-0.0055949835	-0.0060764697	-0.0065212817	-0.0060512532
-0.0049463322	-0.0043860401	-0.0056566389	-0.0061778357	-0.0067637669	-0.0064794646	-0.0059090143	-0.0058279929	0.5691939513	-0.0068370881	-0.0038992202	-0.0063425436	-0.0056152134	-0.0068991026	-0.0049683287	-0.0047666299	-0.0052819007	-0.0042862128	-0.0063067537	-0.0049520163	-0.0051804603	-0.0068075069	-0.0064653482	-0.0060159414	-0.0063440452	-0.0070103096	-0.0063229210	-0.0049033168	-0.0062780682	-0.0048316026	-0.0058379239	-0.0040561374	-0.0055867945	-0.0061292020	-0.0035447060	-0.0046905180	-0.0038755228	-0.0040109148	-0.0055174319	-0.0048938696	-0.0060130803	-0.0056509954	-0.0052579475	-0.0061795198	-0.0049742828	-0.0058882053	-0.0053888538	-0.0042537722	-0.0062992903	-0.0049459986	-0.0044170743	-0.0061489948	-0.0051568015	-0.0047935014	-0.0056936375	-0.0070520499	-0.0053858380	-0.0048494660	-0.0056201215	-0.0069548625	-0.0054133524	-0.0057130009	-0.0063766415	-0.0054960153	-0.0048516277	-0.0048882831	-0.0052235980	-0.0049291297	-0.0074596869	-0.0072077411	-0.0048103515	-0.0049756906	-0.0044917100	-0.0046107704	-0.0061313726	-0.0060728352	-0.0039317551	-0.0052324345	-0.0056350753	-0.0064256054	-0.0043853567	-0.0061490680	-0.0045027041	-0.0061000939	-0.0046598863	-0.0056425917	-0.0063044527	-0.0061211400	-0.0065323164	-0.0035683445	-0.0059929265	-0.0058571498	-0.0061204789	-0.0049147603	-0.0046746030	-0.0038386691	-0.0060484384	-0.0046426142	-0.0050206306	-0.0054550573	-0.0038429279	-0.0050264412	-0.0065818810	-0.0053428177	-0.0064629937
-0.0046393828	-0.0053647113	-0.0050974102	-0.0042805448	-0.0058292312	-0.0056756848	-0.0056143475	-0.0054551140	-0.0068370881	0.5660568170	-0.0043583687	-0.0055761334	-0.0059986000	-0.0059261439	-0.0049399268	-0.0061008464	-0.0058281754	-0.0042541504	-0.0053267296	-0.0069238081	-0.0047722214	-0.0048168696	-0.0056977453	-0.0053873166	-0.0047881480	-0.0052516143	-0.0056558016	-0.0060637907	-0.0056870261	-0.0060492773	-0.0060144413	-0.0052702401	-0.0057713569	-0.0049662827	-0.0044935674	-0.0053803616	-0.0057308870	-0.0050969678	-0.0059751492	-0.0062109703	-0.0049186100	-0.0054917450	-0.0065428281	-0.0068552323	-0.0030045313	-0.0039759538	-0.0050949790	-0.0045581349	-0.0052547505	-0.0055455512	-0.0039123743	-0.0059839887	-0.0060391735	-0.0064921249	-0.0031942047	-0.0058929447	-0.0063159316	-0.0043018932	-0.0067938307	-0.0069921378	-0.0046418601	-0.0055744340	-0.0049283956	-0.0058822073	-0.0059088615	-0.0050730617	-0.0053207694	-0.0049321217	-0.0059015889	-0.0058573468	-0.0037554872	-0.0044806019	-0.0051066350	-0.0048987204	-0.0062765193	-0.0075504823	-0.0042759536	-0.0048714858	-0.0043954441	-0.0052189349	-0.0055689330	-0.0052040309	-0.0049204058	-0.0055018768	-0.0053596147	-0.0053468292	-0.0048182931	-0.0059334406	-0.0064058849	-0.0062726834	-0.0040496752	-0.0062357700	-0.0055859228	-0.0050455668	-0.0063474071	-0.0050877127	-0.0059136259	-0.0047429890	-0.0065287063	-0.0057776708	-0.0049903382	-0.0062738237	-0.0054516495	-0.0064196251	-0.0071560773
-0.0023386598	-0.0038051879	-0.0039124319	-0.0036906293	-0.0041198766	-0.0039404968	-0.0042998656	-0.0047527603	-0.0038992202	-0.0043583687	0.4137151793	-0.0049500679	-0.0042970079	-0.0046594746	-0.0038764600	-0.0050868370	-0.0035672468	-0.0045639183	-0.0040328474	-0.0031545965	-0.0058537984	-0.0046210454	-0.0043468476	-0.0038073449	-0.0043248872	-0.0029870738	-0.0046071211	-0.0044658505	-0.0037460590	-0.0041823846	-0.0053303489	-0.0031569496	-0.0031955731	-0.0045351777	-0.0032944313	-0.0029862788	-0.0034899561	-0.0034444823	-0.0037631824	-0.0026753340	-0.0029106990	-0.0035914975	-0.0049432553	-0.0034686052	-0.0041398545	-0.0036194415	-0.0018327571	-0.0035140076	-0.0038624238	-0.0037498204	-0.0029526506	-0.0034812305	-0.0031513171	-0.0045608293	-0.0030745989	-0.0039313161	-0.0049738195	-0.0036557529	-0.0059608587	-0.0058010286	-0.0035649463	-0.0036880643	-0.0044742902	-0.0034001666	-0.0035393175	-0.0035404906	-0.0029232067	-0.0034681827	-0.0050750775	-0.0056982473	-0.0026372110	-0.0028695487	-0.0028511836	-0.0044694977	-0.0040424220	-0.0056869847	-0.0030381857	-0.0045108498	-0.0030030438	-0.0034121180	-0.0033483250	-0.0045889857	-0.0050109560	-0.0035509915	-0.0034418206	-0.0041108345	-0.0034637776	-0.0060803189	-0.0054686038	-0.0045825559	-0.0040407981	-0.0040834923	-0.0043018818	-0.0044087024	-0.0037492631	-0.0041071732	-0.0030804315	-0.0043813858	-0.0038232655	-0.0041907274	-0.0032005312	-0.0052057311	-0.0045165823	-0.0041845348	-0.0036046303
-0.0057349609	-0.0042887603	-0.0063104464	-0.0053289320	-0.0049314866	-0.0060875020	-0.0059010234	-0.0056678546	-0.0063425436	-0.0055761334	-0.0049500679	0.5695271428	-0.0048207532	-0.0043510217	-0.0057216652	-0.0051950810	-0.0070048496	-0.0059986754	-0.0063984203	-0.0060327496	-0.0065802711	-0.0049802845	-0.0060132593	-0.0053556474	-0.0062644296	-0.0049601620	-0.0074631342	-0.0057723334	-0.0062621277	-0.0069657803	-0.0057012345	-0.0049051698	-0.0067876577	-0.0055872957	-0.0040666416	-0.0052891502	-0.0056090036	-0.0049656485	-0.0064423933	-0.0053513990	-0.0062995991	-0.0053480972	-0.0046923655	-0.0067998931	-0.0060981946	-0.0036100516	-0.0043079008	-0.0059758763	-0.0046391921	-0.0055059350	-0.0054798010	-0.0054391287	-0.0041610329	-0.0049272591	-0.0054675005	-0.0070206237	-0.0050386777	-0.0046755440	-0.0059901724	-0.0055587548	-0.0051810107	-0.0048841924	-0.0023203884	-0.0047929338	-0.0043592632	-0.0064617746	-0.0047857517	-0.0054225230	-0.0058275073	-0.0074996838	-0.0055505038	-0.0035675930	-0.0046802076	-0.0037889552	-0.0063110135	-0.0058457491	-0.0051114914	-0.0059443262	-0.0052408016	-0.0068756178	-0.0054113802	-0.0060685281	-0.0044721382	-0.0059001604	-0.0051742666	-0.0053066355	-0.0061931736	-0.0058544118	-0.0074131934	-0.0053375781	-0.0048275626	-0.0056108210	-0.0052306976	-0.0050175038	-0.0055228386	-0.0046000758	-0.0054110066	-0.0055992910	-0.0056520731	-0.0049657140	-0.0046287509	-0.0047282696	-0.0062766116	-0.0051452046	-0.0057264173
-0.0041218418	-0.0046270711	-0.0072249503	-0.0059191748	-0.0070889149	-0.0054827195	-0.0069888626	-0.0048872467	-0.0056152134	-0.0059986000	-0.0042970079	-0.0048207532	0.5686540681	-0.0060910887	-0.0073426282	0.0021832276	-0.0063668898	-0.0048252973	-0.0058609773	-0.0049603377	-0.0053725983	-0.0058225742	-0.0060252135	-0.0038257619	-0.0061310963	-0.0056147391	-0.0057426216	-0.0059446731	-0.0070064167	-0.0054979353	-0.0052668483	-0.0061254060	-0.0023515596	-0.0059983886	-0.0055491037	-0.0048136891	-0.0054829115	-0.0049165167	-0.0060036687	-0.0044720734	-0.0052000001	-0.0072458104	-0.0049340317	-0.0069424761	-0.0055547394	-0.0054791912	-0.0036047105	-0.0062517587	-0.0062349246	-0.0068598793	-0.0067462182	-0.0060179379	-0.0050682130	-0.0054237713	-0.0054724103	-0.0055265976	-0.0061346514	-0.0053065653	-0.0061178450	-0.0059475576	-0.0056387906	-0.0037500882	-0.0058502045	-0.0054142662	-0.0053553056	-0.0046667059	-0.0054344944	-0.0044929158	-0.0058464758	-0.0063162744	-0.0044818115	-0.0068967642	-0.0052081561	-0.0061189049	-0.0063598875	-0.0058789943	-0.0048505415	-0.0055806375	-0.0041062383	-0.0062125581	-0.0058681531	-0.0052522951	-0.0060776152	-0.0057264535	-0.0043651345	-0.0066337564	-0.0036140035	-0.0071210743	-0.0058387246	-0.0053331301	-0.0056714902	-0.0051133377	-0.0052556637	-0.0051403874	-0.0049713368	-0.0055523017	-0.0037060246	-0.0055531859	-0.0047151641	-0.0043505470	-0.0057673088	-0.0061488689	-0.0057621397	-0.0060841478	-0.0062023759
-0.0041587936	-0.0044274173	-0.0055149829	-0.0041214894	-0.0054787344	-0.0066004138	-0.0041060745	-0.0050398955	-0.0068991026	-0.0059261439	-0.0046594746	-0.0043510217	-0.0060910887	0.5542433223	-0.0068550422	-0.0047528091	-0.0043360860	-0.0048001321	-0.0054011485	-0.0053947538	-0.0042504686	-0.0060147076	-0.0052498818	-0.0052747204	-0.0078113881	-0.0059834945	-0.0072599838	-0.0050142830	-0.0065535480	-0.0043485900	-0.0050311760	-0.0042287287	-0.0039479615	-0.0064872940	-0.0049825091	-0.0052062448	-0.0054193636	-0.0049973324	-0.0061032428	-0.0046440200	-0.0045451816	-0.0054908604	-0.0055793719	-0.0064381107	-0.0052653535	-0.0039998315	-0.0048480605	-0.0059561883	-0.0049837480	-0.0037335307	-0.0062006932	-0.0056612352	-0.0058550274	-0.0060991059	-0.0053909466	-0.0050324530	-0.0053245787	-0.0039759460	-0.0069476962	-0.0059668376	-0.0050769344	-0.0043544128	-0.0042897265	-0.0050798545	-0.0049479893	-0.0047385476	-0.0066116948	-0.0058624176	-0.0068038249	-0.0063627819	-0.0050491267	-0.0034836999	-0.0049126372	-0.0039185404	-0.0074509064	-0.0057401696	-0.0046531299	-0.0041659388	-0.0060094357	-0.0054166660	-0.0057629434	-0.0046515155	-0.0052498647	-0.0044542278	-0.0049054421	-0.0055232595	-0.0053262648	-0.0060657621	-0.0069847606	-0.0044270920	-0.0042579513	-0.0047651141	-0.0045947371	-0.0047304012	-0.0055203119	-0.0055952392	-0.0060822527	-0.0045471628	-0.0059966231	-0.0055405289	-0.0061798674	-0.0049228122	-0.0055688588	-0.0064002617	-0.0062433325
-0.0043985834	-0.0043647867	-0.0041510303	-0.0062676281	-0.0057522220	-0.0060743241	-0.0066232436	-0.0050048320	-0.0049683287	-0.0049399268	-0.0038764600	-0.0057216652	-0.0073426282	-0.0068550422	0.5567817347	-0.0058942790	-0.0040862953	-0.0043552661	-0.0051437489	-0.0044468749	-0.0058762066	-0.0064010375	-0.0042882411	-0.0057827766	-0.0046170693	-0.0058157862	-0.0066397802	-0.0060413314	-0.0062129119	-0.0050851948	-0.0055919487	-0.0071867154	-0.0063550519	-0.0062044371	-0.0045475986	-0.0049186617	-0.0051594181	-0.0044628514	-0.0062271449	-0.0059656827	-0.0067514927	-0.0050563739	-0.0061763609	-0.0061391055	-0.0058099431	-0.0045617105	-0.0032994293	-0.0050296488	-0.0056583122	-0.0047676220	-0.0048904898	-0.0058837091	-0.0043013454	-0.0047906139	-0.0062739445	-0.0066650447	-0.0046004592	-0.0054346096	-0.0067114808	-0.0059234684	-0.0064705734	-0.0056542904	-0.0050450538	-0.0048675099	-0.0036872012	-0.0045817233	-0.0052178263	-0.0033508167	-0.0070437874	-0.0058895894	-0.0042993129	-0.0047029631	-0.0045539609	-0.0052457782	-0.0063180152	-0.0053465616	-0.0043021807	-0.0046286802	-0.0050549230	-0.0043275016	-0.0051138534	-0.0055461064	-0.0038366047	-0.0059745476	-0.0046624689	-0.0049537022	-0.0051639636	-0.0062620526	-0.0066497817	-0.0055395084	-0.0032396051	-0.0047801261	-0.0050677343	-0.0052147461	-0.0054477577	-0.0055157411	-0.0048292558	-0.0048175378	-0.0047428570	-0.0058377008	-0.0054515370	-0.0057178088	-0.0060922218	-0.0049974411	-0.0083666498
-0.0026419176	-0.0051796162	-0.0044954528	-0.0052206478	-0.0065880995	-0.0049002995	-0.0066228600	-0.0053363539	-0.0047666299	-0.0061008464	-0.0050868370	-0.0051950810	0.0021832276	-0.0047528091	-0.0058942790	0.5484090445	-0.0027722110	-0.0064653146	-0.0037512005	-0.0001339177	-0.0055361909	-0.0060409750	-0.0047350314	-0.0046837016	-0.0042557145	-0.0059676696	-0.0060857715	-0.0043346486	-0.0054035445	-0.0051745160	-0.0055996760	-0.0041773025	-0.0050367782	-0.0061102961	-0.0060680969	-0.0051245608	-0.0052018767	-0.0051490740	-0.0060533326	-0.0038982321	-0.0058744791	-0.0051702593	-0.0060886551	-0.0072541864	-0.0060000128	-0.0057914503	-0.0063002087	-0.0056912708	-0.0053002863	-0.0067309737	-0.0042095141	-0.0064359843	-0.0050499613	-0.0054252116	-0.0052067344	-0.0060797862	-0.0040383667	-0.0045113000	-0.0048624206	-0.0066091375	-0.0061722301	-0.0067187199	-0.0050380042	-0.0040011601	-0.0054339819	-0.0054355938	-0.0040255538	-0.0052636036	-0.0080933662	-0.0074352171	-0.0038068350	-0.0048785151	-0.0051915855	-0.0066791952	-0.0070861052	-0.0065754641	-0.0053450323	-0.0064562690	-0.0046563787	-0.0042442445	-0.0058372029	-0.0046294551	-0.0055276341	-0.0043025278	-0.0050142677	-0.0058567314	-0.0054562809	-0.0061186901	-0.0061001087	-0.0050005203	-0.0037565551	-0.0063199758	-0.0049944626	-0.0059805990	-0.0042375030	-0.0055698029	-0.0049157842	-0.0045206825	-0.0047478556	-0.0062503535	-0.0056709287	-0.0056327699	-0.0055810069	-0.0064204017	-0.0064415545
-0.0044179168	-0.0059568900	-0.0041335389	-0.0039642296	-0.0048368591	-0.0074684416	-0.0064957292	-0.0064870031	-0.0052819007	-0.0058281754	-0.0035672468	-0.0070048496	-0.0063668898	-0.0043360860	-0.0040862953	-0.0027722110	0.5498429970	-0.0046877495	-0.0059075444	-0.0056195689	-0.0057093599	-0.0057266983	-0.0050872825	-0.0040088439	-0.0065526984	-0.0067789758	-0.0076565436	-0.0025081044	-0.0049253928	-0.0049606491	-0.0047582402	-0.0047476539	-0.0050814557	-0.0047382271	-0.0043525685	-0.0038659881	-0.0060638220	-0.0046588327	-0.0049053584	-0.0064108165	-0.0049707321	-0.0053666178	-0.0056372262	-0.0056821058	-0.0053401593	-0.0046723211	-0.0050313596	-0.0047495998	-0.0064404758	-0.0064245387	-0.0063797481	-0.0055275033	-0.0046747486	-0.0044468640	-0.0054241420	-0.0070802570	-0.0067526257	-0.0049397755	-0.0066392885	-0.0058349473	-0.0060823880	-0.0051431127	-0.0057392318	-0.0050217348	-0.0053632764	-0.0059932589	-0.0058053951	-0.0053598931	-0.0073689092	-0.0062027046	-0.0038527015	-0.0045322298	-0.0047273176	-0.0052551777	-0.0049900441	-0.0062079637	-0.0047936024	-0.0047541149	-0.0052313272	-0.0052487853	-0.0055881211	-0.0037463842	-0.0050285979	-0.0045747152	-0.0056039545	-0.0047516837	-0.0044388347	-0.0051866766	-0.0063349715	-0.0036179702	-0.0049029768	-0.0048217829	-0.0043729930	-0.0050814214	-0.0053202974	-0.0067851757	-0.0049942221	-0.0050271258	-0.0060037970	-0.0043456720	-0.0052598030	-0.0054460131	-0.0048670324	-0.0055066159	-0.0058313166
-0.0031487128	-0.0053443213	-0.0038087900	-0.0051509196	-0.0046298008	-0.0060856490	-0.0053490698	-0.0046534939	-0.0042862128	-0.0042541504	-0.0045639183	-0.0059986754	-0.0048252973	-0.0048001321	-0.0043552661	-0.0064653146	-0.0046877495	0.4836593656	-0.0038004184	-0.0048459876	-0.0043891349	-0.0053236268	-0.0049134558	-0.0043077214	-0.0059375209	-0.0045564822	-0.0054576585	-0.0035808005	-0.0052302132	-0.0056772480	-0.0040530106	-0.0041988618	-0.0037814812	-0.0052128837	-0.0030152692	-0.0039421261	-0.0047996546	-0.0045037818	-0.0053139808	-0.0044278445	-0.0045662254	-0.0040673744	-0.0051204591	-0.0060072484	-0.0049648655	-0.0028987218	-0.0029194201	-0.0043781471	-0.0042951795	-0.0051630990	-0.0054902569	-0.0044518083	-0.0051665493	-0.0037506924	-0.0040520963	-0.0053440647	-0.0058672758	-0.0039786340	-0.0034264292	-0.0059615078	-0.0044341334	-0.0054429189	-0.0042112925	-0.0050604939	-0.0051584397	-0.0038558688	-0.0050522918	-0.0046411824	-0.0055568142	-0.0049180235	-0.0053102435	-0.0042578610	-0.0040800605	-0.0043901485	-0.0056914568	-0.0044562799	-0.0043341386	-0.0049040396	-0.0038193158	-0.0046219480	-0.0039683747	-0.0031223735	-0.0042133307	-0.0036182605	-0.0050598328	-0.0053233562	-0.0046688710	-0.0043408949	-0.0055122324	-0.0040125958	-0.0032173716	-0.0040292495	-0.0048872838	-0.0036114940	-0.0047526603	-0.0052315982	-0.0052436509	-0.0052128503	-0.0056366070	-0.0036520685	-0.0041419651	-0.0044941116	-0.0056192762	-0.0045452357	-0.0058001778
-0.0055465959	-0.0058017566	-0.0048757689	-0.0047976444	-0.0065740417	-0.0061193978	-0.0053191887	-0.0037931103	-0.0063067537	-0.0053267296	-0.0040328474	-0.0063984203	-0.0058609773	-0.0054011485	-0.0051437489	-0.0037512005	-0.0059075444	-0.0038004184	0.5371960082	-0.0051116153	-0.0054327244	-0.0043665679	-0.0047944908	-0.0034683388	-0.0054874744	-0.0062385792	-0.0071882419	-0.0063264969	-0.0063967709	-0.0049300816	-0.0053084859	-0.0033229639	-0.0056773841	-0.0076903303	-0.0041743693	-0.0048098445	-0.0059065275	-0.0054557823	-0.0044067225	-0.0052590503	-0.0048162644	-0.0052337606	-0.0047175663	-0.0059668345	-0.0058083318	-0.0062953284	-0.0036498574	-0.0030879694	-0.0052410583	-0.0038695510	-0.0054926320	-0.0064414191	-0.0055373535	-0.0059522700	-0.0039366328	-0.0050735078	-0.0043408860	-0.0054597664	-0.0075497821	-0.0052031579	-0.0042458953	-0.0054694542	-0.0046070964	-0.0046267070	-0.0055560482	-0.0054859317	-0.0056090164	-0.0043602169	-0.0061464891	-0.0058310268	-0.0014827410	-0.0030833556	-0.0053522066	-0.0033969426	-0.0058195034	-0.0058539174	-0.0038970839	-0.0054284219	-0.0062470511	-0.0048289854	-0.0043498021	-0.0059330440	-0.0054045765	-0.0043966985	-0.0050295941	-0.0046079453	-0.0058039706	-0.0056217991	-0.0065094869	-0.0047821809	-0.0054063731	-0.0060933240	-0.0055268994	-0.0045441046	-0.0042014381	-0.0058168116	-0.0049487546	-0.0056369586	-0.0048637619	-0.0056020079	-0.0041122859	-0.0040502732	-0.0052402157	-0.0056106793	-0.0055908659
-0.0041880073	-0.0067397673	-0.0053017273	-0.0050707331	-0.0057958310	-0.0054055972	-0.0034907114	-0.0056287895	-0.0049520163	-0.0069238081	-0.0031545965	-0.0060327496	-0.0049603377	-0.0053947538	-0.0044468749	-0.0001339177	-0.0056195689	-0.0048459876	-0.0051116153	0.5473461014	-0.0054372689	-0.0051214849	-0.0057781348	-0.0066094390	-0.0061989176	-0.0048235473	-0.0057098417	-0.0058486238	-0.0065282894	-0.0059611401	-0.0029227164	-0.0049768375	-0.0053383928	-0.0065465043	-0.0032244690	-0.0035418642	-0.0044707225	-0.0040157391	-0.0067468722	-0.0054934390	-0.0055167905	-0.0059801951	-0.0059680483	-0.0084700776	-0.0063396558	-0.0059053320	-0.0061128527	-0.0051590046	-0.0058287981	-0.0047306826	-0.0058122860	-0.0054403491	-0.0045814583	-0.0050122955	-0.0042913910	-0.0058366028	-0.0039872750	-0.0051487141	-0.0062953036	-0.0052203135	-0.0040063881	-0.0037328245	-0.0052918269	-0.0061419561	-0.0059681578	-0.0047426120	-0.0055592612	-0.0056868608	-0.0071869236	-0.0060109475	-0.0050477445	-0.0043450876	-0.0045208257	-0.0047907703	-0.0061698992	-0.0052917283	-0.0047926670	-0.0039586910	-0.0038618571	-0.0047576295	-0.0053090200	-0.0049715848	-0.0058611279	-0.0051171410	-0.0053632952	-0.0056518906	-0.0054347914	-0.0065283650	-0.0057409126	-0.0058827445	-0.0063371716	-0.0049633748	-0.0042618750	-0.0060516411	-0.0045556318	-0.0066926662	-0.0047417062	-0.0047647356	-0.0051448537	-0.0051003710	-0.0058918679	-0.0052091591	-0.0044177623	-0.0055435280	-0.0058151643
-0.0022224578	-0.0048647135	-0.0056936773	-0.0058253973	-0.0063841877	-0.0056676203	-0.0040742958	-0.0051706779	-0.0051804603	-0.0047722214	-0.0058537984	-0.0065802711	-0.0053725983	-0.0042504686	-0.0058762066	-0.0055361909	-0.0057093599	-0.0043891349	-0.0054327244	-0.0054372689	0.5236261793	-0.0055967758	-0.0046171186	-0.0046883377	-0.0059415785	-0.0058878402	-0.0056468916	0.0017293191	-0.0070668454	-0.0048071409	-0.0059242478	-0.0042544319	-0.0056242093	-0.0049566946	-0.0044257979	-0.0028920412	-0.0065152940	-0.0034609394	-0.0042357277	-0.0045262470	-0.0035350045	-0.0042311287	-0.0052552070	-0.0062916823	-0.0054078773	-0.0043809074	-0.0056634470	-0.0032384556	-0.0049825622	-0.0057999846	-0.0053287635	-0.0052093616	-0.0059068551	-0.0055074587	-0.0038202097	-0.0060758853	-0.0053911226	-0.0031678136	-0.0061607198	-0.0048842129	-0.0045449449	-0.0034485658	-0.0044219286	-0.0041845197	-0.0062628925	-0.0036192910	-0.0048561601	-0.0050983431	-0.0064332759	-0.0069612255	-0.0034518088	-0.0047165219	-0.0047496263	-0.0055309979	-0.0057172992	-0.0054142095	-0.0042833911	-0.0052248805	-0.0056093593	-0.0057976001	-0.0045264226	-0.0045647391	-0.0049615363	-0.0048358154	-0.0041683774	-0.0041275161	-0.0062555505	-0.0062153393	-0.0069245319	-0.0058868242	-0.0043607164	-0.0047606101	-0.0061095306	-0.0059448044	-0.0057789663	-0.0050979870	-0.0051987430	-0.0041752128	-0.0047278970	-0.0034248745	-0.0053064044	-0.0057244920	-0.0044210267	-0.0059621854	-0.0059680031
-0.0027417855	-0.0046085952	-0.0057448650	-0.0060984744	-0.0055334256	-0.0051288387	-0.0056594338	-0.0049000238	-0.0068075069	-0.0048168696	-0.0046210454	-0.0049802845	-0.0058225742	-0.0060147076	-0.0064010375	-0.0060409750	-0.0057266983	-0.0053236268	-0.0043665679	-0.0051214849	-0.0055967758	0.5546942878	-0.0035103256	-0.0052331874	-0.0070470269	-0.0055489278	-0.0073124669	-0.0053057893	-0.0052693981	-0.0061710474	-0.0069792475	-0.0060458038	-0.0049236502	-0.0052639164	-0.0037393239	-0.0029787599	-0.0032411539	-0.0051629886	-0.0065278992	-0.0056352730	-0.0047299435	-0.0053355805	-0.0053995539	-0.0062468553	-0.0054870513	-0.0064478150	-0.0060127239	-0.0052886015	-0.0047272738	-0.0053139090	-0.0057022479	-0.0061779265	-0.0043155235	-0.0060855035	-0.0049732900	-0.0059784074	-0.0061535710	-0.0041679987	-0.0065000327	-0.0079659676	-0.0047005571	-0.0039109741	-0.0040623625	-0.0055827201	-0.0046704294	-0.0039170764	-0.0041084997	-0.0037191530	-0.0048553413	-0.0065529913	-0.0041348291	-0.0042820912	-0.0039464500	-0.0054753969	-0.0061416749	-0.0055290102	-0.0043609886	-0.0045129554	-0.0051638580	-0.0052734789	-0.0038327829	-0.0042338573	-0.0052385514	-0.0058913021	-0.0051883247	-0.0066385993	-0.0057080470	-0.0063931378	-0.0055968364	-0.0047841167	-0.0040288326	-0.0066625287	-0.0056631562	-0.0041284240	-0.0053070499	-0.0065265244	-0.0061120442	-0.0054873589	-0.0053490948	-0.0060787551	-0.0055537621	-0.0046898227	-0.0068409347	-0.0069275296	-0.0059705177
-0.0033741208	-0.0053360398	-0.0032439182	-0.0041460269	-0.0047730797	-0.0043875549	-0.0066752046	-0.0043070584	-0.0064653482	-0.0056977453	-0.0043468476	-0.0060132593	-0.0060252135	-0.0052498818	-0.0042882411	-0.0047350314	-0.0050872825	-0.0049134558	-0.0047944908	-0.0057781348	-0.0046171186	-0.0035103256	0.4860591872	-0.0051083621	-0.0071443381	-0.0047293801	-0.0050153373	-0.0059815668	0.0018698349	-0.0044094412	0.0002869162	-0.0035136725	-0.0025688227	-0.0062455769	-0.0011833338	-0.0035855938	-0.0042386888	-0.0019470962	-0.0055955707	-0.0042595567	-0.0047832560	-0.0043935262	-0.0061617614	-0.0054654890	-0.0040701351	-0.0043515972	-0.0057500938	-0.0053824098	-0.0046003696	-0.0053566547	-0.0054248352	-0.0043471609	-0.0041143871	-0.0046462388	-0.0041474911	-0.0059194403	-0.0047946215	-0.0052367937	-0.0058556522	-0.0054079156	-0.0060314057	-0.0040445526	-0.0042312353	-0.0035493832	-0.0051262431	-0.0035344453	-0.0041726047	-0.0039112778	-0.0071636710	-0.0062061932	-0.0035567707	-0.0048433126	-0.0062401593	-0.0039279022	-0.0050709138	-0.0055034508	-0.0048458302	-0.0042848659	-0.0043978711	-0.0027566983	-0.0045840978	-0.0046482526	-0.0033408402	-0.0050785568	-0.0034087344	-0.0042214531	-0.0043156058	-0.0043006641	-0.0065993238	-0.0042443109	-0.0052946323	-0.0049212612	-0.0048970910	-0.0043172368	-0.0051491297	-0.0047154312	-0.0043404094	-0.0056124056	-0.0049740621	-0.0061006724	-0.0041736365	-0.0057399602	-0.0055054362	-0.0044985427	-0.0063338584
-0.0033021009	-0.0046978516	-0.0052580221	-0.0041181250	-0.0049103873	-0.0054687880	-0.0039223411	-0.0039887404	-0.0060159414	-0.0053873166	-0.0038073449	-0.0053556474	-0.0038257619	-0.0052747204	-0.0057827766	-0.0046837016	-0.0040088439	-0.0043077214	-0.0034683388	-0.0066094390	-0.0046883377	-0.0052331874	-0.0051083621	0.5011834641	-0.0047222556	-0.0053469729	-0.0063653322	-0.0059469002	-0.0053225355	-0.0054076036	-0.0045231988	-0.0040923876	-0.0038201512	-0.0053773076	-0.0042100611	-0.0038154735	-0.0034119479	-0.0047059494	-0.0052896443	-0.0049282006	-0.0055147442	-0.0036644541	-0.0054454811	-0.0055136435	-0.0056758373	-0.0029940678	-0.0043888754	-0.0042276759	-0.0051093663	-0.0050619631	-0.0066623167	-0.0057042281	-0.0047561330	-0.0042478585	-0.0037520007	-0.0053755510	-0.0041704530	-0.0034860122	-0.0056543499	-0.0052526256	-0.0049826838	-0.0051727966	-0.0029294094	-0.0047949681	-0.0045434482	-0.0038479772	-0.0055081593	-0.0045840889	-0.0062226632	-0.0054707614	-0.0041940878	-0.0041427768	-0.0048905074	-0.0049403186	-0.0065205846	-0.0062740439	-0.0052892087	-0.0038510744	-0.0057804450	-0.0051108280	-0.0052635503	-0.0047280439	-0.0042582876	-0.0048837275	-0.0051148121	-0.0030661747	-0.0047450735	-0.0045392218	-0.0058216595	-0.0035090095	-0.0048881252	-0.0032317589	-0.0053662744	-0.0048736293	-0.0057059252	-0.0058994427	-0.0049634836	-0.0053435095	-0.0040340966	-0.0039703235	-0.0038792475	-0.0054771453	-0.0044190639	-0.0055495789	-0.0054341113
-0.0057892326	-0.0050551024	-0.0047363533	-0.0054957254	-0.0053975295	-0.0059967404	-0.0047703100	-0.0064197517	-0.0063440452	-0.0047881480	-0.0043248872	-0.0062644296	-0.0061310963	-0.0078113881	-0.0046170693	-0.0042557145	-0.0065526984	-0.0059375209	-0.0054874744	-0.0061989176	-0.0059415785	-0.0070470269	-0.0071443381	-0.0047222556	0.5681133340	-0.0021315973	-0.0057604784	-0.0062715983	-0.0049563230	-0.0071633569	-0.0061058898	-0.0068127763	-0.0032894927	-0.0062561954	-0.0043820083	-0.0035444266	-0.0055751359	-0.0024125145	-0.0042975786	-0.0049777001	-0.0062521025	-0.0048985617	-0.0046575796	-0.0066129393	-0.0068713191	-0.0044596368	-0.0054861083	-0.0051790304	-0.0053784196	-0.0071428015	-0.0054376071	-0.0063213031	-0.0047556010	-0.0064909063	-0.0048362394	-0.0063454546	-0.0060873197	-0.0043812868	-0.0058535216	-0.0055289781	-0.0046306026	-0.0052106787	-0.0048282514	-0.0052426124	-0.0052282050	-0.0063728573	-0.0056688776	-0.0050081676	-0.0053623548	-0.0073428142	-0.0024711109	-0.0046603297	-0.0052767834	-0.0053270508	-0.0051620093	-0.0060868457	-0.0052200053	-0.0051952476	-0.0045673556	-0.0057690005	-0.0064608576	-0.0063093331	-0.0054039962	-0.0060076247	-0.0043753582	-0.0054929017	-0.0051874489	-0.0063343009	-0.0075645274	-0.0052099531	-0.0061429206	-0.0056206657	-0.0047693693	-0.0049196848	-0.0050751650	-0.0059828213	-0.0045942304	-0.0058349047	-0.0057116159	-0.0051334631	-0.0051547379	-0.0047227405	-0.0049359400	-0.0061797255	-0.0062147644
-0.0034183413	-0.0065962421	-0.0069741368	-0.0056407428	-0.0060985729	-0.0059503122	-0.0061485887	-0.0059212244	-0.0070103096	-0.0052516143	-0.0029870738	-0.0049601620	-0.0056147391	-0.0059834945	-0.0058157862	-0.0059676696	-0.0067789758	-0.0045564822	-0.0062385792	-0.0048235473	-0.0058878402	-0.0055489278	-0.0047293801	-0.0053469729	-0.0021315973	0.5691866807	-0.0059324710	-0.0059694924	-0.0056267512	-0.0063121044	-0.0060916553	-0.0046363122	-0.0041530412	-0.0063634324	-0.0047804556	-0.0045117453	-0.0058506048	-0.0030756305	-0.0063028581	-0.0047974616	-0.0040974793	-0.0053596579	-0.0055119695	-0.0060138238	-0.0058234686	-0.0044144099	-0.0042216999	-0.0054013984	-0.0055508935	-0.0068438733	-0.0055020358	-0.0061163540	-0.0042049028	-0.0059108277	-0.0041424473	-0.0051176289	-0.0061452726	-0.0037651228	-0.0069867112	-0.0065008281	-0.0048486199	-0.0048304161	-0.0057708436	-0.0052081574	-0.0057584383	-0.0060230309	-0.0063263318	-0.0054416604	-0.0060242031	-0.0072777478	-0.0038040361	-0.0054490684	-0.0049677378	-0.0041678013	-0.0057929135	-0.0057690253	-0.0057688239	-0.0043001572	-0.0059023748	-0.0061892380	-0.0058290627	-0.0058442350	-0.0048070125	-0.0051717335	-0.0066112802	-0.0042585793	-0.0044414151	-0.0072243016	-0.0053495863	-0.0044960750	-0.0042766361	-0.0048930441	-0.0050792921	-0.0057521866	-0.0061092268	-0.0056911081	-0.0063958876	-0.0060023907	-0.0051134664	-0.0068018670	-0.0055466944	-0.0053518118	-0.0068443001	-0.0062735866	-0.0069851408
-0.0051759134	-0.0049548500	-0.0056972001	-0.0062206814	-0.0068252038	-0.0058268411	-0.0057282905	-0.0064944813	-0.0063229210	-0.0056558016	-0.0046071211	-0.0074631342	-0.0057426216	-0.0072599838	-0.0066397802	-0.0060857715	-0.0076565436	-0.0054576585	-0.0071882419	-0.0057098417	-0.0056468916	-0.0073124669	-0.0050153373	-0.0063653322	-0.0057604784	-0.0059324710	0.5401960155	-0.0078118479	-0.0071687820	-0.0053306960	0.0088941052	-0.0062819425	-0.0055305075	-0.0048856798	-0.0033728020	-0.0055747919	-0.0043817907	-0.0038538461	-0.0045665952	-0.0046341942	0.0525688994	-0.0075991640	-0.0060581970	-0.0062962454	-0.0049675990	-0.0052588695	-0.0054104221	-0.0062353053	-0.0055038063	-0.0057610523	-0.0063430743	-0.0046060799	-0.0058844129	-0.0059530571	-0.0072164086	-0.0072313564	-0.0071792153	-0.0054936343	-0.0066896312	-0.0056173445	-0.0060359688	-0.0052165476	-0.0056416670	-0.0049534010	-0.0059932074	-0.0048862703	-0.0047701276	-0.0066490553	-0.0069797259	-0.0064733022	-0.0051536532	-0.0060616807	-0.0055921496	-0.0062513109	-0.0068269886	-0.0056223101	-0.0052191951	-0.0049350679	-0.0035576156	-0.0059561962	-0.0058874864	-0.0065300746	-0.0069120426	-0.0064253909	-0.0062535966	-0.0052920982	-0.0062388303	-0.0064012250	-0.0059250395	-0.0061635562	-0.0048350314	-0.0051080898	-0.0066780071	-0.0066260602	-0.0055939594	-0.0058161894	-0.0046443654	-0.0057905610	-0.0062105505	-0.0054013090	-0.0056644277	-0.0051412452	-0.0065955722	-0.0078818119	-0.0074228479
