1.0000000000	0.9210357834	0.9205324972	0.9197738850	0.9192544390	0.9199081999	0.9194352792	0.9198236424	0.9193047225	0.9197333726	0.9216829300	0.9191866427	0.9196658018	0.9194984155	0.9198215379	0.9204979978	0.9193090819	0.9203893884	0.9196953405	0.9194972881	0.9202499625	0.9201402256	0.9206467438	0.9202776222	0.9192487266	0.9197570487	0.9188196256	0.9191525190	0.9199886986	0.9196718899	0.9207315267	0.9210717109	0.9210534465	0.9192731544	0.9211026026	0.9219361515	0.9207104062	0.9202761189	0.9197786954	0.9209139454	0.9211407850	0.9193462872	0.9192805954	0.9197179643	0.9203445917	0.9210649463	0.9209843724	0.9210287933	0.9208816257	0.9200359005	0.9203609770	0.9205443728	0.9206368224	0.9207691079	0.9207946630	0.9204780046	0.9209527291	0.9218730152	0.9195234445	0.9189956555	0.9206447144	0.9211649121	0.9207857939	0.9211093672	0.9202531193	0.9210647208	0.9203630064	0.9210026368	0.9194908241	0.9194914254	0.9210823088	0.9211034294	0.9214949493	0.9203892380	0.9191088498	0.9198593444	0.9211945260	0.9206171299	0.9208932007	0.9207561048	0.9211878365	0.9199817085	0.9196725663	0.9200986609	0.9203836009	0.9199886234	0.9208393094	0.9194739878	0.9196661776	0.9208157084	0.9199794537	0.9208968084	0.9202231295	0.9205910486	0.9209358176	0.9206088620	0.9206710963	0.9210128589	0.9197774176	0.9207074748	0.9204822889	0.9201170005	0.9201273729	0.9191613881	0.9194945822
0.9210357834	1.0000000000	0.9199620160	0.9195258497	0.9193148694	0.9187582180	0.9189689729	0.9191372611	0.9193208072	0.9189859595	0.9204531259	0.9191224541	0.9189941522	0.9190510500	0.9191764958	0.9189931000	0.9183424959	0.9193635745	0.9190215864	0.9184253246	0.9196205541	0.9191001309	0.9196200280	0.9191904759	0.9188998237	0.9181933740	0.9185888776	0.9194118286	0.9194490339	0.9189695742	0.9196084530	0.9202411685	0.9202882952	0.9184257756	0.9206887594	0.9205802252	0.9203506798	0.9197669701	0.9188340567	0.9200322927	0.9205599314	0.9187968514	0.9192242238	0.9188023383	0.9197568232	0.9202291425	0.9208687729	0.9199372877	0.9204419267	0.9197680224	0.9196240867	0.9196643737	0.9202799522	0.9206299074	0.9202751418	0.9189129770	0.9203604509	0.9211513077	0.9189965574	0.9188829122	0.9205190432	0.9202004306	0.9201470654	0.9207430266	0.9200599524	0.9201161737	0.9201444347	0.9203688691	0.9191279410	0.9179686390	0.9210797533	0.9209612225	0.9200637105	0.9201123404	0.9185872240	0.9192203153	0.9212635249	0.9197123272	0.9201757022	0.9203276802	0.9206193096	0.9190424815	0.9194929287	0.9197963585	0.9203371506	0.9192679682	0.9198619000	0.9189887406	0.9188114329	0.9202782986	0.9198871545	0.9199475097	0.9196564065	0.9198102635	0.9199781007	0.9201783329	0.9196962424	0.9201766041	0.9200077146	0.9200909944	0.9202319987	0.9200681451	0.9194061163	0.9185223590	0.9188639713
0.9205324972	0.9199620160	1.0000000000	0.9189340225	0.9179870538	0.9177328552	0.9185127383	0.9180612389	0.9183286660	0.9187138723	0.9204176493	0.9180228310	0.9177324794	0.9183240811	0.9186046617	0.9188901277	0.9186984641	0.9192171585	0.9187603226	0.9181942760	0.9187619010	0.9184188607	0.9195950741	0.9186529158	0.9187932436	0.9175492339	0.9181439173	0.9182182527	0.9186055636	0.9183222772	0.9191307220	0.9197921494	0.9191969399	0.9181625575	0.9198338645	0.9200575472	0.9191754435	0.9191752932	0.9185667799	0.9198788115	0.9199733655	0.9186732847	0.9182797354	0.9185827143	0.9192087403	0.9194486581	0.9198551354	0.9199190984	0.9198371716	0.9187590448	0.9191652966	0.9188413475	0.9189277840	0.9195005200	0.9194185932	0.9182682356	0.9194315963	0.9205303175	0.9187327381	0.9180110305	0.9201686369	0.9201130921	0.9198658084	0.9199502156	0.9194030347	0.9194433216	0.9191990444	0.9200611550	0.9177607403	0.9174805356	0.9202864913	0.9200374789	0.9195105166	0.9195795907	0.9181954786	0.9184849282	0.9199526959	0.9193957439	0.9196621940	0.9186219490	0.9200252274	0.9185691099	0.9188262398	0.9191683031	0.9188161681	0.9188518702	0.9197009025	0.9185819627	0.9182582390	0.9197837313	0.9189802472	0.9195940970	0.9189961816	0.9189452968	0.9190684877	0.9195157028	0.9190463900	0.9198009434	0.9191669502	0.9191179444	0.9193023925	0.9189560450	0.9188708110	0.9184220926	0.9179994555
0.9197738850	0.9195258497	0.9189340225	1.0000000000	0.9179716455	0.9171574884	0.9177121856	0.9178179388	0.9178670949	0.9188420239	0.9201238403	0.9180457554	0.9179950210	0.9185167219	0.9177683317	0.9185429535	0.9181982596	0.9187423588	0.9186375827	0.9180904770	0.9184287069	0.9182468144	0.9194442236	0.9185934625	0.9180646963	0.9180250858	0.9178958068	0.9186578765	0.9187744531	0.9185149180	0.9188280437	0.9195467448	0.9194131816	0.9174837676	0.9200048585	0.9189910706	0.9185597898	0.9187693421	0.9182704153	0.9192899155	0.9199278924	0.9179325612	0.9180983690	0.9180934835	0.9188761476	0.9197851593	0.9201097098	0.9192431646	0.9196003355	0.9193195294	0.9191583065	0.9187175553	0.9191786003	0.9194798504	0.9194556482	0.9186774938	0.9190590172	0.9200066624	0.9181187380	0.9177611162	0.9196757983	0.9198326619	0.9194248317	0.9199465326	0.9192021261	0.9194382857	0.9187528064	0.9196860204	0.9177794557	0.9180533468	0.9199315002	0.9202720601	0.9201431570	0.9190813404	0.9182833432	0.9180525200	0.9205889440	0.9194116032	0.9195974793	0.9191168921	0.9197972605	0.9185090553	0.9188470598	0.9192486515	0.9189034314	0.9183118297	0.9190795365	0.9178207949	0.9177736682	0.9192892391	0.9193417023	0.9191738651	0.9189873876	0.9190454880	0.9193062257	0.9188378148	0.9191707834	0.9198122929	0.9188647229	0.9192871345	0.9189610809	0.9187401040	0.9188545008	0.9182052497	0.9180213277
0.9192544390	0.9193148694	0.9179870538	0.9179716455	1.0000000000	0.9187798648	0.9170129515	0.9173828247	0.9173795176	0.9181554171	0.9196266422	0.9180438764	0.9173192375	0.9179702174	0.9178282360	0.9177252638	0.9178387587	0.9185802339	0.9178219975	0.9179587176	0.9179512014	0.9180794281	0.9188742685	0.9182598174	0.9177110581	0.9178474775	0.9175212735	0.9177740441	0.9180517684	0.9184237462	0.9186370566	0.9187010948	0.9194512888	0.9170710519	0.9191915282	0.9193913094	0.9181503812	0.9183246073	0.9172264873	0.9189628847	0.9194318969	0.9174359644	0.9180795033	0.9177995240	0.9189132025	0.9190836704	0.9192787915	0.9195422351	0.9183691033	0.9181609040	0.9186597556	0.9182051745	0.9187299571	0.9192040803	0.9194142338	0.9177353355	0.9188351090	0.9198047015	0.9181834526	0.9173723020	0.9190324850	0.9187652833	0.9190263968	0.9193117877	0.9187864039	0.9195453919	0.9184819969	0.9190548833	0.9175974880	0.9175050385	0.9194869157	0.9197927507	0.9190503736	0.9189569469	0.9172328010	0.9183010815	0.9198342403	0.9192926214	0.9188454814	0.9191485354	0.9189368786	0.9183470808	0.9184157039	0.9189516856	0.9186087204	0.9182307296	0.9190754026	0.9177139894	0.9178090696	0.9187440876	0.9185080782	0.9186953073	0.9186774938	0.9188994478	0.9187249964	0.9184141254	0.9182507228	0.9183169407	0.9184455432	0.9190233903	0.9187113168	0.9183491853	0.9176518303	0.9182746244	0.9177111333
0.9199081999	0.9187582180	0.9177328552	0.9171574884	0.9187798648	1.0000000000	0.9170046837	0.9173148781	0.9173868835	0.9178416900	0.9193784566	0.9176192099	0.9174757252	0.9173036789	0.9173895893	0.9180026123	0.9167995660	0.9179691652	0.9177157182	0.9175089469	0.9177239109	0.9175328485	0.9186576510	0.9178468762	0.9174963948	0.9173102180	0.9169951381	0.9173741811	0.9175612598	0.9171521519	0.9183318980	0.9191989693	0.9189027550	0.9166714896	0.9192466973	0.9188895264	0.9185016894	0.9187588945	0.9172326506	0.9181633091	0.9189684468	0.9180357589	0.9176172557	0.9172404675	0.9182971730	0.9186030832	0.9189174116	0.9187443130	0.9185310027	0.9178473272	0.9181185876	0.9177735931	0.9184757585	0.9184919935	0.9186893695	0.9176773103	0.9187727244	0.9191307971	0.9174464120	0.9169130609	0.9192304622	0.9186086452	0.9187272512	0.9191641692	0.9182541051	0.9185676818	0.9185990996	0.9193920610	0.9171241164	0.9171941676	0.9193286241	0.9194839844	0.9186676476	0.9179046760	0.9178065893	0.9177336068	0.9193752998	0.9188548767	0.9190673602	0.9184492262	0.9183252085	0.9180814575	0.9182691375	0.9184581705	0.9186918498	0.9179835963	0.9180802549	0.9181106956	0.9177109078	0.9184742552	0.9178643890	0.9181389566	0.9179022708	0.9187396530	0.9187255976	0.9181976583	0.9179109896	0.9184949248	0.9178508598	0.9179139961	0.9184993594	0.9181017513	0.9173125481	0.9179966745	0.9171292274
0.9194352792	0.9189689729	0.9185127383	0.9177121856	0.9170129515	0.9170046837	1.0000000000	0.9185058985	0.9174237130	0.9179326363	0.9197586271	0.9177526980	0.9172783493	0.9184517066	0.9175176658	0.9178369548	0.9170718035	0.9183497866	0.9183264863	0.9182392230	0.9185114605	0.9180287688	0.9180318504	0.9184887615	0.9178338732	0.9173912429	0.9178832547	0.9176244713	0.9176956499	0.9178430430	0.9183551983	0.9190145212	0.9191575549	0.9170294120	0.9195387776	0.9190541317	0.9183993185	0.9181580478	0.9172361081	0.9189673945	0.9199572808	0.9178219975	0.9176440134	0.9173126232	0.9181385808	0.9190030965	0.9191873943	0.9188130113	0.9188166191	0.9184916177	0.9182898071	0.9180310988	0.9185471626	0.9189655154	0.9193995020	0.9179660835	0.9191571039	0.9199454052	0.9176842252	0.9173395313	0.9192951017	0.9188998237	0.9198960236	0.9184851537	0.9189567214	0.9191859662	0.9184771865	0.9189750610	0.9172715847	0.9172126575	0.9189477020	0.9194337760	0.9190750268	0.9188434520	0.9176531081	0.9178182394	0.9198788866	0.9183775966	0.9189248527	0.9190186551	0.9187462673	0.9182510234	0.9187673127	0.9182480170	0.9184901144	0.9184904903	0.9183185191	0.9175776452	0.9176549871	0.9185746719	0.9186881669	0.9188824612	0.9186124034	0.9181766880	0.9184094654	0.9190355666	0.9187237938	0.9187886587	0.9181629333	0.9183457278	0.9185667047	0.9181152805	0.9183113035	0.9174675326	0.9176519055
0.9198236424	0.9191372611	0.9180612389	0.9178179388	0.9173828247	0.9173148781	0.9185058985	1.0000000000	0.9176861043	0.9177861452	0.9193523753	0.9179448878	0.9180852156	0.9179312082	0.9179251201	0.9182042726	0.9173611029	0.9181388063	0.9186775690	0.9177778022	0.9184034524	0.9178861861	0.9189338721	0.9183440743	0.9175179664	0.9175019568	0.9175481064	0.9176921924	0.9174735455	0.9173222440	0.9185374666	0.9195324640	0.9186307429	0.9174264940	0.9196475373	0.9191958124	0.9187467934	0.9181119734	0.9173326915	0.9183744398	0.9195406567	0.9177171463	0.9176274026	0.9179796879	0.9186243541	0.9197385588	0.9188698339	0.9188684059	0.9194587299	0.9179891583	0.9187366465	0.9178522879	0.9186138314	0.9192148285	0.9186709547	0.9183482833	0.9190325601	0.9198509263	0.9176802416	0.9175088718	0.9190660825	0.9189389832	0.9191065949	0.9191652966	0.9190689386	0.9193849206	0.9184464452	0.9194154364	0.9177041432	0.9172450524	0.9195298333	0.9194633148	0.9194743636	0.9192984089	0.9176978296	0.9183107774	0.9194974384	0.9190293281	0.9188599877	0.9185522736	0.9188467591	0.9180078737	0.9184817714	0.9181840539	0.9187421333	0.9180851404	0.9189556692	0.9180332034	0.9181627078	0.9182207331	0.9178740850	0.9192415111	0.9180251610	0.9182858987	0.9188244360	0.9184746310	0.9179151235	0.9190006913	0.9178480788	0.9188638210	0.9188125603	0.9187270257	0.9176834736	0.9175436719	0.9173241231
0.9193047225	0.9193208072	0.9183286660	0.9178670949	0.9173795176	0.9173868835	0.9174237130	0.9176861043	1.0000000000	0.9177605900	0.9194968371	0.9175698283	0.9175777204	0.9176069585	0.9178595786	0.9184780133	0.9174254417	0.9185455842	0.9181454205	0.9180261381	0.9183376103	0.9174867741	0.9182665820	0.9179547340	0.9176442389	0.9175563743	0.9176210138	0.9181327933	0.9177869720	0.9178877645	0.9183485088	0.9194455765	0.9188954642	0.9173716256	0.9198119923	0.9192804451	0.9189832537	0.9188410468	0.9177215808	0.9188739679	0.9188635955	0.9178374058	0.9181215190	0.9176470199	0.9185107089	0.9189331205	0.9190078318	0.9194605338	0.9187499502	0.9189160587	0.9191247842	0.9182581639	0.9188623177	0.9194173155	0.9187077842	0.9177729918	0.9188544257	0.9200029043	0.9180730393	0.9170571469	0.9189952797	0.9188581086	0.9184635070	0.9192443672	0.9187170292	0.9188404455	0.9184626802	0.9192811967	0.9173429136	0.9168716465	0.9195543362	0.9197492318	0.9194829321	0.9192002470	0.9175993671	0.9178847580	0.9197176637	0.9190120408	0.9190708928	0.9181226464	0.9192404588	0.9177209044	0.9186523897	0.9181100943	0.9191428982	0.9182498960	0.9185326563	0.9178083180	0.9176149257	0.9191319997	0.9180852908	0.9187183821	0.9180158409	0.9187365713	0.9192360242	0.9191659730	0.9181560936	0.9189578489	0.9184738794	0.9187286793	0.9190350405	0.9188438278	0.9178307915	0.9179155745	0.9175447993
0.9197333726	0.9189859595	0.9187138723	0.9188420239	0.9181554171	0.9178416900	0.9179326363	0.9177861452	0.9177605900	1.0000000000	0.9197711040	0.9179575902	0.9179465413	0.9178409384	0.9181881127	0.9180904018	0.9175635147	0.9188365371	0.9188783273	0.9174143929	0.9187095881	0.9185249897	0.9186977876	0.9182975489	0.9180874705	0.9181622569	0.9179890831	0.9178882906	0.9182443340	0.9180205761	0.9185348360	0.9190200832	0.9189501072	0.9180144880	0.9195165296	0.9190332366	0.9186461512	0.9185839169	0.9179412800	0.9187387510	0.9195852279	0.9183070945	0.9178498076	0.9173683936	0.9196332565	0.9197847835	0.9192324916	0.9193205066	0.9187599468	0.9187531822	0.9193550060	0.9187356694	0.9186578013	0.9190113644	0.9198207111	0.9183127316	0.9187796393	0.9200686712	0.9176673889	0.9174118374	0.9196554294	0.9190886311	0.9192294851	0.9194170148	0.9187603978	0.9190428573	0.9188012860	0.9197133043	0.9176612256	0.9176403305	0.9198905368	0.9200601779	0.9192811216	0.9191410944	0.9178034325	0.9178171872	0.9198384493	0.9190017436	0.9195309607	0.9186892943	0.9189830282	0.9184814708	0.9185503945	0.9186417166	0.9186969608	0.9185749726	0.9189243265	0.9177622436	0.9178200433	0.9185942141	0.9189985868	0.9188874219	0.9186459257	0.9186455499	0.9188932094	0.9190841214	0.9189808485	0.9193206569	0.9181199405	0.9189534895	0.9190683373	0.9184294585	0.9179899099	0.9177621684	0.9174406996
0.9216829300	0.9204531259	0.9204176493	0.9201238403	0.9196266422	0.9193784566	0.9197586271	0.9193523753	0.9194968371	0.9197711040	1.0000000000	0.9192900659	0.9197421666	0.9195364476	0.9194807524	0.9193155458	0.9197320948	0.9199348073	0.9199511927	0.9201089581	0.9194613605	0.9195437383	0.9201174515	0.9200985858	0.9198611483	0.9201098601	0.9195061572	0.9194548214	0.9199305231	0.9197147323	0.9198979778	0.9208035321	0.9210529955	0.9190183545	0.9211206415	0.9207466343	0.9205375331	0.9204993507	0.9199774243	0.9208499072	0.9212899068	0.9200869356	0.9194088221	0.9197602055	0.9205500852	0.9210121824	0.9216247545	0.9208623842	0.9209470168	0.9205289646	0.9206925927	0.9205607582	0.9209969997	0.9208278847	0.9209018443	0.9198299560	0.9204689851	0.9214435384	0.9192591742	0.9190512755	0.9212395481	0.9209490462	0.9204344857	0.9211914443	0.9207165695	0.9206193096	0.9206684656	0.9213011811	0.9193746233	0.9188597622	0.9214017482	0.9216665447	0.9214070095	0.9204165971	0.9196375408	0.9193590648	0.9214906651	0.9204077279	0.9211514580	0.9203786402	0.9208747108	0.9198079335	0.9196886511	0.9206139730	0.9206448647	0.9199348073	0.9208116497	0.9189168855	0.9191612378	0.9202222276	0.9203040041	0.9206344923	0.9202256851	0.9199535227	0.9205424186	0.9203824734	0.9206231428	0.9205737613	0.9200347730	0.9206172802	0.9211068868	0.9199092522	0.9196759486	0.9198462662	0.9196201031
0.9191866427	0.9191224541	0.9180228310	0.9180457554	0.9180438764	0.9176192099	0.9177526980	0.9179448878	0.9175698283	0.9179575902	0.9192900659	1.0000000000	0.9180630428	0.9181104701	0.9176558139	0.9183071696	0.9172125072	0.9181212935	0.9181833775	0.9178307915	0.9178276347	0.9179432342	0.9183410678	0.9181622569	0.9177511947	0.9179023459	0.9173088651	0.9179811911	0.9180499645	0.9172133340	0.9184984574	0.9192335439	0.9184101418	0.9173835764	0.9193020166	0.9192614291	0.9186006029	0.9186990654	0.9175956841	0.9190254197	0.9190142957	0.9179559366	0.9181354240	0.9174318305	0.9184031518	0.9197814764	0.9197975611	0.9188298476	0.9190018188	0.9184971797	0.9186920753	0.9184898890	0.9190576643	0.9188066225	0.9186178150	0.9178593532	0.9189464994	0.9198861774	0.9178371051	0.9174399480	0.9193377939	0.9190609714	0.9198533315	0.9194128057	0.9191650711	0.9185147676	0.9190042240	0.9192233970	0.9176839246	0.9166850188	0.9190795365	0.9203012982	0.9194744388	0.9193835676	0.9175220252	0.9177790048	0.9197048109	0.9186163118	0.9189579240	0.9184767356	0.9189425910	0.9180368111	0.9183540708	0.9185158951	0.9187301825	0.9185376921	0.9184865818	0.9177467602	0.9174400232	0.9186402134	0.9185243132	0.9188242856	0.9185943644	0.9183376855	0.9187246957	0.9189419145	0.9183972891	0.9187716721	0.9183717340	0.9188874971	0.9189262808	0.9188508179	0.9180622160	0.9178373306	0.9176314613
0.9196658018	0.9189941522	0.9177324794	0.9179950210	0.9173192375	0.9174757252	0.9172783493	0.9180852156	0.9175777204	0.9179465413	0.9197421666	0.9180630428	1.0000000000	0.9177748708	0.9170645128	0.9193892800	0.9172987182	0.9186541184	0.9181808971	0.9180380137	0.9181343717	0.9178260563	0.9186165373	0.9184054066	0.9177487144	0.9176637059	0.9177145156	0.9177657010	0.9174861728	0.9178767908	0.9185845182	0.9187211631	0.9197904959	0.9172342291	0.9190898337	0.9192857064	0.9186247300	0.9185399470	0.9175494594	0.9189220717	0.9191134347	0.9173662891	0.9182270467	0.9170724800	0.9182461379	0.9189851328	0.9193435062	0.9184529091	0.9185685086	0.9178388339	0.9182614710	0.9183576786	0.9186923008	0.9188441285	0.9186060146	0.9180016352	0.9185497181	0.9196007864	0.9176261248	0.9172181443	0.9188864448	0.9195515552	0.9186275110	0.9191398918	0.9188598374	0.9191433492	0.9185253655	0.9191674011	0.9177302996	0.9172866923	0.9194025085	0.9188806573	0.9187779105	0.9183489598	0.9172400917	0.9182465889	0.9192205408	0.9186297658	0.9191852897	0.9184004459	0.9186932779	0.9182542554	0.9179167019	0.9183447507	0.9188267660	0.9177317277	0.9193404997	0.9171482435	0.9173847790	0.9187267251	0.9184424616	0.9186720822	0.9182759021	0.9184488504	0.9189636364	0.9185027417	0.9190666086	0.9187099639	0.9184474223	0.9191082485	0.9184973300	0.9182291512	0.9179714952	0.9178673204	0.9174718920
0.9194984155	0.9190510500	0.9183240811	0.9185167219	0.9179702174	0.9173036789	0.9184517066	0.9179312082	0.9176069585	0.9178409384	0.9195364476	0.9181104701	0.9177748708	1.0000000000	0.9173640342	0.9182563600	0.9182777060	0.9185142415	0.9183346038	0.9179170777	0.9189782178	0.9177009112	0.9185635479	0.9182038967	0.9171822168	0.9178558957	0.9172905255	0.9182613958	0.9178214714	0.9181728547	0.9182710166	0.9193216340	0.9194153613	0.9172093504	0.9193277221	0.9191040394	0.9185177741	0.9185804594	0.9176531081	0.9190876540	0.9195345685	0.9180683793	0.9180156154	0.9177479628	0.9182898071	0.9194627886	0.9191765709	0.9186036094	0.9189989626	0.9191725873	0.9185435548	0.9180901763	0.9188142891	0.9186959837	0.9188239098	0.9182082561	0.9188538995	0.9198681384	0.9175287898	0.9173581715	0.9191492870	0.9192535370	0.9192897652	0.9191823584	0.9187518293	0.9188160178	0.9182725950	0.9188218804	0.9175221755	0.9168598461	0.9191864172	0.9202196721	0.9194126554	0.9192028777	0.9172998457	0.9177678808	0.9196329559	0.9188682555	0.9188657752	0.9187976782	0.9187222153	0.9182601932	0.9183184439	0.9189850576	0.9190028710	0.9183460285	0.9185880508	0.9177350349	0.9174881270	0.9190095605	0.9185821881	0.9190139951	0.9186086452	0.9185834659	0.9185585872	0.9184571182	0.9182729708	0.9191022355	0.9182949182	0.9188984707	0.9184342689	0.9186899708	0.9177073000	0.9176706209	0.9176367227
0.9198215379	0.9191764958	0.9186046617	0.9177683317	0.9178282360	0.9173895893	0.9175176658	0.9179251201	0.9178595786	0.9181881127	0.9194807524	0.9176558139	0.9170645128	0.9173640342	1.0000000000	0.9178241021	0.9179458649	0.9186054133	0.9183285157	0.9179620999	0.9183191204	0.9177648743	0.9185983480	0.9180088508	0.9182766538	0.9174959439	0.9172749670	0.9175970370	0.9181674431	0.9178163604	0.9184284814	0.9184583960	0.9185673060	0.9173328419	0.9192681185	0.9191220032	0.9184136745	0.9187517541	0.9173396065	0.9184732029	0.9185755739	0.9182435824	0.9178298896	0.9176534839	0.9185192774	0.9193202059	0.9197044351	0.9187236434	0.9187688911	0.9184888367	0.9188017370	0.9182273473	0.9190297791	0.9191105033	0.9185141663	0.9176775358	0.9189578489	0.9196926347	0.9173072867	0.9174791075	0.9187431856	0.9187312348	0.9187769334	0.9191036636	0.9192027274	0.9189634109	0.9187078594	0.9194796250	0.9174863231	0.9170724800	0.9193883780	0.9194933796	0.9191529700	0.9188432265	0.9173782398	0.9179558614	0.9196029661	0.9189119248	0.9188484127	0.9186884675	0.9191038139	0.9181374533	0.9187697930	0.9183091238	0.9187582180	0.9184874086	0.9185990996	0.9174905322	0.9175484823	0.9185735445	0.9189830282	0.9191253103	0.9185104082	0.9182896568	0.9185846685	0.9187151501	0.9184238214	0.9189927241	0.9183901487	0.9185821130	0.9185329569	0.9184247233	0.9178178636	0.9178903200	0.9167255312
0.9204979978	0.9189931000	0.9188901277	0.9185429535	0.9177252638	0.9180026123	0.9178369548	0.9182042726	0.9184780133	0.9180904018	0.9193155458	0.9183071696	0.9193892800	0.9182563600	0.9178241021	1.0000000000	0.9183597080	0.9179348160	0.9188961407	0.9188333803	0.9184575692	0.9179392506	0.9192370765	0.9184729023	0.9185873743	0.9178263570	0.9181406853	0.9186499093	0.9182771799	0.9182548567	0.9186375827	0.9195614766	0.9191365846	0.9175348779	0.9189080915	0.9195513297	0.9190196322	0.9185880508	0.9177847171	0.9194635402	0.9194101751	0.9180651473	0.9182294519	0.9175954586	0.9185509958	0.9190620989	0.9191151634	0.9192221192	0.9191719109	0.9182884542	0.9193244150	0.9183485088	0.9191381630	0.9192094168	0.9191204247	0.9179625509	0.9194143842	0.9199328531	0.9184375761	0.9175198455	0.9191221535	0.9188761476	0.9190987780	0.9197058632	0.9188187988	0.9191453034	0.9193019415	0.9193683849	0.9172121314	0.9173453188	0.9199286440	0.9199607383	0.9193801102	0.9187294309	0.9173599003	0.9179121170	0.9194237794	0.9187963253	0.9193053989	0.9194647428	0.9188473604	0.9188230830	0.9185626460	0.9190915625	0.9193447839	0.9185276955	0.9189535646	0.9177938869	0.9176997086	0.9190869024	0.9191017845	0.9188187988	0.9189120751	0.9186421676	0.9191963386	0.9189177874	0.9188892258	0.9196797068	0.9187964756	0.9185965441	0.9187806915	0.9184000701	0.9181900669	0.9177865961	0.9176721241
0.9193090819	0.9183424959	0.9186984641	0.9181982596	0.9178387587	0.9167995660	0.9170718035	0.9173611029	0.9174254417	0.9175635147	0.9197320948	0.9172125072	0.9172987182	0.9182777060	0.9179458649	0.9183597080	1.0000000000	0.9183975146	0.9177880994	0.9174240888	0.9180952873	0.9177600639	0.9183579793	0.9181597765	0.9172227292	0.9171117146	0.9168635290	0.9181424141	0.9179754788	0.9177590868	0.9184644090	0.9189063628	0.9187316106	0.9176824965	0.9189237252	0.9193575615	0.9179452636	0.9183410678	0.9177904294	0.9182764283	0.9191450028	0.9176431866	0.9176510035	0.9174941400	0.9185691851	0.9190963728	0.9188229327	0.9191072714	0.9181946518	0.9179493223	0.9183226530	0.9180547749	0.9187235683	0.9189562705	0.9185699367	0.9173779392	0.9184840263	0.9194337760	0.9178553696	0.9172546732	0.9186743370	0.9185129638	0.9185905312	0.9191564274	0.9183350548	0.9183437736	0.9183064932	0.9188055702	0.9170452713	0.9170170103	0.9191920543	0.9197791464	0.9191176437	0.9185219832	0.9177116594	0.9175415673	0.9193612445	0.9187886587	0.9186683240	0.9184135241	0.9184350205	0.9182096091	0.9181939002	0.9184931209	0.9181926976	0.9181975831	0.9185227348	0.9176915159	0.9171901088	0.9190676609	0.9182847713	0.9188500663	0.9181855572	0.9181963054	0.9184406577	0.9179233914	0.9184714742	0.9186423179	0.9182020928	0.9188952388	0.9184381022	0.9183539205	0.9179818676	0.9175814033	0.9172167914
0.9203893884	0.9193635745	0.9192171585	0.9187423588	0.9185802339	0.9179691652	0.9183497866	0.9181388063	0.9185455842	0.9188365371	0.9199348073	0.9181212935	0.9186541184	0.9185142415	0.9186054133	0.9179348160	0.9183975146	1.0000000000	0.9188411971	0.9183037122	0.9189322186	0.9184393048	0.9191195980	0.9185526494	0.9182860490	0.9183766195	0.9185019901	0.9187720479	0.9186598307	0.9182165992	0.9193261437	0.9196460341	0.9197559964	0.9182081058	0.9202959617	0.9198935433	0.9190887063	0.9195040527	0.9183378358	0.9195595224	0.9197587022	0.9191816819	0.9185360386	0.9179779591	0.9194476059	0.9202177179	0.9202053913	0.9196250638	0.9196608410	0.9191528948	0.9191707083	0.9191598849	0.9192690204	0.9198447630	0.9196788048	0.9184347951	0.9193938649	0.9203784898	0.9190336876	0.9179361689	0.9197340490	0.9193939400	0.9197426927	0.9198287534	0.9194446745	0.9199870450	0.9191748422	0.9198476943	0.9182363668	0.9181598517	0.9195841756	0.9205609085	0.9199162422	0.9195574930	0.9181336952	0.9187189834	0.9201058765	0.9192685695	0.9198667855	0.9193395978	0.9200032801	0.9193207320	0.9192306125	0.9193022421	0.9190645041	0.9185677570	0.9192810464	0.9187022222	0.9180964899	0.9193291502	0.9193489930	0.9197699766	0.9192834516	0.9194550469	0.9193166733	0.9192051326	0.9190139199	0.9191359082	0.9186203706	0.9196765499	0.9193643261	0.9192394065	0.9184613273	0.9183551983	0.9178208701
0.9196953405	0.9190215864	0.9187603226	0.9186375827	0.9178219975	0.9177157182	0.9183264863	0.9186775690	0.9181454205	0.9188783273	0.9199511927	0.9181833775	0.9181808971	0.9183346038	0.9183285157	0.9188961407	0.9177880994	0.9188411971	1.0000000000	0.9178578499	0.9186416415	0.9185173232	0.9190441351	0.9190850985	0.9180996468	0.9177563809	0.9178325954	0.9180377131	0.9181401592	0.9186098478	0.9190454880	0.9198776840	0.9191321500	0.9172804538	0.9199213533	0.9196662527	0.9186814774	0.9189140293	0.9186088707	0.9192423379	0.9197042848	0.9186767422	0.9188252627	0.9182010406	0.9191014087	0.9193305031	0.9200501061	0.9199631435	0.9194485830	0.9194076947	0.9191444015	0.9184210404	0.9191499635	0.9189022288	0.9196296487	0.9186901962	0.9193958191	0.9200468742	0.9177960666	0.9181149047	0.9197827542	0.9192130998	0.9194083712	0.9196391943	0.9192435404	0.9191473328	0.9189299637	0.9198212372	0.9181370024	0.9179313586	0.9207349090	0.9205589543	0.9196011622	0.9195717738	0.9179003917	0.9185677570	0.9200774652	0.9189948287	0.9190209100	0.9191044904	0.9196916576	0.9184726016	0.9187876065	0.9192409098	0.9191090001	0.9190686380	0.9188744188	0.9181191138	0.9177738937	0.9190339130	0.9188329293	0.9190968238	0.9188652490	0.9192390307	0.9196392695	0.9188868958	0.9189976849	0.9193666561	0.9190303053	0.9192673669	0.9196072504	0.9192084397	0.9185337837	0.9184228443	0.9180746177
0.9194972881	0.9184253246	0.9181942760	0.9180904770	0.9179587176	0.9175089469	0.9182392230	0.9177778022	0.9180261381	0.9174143929	0.9201089581	0.9178307915	0.9180380137	0.9179170777	0.9179620999	0.9188333803	0.9174240888	0.9183037122	0.9178578499	1.0000000000	0.9182334355	0.9181128753	0.9182795099	0.9177254893	0.9177790799	0.9178879900	0.9176476212	0.9177622436	0.9177866713	0.9177607403	0.9193474146	0.9190769810	0.9189539404	0.9169738672	0.9196379166	0.9196882753	0.9188428507	0.9187310093	0.9173922200	0.9189631102	0.9191368853	0.9177856942	0.9178835554	0.9169705600	0.9182020928	0.9187679140	0.9187204115	0.9187466431	0.9186573504	0.9188411971	0.9183471559	0.9184296840	0.9188895264	0.9188367626	0.9189798714	0.9181224961	0.9192947259	0.9195756823	0.9177722402	0.9176026742	0.9193519995	0.9194215246	0.9186024068	0.9189014772	0.9185620447	0.9192082894	0.9185258165	0.9188974185	0.9173638087	0.9176698692	0.9195495258	0.9198597203	0.9194782720	0.9189670938	0.9173516324	0.9184406577	0.9195805678	0.9191907766	0.9193422284	0.9188127858	0.9185990245	0.9185013888	0.9181244503	0.9186223999	0.9187714466	0.9181536884	0.9185201793	0.9175865895	0.9177783283	0.9186184915	0.9179539072	0.9188396939	0.9188113577	0.9181626327	0.9191616136	0.9181359501	0.9186620856	0.9191218528	0.9183351300	0.9187241696	0.9186057139	0.9185413751	0.9181857075	0.9175572011	0.9175153357
0.9202499625	0.9196205541	0.9187619010	0.9184287069	0.9179512014	0.9177239109	0.9185114605	0.9184034524	0.9183376103	0.9187095881	0.9194613605	0.9178276347	0.9181343717	0.9189782178	0.9183191204	0.9184575692	0.9180952873	0.9189322186	0.9186416415	0.9182334355	1.0000000000	0.9182860490	0.9193537282	0.9187409307	0.9179555608	0.9184141254	0.9182262199	0.9198461911	0.9179766814	0.9183321235	0.9187572409	0.9197786954	0.9193614700	0.9178564218	0.9198533315	0.9201682611	0.9185524239	0.9192419620	0.9184323147	0.9193649274	0.9201022687	0.9187038758	0.9183791750	0.9178732582	0.9187369471	0.9196193515	0.9194730858	0.9199475849	0.9192723276	0.9185919592	0.9187602474	0.9188011357	0.9188860690	0.9192315145	0.9196461093	0.9183155126	0.9190056520	0.9205457258	0.9181112217	0.9181564694	0.9194925529	0.9196734683	0.9193113368	0.9198751285	0.9186689253	0.9196362630	0.9191068204	0.9197163859	0.9179569889	0.9174158210	0.9202005809	0.9201230886	0.9196404721	0.9191918288	0.9178612322	0.9183866912	0.9200797952	0.9191814565	0.9191377872	0.9189779924	0.9196004858	0.9189819760	0.9190489455	0.9191321500	0.9193973975	0.9193003631	0.9189068137	0.9178780686	0.9175741877	0.9187175553	0.9190218119	0.9194085215	0.9186336743	0.9183306954	0.9190657067	0.9191028368	0.9188740430	0.9195069840	0.9189926490	0.9197083436	0.9191141111	0.9187888091	0.9186870394	0.9179632273	0.9177973443
0.9201402256	0.9191001309	0.9184188607	0.9182468144	0.9180794281	0.9175328485	0.9180287688	0.9178861861	0.9174867741	0.9185249897	0.9195437383	0.9179432342	0.9178260563	0.9177009112	0.9177648743	0.9179392506	0.9177600639	0.9184393048	0.9185173232	0.9181128753	0.9182860490	1.0000000000	0.9192935985	0.9183070945	0.9174627973	0.9178400365	0.9175674983	0.9182231383	0.9180909279	0.9180215532	0.9182213344	0.9188373639	0.9191681527	0.9179721716	0.9199233826	0.9195672641	0.9191648456	0.9185909070	0.9176020729	0.9191598849	0.9198808408	0.9180532717	0.9180059195	0.9177017380	0.9189362773	0.9188086519	0.9190995296	0.9191956621	0.9190331614	0.9185591885	0.9187379994	0.9183133329	0.9192608278	0.9188859186	0.9190884056	0.9181530119	0.9188154917	0.9200878376	0.9178008018	0.9169807821	0.9193485421	0.9198735501	0.9191103530	0.9192497789	0.9188786279	0.9192697721	0.9189584502	0.9198205607	0.9179730736	0.9174909832	0.9196595633	0.9200497303	0.9195499768	0.9189146306	0.9174419774	0.9181251267	0.9195234445	0.9190843469	0.9190131683	0.9188300731	0.9193658294	0.9188400697	0.9187167285	0.9185416757	0.9186668208	0.9182542554	0.9190258707	0.9175378844	0.9181670673	0.9187990311	0.9189640873	0.9186767422	0.9184206646	0.9190412789	0.9187363458	0.9182207331	0.9185972958	0.9190122663	0.9184896635	0.9188387168	0.9188121094	0.9187958743	0.9177709624	0.9172269383	0.9176510787
0.9206467438	0.9196200280	0.9195950741	0.9194442236	0.9188742685	0.9186576510	0.9180318504	0.9189338721	0.9182665820	0.9186977876	0.9201174515	0.9183410678	0.9186165373	0.9185635479	0.9185983480	0.9192370765	0.9183579793	0.9191195980	0.9190441351	0.9182795099	0.9193537282	0.9192935985	1.0000000000	0.9186387853	0.9180894247	0.9185833156	0.9186317200	0.9184671900	0.9199354838	0.9186266842	0.9206581684	0.9201715683	0.9200115479	0.9177601390	0.9208656913	0.9202735634	0.9194675238	0.9202355313	0.9184577947	0.9197774928	0.9198568641	0.9191020100	0.9185363392	0.9185108592	0.9194937554	0.9198304822	0.9194046131	0.9197393104	0.9197329968	0.9192668407	0.9190997551	0.9197261570	0.9197867377	0.9199181213	0.9196394198	0.9187154508	0.9198319102	0.9202833345	0.9187434111	0.9181736815	0.9194532430	0.9200361260	0.9198310835	0.9204560572	0.9195968028	0.9199730649	0.9197122520	0.9201257945	0.9179450381	0.9180248604	0.9202221524	0.9204737204	0.9195220916	0.9200755110	0.9185254407	0.9188115832	0.9203067099	0.9195953748	0.9198200346	0.9203153536	0.9198301063	0.9190790104	0.9197173630	0.9192882620	0.9200040317	0.9191717605	0.9197117259	0.9189858844	0.9182232134	0.9195896624	0.9191522184	0.9196706121	0.9192106946	0.9193268202	0.9196131130	0.9196161195	0.9196098059	0.9192926965	0.9192793928	0.9192446679	0.9199315002	0.9191416957	0.9186958334	0.9189955803	0.9181308391
0.9202776222	0.9191904759	0.9186529158	0.9185934625	0.9182598174	0.9178468762	0.9184887615	0.9183440743	0.9179547340	0.9182975489	0.9200985858	0.9181622569	0.9184054066	0.9182038967	0.9180088508	0.9184729023	0.9181597765	0.9185526494	0.9190850985	0.9177254893	0.9187409307	0.9183070945	0.9186387853	1.0000000000	0.9184493765	0.9181128753	0.9180383144	0.9177670540	0.9181621817	0.9180565788	0.9191353069	0.9194570011	0.9197138304	0.9175990664	0.9195408070	0.9196499425	0.9191313233	0.9188012108	0.9182021680	0.9191277155	0.9195523820	0.9187921162	0.9180114815	0.9180826601	0.9187252218	0.9199327779	0.9194302434	0.9193516989	0.9190763045	0.9185186009	0.9185751981	0.9184795917	0.9192179853	0.9196306258	0.9195716987	0.9182657552	0.9192721772	0.9202984421	0.9181572210	0.9177508941	0.9193787573	0.9189036569	0.9195981558	0.9195738784	0.9191807800	0.9193108106	0.9186665202	0.9195293823	0.9176543858	0.9176154518	0.9197377320	0.9203366996	0.9193831167	0.9190804384	0.9173810960	0.9180379386	0.9194200213	0.9192118220	0.9189867112	0.9189062876	0.9190746510	0.9185278459	0.9190360176	0.9190962225	0.9190092598	0.9191037387	0.9190129428	0.9180978429	0.9179680377	0.9193277221	0.9186843336	0.9199430751	0.9186198444	0.9187759563	0.9188077499	0.9186711050	0.9187812928	0.9190327104	0.9192113710	0.9194249820	0.9193373429	0.9187190585	0.9184556901	0.9180203506	0.9179881060
0.9192487266	0.9188998237	0.9187932436	0.9180646963	0.9177110581	0.9174963948	0.9178338732	0.9175179664	0.9176442389	0.9180874705	0.9198611483	0.9177511947	0.9177487144	0.9171822168	0.9182766538	0.9185873743	0.9172227292	0.9182860490	0.9180996468	0.9177790799	0.9179555608	0.9174627973	0.9180894247	0.9184493765	1.0000000000	0.9182259944	0.9177926091	0.9175363811	0.9181691718	0.9172373859	0.9182191547	0.9185273197	0.9197868129	0.9172597090	0.9190087337	0.9194697787	0.9184556901	0.9188796050	0.9181768383	0.9188423246	0.9189634860	0.9182269715	0.9181671424	0.9173873345	0.9181295613	0.9195809436	0.9189234246	0.9190966735	0.9187853516	0.9181007742	0.9185866979	0.9180739413	0.9191290684	0.9185046207	0.9190621740	0.9177700605	0.9186466022	0.9199028634	0.9181043820	0.9176914408	0.9192540632	0.9191126830	0.9188342822	0.9191951360	0.9190518768	0.9187700185	0.9186233019	0.9191446270	0.9177425511	0.9169156164	0.9194526417	0.9199394674	0.9189576234	0.9190528539	0.9179506001	0.9180088508	0.9195881592	0.9184232952	0.9192378281	0.9184648599	0.9185269439	0.9178946042	0.9184059328	0.9184171319	0.9188680300	0.9184395303	0.9187261989	0.9174264188	0.9172985679	0.9187502509	0.9184081125	0.9186671966	0.9186241287	0.9187142482	0.9184434387	0.9184939477	0.9188410468	0.9187041764	0.9180984442	0.9186635137	0.9189979855	0.9186782455	0.9182991273	0.9179832956	0.9176449905
0.9197570487	0.9181933740	0.9175492339	0.9180250858	0.9178474775	0.9173102180	0.9173912429	0.9175019568	0.9175563743	0.9181622569	0.9201098601	0.9179023459	0.9176637059	0.9178558957	0.9174959439	0.9178263570	0.9171117146	0.9183766195	0.9177563809	0.9178879900	0.9184141254	0.9178400365	0.9185833156	0.9181128753	0.9182259944	1.0000000000	0.9173928213	0.9175071430	0.9178791208	0.9176412324	0.9180174945	0.9193015657	0.9190660825	0.9170359511	0.9188938107	0.9190229394	0.9181960047	0.9188566805	0.9174723429	0.9190997551	0.9192766870	0.9178928755	0.9176921924	0.9175904979	0.9182302035	0.9191123072	0.9192886378	0.9188145897	0.9185079279	0.9178099716	0.9186311187	0.9179543582	0.9189699500	0.9187217644	0.9191041897	0.9178579251	0.9186242790	0.9198291292	0.9177986973	0.9172261115	0.9191613881	0.9187832471	0.9185924854	0.9189396596	0.9184772617	0.9184897386	0.9178412391	0.9189816001	0.9174119125	0.9168091116	0.9191214019	0.9195440390	0.9190671347	0.9192390307	0.9174374677	0.9179560118	0.9193492185	0.9185219832	0.9185286727	0.9182949182	0.9186989902	0.9178931762	0.9185190519	0.9187555874	0.9181839788	0.9184597489	0.9189080163	0.9171862756	0.9176997086	0.9189451465	0.9185873743	0.9189545417	0.9183841357	0.9182747747	0.9183202478	0.9185137154	0.9181173099	0.9185815869	0.9183131826	0.9181717273	0.9186058642	0.9184620038	0.9174988752	0.9174686600	0.9172464053
0.9188196256	0.9185888776	0.9181439173	0.9178958068	0.9175212735	0.9169951381	0.9178832547	0.9175481064	0.9176210138	0.9179890831	0.9195061572	0.9173088651	0.9177145156	0.9172905255	0.9172749670	0.9181406853	0.9168635290	0.9185019901	0.9178325954	0.9176476212	0.9182262199	0.9175674983	0.9186317200	0.9180383144	0.9177926091	0.9173928213	1.0000000000	0.9170551175	0.9174609183	0.9178629609	0.9213318473	0.9183379861	0.9184934967	0.9176067330	0.9197242028	0.9187195847	0.9189316924	0.9187350681	0.9180097527	0.9191268135	0.9303800998	0.9173503547	0.9180601866	0.9174039453	0.9186533668	0.9191428231	0.9190493213	0.9186762912	0.9185022156	0.9184735036	0.9185923350	0.9186751638	0.9185484403	0.9189628847	0.9179815669	0.9176053801	0.9183070945	0.9193682346	0.9178448469	0.9173331425	0.9188333803	0.9187951227	0.9187268754	0.9192097926	0.9186687750	0.9189183136	0.9188631445	0.9187828713	0.9170721793	0.9173191624	0.9189204181	0.9191356075	0.9187700937	0.9186947060	0.9171795110	0.9179136203	0.9191543981	0.9190052762	0.9194731610	0.9183529434	0.9188018121	0.9178213211	0.9180494384	0.9182599677	0.9182720689	0.9182765034	0.9182309551	0.9174812121	0.9176819703	0.9183860899	0.9183809789	0.9189485288	0.9177399956	0.9180377131	0.9187910639	0.9182557587	0.9186933531	0.9186630627	0.9183364829	0.9187414569	0.9187694172	0.9184636573	0.9176833233	0.9173655374	0.9168966004
0.9191525190	0.9194118286	0.9182182527	0.9186578765	0.9177740441	0.9173741811	0.9176244713	0.9176921924	0.9181327933	0.9178882906	0.9194548214	0.9179811911	0.9177657010	0.9182613958	0.9175970370	0.9186499093	0.9181424141	0.9187720479	0.9180377131	0.9177622436	0.9198461911	0.9182231383	0.9184671900	0.9177670540	0.9175363811	0.9175071430	0.9170551175	1.0000000000	0.9181143034	0.9180040404	0.9186036845	0.9196415244	0.9193459114	0.9170757119	0.9192536122	0.9193949171	0.9183833841	0.9184002204	0.9173617793	0.9193059251	0.9191551497	0.9176349940	0.9181319665	0.9181711260	0.9183780476	0.9196860204	0.9195782378	0.9191309475	0.9191035884	0.9183163394	0.9184566673	0.9186457754	0.9191278658	0.9194052144	0.9187268002	0.9180774739	0.9192351223	0.9198997066	0.9176257490	0.9175420183	0.9186957583	0.9199457810	0.9189739336	0.9192972063	0.9186027074	0.9192382791	0.9189810740	0.9193520747	0.9180791275	0.9177130875	0.9189783682	0.9195904141	0.9194302434	0.9193393723	0.9173076625	0.9180957383	0.9198196588	0.9185716654	0.9187599468	0.9187961750	0.9188435272	0.9181525609	0.9180616898	0.9184177332	0.9183432475	0.9181644366	0.9187580677	0.9181132511	0.9177244370	0.9185701622	0.9186393114	0.9188847160	0.9186687750	0.9184770362	0.9191970150	0.9190226387	0.9184928954	0.9192088155	0.9187060555	0.9191702573	0.9180870195	0.9180921305	0.9180745426	0.9173806450	0.9176266510
0.9199886986	0.9194490339	0.9186055636	0.9187744531	0.9180517684	0.9175612598	0.9176956499	0.9174735455	0.9177869720	0.9182443340	0.9199305231	0.9180499645	0.9174861728	0.9178214714	0.9181674431	0.9182771799	0.9179754788	0.9186598307	0.9181401592	0.9177866713	0.9179766814	0.9180909279	0.9199354838	0.9181621817	0.9181691718	0.9178791208	0.9174609183	0.9181143034	1.0000000000	0.9182270467	0.9185252904	0.9195453919	0.9192739811	0.9172185953	0.9201126411	0.9195080363	0.9196564065	0.9181806716	0.9178836306	0.9196352107	0.9197679472	0.9179331625	0.9179672861	0.9180918299	0.9191480844	0.9188787031	0.9194288905	0.9190720954	0.9189013269	0.9187709956	0.9188354096	0.9185204800	0.9189728062	0.9194515894	0.9194424197	0.9183951846	0.9188841899	0.9199944861	0.9180183212	0.9172262619	0.9188070735	0.9192964546	0.9188980949	0.9197443463	0.9192141520	0.9192273806	0.9193407252	0.9191568784	0.9178900945	0.9176065826	0.9191439505	0.9200288352	0.9196180737	0.9187846000	0.9180103540	0.9182446347	0.9200614556	0.9192079136	0.9189106470	0.9190289523	0.9192935233	0.9180997219	0.9187134214	0.9191189215	0.9187673878	0.9193650026	0.9189525124	0.9172981169	0.9172616633	0.9187025228	0.9190565369	0.9190271484	0.9185603159	0.9182266709	0.9198976020	0.9191799532	0.9188278934	0.9194659454	0.9187785870	0.9189212449	0.9188364619	0.9189771656	0.9184929706	0.9183686523	0.9171889814
