0.3914968748	-0.0031200552	-0.0029868673	-0.0045119407	-0.0049121136	-0.0026656830	-0.0045330323	-0.0034586434	-0.0050535293	-0.0045609296	-0.0022765637	-0.0054841256	-0.0038003659	-0.0045695658	-0.0044377126	-0.0026968959	-0.0044448000	-0.0031212707	-0.0054877683	-0.0040016622	-0.0025673866	-0.0028528063	-0.0029654471	-0.0033668353	-0.0057012099	-0.0033556114	-0.0057016993	-0.0054141579	-0.0041587876	-0.0045503794	-0.0023560729	-0.0031315709	-0.0033732509	-0.0036413691	-0.0041621519	-0.0012173775	-0.0031861172	-0.0042106309	-0.0039976938	-0.0032409601	-0.0040272937	-0.0052556767	-0.0054456405	-0.0038117995	-0.0043889178	-0.0029670889	-0.0035518911	-0.0027871660	-0.0024743381	-0.0043517860	-0.0036894555	-0.0027926128	-0.0029391666	-0.0042163972	-0.0032954023	-0.0025271128	-0.0030398360	-0.0026033466	-0.0051892605	-0.0052929383	-0.0043353443	-0.0027682635	-0.0033834759	-0.0031778644	-0.0044287127	-0.0022492900	-0.0037945739	-0.0041211592	-0.0041354736	-0.0038477619	-0.0032053114	-0.0045538742	-0.0018366759	-0.0037119091	-0.0051168150	-0.0048139653	-0.0030496453	-0.0030224222	-0.0026543695	-0.0038203299	-0.0026005644	-0.0042067505	-0.0051023275	-0.0050009363	-0.0040693199	-0.0043500877	-0.0029797520	-0.0047220687	-0.0039327568	-0.0035094170	-0.0041559786	-0.0032076400	-0.0036698660	-0.0025798648	-0.0027519208	-0.0032137068	-0.0026859942	-0.0027414798	-0.0052492291	-0.0032242018	-0.0042134088	-0.0043897336	-0.0035460325	-0.0055259916	-0.0039184399
-0.0031200552	0.4598446137	-0.0031831879	-0.0043022712	-0.0045295829	-0.0050948592	-0.0052703962	-0.0040048633	-0.0045933565	-0.0053781050	-0.0038179233	-0.0041246298	-0.0049177202	-0.0043414154	-0.0042012789	-0.0053335633	-0.0060929650	-0.0048490373	-0.0056177830	-0.0066910175	-0.0047115029	-0.0047443223	-0.0050295927	-0.0045867678	-0.0052363701	-0.0066233148	-0.0053862578	-0.0039016397	-0.0036155185	-0.0046507502	-0.0052071451	-0.0044257428	-0.0041192369	-0.0052274117	-0.0032590909	-0.0037745125	-0.0030378141	-0.0042842623	-0.0050966386	-0.0040019985	-0.0037848326	-0.0059520595	-0.0042997431	-0.0053027188	-0.0053219170	-0.0043606255	-0.0034702830	-0.0047757984	-0.0038541918	-0.0041306451	-0.0053113929	-0.0044007546	-0.0039855392	-0.0018130409	-0.0039077504	-0.0055521020	-0.0034885915	-0.0031278208	-0.0052044921	-0.0041015344	-0.0045822502	-0.0044328412	-0.0039106432	-0.0029730934	-0.0040126218	-0.0044030556	-0.0025049500	-0.0040684932	-0.0049243249	-0.0070541327	-0.0025498736	-0.0034443799	-0.0048605283	-0.0039976861	-0.0057145574	-0.0050893365	-0.0027422347	-0.0052995750	-0.0042575246	-0.0034086901	-0.0031440367	-0.0050823150	-0.0048822697	-0.0046258188	-0.0032597990	-0.0047697180	-0.0045294153	-0.0054018912	-0.0053299391	-0.0039572037	-0.0036978953	-0.0052122051	-0.0038308280	-0.0041784584	-0.0041160271	-0.0041100295	-0.0044885922	-0.0043741403	-0.0032399324	-0.0047996502	-0.0037477268	-0.0030188195	-0.0042635477	-0.0064534114	-0.0045704161
-0.0029868673	-0.0031831879	0.5132424950	-0.0040611013	-0.0068236333	-0.0060538903	-0.0049427137	-0.0061915856	-0.0054349197	-0.0050941710	-0.0040559438	-0.0062819155	-0.0071905415	-0.0053761422	-0.0040062479	-0.0044994764	-0.0040947933	-0.0042035610	-0.0049662674	-0.0052155333	-0.0054630128	-0.0058664374	-0.0034031325	-0.0052846156	-0.0046303252	-0.0070278021	-0.0056877243	-0.0059620020	-0.0050569994	-0.0053336130	-0.0051804727	-0.0042282803	-0.0058014338	-0.0045780484	-0.0043441381	-0.0035955263	-0.0044462387	-0.0042591530	-0.0041814032	-0.0036409824	-0.0044258180	-0.0047274760	-0.0062903768	-0.0049975134	-0.0044832936	-0.0057011482	-0.0037290589	-0.0036697949	-0.0040441104	-0.0059420736	-0.0055435431	-0.0055343442	-0.0059953969	-0.0047555463	-0.0048291774	-0.0062220971	-0.0054268595	-0.0034670281	-0.0048731143	-0.0061623397	-0.0038505108	-0.0029729388	-0.0037033605	-0.0043714168	-0.0043492630	-0.0049962176	-0.0049117263	-0.0039474575	-0.0073275387	-0.0063611276	-0.0033377951	-0.0051548549	-0.0056607946	-0.0046078422	-0.0050012842	-0.0053753882	-0.0048843816	-0.0047685710	-0.0047747793	-0.0060383539	-0.0029275250	-0.0054817564	-0.0059425056	-0.0049696034	-0.0059263666	-0.0048676117	-0.0037377897	-0.0044749097	-0.0057129812	-0.0042803757	-0.0045930938	-0.0041854246	-0.0048910113	-0.0051738042	-0.0052948399	-0.0046623636	-0.0049210232	-0.0037587404	-0.0045844239	-0.0058412473	-0.0053112735	-0.0055423190	-0.0045502845	-0.0054641611	-0.0062975133
-0.0045119407	-0.0043022712	-0.0040611013	0.5244440113	-0.0063167593	-0.0075442573	-0.0068373535	-0.0067128483	-0.0061813926	-0.0044189592	-0.0036243368	-0.0055378666	-0.0056860172	-0.0042162752	-0.0064748343	-0.0046665477	-0.0040334914	-0.0051743993	-0.0048406678	-0.0055524950	-0.0058650554	-0.0062224769	-0.0039715732	-0.0043931983	-0.0055123732	-0.0056169728	-0.0060852396	-0.0044145677	-0.0049213158	-0.0043999941	-0.0053663093	-0.0045810696	-0.0052290372	-0.0064478236	-0.0035067542	-0.0059241503	-0.0061375402	-0.0052753047	-0.0049840784	-0.0047162346	-0.0038715395	-0.0062788406	-0.0059737910	-0.0052145857	-0.0050538652	-0.0044024859	-0.0035466625	-0.0053478630	-0.0043734947	-0.0041073847	-0.0051650401	-0.0056868253	-0.0047474598	-0.0052890446	-0.0040871903	-0.0041569469	-0.0051851655	-0.0048533919	-0.0064475759	-0.0058427583	-0.0045030080	-0.0038223473	-0.0050087165	-0.0041938484	-0.0052956015	-0.0050087238	-0.0057208320	-0.0050427994	-0.0063021007	-0.0049928008	-0.0045513136	-0.0042038175	-0.0037489838	-0.0056559927	-0.0052552008	-0.0063025799	-0.0029733914	-0.0044044796	-0.0043300181	-0.0050836060	-0.0036368974	-0.0052495712	-0.0053295320	-0.0047929389	-0.0055328178	-0.0058847334	-0.0052590019	-0.0059168886	-0.0058039590	-0.0042498671	-0.0034851276	-0.0051278169	-0.0051820864	-0.0045582891	-0.0046680814	-0.0055149396	-0.0045521829	-0.0035447907	-0.0047857981	-0.0045390313	-0.0059942676	-0.0053642830	-0.0043357117	-0.0054253339	-0.0054131069
-0.0049121136	-0.0045295829	-0.0068236333	-0.0063167593	0.5671331148	0.0021307846	-0.0075411023	-0.0071011329	-0.0067978915	-0.0059627044	-0.0043330312	-0.0050335678	-0.0070958110	-0.0054323131	-0.0058051981	-0.0067629601	-0.0046095802	-0.0048998028	-0.0067493217	-0.0056962319	-0.0065432579	-0.0054927149	-0.0051055335	-0.0050961349	-0.0051952823	-0.0056839595	-0.0066145786	-0.0063358587	-0.0059891233	-0.0039139989	-0.0055168553	-0.0054644852	-0.0042665399	-0.0067074900	-0.0051432650	-0.0045172305	-0.0065941881	-0.0064438092	-0.0068414936	-0.0050945549	-0.0047117778	-0.0069059937	-0.0055387314	-0.0063514705	-0.0048927430	-0.0051834404	-0.0046996203	-0.0039695407	-0.0067725837	-0.0066394428	-0.0058893265	-0.0060887243	-0.0058150374	-0.0045705129	-0.0041803006	-0.0066215008	-0.0057952755	-0.0047477475	-0.0048860004	-0.0062483527	-0.0056866851	-0.0060541204	-0.0043965551	-0.0051726820	-0.0050536380	-0.0040195576	-0.0058105124	-0.0062056579	-0.0064376037	-0.0052883245	-0.0047604423	-0.0049208600	-0.0045948559	-0.0050719805	-0.0070788762	-0.0049963830	-0.0039511141	-0.0038060482	-0.0059358912	-0.0041130420	-0.0051894102	-0.0054619150	-0.0054846242	-0.0050469166	-0.0057346416	-0.0055477218	-0.0044288056	-0.0058492194	-0.0063619549	-0.0048400700	-0.0047959282	-0.0056336111	-0.0050714335	-0.0041058760	-0.0054459587	-0.0060951173	-0.0064640039	-0.0069895493	-0.0058763621	-0.0036142599	-0.0056925560	-0.0058712868	-0.0064032230	-0.0048516261	-0.0055817825
-0.0026656830	-0.0050948592	-0.0060538903	-0.0075442573	0.0021307846	0.5691751306	-0.0066651655	-0.0057786761	-0.0064011475	-0.0058835221	-0.0043442003	-0.0060823278	-0.0056460894	-0.0063581593	-0.0060497809	-0.0050069301	-0.0072788824	-0.0058008979	-0.0061882531	-0.0056272522	-0.0058575250	-0.0051017022	-0.0042745766	-0.0052670823	-0.0059220223	-0.0060877679	-0.0060604411	-0.0060205485	-0.0058008053	-0.0068498619	-0.0051693301	-0.0038167346	-0.0047017004	-0.0072097327	-0.0045033301	-0.0046261269	-0.0052498746	-0.0046748870	-0.0066716605	-0.0066740023	-0.0051984321	-0.0051758063	-0.0062814978	-0.0066795312	-0.0059243611	-0.0057004486	-0.0050963996	-0.0052312594	-0.0054904137	-0.0061978227	-0.0061791545	-0.0063112402	-0.0050859316	-0.0055062949	-0.0045350469	-0.0064695763	-0.0057549323	-0.0056625818	-0.0063208770	-0.0061998359	-0.0039557614	-0.0057202325	-0.0053853591	-0.0044527976	-0.0059465125	-0.0051614333	-0.0042549467	-0.0037953946	-0.0063953481	-0.0058993476	-0.0042671216	-0.0050503013	-0.0057597865	-0.0070331997	-0.0051253342	-0.0059357382	-0.0041966989	-0.0031608068	-0.0048107900	-0.0056947126	-0.0060866414	-0.0051705871	-0.0048818621	-0.0045543220	-0.0046679050	-0.0055953639	-0.0066535495	-0.0042234266	-0.0053733215	-0.0051969823	-0.0060889930	-0.0060272892	-0.0061046736	-0.0039353084	-0.0046532736	-0.0051925052	-0.0066337400	-0.0054160062	-0.0063179958	-0.0070155769	-0.0056251355	-0.0055812434	-0.0074524509	-0.0047798919	-0.0060651167
-0.0045330323	-0.0052703962	-0.0049427137	-0.0068373535	-0.0075411023	-0.0066651655	0.5663507541	-0.0039302703	-0.0061722788	-0.0053623540	-0.0040929740	-0.0060375097	-0.0069529151	-0.0040566928	-0.0067565324	-0.0065637327	-0.0066420061	-0.0054022104	-0.0053531319	-0.0037296266	-0.0043722709	-0.0056077764	-0.0066085359	-0.0037511954	-0.0044559915	-0.0059584907	-0.0054718437	-0.0063120052	-0.0070039599	-0.0055934602	-0.0060342833	-0.0048156224	-0.0044787812	-0.0062350328	-0.0038593275	-0.0054892702	-0.0053133673	-0.0056853923	-0.0078017020	-0.0051225629	-0.0028084306	-0.0055829553	-0.0059760589	-0.0067159854	-0.0067128126	-0.0054280599	-0.0048112646	-0.0058442807	-0.0054527322	-0.0054831491	-0.0052977760	-0.0065303999	-0.0058101647	-0.0048390290	-0.0043369039	-0.0057626528	-0.0041083845	-0.0041281087	-0.0063881492	-0.0059534816	-0.0044642061	-0.0047186565	-0.0022066934	-0.0069797458	-0.0047535947	-0.0039683751	-0.0052396460	-0.0060021181	-0.0073090274	-0.0066119072	-0.0051726196	-0.0056593167	-0.0047344855	-0.0047932668	-0.0059737052	-0.0059793481	-0.0034210848	-0.0049632534	-0.0053449379	-0.0053291767	-0.0055794724	-0.0053270755	-0.0044148335	-0.0061163195	-0.0055895865	-0.0045022897	-0.0057466664	-0.0064460008	-0.0060174676	-0.0056869185	-0.0045442867	-0.0058211071	-0.0048808285	-0.0059368474	-0.0063850550	-0.0038315267	-0.0045952971	-0.0056593757	-0.0055629263	-0.0059930446	-0.0058597653	-0.0058833352	-0.0049702111	-0.0069442442	-0.0056474587
-0.0034586434	-0.0040048633	-0.0061915856	-0.0067128483	-0.0071011329	-0.0057786761	-0.0039302703	0.5562427706	-0.0059111918	-0.0055663196	-0.0047457533	-0.0057445481	-0.0046127210	-0.0051895543	-0.0050422514	-0.0052463537	-0.0065087755	-0.0049286190	-0.0040191682	-0.0057111936	-0.0048062189	-0.0048877918	-0.0040077337	-0.0040248663	-0.0062647621	-0.0057315210	-0.0062479217	-0.0064826080	-0.0078512149	-0.0069958639	-0.0054391616	-0.0036721192	-0.0058533182	-0.0055124262	-0.0036089381	-0.0044635581	-0.0043192238	-0.0062700973	-0.0059008409	-0.0061165498	-0.0042332877	-0.0063965040	-0.0067036061	-0.0055822426	-0.0059671845	-0.0032332130	-0.0053093838	-0.0049426771	-0.0028735671	-0.0066564441	-0.0055437413	-0.0065328435	-0.0059097445	-0.0049153519	-0.0047811023	-0.0051531055	-0.0049328955	-0.0040890751	-0.0066460289	-0.0057292650	-0.0050527781	-0.0047563438	-0.0040698260	-0.0050350146	-0.0044321262	-0.0042530717	-0.0060607020	-0.0044133200	-0.0064795085	-0.0070194469	-0.0035895789	-0.0052824172	-0.0035311397	-0.0044249581	-0.0053748054	-0.0046782616	-0.0053968589	-0.0052737924	-0.0054597311	-0.0056329953	-0.0056681692	-0.0049147953	-0.0053493806	-0.0063250980	-0.0050002204	-0.0056188830	-0.0050556544	-0.0051275785	-0.0046259539	-0.0057443167	-0.0065621061	-0.0046413470	-0.0061720535	-0.0057720366	-0.0052693200	-0.0057240109	-0.0075782323	-0.0050655411	-0.0068981448	-0.0051295520	-0.0048422533	-0.0050967549	-0.0062307671	-0.0063751702	-0.0062462860
-0.0050535293	-0.0045933565	-0.0054349197	-0.0061813926	-0.0067978915	-0.0064011475	-0.0061722788	-0.0059111918	0.5685171275	-0.0066662316	-0.0041394769	-0.0062997402	-0.0058413057	-0.0067250903	-0.0048273397	-0.0049618347	-0.0053202804	-0.0043998568	-0.0063135195	-0.0047921891	-0.0053452581	-0.0067362114	-0.0063161911	-0.0059407286	-0.0061068146	-0.0069769199	-0.0062377883	-0.0045833102	-0.0062241014	-0.0050041568	-0.0059252272	-0.0041224729	-0.0055885930	-0.0059876091	-0.0033967787	-0.0046736307	-0.0039579411	-0.0041506142	-0.0054006941	-0.0049695769	-0.0062133119	-0.0058051948	-0.0052282173	-0.0061091507	-0.0053451847	-0.0059237146	-0.0056930543	-0.0040489247	-0.0061250611	-0.0047056053	-0.0045872862	-0.0062221836	-0.0053360371	-0.0045339769	-0.0058336435	-0.0067240475	-0.0056363613	-0.0044829237	-0.0053819814	-0.0067461863	-0.0054862065	-0.0057934005	-0.0062054378	-0.0056911979	-0.0048603148	-0.0046932197	-0.0051255142	-0.0048536486	-0.0073688035	-0.0075447724	-0.0047707973	-0.0049355620	-0.0041658122	-0.0045445364	-0.0061220700	-0.0060361688	-0.0040468449	-0.0048961414	-0.0056362815	-0.0064298156	-0.0047473252	-0.0059682104	-0.0043922592	-0.0063999735	-0.0048999450	-0.0057012810	-0.0060243806	-0.0059081798	-0.0065365804	-0.0036132380	-0.0059234241	-0.0059279086	-0.0062324904	-0.0045757211	-0.0046045736	-0.0040094100	-0.0059667868	-0.0048718321	-0.0052655381	-0.0054137705	-0.0041636796	-0.0051692461	-0.0063203192	-0.0051688040	-0.0063464665
-0.0045609296	-0.0053781050	-0.0050941710	-0.0044189592	-0.0059627044	-0.0058835221	-0.0053623540	-0.0055663196	-0.0066662316	0.5649121708	-0.0043858770	-0.0055649132	-0.0057877159	-0.0056631866	-0.0051235989	-0.0061339598	-0.0058998757	-0.0044932428	-0.0054116173	-0.0069811694	-0.0047011850	-0.0050195669	-0.0057283461	-0.0055131744	-0.0047873861	-0.0052535485	-0.0057063227	-0.0060124578	-0.0055885790	-0.0060049710	-0.0058673129	-0.0052295822	-0.0057688984	-0.0048942947	-0.0045536535	-0.0052251506	-0.0058095688	-0.0051990235	-0.0058520624	-0.0061685327	-0.0048532712	-0.0056496126	-0.0064443901	-0.0070066389	-0.0034898189	-0.0036926677	-0.0050525272	-0.0047444220	-0.0051700535	-0.0056121997	-0.0039826249	-0.0058372979	-0.0060816970	-0.0060797546	-0.0031381317	-0.0059655057	-0.0063955857	-0.0042437252	-0.0068663230	-0.0069260978	-0.0046895662	-0.0055245980	-0.0047064252	-0.0055721458	-0.0057644449	-0.0049307645	-0.0054297778	-0.0049106932	-0.0059651590	-0.0058498321	-0.0036297542	-0.0045789284	-0.0050344243	-0.0050529615	-0.0063811783	-0.0071063125	-0.0043890230	-0.0047494653	-0.0042784766	-0.0050970235	-0.0053858485	-0.0052107981	-0.0052221969	-0.0053560169	-0.0055235176	-0.0052120926	-0.0046842007	-0.0060100266	-0.0064577985	-0.0062874489	-0.0042912847	-0.0060541909	-0.0056716598	-0.0045271496	-0.0063247563	-0.0049111913	-0.0056305135	-0.0048839414	-0.0065803514	-0.0059063192	-0.0050527916	-0.0063236236	-0.0058777809	-0.0064416846	-0.0069896171
-0.0022765637	-0.0038179233	-0.0040559438	-0.0036243368	-0.0043330312	-0.0043442003	-0.0040929740	-0.0047457533	-0.0041394769	-0.0043858770	0.4152057742	-0.0052439436	-0.0040422804	-0.0043125721	-0.0040906624	-0.0054182981	-0.0036627752	-0.0047490763	-0.0039629897	-0.0030144726	-0.0056791809	-0.0048097665	-0.0045709745	-0.0037358418	-0.0044323720	-0.0029462157	-0.0048657355	-0.0043766096	-0.0036419295	-0.0041079120	-0.0053069196	-0.0031777210	-0.0033395801	-0.0044933512	-0.0033647733	-0.0032926097	-0.0035184340	-0.0035341636	-0.0036798417	-0.0027943335	-0.0031669829	-0.0035659617	-0.0051583280	-0.0036188353	-0.0041381732	-0.0039574830	-0.0017063632	-0.0035878618	-0.0037377708	-0.0039708692	-0.0031954624	-0.0035448679	-0.0033363261	-0.0042059542	-0.0031028144	-0.0039677118	-0.0045888996	-0.0034437802	-0.0056238589	-0.0056617267	-0.0035325764	-0.0035131158	-0.0041768868	-0.0035716506	-0.0035556951	-0.0032568384	-0.0029999314	-0.0033891634	-0.0048261723	-0.0058136133	-0.0028646270	-0.0029002326	-0.0028845925	-0.0043809175	-0.0042681285	-0.0056414993	-0.0031488054	-0.0045867495	-0.0029580019	-0.0036827803	-0.0032753992	-0.0045172963	-0.0054989943	-0.0036830337	-0.0035117204	-0.0039599431	-0.0033294110	-0.0059525565	-0.0053932781	-0.0045608514	-0.0037169331	-0.0041435449	-0.0042006353	-0.0044529698	-0.0038716279	-0.0042888678	-0.0031025635	-0.0043592200	-0.0037169225	-0.0041093168	-0.0030212063	-0.0053739503	-0.0044176380	-0.0040584328	-0.0034760355
-0.0054841256	-0.0041246298	-0.0062819155	-0.0055378666	-0.0050335678	-0.0060823278	-0.0060375097	-0.0057445481	-0.0062997402	-0.0055649132	-0.0052439436	0.5688564328	-0.0047290817	-0.0042007238	-0.0057926796	-0.0052057368	-0.0066980023	-0.0058046328	-0.0059930587	-0.0059898557	-0.0067787553	-0.0049398783	-0.0059322444	-0.0054353580	-0.0061569427	-0.0048211251	-0.0073510834	-0.0056484274	-0.0059445046	-0.0066594781	-0.0059532338	-0.0047714954	-0.0068327802	-0.0055055034	-0.0040806969	-0.0054640377	-0.0055838836	-0.0053421208	-0.0062440488	-0.0049400869	-0.0064698306	-0.0056485586	-0.0047900862	-0.0068824508	-0.0060836256	-0.0035706278	-0.0038832349	-0.0060078307	-0.0048605418	-0.0054449368	-0.0053357135	-0.0052896728	-0.0042880954	-0.0050228195	-0.0057335701	-0.0067326303	-0.0049053520	-0.0045408702	-0.0059544393	-0.0058662722	-0.0047066058	-0.0050850506	-0.0025634678	-0.0047256229	-0.0044347587	-0.0065037900	-0.0049557865	-0.0056085160	-0.0056258358	-0.0078106585	-0.0056356314	-0.0036283973	-0.0045984853	-0.0039700844	-0.0062777557	-0.0060642286	-0.0048449849	-0.0058843981	-0.0052926992	-0.0065422565	-0.0052737573	-0.0056546489	-0.0049230808	-0.0058271522	-0.0050792918	-0.0052300771	-0.0061854839	-0.0058341574	-0.0069850061	-0.0053582184	-0.0050380593	-0.0056397899	-0.0051857796	-0.0052713891	-0.0058461273	-0.0045955704	-0.0054337161	-0.0055459187	-0.0058369594	-0.0050913291	-0.0047807818	-0.0047434470	-0.0061129620	-0.0054403056	-0.0056387067
-0.0038003659	-0.0049177202	-0.0071905415	-0.0056860172	-0.0070958110	-0.0056460894	-0.0069529151	-0.0046127210	-0.0058413057	-0.0057877159	-0.0040422804	-0.0047290817	0.5673835940	-0.0060409485	-0.0073774188	0.0021450289	-0.0061433618	-0.0048291928	-0.0056967136	-0.0047772891	-0.0052373846	-0.0058874251	-0.0061020424	-0.0038078319	-0.0059788333	-0.0058009464	-0.0058631784	-0.0057255342	-0.0068911702	-0.0054575094	-0.0051136894	-0.0060794519	-0.0025715874	-0.0060961845	-0.0054449235	-0.0049363813	-0.0054736247	-0.0049929248	-0.0058566609	-0.0045294987	-0.0050731050	-0.0072691499	-0.0049101585	-0.0070906361	-0.0056237443	-0.0054143183	-0.0037856475	-0.0060680815	-0.0057874216	-0.0069189780	-0.0066692847	-0.0060289163	-0.0049780108	-0.0053040159	-0.0055608204	-0.0054229946	-0.0061451106	-0.0052960860	-0.0061857492	-0.0057379683	-0.0057897133	-0.0034053920	-0.0056994709	-0.0053815440	-0.0053219009	-0.0045634795	-0.0055793907	-0.0046706110	-0.0058623895	-0.0060301169	-0.0042256803	-0.0068399141	-0.0054524625	-0.0061409498	-0.0061264434	-0.0056706530	-0.0050488598	-0.0056392372	-0.0043435028	-0.0061602374	-0.0058875020	-0.0054071947	-0.0063343458	-0.0059178051	-0.0045568232	-0.0067352395	-0.0036377013	-0.0072490927	-0.0055644757	-0.0056982220	-0.0055436702	-0.0055170602	-0.0054743799	-0.0050183272	-0.0046913683	-0.0055014053	-0.0037928695	-0.0056060017	-0.0050203037	-0.0045256201	-0.0057692507	-0.0059076572	-0.0057732233	-0.0059902414	-0.0061724228
-0.0045695658	-0.0043414154	-0.0053761422	-0.0042162752	-0.0054323131	-0.0063581593	-0.0040566928	-0.0051895543	-0.0067250903	-0.0056631866	-0.0043125721	-0.0042007238	-0.0060409485	0.5536779535	-0.0066718378	-0.0047751733	-0.0040777731	-0.0048507700	-0.0055455236	-0.0052194541	-0.0039527904	-0.0061302178	-0.0053561933	-0.0050705530	-0.0078643313	-0.0057533695	-0.0073147976	-0.0050424818	-0.0066405537	-0.0044983223	-0.0052775606	-0.0043617808	-0.0041778258	-0.0063577558	-0.0048388802	-0.0050725883	-0.0053180418	-0.0050757630	-0.0061025206	-0.0045320897	-0.0047481133	-0.0052591264	-0.0054471633	-0.0067120050	-0.0054096929	-0.0040394053	-0.0048285664	-0.0061311745	-0.0051102889	-0.0036236595	-0.0060051677	-0.0057583294	-0.0059534184	-0.0059492936	-0.0052065277	-0.0051496767	-0.0055346061	-0.0043769862	-0.0067999935	-0.0062756957	-0.0050609934	-0.0047107236	-0.0042316539	-0.0051736443	-0.0051626732	-0.0050690681	-0.0063072347	-0.0057662569	-0.0067988714	-0.0067270056	-0.0049736371	-0.0034860675	-0.0051118536	-0.0036117349	-0.0069752815	-0.0058529360	-0.0046940278	-0.0042623595	-0.0059235854	-0.0054303880	-0.0054064046	-0.0047287832	-0.0049885313	-0.0044445264	-0.0045865854	-0.0055207062	-0.0056058826	-0.0061947597	-0.0070824093	-0.0045625425	-0.0042477390	-0.0044586553	-0.0045918720	-0.0048353319	-0.0056330848	-0.0056873129	-0.0060859198	-0.0045401785	-0.0059520503	-0.0055472640	-0.0063490622	-0.0048769315	-0.0054328060	-0.0064188315	-0.0058893071
-0.0044377126	-0.0042012789	-0.0040062479	-0.0064748343	-0.0058051981	-0.0060497809	-0.0067565324	-0.0050422514	-0.0048273397	-0.0051235989	-0.0040906624	-0.0057926796	-0.0073774188	-0.0066718378	0.5562797236	-0.0061163640	-0.0038845251	-0.0047978542	-0.0053057912	-0.0046546650	-0.0059812060	-0.0063179842	-0.0044837432	-0.0058815485	-0.0042228334	-0.0060839599	-0.0066610793	-0.0061996791	-0.0058279115	-0.0051440497	-0.0055145228	-0.0068649690	-0.0060838092	-0.0061134654	-0.0046021423	-0.0048926270	-0.0051217445	-0.0041781605	-0.0065751090	-0.0057426770	-0.0068210783	-0.0050902934	-0.0060806477	-0.0061182644	-0.0055537696	-0.0046452358	-0.0033421381	-0.0051735786	-0.0056989776	-0.0046925762	-0.0047512707	-0.0061074224	-0.0043379029	-0.0049147728	-0.0061529080	-0.0063693447	-0.0047056694	-0.0052883424	-0.0067734215	-0.0058523710	-0.0064394010	-0.0058042151	-0.0051851927	-0.0050531617	-0.0037957421	-0.0043959817	-0.0052220055	-0.0037582230	-0.0068541187	-0.0057917570	-0.0043425295	-0.0050401208	-0.0045503336	-0.0050766763	-0.0065337892	-0.0054576646	-0.0043872091	-0.0046114498	-0.0051379615	-0.0043031223	-0.0050861985	-0.0055467904	-0.0038181153	-0.0058366284	-0.0048171223	-0.0047081032	-0.0048607531	-0.0062555793	-0.0064507692	-0.0052816072	-0.0033077043	-0.0046040805	-0.0050718379	-0.0050558037	-0.0054503359	-0.0055840303	-0.0054451023	-0.0044583380	-0.0047268860	-0.0057708156	-0.0054817519	-0.0052902014	-0.0061578183	-0.0049673401	-0.0081255753
-0.0026968959	-0.0053335633	-0.0044994764	-0.0046665477	-0.0067629601	-0.0050069301	-0.0065637327	-0.0052463537	-0.0049618347	-0.0061339598	-0.0054182981	-0.0052057368	0.0021450289	-0.0047751733	-0.0061163640	0.5467986259	-0.0030154799	-0.0066012699	-0.0037925410	-0.0004185492	-0.0055547419	-0.0058926325	-0.0043071341	-0.0048657235	-0.0044592073	-0.0059758911	-0.0061810891	-0.0040671585	-0.0052174807	-0.0049136583	-0.0058983680	-0.0041161497	-0.0052566158	-0.0057652087	-0.0059649286	-0.0051046235	-0.0050474042	-0.0050440833	-0.0059648157	-0.0039967608	-0.0056592488	-0.0054333410	-0.0059188654	-0.0070416163	-0.0056812134	-0.0061277917	-0.0059548608	-0.0054227618	-0.0051604868	-0.0068326134	-0.0042543169	-0.0062246390	-0.0049721588	-0.0053938145	-0.0050939896	-0.0062168382	-0.0040698613	-0.0045217285	-0.0050815718	-0.0068793620	-0.0060848021	-0.0064364267	-0.0048529440	-0.0042695098	-0.0057183754	-0.0056408069	-0.0041380029	-0.0052657009	-0.0081270946	-0.0074817818	-0.0037201917	-0.0048074283	-0.0051152140	-0.0065423545	-0.0070110138	-0.0065609892	-0.0054684564	-0.0060547235	-0.0042715399	-0.0039418250	-0.0058637132	-0.0046269113	-0.0056201799	-0.0045005701	-0.0048922571	-0.0057144810	-0.0054777138	-0.0061842256	-0.0061664684	-0.0048212497	-0.0036027304	-0.0066031250	-0.0050979315	-0.0057928769	-0.0041816654	-0.0056017380	-0.0047508135	-0.0043094523	-0.0047337363	-0.0063067130	-0.0054312768	-0.0056258008	-0.0056482522	-0.0063247597	-0.0068054102
-0.0044448000	-0.0060929650	-0.0040947933	-0.0040334914	-0.0046095802	-0.0072788824	-0.0066420061	-0.0065087755	-0.0053202804	-0.0058998757	-0.0036627752	-0.0066980023	-0.0061433618	-0.0040777731	-0.0038845251	-0.0030154799	0.5494063863	-0.0045310413	-0.0060945704	-0.0057415136	-0.0056199776	-0.0056401539	-0.0052349165	-0.0041923651	-0.0065194720	-0.0067754205	-0.0076340795	-0.0025130385	-0.0049977150	-0.0047045296	-0.0047499008	-0.0048898637	-0.0050879822	-0.0046345920	-0.0044145203	-0.0041676804	-0.0065870767	-0.0045994168	-0.0048847728	-0.0065876518	-0.0048932379	-0.0050640261	-0.0056741269	-0.0058613584	-0.0051200347	-0.0046778248	-0.0051274928	-0.0044049972	-0.0065485818	-0.0061488354	-0.0063202427	-0.0055965031	-0.0046050462	-0.0045063716	-0.0053235425	-0.0068455593	-0.0065987102	-0.0046978950	-0.0062787335	-0.0060231047	-0.0060752652	-0.0053474176	-0.0057262161	-0.0052667575	-0.0053593246	-0.0058247582	-0.0056113474	-0.0054672695	-0.0074295967	-0.0061499628	-0.0037593052	-0.0044072401	-0.0046354419	-0.0055686010	-0.0049465310	-0.0063491989	-0.0048268617	-0.0047888184	-0.0052444080	-0.0052834309	-0.0056611169	-0.0041470370	-0.0049700135	-0.0046456423	-0.0055732029	-0.0046321584	-0.0045148796	-0.0054343541	-0.0065724232	-0.0033668191	-0.0050761961	-0.0046430533	-0.0047128545	-0.0049282135	-0.0052151429	-0.0067165971	-0.0048784258	-0.0052922594	-0.0058083879	-0.0044043631	-0.0050396408	-0.0052964617	-0.0048611518	-0.0055974309	-0.0058249645
-0.0031212707	-0.0048490373	-0.0042035610	-0.0051743993	-0.0048998028	-0.0058008979	-0.0054022104	-0.0049286190	-0.0043998568	-0.0044932428	-0.0047490763	-0.0058046328	-0.0048291928	-0.0048507700	-0.0047978542	-0.0066012699	-0.0045310413	0.4845408069	-0.0040822420	-0.0047998921	-0.0044761192	-0.0051716451	-0.0046694667	-0.0043418180	-0.0061464402	-0.0047663137	-0.0052477890	-0.0035922025	-0.0050427012	-0.0055226448	-0.0042905222	-0.0044395268	-0.0038634891	-0.0048583921	-0.0031193642	-0.0038208072	-0.0047962898	-0.0046239676	-0.0053911759	-0.0043802981	-0.0047419222	-0.0038066574	-0.0053414413	-0.0056569759	-0.0050852683	-0.0028228659	-0.0032208025	-0.0043890151	-0.0040020985	-0.0052498970	-0.0054567428	-0.0044962172	-0.0052499695	-0.0039866993	-0.0040370249	-0.0054498240	-0.0056932951	-0.0038921556	-0.0035103060	-0.0056953782	-0.0042076191	-0.0052345536	-0.0042259247	-0.0048530417	-0.0052001624	-0.0035348938	-0.0048301045	-0.0045357154	-0.0055551069	-0.0048219212	-0.0053930668	-0.0040808276	-0.0041895671	-0.0042537684	-0.0058839948	-0.0046153769	-0.0042287547	-0.0046017193	-0.0039180650	-0.0045099518	-0.0037495540	-0.0030795397	-0.0041800074	-0.0041717067	-0.0052466712	-0.0054057025	-0.0048416993	-0.0043724158	-0.0057608148	-0.0042962476	-0.0035863156	-0.0039917954	-0.0046093779	-0.0038533547	-0.0048360292	-0.0048249219	-0.0052886052	-0.0052540537	-0.0054906839	-0.0034377325	-0.0039351996	-0.0044852710	-0.0059059647	-0.0046570624	-0.0059415448
-0.0054877683	-0.0056177830	-0.0049662674	-0.0048406678	-0.0067493217	-0.0061882531	-0.0053531319	-0.0040191682	-0.0063135195	-0.0054116173	-0.0039629897	-0.0059930587	-0.0056967136	-0.0055455236	-0.0053057912	-0.0037925410	-0.0060945704	-0.0040822420	0.5356908208	-0.0057386541	-0.0053650643	-0.0045181945	-0.0047387236	-0.0032988537	-0.0057629642	-0.0064378038	-0.0070027855	-0.0062581510	-0.0062449976	-0.0049694458	-0.0056833121	-0.0032995504	-0.0057116144	-0.0073491884	-0.0040751206	-0.0047146281	-0.0060184533	-0.0052234003	-0.0043887261	-0.0052797823	-0.0047201046	-0.0049299783	-0.0048491585	-0.0058323926	-0.0058239734	-0.0060656928	-0.0036194390	-0.0030307676	-0.0047418178	-0.0038007266	-0.0051593257	-0.0066710647	-0.0055112900	-0.0057462247	-0.0039328803	-0.0048974136	-0.0046589985	-0.0052555797	-0.0075300202	-0.0050060485	-0.0044432890	-0.0054141644	-0.0046053061	-0.0047206081	-0.0057492104	-0.0054769463	-0.0055097602	-0.0046557937	-0.0062461346	-0.0060384125	-0.0019717262	-0.0030418065	-0.0051310863	-0.0036203816	-0.0059297298	-0.0056498372	-0.0040298673	-0.0053745596	-0.0059638409	-0.0049764500	-0.0040570334	-0.0058451500	-0.0053302565	-0.0046106597	-0.0050055253	-0.0046986645	-0.0060297370	-0.0053193306	-0.0064472436	-0.0049097342	-0.0051871051	-0.0058640672	-0.0052550554	-0.0045868595	-0.0041438477	-0.0056670183	-0.0048336796	-0.0054441103	-0.0047483491	-0.0054151396	-0.0040953865	-0.0042142034	-0.0052792153	-0.0053367053	-0.0055345934
-0.0040016622	-0.0066910175	-0.0052155333	-0.0055524950	-0.0056962319	-0.0056272522	-0.0037296266	-0.0057111936	-0.0047921891	-0.0069811694	-0.0030144726	-0.0059898557	-0.0047772891	-0.0052194541	-0.0046546650	-0.0004185492	-0.0057415136	-0.0047998921	-0.0057386541	0.5469869578	-0.0051950997	-0.0050172635	-0.0058060548	-0.0064479343	-0.0059761340	-0.0047898812	-0.0056289796	-0.0057207988	-0.0063360683	-0.0058178554	-0.0025315842	-0.0049761455	-0.0051377250	-0.0066843763	-0.0033432092	-0.0034645365	-0.0046702370	-0.0043825564	-0.0066989564	-0.0053312346	-0.0053318413	-0.0058898760	-0.0059375339	-0.0081619958	-0.0062857037	-0.0059486324	-0.0061274176	-0.0053275945	-0.0058894912	-0.0044713974	-0.0059326891	-0.0054265261	-0.0049121671	-0.0047406116	-0.0043820667	-0.0056511363	-0.0041810596	-0.0051331320	-0.0061043422	-0.0053173392	-0.0042104119	-0.0034097181	-0.0053116772	-0.0059864340	-0.0058379212	-0.0047630136	-0.0057654617	-0.0058631512	-0.0070142545	-0.0059512359	-0.0050623376	-0.0045249003	-0.0042544008	-0.0048442287	-0.0064070774	-0.0050882324	-0.0047260874	-0.0041793688	-0.0038343340	-0.0046587344	-0.0053859402	-0.0048429799	-0.0059377831	-0.0053908158	-0.0052390048	-0.0055837882	-0.0055002983	-0.0065569890	-0.0055713610	-0.0058456554	-0.0064690110	-0.0052015985	-0.0043698702	-0.0057924899	-0.0044961987	-0.0068175957	-0.0045729705	-0.0047111605	-0.0052036878	-0.0051828102	-0.0060117239	-0.0052515334	-0.0048079561	-0.0054168973	-0.0056719567
-0.0025673866	-0.0047115029	-0.0054630128	-0.0058650554	-0.0065432579	-0.0058575250	-0.0043722709	-0.0048062189	-0.0053452581	-0.0047011850	-0.0056791809	-0.0067787553	-0.0052373846	-0.0039527904	-0.0059812060	-0.0055547419	-0.0056199776	-0.0044761192	-0.0053650643	-0.0051950997	0.5237461469	-0.0054327101	-0.0046439928	-0.0045847097	-0.0059962784	-0.0057372681	-0.0055955629	0.0018972078	-0.0069444322	-0.0048886809	-0.0057514145	-0.0043603368	-0.0056018010	-0.0052030959	-0.0044292285	-0.0029921332	-0.0065709730	-0.0034928016	-0.0041711231	-0.0044780825	-0.0036792094	-0.0041749416	-0.0053664600	-0.0062380721	-0.0056032654	-0.0045402678	-0.0054584890	-0.0034757196	-0.0050571695	-0.0059390543	-0.0054757763	-0.0051818792	-0.0058056549	-0.0053719030	-0.0036520182	-0.0058650913	-0.0054989102	-0.0032728837	-0.0060539129	-0.0048172357	-0.0045209684	-0.0037923938	-0.0043889161	-0.0044452294	-0.0061953852	-0.0037240864	-0.0049775770	-0.0047157055	-0.0065472405	-0.0070364078	-0.0035033197	-0.0047508068	-0.0046995818	-0.0051637310	-0.0058787203	-0.0051090927	-0.0045146440	-0.0052539346	-0.0054482927	-0.0055268847	-0.0045164469	-0.0042151164	-0.0050179428	-0.0047199235	-0.0044830415	-0.0037317591	-0.0061607851	-0.0062983700	-0.0071125321	-0.0060015324	-0.0043417487	-0.0049845203	-0.0059391695	-0.0060024621	-0.0057026060	-0.0053029997	-0.0051330694	-0.0041212312	-0.0050041453	-0.0034651679	-0.0054380227	-0.0057645460	-0.0046810562	-0.0057421761	-0.0060945324
-0.0028528063	-0.0047443223	-0.0058664374	-0.0062224769	-0.0054927149	-0.0051017022	-0.0056077764	-0.0048877918	-0.0067362114	-0.0050195669	-0.0048097665	-0.0049398783	-0.0058874251	-0.0061302178	-0.0063179842	-0.0058926325	-0.0056401539	-0.0051716451	-0.0045181945	-0.0050172635	-0.0054327101	0.5535643425	-0.0037095221	-0.0047165352	-0.0069132909	-0.0056354808	-0.0070966234	-0.0051102011	-0.0055293564	-0.0063334253	-0.0070420842	-0.0059355518	-0.0048550183	-0.0051706097	-0.0035272655	-0.0029480886	-0.0036196686	-0.0055280664	-0.0068125403	-0.0052206696	-0.0045733324	-0.0053385893	-0.0054945985	-0.0066533668	-0.0055881337	-0.0061649850	-0.0056131336	-0.0049830686	-0.0048265655	-0.0053376005	-0.0055882852	-0.0063717734	-0.0046238363	-0.0059624579	-0.0049284089	-0.0057681939	-0.0061943817	-0.0040875944	-0.0068541575	-0.0076361431	-0.0046241521	-0.0037391394	-0.0043297148	-0.0054829801	-0.0050710033	-0.0038241191	-0.0043671993	-0.0038261332	-0.0047320597	-0.0062040765	-0.0040792921	-0.0040298816	-0.0041322994	-0.0052981352	-0.0065365572	-0.0055977302	-0.0045107196	-0.0044461917	-0.0050011504	-0.0053956941	-0.0038670468	-0.0039098324	-0.0050812694	-0.0057085749	-0.0053353239	-0.0063180133	-0.0053776888	-0.0063278413	-0.0053142773	-0.0049036175	-0.0042372727	-0.0067607939	-0.0055226389	-0.0041981312	-0.0055256265	-0.0068384896	-0.0056975217	-0.0053453590	-0.0053404502	-0.0058242702	-0.0057454490	-0.0048383695	-0.0064079901	-0.0073127235	-0.0060152600
-0.0029654471	-0.0050295927	-0.0034031325	-0.0039715732	-0.0051055335	-0.0042745766	-0.0066085359	-0.0040077337	-0.0063161911	-0.0057283461	-0.0045709745	-0.0059322444	-0.0061020424	-0.0053561933	-0.0044837432	-0.0043071341	-0.0052349165	-0.0046694667	-0.0047387236	-0.0058060548	-0.0046439928	-0.0037095221	0.4858851534	-0.0051336191	-0.0069643496	-0.0047166537	-0.0051669160	-0.0061974706	0.0016953474	-0.0047027904	0.0003066504	-0.0036962723	-0.0027186300	-0.0063481705	-0.0012264412	-0.0036532019	-0.0044430004	-0.0020627954	-0.0053813054	-0.0042630278	-0.0048009821	-0.0044747146	-0.0062723645	-0.0051010017	-0.0044580157	-0.0043121156	-0.0056598393	-0.0051922890	-0.0046849326	-0.0054788902	-0.0054385674	-0.0041320694	-0.0044399871	-0.0045892747	-0.0042305519	-0.0057665956	-0.0048440412	-0.0053798266	-0.0058082784	-0.0055776045	-0.0061042614	-0.0042924529	-0.0041904789	-0.0037902383	-0.0051584803	-0.0037463725	-0.0043121845	-0.0038828973	-0.0073669254	-0.0060848362	-0.0034784899	-0.0049004418	-0.0062770285	-0.0040087581	-0.0049176758	-0.0053639660	-0.0045888025	-0.0044999685	-0.0042556947	-0.0027686959	-0.0042268460	-0.0047340812	-0.0033282928	-0.0050466757	-0.0034439427	-0.0044156690	-0.0042841532	-0.0040717663	-0.0064917816	-0.0042503607	-0.0050989267	-0.0048592907	-0.0046807024	-0.0042868265	-0.0051301211	-0.0045911178	-0.0041264491	-0.0053925765	-0.0047579801	-0.0060039051	-0.0039422450	-0.0058608864	-0.0054475853	-0.0045826453	-0.0065614177
-0.0033668353	-0.0045867678	-0.0052846156	-0.0043931983	-0.0050961349	-0.0052670823	-0.0037511954	-0.0040248663	-0.0059407286	-0.0055131744	-0.0037358418	-0.0054353580	-0.0038078319	-0.0050705530	-0.0058815485	-0.0048657235	-0.0041923651	-0.0043418180	-0.0032988537	-0.0064479343	-0.0045847097	-0.0047165352	-0.0051336191	0.5012843479	-0.0048424559	-0.0050942648	-0.0061882001	-0.0059135245	-0.0051516169	-0.0054811450	-0.0044717224	-0.0043234856	-0.0039722700	-0.0053550051	-0.0043086496	-0.0034654117	-0.0036751572	-0.0047548844	-0.0047972769	-0.0047185957	-0.0052222484	-0.0039190586	-0.0055596691	-0.0055664171	-0.0056460033	-0.0030483896	-0.0045030056	-0.0044192934	-0.0053993721	-0.0051494166	-0.0060940030	-0.0056356707	-0.0047211420	-0.0045420802	-0.0034866311	-0.0052342011	-0.0043155139	-0.0038046252	-0.0055627480	-0.0055934600	-0.0050370289	-0.0052441629	-0.0033123899	-0.0048192843	-0.0043905550	-0.0035164556	-0.0054832656	-0.0048365799	-0.0061777494	-0.0052647482	-0.0044304466	-0.0042786283	-0.0052700451	-0.0047144466	-0.0068252986	-0.0063149965	-0.0054834349	-0.0040917519	-0.0054699025	-0.0049969469	-0.0052220945	-0.0043609959	-0.0042024081	-0.0046265906	-0.0051639689	-0.0031654575	-0.0049525274	-0.0047033673	-0.0058121763	-0.0035153262	-0.0048893350	-0.0033498098	-0.0053116667	-0.0051768576	-0.0057202018	-0.0059505580	-0.0049807116	-0.0053908729	-0.0039219653	-0.0041571448	-0.0036814890	-0.0052297369	-0.0042748360	-0.0053918518	-0.0055003744
-0.0057012099	-0.0052363701	-0.0046303252	-0.0055123732	-0.0051952823	-0.0059220223	-0.0044559915	-0.0062647621	-0.0061068146	-0.0047873861	-0.0044323720	-0.0061569427	-0.0059788333	-0.0078643313	-0.0042228334	-0.0044592073	-0.0065194720	-0.0061464402	-0.0057629642	-0.0059761340	-0.0059962784	-0.0069132909	-0.0069643496	-0.0048424559	0.5669645110	-0.0019359836	-0.0061935196	-0.0062167299	-0.0049818112	-0.0071654415	-0.0063928792	-0.0067205833	-0.0032279450	-0.0061617443	-0.0044101142	-0.0035545118	-0.0055664871	-0.0022995009	-0.0046174880	-0.0050852092	-0.0062490305	-0.0047770071	-0.0049662122	-0.0065521921	-0.0067022019	-0.0043493069	-0.0056316629	-0.0048889885	-0.0053657716	-0.0069391400	-0.0056523569	-0.0065883610	-0.0047444392	-0.0064092913	-0.0044886797	-0.0064794638	-0.0062288193	-0.0043739637	-0.0059128337	-0.0052503304	-0.0043968430	-0.0053708098	-0.0047843216	-0.0054138128	-0.0048738879	-0.0062354020	-0.0056294758	-0.0049750449	-0.0051993779	-0.0071381258	-0.0026575727	-0.0049231041	-0.0054545441	-0.0049521800	-0.0053519458	-0.0059729846	-0.0050341328	-0.0052177314	-0.0045244057	-0.0059307343	-0.0066412266	-0.0063738327	-0.0052860676	-0.0063017545	-0.0043954480	-0.0055218808	-0.0049822522	-0.0064215788	-0.0074353072	-0.0049922658	-0.0058637009	-0.0056004942	-0.0050529444	-0.0048512989	-0.0052361620	-0.0059976532	-0.0046659753	-0.0056528175	-0.0059257239	-0.0051806549	-0.0053961540	-0.0047528392	-0.0048060851	-0.0062952517	-0.0061702612
-0.0033556114	-0.0066233148	-0.0070278021	-0.0056169728	-0.0056839595	-0.0060877679	-0.0059584907	-0.0057315210	-0.0069769199	-0.0052535485	-0.0029462157	-0.0048211251	-0.0058009464	-0.0057533695	-0.0060839599	-0.0059758911	-0.0067754205	-0.0047663137	-0.0064378038	-0.0047898812	-0.0057372681	-0.0056354808	-0.0047166537	-0.0050942648	-0.0019359836	0.5691533921	-0.0059435365	-0.0060346029	-0.0056994071	-0.0064876288	-0.0064894136	-0.0046420898	-0.0040882816	-0.0063776656	-0.0051047355	-0.0046121492	-0.0057187698	-0.0029470849	-0.0061207360	-0.0046815332	-0.0039995448	-0.0056184215	-0.0054711339	-0.0062954951	-0.0056899095	-0.0043951146	-0.0041181890	-0.0049678495	-0.0054534869	-0.0066657122	-0.0057242554	-0.0062762349	-0.0043472546	-0.0058473453	-0.0040527250	-0.0052422908	-0.0061758088	-0.0037216780	-0.0070668175	-0.0063838547	-0.0048974552	-0.0051216126	-0.0057758218	-0.0051575390	-0.0059135810	-0.0057572932	-0.0067070757	-0.0053871702	-0.0059648756	-0.0072659660	-0.0039681581	-0.0054493816	-0.0049496861	-0.0040821934	-0.0058825927	-0.0059163752	-0.0055067762	-0.0045907166	-0.0061546431	-0.0060684813	-0.0060057610	-0.0057297204	-0.0048566701	-0.0049722190	-0.0066701326	-0.0043056077	-0.0045689858	-0.0072545116	-0.0051045838	-0.0044064311	-0.0044125357	-0.0045291849	-0.0051334219	-0.0057426513	-0.0060059773	-0.0055087591	-0.0062841155	-0.0060932829	-0.0053834334	-0.0068755427	-0.0054523737	-0.0053397538	-0.0066817516	-0.0063365344	-0.0069348134
-0.0057016993	-0.0053862578	-0.0056877243	-0.0060852396	-0.0066145786	-0.0060604411	-0.0054718437	-0.0062479217	-0.0062377883	-0.0057063227	-0.0048657355	-0.0073510834	-0.0058631784	-0.0073147976	-0.0066610793	-0.0061810891	-0.0076340795	-0.0052477890	-0.0070027855	-0.0056289796	-0.0055955629	-0.0070966234	-0.0051669160	-0.0061882001	-0.0061935196	-0.0059435365	0.5408361918	-0.0076113214	-0.0070596934	-0.0052675771	0.0088576561	-0.0068027045	-0.0057374564	-0.0048304543	-0.0034016312	-0.0056202242	-0.0045868139	-0.0037293042	-0.0045242819	-0.0045378169	0.0523816672	-0.0078573027	-0.0057058390	-0.0062328617	-0.0047969513	-0.0052562766	-0.0051800367	-0.0059595791	-0.0060107445	-0.0055689744	-0.0063750695	-0.0043107475	-0.0057457119	-0.0057392001	-0.0072484822	-0.0071001441	-0.0074307782	-0.0054301303	-0.0063017241	-0.0057039348	-0.0060291160	-0.0055000548	-0.0056654817	-0.0050741022	-0.0059461406	-0.0050288062	-0.0047700305	-0.0063572644	-0.0073211379	-0.0063250484	-0.0052192053	-0.0062966208	-0.0058734421	-0.0062083489	-0.0068701418	-0.0056850964	-0.0052114557	-0.0050198185	-0.0036046029	-0.0060688807	-0.0056156438	-0.0063497943	-0.0068146696	-0.0065137769	-0.0064254952	-0.0053674780	-0.0061120055	-0.0066362186	-0.0062238668	-0.0060221385	-0.0050876221	-0.0051150121	-0.0068765389	-0.0063668599	-0.0054582293	-0.0059558498	-0.0044481067	-0.0056308569	-0.0059388257	-0.0053431051	-0.0054372491	-0.0053109093	-0.0067824907	-0.0077864289	-0.0075830072
