1.0000000000	0.9166436282	0.9161589618	0.9153983808	0.9148449895	0.9153983808	0.9151745564	0.9152206333	0.9148648260	0.9152453118	0.9173096345	0.9147534605	0.9151902538	0.9154047847	0.9154592179	0.9160691509	0.9148508468	0.9159513034	0.9151051287	0.9151188737	0.9159666884	0.9156902271	0.9159320136	0.9158112766	0.9146896558	0.9154029885	0.9146138241	0.9146566991	0.9155582442	0.9151677620	0.9164753304	0.9167727216	0.9166298833	0.9148192177	0.9166633866	0.9175778957	0.9162340125	0.9157709007	0.9154842087	0.9165088338	0.9167895904	0.9149204307	0.9148401476	0.9151722916	0.9160333828	0.9168744031	0.9166434720	0.9166897051	0.9164423737	0.9156441502	0.9159533340	0.9162541614	0.9163882529	0.9162451803	0.9162366678	0.9160019099	0.9166160602	0.9174845705	0.9151411312	0.9145042548	0.9163025031	0.9165848216	0.9165222664	0.9165764653	0.9157795694	0.9167531194	0.9158799233	0.9166013781	0.9149244917	0.9149140268	0.9166095782	0.9167301591	0.9171354014	0.9160185445	0.9146176509	0.9152713179	0.9167243018	0.9161456073	0.9166401920	0.9162350277	0.9168189547	0.9155171654	0.9152395327	0.9155788616	0.9160259636	0.9156577390	0.9163586544	0.9150538975	0.9152397669	0.9165308570	0.9156219708	0.9165203140	0.9156468055	0.9161527922	0.9163392084	0.9161742687	0.9163499076	0.9167464031	0.9152987297	0.9164080113	0.9158543858	0.9156338415	0.9157370850	0.9147097265	0.9151697145
0.9166436282	1.0000000000	0.9155255999	0.9151676840	0.9147682989	0.9142100656	0.9144374824	0.9145057387	0.9149704124	0.9145340096	0.9160700881	0.9146720841	0.9146456094	0.9146455313	0.9145437716	0.9145800084	0.9140080302	0.9147122256	0.9143416581	0.9139917861	0.9150709225	0.9146476399	0.9150752959	0.9147266735	0.9143941389	0.9137917031	0.9142995641	0.9150804502	0.9150285942	0.9144244403	0.9153921331	0.9157507518	0.9158273644	0.9136127842	0.9163333511	0.9160009728	0.9157488775	0.9154422710	0.9143939827	0.9155093558	0.9160639185	0.9142950345	0.9147187857	0.9143813311	0.9151708859	0.9156378244	0.9163673231	0.9154457853	0.9158063565	0.9153475400	0.9151914253	0.9152695217	0.9157864419	0.9162272181	0.9157896439	0.9144377948	0.9160965628	0.9167159455	0.9144377948	0.9143163549	0.9159829325	0.9155920599	0.9156810117	0.9162250314	0.9156168165	0.9157650435	0.9156342320	0.9160472059	0.9144320157	0.9134887671	0.9165050852	0.9164583835	0.9156203308	0.9156800746	0.9140450479	0.9146966844	0.9168826814	0.9151598743	0.9157634816	0.9157858171	0.9163305397	0.9146857509	0.9149244917	0.9153358255	0.9158935121	0.9148275740	0.9152754570	0.9144803573	0.9143413457	0.9157508299	0.9155754254	0.9153905711	0.9150665491	0.9153715156	0.9155716767	0.9155994791	0.9151456608	0.9158003431	0.9155701929	0.9156467274	0.9158337683	0.9155579318	0.9148591250	0.9139912395	0.9142331822
0.9161589618	0.9155255999	1.0000000000	0.9146016411	0.9133075834	0.9131493600	0.9139479740	0.9133272637	0.9136771356	0.9141841376	0.9160341637	0.9136023193	0.9131370989	0.9137945927	0.9140542633	0.9144180364	0.9141954616	0.9148968456	0.9140901876	0.9137645255	0.9141498533	0.9139321205	0.9151021611	0.9141078374	0.9141903072	0.9130038664	0.9136482400	0.9138216921	0.9140005329	0.9138032614	0.9147237839	0.9153632374	0.9148728700	0.9136885377	0.9153927578	0.9154956889	0.9148140634	0.9145928943	0.9142127990	0.9153170824	0.9153758890	0.9140810503	0.9137735066	0.9139917861	0.9147971164	0.9150945857	0.9153486334	0.9152695998	0.9153380903	0.9142493481	0.9147350298	0.9144302975	0.9144636447	0.9147858705	0.9148349932	0.9137533578	0.9149860317	0.9164482310	0.9141733603	0.9135638177	0.9157948763	0.9155547298	0.9152981831	0.9152922477	0.9149492483	0.9151248090	0.9147261268	0.9156704687	0.9132535407	0.9128524374	0.9156841356	0.9155951057	0.9149196497	0.9151949396	0.9134691649	0.9139004133	0.9155152130	0.9147565844	0.9151227785	0.9142341974	0.9156803089	0.9140936239	0.9143129967	0.9146412360	0.9144418558	0.9145122207	0.9152532776	0.9140786294	0.9137927964	0.9153038060	0.9143913274	0.9150802160	0.9145190932	0.9144374824	0.9145504879	0.9151741660	0.9146698974	0.9152280525	0.9147415899	0.9146814556	0.9147883696	0.9145164379	0.9140203694	0.9137696018	0.9133277323
0.9153983808	0.9151676840	0.9146016411	1.0000000000	0.9133095358	0.9126166643	0.9131733356	0.9133545193	0.9133581118	0.9144481816	0.9156849946	0.9136801814	0.9133257018	0.9140805037	0.9133447573	0.9137606988	0.9138031833	0.9142402889	0.9140430955	0.9137671027	0.9139801498	0.9138287989	0.9148424905	0.9141610211	0.9135681130	0.9136327769	0.9133306218	0.9141474323	0.9144020266	0.9139503169	0.9143716471	0.9151048163	0.9149041866	0.9128006595	0.9155115425	0.9143902341	0.9139821022	0.9143760205	0.9138206769	0.9147283135	0.9155184150	0.9133065681	0.9133176578	0.9136216872	0.9144095239	0.9152710055	0.9157559062	0.9147365917	0.9151704173	0.9149324575	0.9147505710	0.9143702414	0.9147522110	0.9148448333	0.9148806796	0.9142963622	0.9147343269	0.9155659757	0.9133770111	0.9131732575	0.9152763942	0.9152770970	0.9150928676	0.9153165357	0.9148324941	0.9149819707	0.9142676227	0.9153130214	0.9132181630	0.9136389465	0.9152870153	0.9158399379	0.9156040087	0.9144412310	0.9137300850	0.9136113785	0.9162037892	0.9149776754	0.9148276521	0.9146733336	0.9153367627	0.9141008868	0.9143440010	0.9146936387	0.9145368992	0.9139326671	0.9146493580	0.9133275761	0.9131665412	0.9145307295	0.9149287089	0.9147452604	0.9145268247	0.9146215557	0.9146941073	0.9142406794	0.9146054678	0.9153387151	0.9144917594	0.9147636912	0.9144118668	0.9142224049	0.9140002986	0.9136456628	0.9133891941
0.9148449895	0.9147682989	0.9133075834	0.9133095358	1.0000000000	0.9139908490	0.9121780748	0.9123928400	0.9128012843	0.9136314492	0.9151542514	0.9135680349	0.9126131500	0.9134451112	0.9132168353	0.9131540458	0.9131870025	0.9141412627	0.9132308927	0.9133913027	0.9134625267	0.9134667439	0.9143993714	0.9136891625	0.9129339701	0.9130956297	0.9128885961	0.9131821605	0.9135115712	0.9137766305	0.9141945244	0.9140655092	0.9147828248	0.9122902213	0.9146390493	0.9146837204	0.9132915736	0.9136665926	0.9126860921	0.9142587978	0.9147613483	0.9128764130	0.9134682277	0.9131832539	0.9142878497	0.9144887918	0.9146908272	0.9150260170	0.9137331308	0.9135399983	0.9139931919	0.9137598398	0.9141021364	0.9145671225	0.9146332701	0.9129387340	0.9142006160	0.9151904881	0.9133945047	0.9126889035	0.9142973774	0.9142359155	0.9145511908	0.9146947320	0.9141991321	0.9150574118	0.9136984560	0.9146754422	0.9128570451	0.9128976553	0.9147414337	0.9153757328	0.9144614580	0.9144679400	0.9122962347	0.9136099727	0.9152500757	0.9147633788	0.9143784415	0.9145124550	0.9144495874	0.9138150539	0.9138157568	0.9143853140	0.9141304854	0.9135701436	0.9144295947	0.9130184704	0.9131679470	0.9141199424	0.9138962742	0.9142238887	0.9140665244	0.9142744952	0.9141163499	0.9137870954	0.9136856482	0.9137975603	0.9138409038	0.9143622756	0.9141958521	0.9137294603	0.9128652452	0.9135856847	0.9130158932
0.9153983808	0.9142100656	0.9131493600	0.9126166643	0.9139908490	1.0000000000	0.9124881176	0.9126810158	0.9128720396	0.9134204327	0.9150336705	0.9132362813	0.9129683325	0.9125049865	0.9128221360	0.9134567475	0.9121228607	0.9132453405	0.9130579872	0.9131706023	0.9132183973	0.9129102288	0.9140824561	0.9132618189	0.9128004252	0.9128280714	0.9124998321	0.9128699310	0.9129630220	0.9125580139	0.9138815140	0.9145828198	0.9144110858	0.9118442907	0.9147780609	0.9143778948	0.9138691747	0.9141351712	0.9127165497	0.9135538995	0.9143805501	0.9134825975	0.9130251086	0.9126112757	0.9138923694	0.9141265806	0.9143078423	0.9142128771	0.9138990076	0.9131818481	0.9134832222	0.9133771673	0.9140713664	0.9140007672	0.9140712883	0.9131589659	0.9141814042	0.9146997302	0.9129406083	0.9122031438	0.9145333848	0.9140373944	0.9142361498	0.9146962939	0.9137442986	0.9141057288	0.9139864756	0.9147707198	0.9124404788	0.9125851134	0.9147929773	0.9149646333	0.9139357129	0.9134444083	0.9132461996	0.9129869195	0.9148224197	0.9142071761	0.9146231957	0.9138358276	0.9139038496	0.9135359373	0.9136341045	0.9139500045	0.9141142413	0.9134653382	0.9134308976	0.9133923961	0.9132721276	0.9138481668	0.9134375358	0.9134633857	0.9132738457	0.9141365769	0.9142241230	0.9136255920	0.9132675199	0.9139212651	0.9133498335	0.9132659580	0.9139357910	0.9133442887	0.9125989365	0.9133835712	0.9125480957
0.9151745564	0.9144374824	0.9139479740	0.9131733356	0.9121780748	0.9124881176	1.0000000000	0.9139277471	0.9129354539	0.9132219116	0.9151487846	0.9132782972	0.9127341995	0.9138880741	0.9130623606	0.9132293308	0.9125361469	0.9138694871	0.9136791662	0.9137606988	0.9141110394	0.9133250770	0.9133249208	0.9139450064	0.9131332722	0.9127162373	0.9132973527	0.9131068756	0.9130386193	0.9132632246	0.9138938532	0.9144480254	0.9146484989	0.9124698431	0.9151380854	0.9145292457	0.9138057605	0.9136019288	0.9128063605	0.9143732872	0.9153706566	0.9131617774	0.9130852429	0.9125989365	0.9135346878	0.9144310004	0.9147389346	0.9141001059	0.9142648112	0.9139960814	0.9135606939	0.9136561277	0.9140277886	0.9142975336	0.9147241744	0.9133404620	0.9147148028	0.9154791325	0.9130005863	0.9126837492	0.9148040670	0.9143208845	0.9153023222	0.9139204841	0.9144549760	0.9147823562	0.9138384048	0.9144844184	0.9126069804	0.9125287278	0.9142644207	0.9149252727	0.9144556789	0.9141532114	0.9129361568	0.9132116810	0.9154445358	0.9137589026	0.9145627491	0.9144720010	0.9143544659	0.9135991954	0.9141259558	0.9134987634	0.9138618337	0.9140537166	0.9137956079	0.9130279982	0.9132518225	0.9139050210	0.9141524305	0.9142345098	0.9141094774	0.9136455066	0.9138609746	0.9144190517	0.9142902707	0.9143912493	0.9136298873	0.9137423462	0.9139720277	0.9134678372	0.9134834565	0.9127409938	0.9129076516
0.9152206333	0.9145057387	0.9133272637	0.9133545193	0.9123928400	0.9126810158	0.9139277471	1.0000000000	0.9129615381	0.9132520568	0.9148757595	0.9133895065	0.9133160178	0.9133048500	0.9132744705	0.9133986438	0.9126648498	0.9135884962	0.9140566843	0.9132276126	0.9137110295	0.9131323350	0.9141582096	0.9137428928	0.9127585655	0.9127563788	0.9128161226	0.9129733307	0.9128549365	0.9125519224	0.9139703877	0.9150326552	0.9140241961	0.9126336894	0.9149604941	0.9144388100	0.9139713249	0.9135141484	0.9127805887	0.9137691332	0.9146556057	0.9129894967	0.9129693478	0.9131656041	0.9139489112	0.9152514814	0.9142397423	0.9142322450	0.9148470981	0.9134347244	0.9141062755	0.9132106657	0.9140932334	0.9144434177	0.9140673835	0.9136269196	0.9144247527	0.9152400012	0.9129023410	0.9128461897	0.9146480304	0.9141656288	0.9145318229	0.9144256118	0.9142055360	0.9149399548	0.9137974822	0.9146662268	0.9130566596	0.9124639077	0.9148930969	0.9149433910	0.9148730262	0.9146333482	0.9130014454	0.9135643644	0.9149042647	0.9142835544	0.9141574286	0.9139639057	0.9143805501	0.9134347244	0.9137952955	0.9133947390	0.9140375506	0.9135657702	0.9143544659	0.9133416334	0.9135970087	0.9133895846	0.9132351099	0.9145931286	0.9134278519	0.9136020850	0.9141958521	0.9137984975	0.9132978213	0.9145077692	0.9130875858	0.9142262316	0.9140632444	0.9137811601	0.9128975772	0.9126132281	0.9127680152
0.9148648260	0.9149704124	0.9136771356	0.9133581118	0.9128012843	0.9128720396	0.9129354539	0.9129615381	1.0000000000	0.9130800885	0.9150538194	0.9130299506	0.9130920373	0.9130091770	0.9132454186	0.9139970186	0.9129105412	0.9140678520	0.9134989196	0.9134918909	0.9138551955	0.9128546241	0.9135628025	0.9133286694	0.9129142898	0.9130290915	0.9130864924	0.9134904852	0.9131210891	0.9134280081	0.9139075982	0.9149964185	0.9144115544	0.9126535259	0.9152678817	0.9148555326	0.9143958570	0.9144694238	0.9131426437	0.9142789467	0.9143582145	0.9133943485	0.9136078641	0.9129439664	0.9141018240	0.9144021047	0.9146567772	0.9148829444	0.9141011211	0.9142250601	0.9146101536	0.9138462144	0.9144485721	0.9146980121	0.9140844085	0.9130793075	0.9144316252	0.9153882282	0.9134007524	0.9123051377	0.9145465050	0.9142718399	0.9139348538	0.9146430322	0.9142233420	0.9142994079	0.9138060728	0.9146845014	0.9126847644	0.9125220115	0.9149785344	0.9152681159	0.9147969602	0.9146310053	0.9129884814	0.9132038713	0.9152989640	0.9143608698	0.9146092945	0.9135974773	0.9149598694	0.9131384265	0.9140383316	0.9136852577	0.9147994593	0.9137866268	0.9138582412	0.9131627926	0.9129787974	0.9145121426	0.9135399983	0.9141973359	0.9135200056	0.9140389564	0.9147503367	0.9147123818	0.9136359788	0.9145914886	0.9140744121	0.9141998350	0.9147014483	0.9143272103	0.9130476785	0.9131811453	0.9129115564
0.9152453118	0.9145340096	0.9141841376	0.9144481816	0.9136314492	0.9134204327	0.9132219116	0.9132520568	0.9130800885	1.0000000000	0.9153085699	0.9134694773	0.9132879031	0.9131464705	0.9136735432	0.9134781460	0.9130362764	0.9143026099	0.9142965965	0.9129275662	0.9141141632	0.9140162303	0.9141758594	0.9137806915	0.9134900166	0.9135823266	0.9134954053	0.9132711904	0.9135862314	0.9133980190	0.9139810088	0.9144903537	0.9144209260	0.9133125035	0.9151274643	0.9143327551	0.9140658215	0.9140517642	0.9134045791	0.9141657069	0.9149857974	0.9138404353	0.9132083228	0.9127905851	0.9154094705	0.9152441403	0.9147056655	0.9148473324	0.9141615678	0.9142214677	0.9148078937	0.9142988613	0.9141630516	0.9142489576	0.9151849433	0.9137015798	0.9144425587	0.9155124016	0.9131067975	0.9128246351	0.9151992349	0.9145490822	0.9147156619	0.9147348736	0.9142085037	0.9145732140	0.9142757447	0.9152628835	0.9130397908	0.9131019555	0.9152645235	0.9156784345	0.9146118717	0.9146891091	0.9132405767	0.9129750488	0.9154101733	0.9142474738	0.9150533508	0.9140937020	0.9144441206	0.9139147050	0.9140584805	0.9141129137	0.9142660608	0.9139999863	0.9142705904	0.9131715394	0.9133043033	0.9140271638	0.9145907076	0.9143318180	0.9141260339	0.9139439911	0.9143643842	0.9145052701	0.9143839864	0.9149532312	0.9135767817	0.9144534922	0.9146128870	0.9137878764	0.9135067293	0.9131692746	0.9126477467
0.9173096345	0.9160700881	0.9160341637	0.9156849946	0.9151542514	0.9150336705	0.9151487846	0.9148757595	0.9150538194	0.9153085699	1.0000000000	0.9149865003	0.9151485503	0.9149483892	0.9150417144	0.9148827101	0.9153864320	0.9154471129	0.9153386370	0.9156347786	0.9150271885	0.9151494875	0.9157678550	0.9156244699	0.9154154839	0.9157464565	0.9151779927	0.9149226955	0.9153578487	0.9152338316	0.9155277085	0.9164025446	0.9167271914	0.9145201084	0.9167974001	0.9163583420	0.9159530216	0.9159947251	0.9155218512	0.9164743152	0.9169076722	0.9156220489	0.9151137974	0.9152891239	0.9161453731	0.9167533537	0.9171792135	0.9164533853	0.9165332780	0.9160927361	0.9163377245	0.9162918038	0.9167406240	0.9161381882	0.9163856757	0.9154191544	0.9160542345	0.9169213391	0.9146822366	0.9144697362	0.9168309034	0.9163005506	0.9158899978	0.9166778345	0.9163420198	0.9161483407	0.9161399844	0.9168547228	0.9146525600	0.9144759058	0.9169475795	0.9173380616	0.9169649950	0.9159051485	0.9151601086	0.9147843086	0.9172203703	0.9158596182	0.9167218808	0.9160293218	0.9164069180	0.9153739366	0.9153919769	0.9161836403	0.9162083969	0.9154286041	0.9162824323	0.9143057337	0.9147383879	0.9156994425	0.9157256829	0.9162429155	0.9157070959	0.9155128701	0.9161428740	0.9160137025	0.9161374853	0.9161449045	0.9155769092	0.9161751278	0.9165489754	0.9154723381	0.9150150054	0.9152465613	0.9149761915
0.9147534605	0.9146720841	0.9136023193	0.9136801814	0.9135680349	0.9132362813	0.9132782972	0.9133895065	0.9130299506	0.9134694773	0.9149865003	1.0000000000	0.9136013821	0.9135716274	0.9132857164	0.9138352028	0.9125208400	0.9135988049	0.9134100459	0.9134080154	0.9135089160	0.9134297262	0.9137118105	0.9136637031	0.9131716956	0.9133780264	0.9127731696	0.9134325377	0.9134006743	0.9125459871	0.9141867148	0.9147399498	0.9140649625	0.9127995662	0.9147796228	0.9148719328	0.9140676959	0.9144033543	0.9130711074	0.9143651651	0.9145612652	0.9135146170	0.9137693675	0.9129231928	0.9140213847	0.9153008383	0.9152606187	0.9143254921	0.9146734117	0.9139229832	0.9141831224	0.9139888185	0.9146961378	0.9142878497	0.9139952224	0.9132961032	0.9145115959	0.9154724162	0.9133453040	0.9130220629	0.9146752079	0.9146029687	0.9154847554	0.9148656070	0.9147209724	0.9141272834	0.9145489260	0.9148616241	0.9130321373	0.9124026801	0.9146281939	0.9159136610	0.9148956741	0.9149708810	0.9129709878	0.9133519421	0.9151613581	0.9141400131	0.9145274495	0.9138572260	0.9144650504	0.9134504998	0.9140067806	0.9139856165	0.9142354470	0.9140488746	0.9140616043	0.9132543216	0.9127299822	0.9141839814	0.9141482133	0.9143817997	0.9142077227	0.9139677324	0.9143926551	0.9144462292	0.9140437983	0.9143237740	0.9140028758	0.9144753592	0.9145641548	0.9143845330	0.9133505364	0.9133963790	0.9131239787
0.9151902538	0.9146456094	0.9131370989	0.9133257018	0.9126131500	0.9129683325	0.9127341995	0.9133160178	0.9130920373	0.9132879031	0.9151485503	0.9136013821	1.0000000000	0.9132358909	0.9125880810	0.9148269493	0.9126627412	0.9141096336	0.9134719763	0.9134027829	0.9135697531	0.9133048500	0.9141287673	0.9138993200	0.9130844619	0.9132878250	0.9132982118	0.9130819628	0.9128326790	0.9132622094	0.9140788636	0.9140748026	0.9153670641	0.9126108071	0.9146291310	0.9148456143	0.9139712468	0.9141205671	0.9129890281	0.9143967942	0.9144830907	0.9128500945	0.9137096238	0.9125532500	0.9138337190	0.9144887137	0.9149803306	0.9139021314	0.9138462925	0.9132620532	0.9137453919	0.9139168917	0.9141826538	0.9141403255	0.9140212285	0.9134570599	0.9141441522	0.9150709225	0.9130951611	0.9124462579	0.9144914470	0.9148153129	0.9140884695	0.9144359986	0.9143124500	0.9146085917	0.9139873346	0.9148075033	0.9131237444	0.9126037784	0.9147048065	0.9143069833	0.9143303341	0.9139402425	0.9124726545	0.9136155176	0.9149126210	0.9139942071	0.9147928992	0.9137946708	0.9142056922	0.9137676494	0.9133866170	0.9139407111	0.9143779729	0.9133060995	0.9147917278	0.9126778919	0.9127017894	0.9142595007	0.9138471516	0.9143129967	0.9137476567	0.9138394200	0.9143794568	0.9139514884	0.9145852408	0.9141846843	0.9140229466	0.9146814556	0.9139419606	0.9135614748	0.9132620532	0.9132501044	0.9128627462
0.9154047847	0.9146455313	0.9137945927	0.9140805037	0.9134451112	0.9125049865	0.9138880741	0.9133048500	0.9130091770	0.9131464705	0.9149483892	0.9135716274	0.9132358909	1.0000000000	0.9127390414	0.9137132162	0.9136749489	0.9140259924	0.9137961546	0.9133410086	0.9144342024	0.9131551392	0.9140054530	0.9134973577	0.9125119370	0.9133352295	0.9127299042	0.9137063437	0.9132219897	0.9136746366	0.9140134969	0.9150026662	0.9150867761	0.9125980774	0.9148678718	0.9145134702	0.9138204426	0.9141025269	0.9131651355	0.9144862146	0.9150612385	0.9134643229	0.9133706072	0.9131756004	0.9138427001	0.9150563965	0.9146881719	0.9141722670	0.9144099144	0.9145316667	0.9139686696	0.9137379728	0.9144852774	0.9140430955	0.9142071761	0.9137884230	0.9145581414	0.9154824125	0.9129738774	0.9128216674	0.9146922329	0.9148583440	0.9148598279	0.9147055093	0.9142944098	0.9144406063	0.9135616310	0.9142815239	0.9128497041	0.9125423165	0.9145249504	0.9157591862	0.9149298803	0.9146488113	0.9124525838	0.9132697847	0.9151212166	0.9142955812	0.9142911297	0.9142728552	0.9141370455	0.9137563254	0.9136030221	0.9144501340	0.9143677423	0.9138536336	0.9140936239	0.9132321422	0.9129350635	0.9145201084	0.9140782389	0.9144514617	0.9140484060	0.9140920619	0.9141404036	0.9139393834	0.9137965451	0.9146127308	0.9137460948	0.9143755519	0.9139118935	0.9141043231	0.9129875442	0.9130466632	0.9129877785
0.9154592179	0.9145437716	0.9140542633	0.9133447573	0.9132168353	0.9128221360	0.9130623606	0.9132744705	0.9132454186	0.9136735432	0.9150417144	0.9132857164	0.9125880810	0.9127390414	1.0000000000	0.9133426487	0.9134013772	0.9142934726	0.9137257897	0.9136342607	0.9137464072	0.9132084790	0.9140597300	0.9134633857	0.9135025901	0.9130983631	0.9127682495	0.9130975821	0.9134466731	0.9132543997	0.9139195469	0.9137794420	0.9138552736	0.9125642616	0.9148075033	0.9146146051	0.9137755371	0.9141146318	0.9129071830	0.9136879911	0.9139754640	0.9137402376	0.9132446377	0.9129907462	0.9140025634	0.9149441720	0.9152471080	0.9141948368	0.9142951907	0.9138607403	0.9142005379	0.9138954932	0.9146187442	0.9146223366	0.9137613236	0.9130192514	0.9146403769	0.9150546784	0.9127662190	0.9128500164	0.9141629735	0.9141911663	0.9143104195	0.9145133140	0.9147501024	0.9144430273	0.9141297825	0.9151908005	0.9127324813	0.9124900700	0.9148828663	0.9151034106	0.9146058583	0.9143012042	0.9128133111	0.9133804473	0.9150852141	0.9142236544	0.9143775825	0.9141540705	0.9145872713	0.9136175481	0.9142005379	0.9136475371	0.9142886306	0.9139297776	0.9138964304	0.9128931257	0.9129070268	0.9138135701	0.9145615776	0.9145608748	0.9139111906	0.9137011893	0.9140336458	0.9141737508	0.9142380241	0.9142921450	0.9138491040	0.9140374725	0.9140405183	0.9135713150	0.9130727474	0.9132077762	0.9120264897
0.9160691509	0.9145800084	0.9144180364	0.9137606988	0.9131540458	0.9134567475	0.9132293308	0.9133986438	0.9139970186	0.9134781460	0.9148827101	0.9138352028	0.9148269493	0.9137132162	0.9133426487	1.0000000000	0.9138668319	0.9134141069	0.9142449747	0.9144780145	0.9138755787	0.9132002008	0.9144513055	0.9140070930	0.9141073688	0.9132078543	0.9135678007	0.9138743291	0.9136081765	0.9135283620	0.9142473957	0.9149902489	0.9147187076	0.9127171744	0.9142542682	0.9149908737	0.9142678570	0.9139668734	0.9131916102	0.9149180097	0.9147386222	0.9135635835	0.9135801399	0.9127931623	0.9138502754	0.9145922695	0.9144025733	0.9145820389	0.9145230761	0.9138026366	0.9147737656	0.9138625366	0.9146376435	0.9145464269	0.9144887137	0.9134817384	0.9149893117	0.9154595303	0.9139262632	0.9129857480	0.9145790712	0.9141093212	0.9145125331	0.9152736608	0.9144256898	0.9147646283	0.9147155057	0.9148432714	0.9125050646	0.9127248279	0.9151927529	0.9154465663	0.9147711103	0.9140453603	0.9126349389	0.9132987585	0.9149291775	0.9139346976	0.9146402988	0.9147041817	0.9144210822	0.9142262316	0.9140082645	0.9146698193	0.9147183171	0.9138943218	0.9144751249	0.9132012942	0.9130919592	0.9144100706	0.9145832884	0.9143837521	0.9143410333	0.9139668734	0.9146471713	0.9143291627	0.9142481767	0.9151005991	0.9142347441	0.9139423511	0.9141298606	0.9137809258	0.9135455432	0.9131482667	0.9132074638
0.9148508468	0.9140080302	0.9141954616	0.9138031833	0.9131870025	0.9121228607	0.9125361469	0.9126648498	0.9129105412	0.9130362764	0.9153864320	0.9125208400	0.9126627412	0.9136749489	0.9134013772	0.9138668319	1.0000000000	0.9137505463	0.9132212868	0.9130377602	0.9135758446	0.9131211672	0.9138152882	0.9137723352	0.9126758614	0.9126391561	0.9122946728	0.9135733455	0.9133816969	0.9130329183	0.9140020168	0.9144702829	0.9143204159	0.9129711440	0.9144288918	0.9149646333	0.9135129770	0.9137711637	0.9132567426	0.9137020484	0.9145176093	0.9129416235	0.9131454552	0.9130643130	0.9139472712	0.9146980121	0.9144802012	0.9144695800	0.9137024389	0.9131922350	0.9138092748	0.9137049380	0.9142202963	0.9144261584	0.9138064633	0.9128221360	0.9140115445	0.9148966113	0.9130953173	0.9127231879	0.9141807795	0.9140117007	0.9141014335	0.9147057436	0.9137595274	0.9137882669	0.9136393370	0.9142934726	0.9123979163	0.9125809743	0.9145553299	0.9153659708	0.9145708711	0.9140905000	0.9130971135	0.9129969939	0.9149777535	0.9143122157	0.9141286111	0.9139603914	0.9139140802	0.9138516812	0.9136783852	0.9140344268	0.9137464853	0.9136834615	0.9139535970	0.9131469390	0.9126922617	0.9145075349	0.9138031052	0.9142592664	0.9137003303	0.9136437104	0.9139500826	0.9132345632	0.9139268880	0.9142376337	0.9135657702	0.9145060511	0.9137323498	0.9136625316	0.9133148463	0.9129942605	0.9125701970
0.9159513034	0.9147122256	0.9148968456	0.9142402889	0.9141412627	0.9132453405	0.9138694871	0.9135884962	0.9140678520	0.9143026099	0.9154471129	0.9135988049	0.9141096336	0.9140259924	0.9142934726	0.9134141069	0.9137505463	1.0000000000	0.9143525135	0.9138103681	0.9144985538	0.9138102120	0.9144109296	0.9139960814	0.9137822534	0.9139521912	0.9139190003	0.9142773847	0.9140001424	0.9135746731	0.9150554594	0.9153589421	0.9153076327	0.9134521399	0.9159891802	0.9153136462	0.9144736411	0.9150278133	0.9138230198	0.9149725991	0.9153778414	0.9145611090	0.9141112737	0.9132949318	0.9150975534	0.9157409898	0.9159349032	0.9151173899	0.9150556156	0.9146005477	0.9145803208	0.9147874325	0.9148893483	0.9154207164	0.9151138755	0.9139630466	0.9149031714	0.9158758623	0.9145506441	0.9132258945	0.9151022391	0.9146832518	0.9152245381	0.9151228566	0.9149091848	0.9154753839	0.9145198741	0.9153889311	0.9135639739	0.9136114566	0.9149927480	0.9160217464	0.9154217316	0.9150695948	0.9136021631	0.9141817947	0.9156077573	0.9144820755	0.9155124016	0.9148587345	0.9154871764	0.9149159011	0.9146160889	0.9150414801	0.9146195252	0.9141744537	0.9149323794	0.9141364988	0.9135345316	0.9149105905	0.9150588175	0.9152597596	0.9147023855	0.9151001305	0.9148334313	0.9144993348	0.9145340877	0.9146867662	0.9141233005	0.9150499926	0.9148557668	0.9146125746	0.9138989295	0.9137999813	0.9132948537
0.9151051287	0.9143416581	0.9140901876	0.9140430955	0.9132308927	0.9130579872	0.9136791662	0.9140566843	0.9134989196	0.9142965965	0.9153386370	0.9134100459	0.9134719763	0.9137961546	0.9137257897	0.9142449747	0.9132212868	0.9143525135	1.0000000000	0.9135297677	0.9139478959	0.9138682376	0.9143947637	0.9143916398	0.9135516347	0.9131716175	0.9131279616	0.9134549513	0.9133773235	0.9138922913	0.9146180413	0.9153690165	0.9145106588	0.9123938552	0.9153351227	0.9149849383	0.9140095140	0.9142406794	0.9140189637	0.9145871932	0.9150044624	0.9139025219	0.9142097532	0.9135150856	0.9144395910	0.9146358473	0.9154295413	0.9153992398	0.9146875472	0.9147499462	0.9143918741	0.9139090820	0.9146367064	0.9141609430	0.9149654142	0.9139043962	0.9150050872	0.9154298536	0.9131820043	0.9133515517	0.9153273911	0.9144190517	0.9148631860	0.9149567455	0.9147460414	0.9146037497	0.9141638325	0.9154193106	0.9134028610	0.9133961447	0.9162703273	0.9159823077	0.9148237473	0.9151405845	0.9131605278	0.9138605841	0.9155728482	0.9142848820	0.9144086648	0.9144672371	0.9149693190	0.9138307513	0.9141216605	0.9147035569	0.9145169846	0.9145044110	0.9143264293	0.9133312466	0.9131035174	0.9143746148	0.9141329845	0.9144277985	0.9140942486	0.9145174531	0.9150816998	0.9142117057	0.9143290846	0.9147669712	0.9144031200	0.9145961743	0.9149811116	0.9146003134	0.9137487501	0.9135970087	0.9133624071
0.9151188737	0.9139917861	0.9137645255	0.9137671027	0.9133913027	0.9131706023	0.9137606988	0.9132276126	0.9134918909	0.9129275662	0.9156347786	0.9134080154	0.9134027829	0.9133410086	0.9136342607	0.9144780145	0.9130377602	0.9138103681	0.9135297677	1.0000000000	0.9137365670	0.9135382021	0.9136720594	0.9130577529	0.9130530671	0.9134788488	0.9131406132	0.9131397542	0.9131792710	0.9131324131	0.9147707979	0.9146086698	0.9145245599	0.9124913196	0.9151990787	0.9152018902	0.9143643842	0.9144165526	0.9128823484	0.9142651236	0.9144365453	0.9132124619	0.9133755273	0.9122811621	0.9137393785	0.9143717252	0.9143104195	0.9144445892	0.9141647697	0.9142046770	0.9139298557	0.9140473127	0.9145437716	0.9141443865	0.9143968723	0.9135018873	0.9149287089	0.9151591714	0.9131681032	0.9131016431	0.9150499926	0.9146912958	0.9141871834	0.9142418509	0.9140420802	0.9147821219	0.9140993249	0.9145479107	0.9126996808	0.9131456114	0.9150228151	0.9155298171	0.9148526430	0.9146326454	0.9129040592	0.9138145073	0.9151592495	0.9147572092	0.9149344099	0.9142010845	0.9142844134	0.9140498899	0.9136761985	0.9142977679	0.9142161571	0.9137401595	0.9140354420	0.9130468194	0.9131132014	0.9141167404	0.9134810355	0.9144271737	0.9143201035	0.9135296896	0.9146381121	0.9137271955	0.9141816385	0.9146652897	0.9138926818	0.9143062804	0.9141364207	0.9140486403	0.9136617507	0.9129166327	0.9129103850
0.9159666884	0.9150709225	0.9141498533	0.9139801498	0.9134625267	0.9132183973	0.9141110394	0.9137110295	0.9138551955	0.9141141632	0.9150271885	0.9135089160	0.9135697531	0.9144342024	0.9137464072	0.9138755787	0.9135758446	0.9144985538	0.9139478959	0.9137365670	1.0000000000	0.9136394151	0.9148008651	0.9142660608	0.9134171527	0.9138340314	0.9136965036	0.9153105223	0.9133467097	0.9138487135	0.9142587978	0.9154833497	0.9149161354	0.9132794687	0.9153763576	0.9157084236	0.9139639057	0.9146705221	0.9140266171	0.9147354203	0.9156548494	0.9141046355	0.9139776507	0.9133509269	0.9142932383	0.9152290677	0.9150201598	0.9155519964	0.9147442452	0.9141183023	0.9143147148	0.9144062438	0.9144239717	0.9145757912	0.9150182074	0.9136340264	0.9146480304	0.9161338148	0.9135613968	0.9135958373	0.9150531165	0.9153155986	0.9149061390	0.9155001404	0.9140245866	0.9152596034	0.9145783684	0.9151081745	0.9134898604	0.9129499018	0.9157063150	0.9157736341	0.9151073935	0.9144984757	0.9131750538	0.9138149758	0.9158519648	0.9146773946	0.9145812579	0.9143903903	0.9151492532	0.9144186612	0.9145202646	0.9145523622	0.9150908371	0.9146195252	0.9142837887	0.9133417115	0.9130611892	0.9142149857	0.9144873860	0.9149877498	0.9140806599	0.9138762815	0.9145414287	0.9147237058	0.9143362694	0.9150765454	0.9145967991	0.9153204406	0.9146527942	0.9142149857	0.9140951858	0.9133094577	0.9132657237
0.9156902271	0.9146476399	0.9139321205	0.9138287989	0.9134667439	0.9129102288	0.9133250770	0.9131323350	0.9128546241	0.9140162303	0.9151494875	0.9134297262	0.9133048500	0.9131551392	0.9132084790	0.9132002008	0.9131211672	0.9138102120	0.9138682376	0.9135382021	0.9136394151	1.0000000000	0.9148163281	0.9135909953	0.9127356833	0.9133404620	0.9128283837	0.9135581948	0.9135283620	0.9134651039	0.9137375823	0.9141969454	0.9145767283	0.9132583826	0.9154214973	0.9149849383	0.9147737656	0.9141744537	0.9131169500	0.9143260388	0.9152075131	0.9133908342	0.9135134455	0.9132012942	0.9144606770	0.9141047917	0.9144011676	0.9144397472	0.9145533775	0.9139808526	0.9141280644	0.9139253261	0.9149394081	0.9141044012	0.9143789101	0.9134731478	0.9143003451	0.9155435620	0.9132718152	0.9121563640	0.9147665026	0.9151194204	0.9146779413	0.9145796960	0.9144633323	0.9147739999	0.9144643476	0.9153508982	0.9132794687	0.9128594661	0.9150093825	0.9154987347	0.9150841208	0.9142732456	0.9128815674	0.9135466365	0.9150371067	0.9144299852	0.9144302194	0.9142184219	0.9148648260	0.9142321669	0.9140309124	0.9138352809	0.9142016312	0.9134827537	0.9142433347	0.9128767254	0.9134974358	0.9142930821	0.9145198741	0.9140926086	0.9137614017	0.9144930871	0.9142882401	0.9136906463	0.9138225512	0.9143833616	0.9138886208	0.9141316568	0.9142865220	0.9141864024	0.9128368962	0.9127938651	0.9130061312
0.9159320136	0.9150752959	0.9151021611	0.9148424905	0.9143993714	0.9140824561	0.9133249208	0.9141582096	0.9135628025	0.9141758594	0.9157678550	0.9137118105	0.9141287673	0.9140054530	0.9140597300	0.9144513055	0.9138152882	0.9144109296	0.9143947637	0.9136720594	0.9148008651	0.9148163281	1.0000000000	0.9140077178	0.9133473345	0.9139403987	0.9141813261	0.9140263047	0.9153708127	0.9141609430	0.9161951205	0.9157188885	0.9155840160	0.9130553319	0.9163702127	0.9158294730	0.9149071543	0.9156917109	0.9138899484	0.9152269591	0.9151953301	0.9145004281	0.9140577776	0.9137268831	0.9151927529	0.9153129433	0.9147454166	0.9151098145	0.9153027908	0.9147272982	0.9144909004	0.9152332849	0.9155284113	0.9152594472	0.9149766601	0.9140977630	0.9153493362	0.9158086213	0.9141011992	0.9136694041	0.9149156668	0.9155844065	0.9152934973	0.9160060490	0.9151480817	0.9155949495	0.9152228200	0.9156670325	0.9132796249	0.9133653747	0.9155891703	0.9159632522	0.9150043062	0.9155565260	0.9138035738	0.9141300168	0.9157573119	0.9150774045	0.9152228981	0.9157149056	0.9151800232	0.9145301829	0.9150564746	0.9147227686	0.9154685114	0.9146563867	0.9151137974	0.9142887087	0.9135980240	0.9150132873	0.9144233470	0.9151704954	0.9145395544	0.9146877033	0.9150310933	0.9149573703	0.9149588541	0.9147636912	0.9146172604	0.9145718083	0.9152644454	0.9145203427	0.9138952590	0.9143835959	0.9136091918
0.9158112766	0.9147266735	0.9141078374	0.9141610211	0.9136891625	0.9132618189	0.9139450064	0.9137428928	0.9133286694	0.9137806915	0.9156244699	0.9136637031	0.9138993200	0.9134973577	0.9134633857	0.9140070930	0.9137723352	0.9139960814	0.9143916398	0.9130577529	0.9142660608	0.9135909953	0.9140077178	1.0000000000	0.9139197812	0.9135945877	0.9133433515	0.9132715809	0.9135239886	0.9134729135	0.9146292872	0.9150963038	0.9152624149	0.9129686449	0.9151059878	0.9149663514	0.9147080084	0.9142778533	0.9134782241	0.9144331871	0.9148201549	0.9143343951	0.9135112588	0.9134393320	0.9142184219	0.9155461392	0.9149889212	0.9149027028	0.9146939511	0.9139641400	0.9137339898	0.9140810503	0.9146805966	0.9150692044	0.9149665076	0.9137328965	0.9149707248	0.9159537244	0.9135275029	0.9133348390	0.9149537779	0.9144053067	0.9152441403	0.9149247260	0.9145607967	0.9147085551	0.9141071345	0.9151273862	0.9129491208	0.9130589244	0.9151569847	0.9159743419	0.9149390176	0.9144258460	0.9128372086	0.9134015334	0.9150122721	0.9147116008	0.9143300998	0.9143005794	0.9146206966	0.9139586732	0.9145071444	0.9144644257	0.9145536899	0.9147330774	0.9145346344	0.9135244571	0.9133421801	0.9147274544	0.9141720327	0.9154636694	0.9139892870	0.9144143659	0.9142676227	0.9140945610	0.9142591102	0.9146045307	0.9146695850	0.9149733801	0.9147277668	0.9139663267	0.9137482815	0.9132576017	0.9133969257
0.9146896558	0.9143941389	0.9141903072	0.9135681130	0.9129339701	0.9128004252	0.9131332722	0.9127585655	0.9129142898	0.9134900166	0.9154154839	0.9131716956	0.9130844619	0.9125119370	0.9135025901	0.9141073688	0.9126758614	0.9137822534	0.9135516347	0.9130530671	0.9134171527	0.9127356833	0.9133473345	0.9139197812	1.0000000000	0.9135389831	0.9133491307	0.9129154612	0.9135369526	0.9125971402	0.9137939679	0.9139364158	0.9152050921	0.9124869462	0.9143629784	0.9149135582	0.9137624169	0.9143001889	0.9138099777	0.9143436886	0.9142800400	0.9135584291	0.9136362131	0.9126761738	0.9135460118	0.9149800963	0.9144324061	0.9142682475	0.9143273665	0.9133670148	0.9141315006	0.9136726061	0.9146203061	0.9137876421	0.9142433347	0.9131707585	0.9142575483	0.9153541001	0.9134539361	0.9128850036	0.9146588858	0.9144635666	0.9142987051	0.9145756350	0.9142874592	0.9141650040	0.9139012724	0.9145963305	0.9130036321	0.9122435977	0.9147627540	0.9155658976	0.9144213945	0.9142541901	0.9132918860	0.9132578360	0.9149173068	0.9137660094	0.9147302659	0.9139055677	0.9139973310	0.9132589293	0.9137778800	0.9138918227	0.9144188955	0.9140017825	0.9140266952	0.9127845716	0.9125985460	0.9139728868	0.9136542534	0.9140666806	0.9141411065	0.9141324378	0.9139279033	0.9138935408	0.9142423975	0.9141054945	0.9136154395	0.9140680863	0.9145339315	0.9140527013	0.9134124669	0.9132163668	0.9129808280
0.9154029885	0.9137917031	0.9130038664	0.9136327769	0.9130956297	0.9128280714	0.9127162373	0.9127563788	0.9130290915	0.9135823266	0.9157464565	0.9133780264	0.9132878250	0.9133352295	0.9130983631	0.9132078543	0.9126391561	0.9139521912	0.9131716175	0.9134788488	0.9138340314	0.9133404620	0.9139403987	0.9135945877	0.9135389831	1.0000000000	0.9129036687	0.9129752831	0.9133549879	0.9131597469	0.9136629221	0.9148176558	0.9146695069	0.9124558638	0.9145475984	0.9145980487	0.9135668635	0.9144068686	0.9129459189	0.9145468955	0.9147687674	0.9134376920	0.9132847792	0.9131439714	0.9137018922	0.9148076594	0.9148413190	0.9141778118	0.9139940509	0.9132450281	0.9141668002	0.9135578043	0.9146156203	0.9140965915	0.9144398253	0.9134123888	0.9143115910	0.9154913936	0.9133217969	0.9125802714	0.9146463903	0.9143270541	0.9141339216	0.9143510297	0.9140648844	0.9140364573	0.9134209794	0.9145777436	0.9128254161	0.9123954172	0.9145721987	0.9151597962	0.9145675910	0.9147797790	0.9128428316	0.9134258995	0.9147711103	0.9141004183	0.9142171724	0.9137621827	0.9142858192	0.9135075883	0.9140918276	0.9141873396	0.9137683523	0.9140437983	0.9145646234	0.9127242812	0.9130771208	0.9143824244	0.9141411065	0.9143033128	0.9138149758	0.9138298922	0.9137996689	0.9139322767	0.9136979093	0.9141684402	0.9139411016	0.9137428928	0.9140620729	0.9138697995	0.9127489597	0.9127846497	0.9126339236
0.9146138241	0.9142995641	0.9136482400	0.9133306218	0.9128885961	0.9124998321	0.9132973527	0.9128161226	0.9130864924	0.9134954053	0.9151779927	0.9127731696	0.9132982118	0.9127299042	0.9127682495	0.9135678007	0.9122946728	0.9139190003	0.9131279616	0.9131406132	0.9136965036	0.9128283837	0.9141813261	0.9133433515	0.9133491307	0.9129036687	1.0000000000	0.9123488717	0.9128030805	0.9132785315	0.9170153672	0.9139964719	0.9141160375	0.9129156174	0.9152725674	0.9142151419	0.9144025733	0.9141242377	0.9135050111	0.9144473226	0.9261877919	0.9128553270	0.9134952491	0.9128243227	0.9140421583	0.9146251481	0.9144382634	0.9141811700	0.9140847209	0.9137972479	0.9139839765	0.9142177972	0.9140926086	0.9142598911	0.9133812283	0.9129713783	0.9139464902	0.9147648626	0.9131563106	0.9128110463	0.9143932798	0.9142949564	0.9142700437	0.9146708345	0.9140699606	0.9145311981	0.9143449381	0.9142248259	0.9126336894	0.9127884765	0.9143403305	0.9148460829	0.9143391590	0.9141466513	0.9125536405	0.9134155126	0.9146968406	0.9144395910	0.9150720939	0.9138715957	0.9142801181	0.9132650989	0.9134204327	0.9137403937	0.9138468392	0.9138395762	0.9137242278	0.9129383435	0.9132622875	0.9138053700	0.9138712834	0.9144609894	0.9132713466	0.9134191832	0.9142751980	0.9138356714	0.9142042084	0.9140766769	0.9136770576	0.9142501291	0.9141385293	0.9139960814	0.9131504534	0.9127420872	0.9123281762
0.9146566991	0.9150804502	0.9138216921	0.9141474323	0.9131821605	0.9128699310	0.9131068756	0.9129733307	0.9134904852	0.9132711904	0.9149226955	0.9134325377	0.9130819628	0.9137063437	0.9130975821	0.9138743291	0.9135733455	0.9142773847	0.9134549513	0.9131397542	0.9153105223	0.9135581948	0.9140263047	0.9132715809	0.9129154612	0.9129752831	0.9123488717	1.0000000000	0.9133882570	0.9133360886	0.9142208429	0.9151572190	0.9148636546	0.9125017845	0.9148667003	0.9148773215	0.9136540191	0.9139215774	0.9128220579	0.9148233568	0.9147308126	0.9132610379	0.9137002522	0.9134799422	0.9137559349	0.9151545638	0.9151351177	0.9146673202	0.9144748125	0.9137573407	0.9137691332	0.9142811334	0.9147252677	0.9150292190	0.9140910467	0.9134804889	0.9148660756	0.9155832350	0.9130083179	0.9130165180	0.9140751931	0.9154838183	0.9146321768	0.9148271055	0.9140016263	0.9148038327	0.9144515398	0.9147940707	0.9133469440	0.9133032100	0.9142099875	0.9150045405	0.9149294899	0.9148875521	0.9124487570	0.9134294919	0.9152807676	0.9140657434	0.9144150687	0.9141545391	0.9144630980	0.9137767086	0.9134223851	0.9140036568	0.9139145488	0.9136292625	0.9142141266	0.9134399568	0.9132907927	0.9139849136	0.9141681279	0.9143996837	0.9140783170	0.9138289551	0.9145361182	0.9143905465	0.9140858923	0.9147957107	0.9142423975	0.9146550590	0.9135741265	0.9135794370	0.9133707634	0.9127385729	0.9130279982
0.9155582442	0.9150285942	0.9140005329	0.9144020266	0.9135115712	0.9129630220	0.9130386193	0.9128549365	0.9131210891	0.9135862314	0.9153578487	0.9134006743	0.9128326790	0.9132219897	0.9134466731	0.9136081765	0.9133816969	0.9140001424	0.9133773235	0.9131792710	0.9133467097	0.9135283620	0.9153708127	0.9135239886	0.9135369526	0.9133549879	0.9128030805	0.9133882570	1.0000000000	0.9134858775	0.9139899899	0.9150364820	0.9149125429	0.9124525838	0.9156103345	0.9148885673	0.9152518719	0.9135364059	0.9133776359	0.9149620561	0.9151765869	0.9133011795	0.9132633808	0.9134910319	0.9146574800	0.9143418924	0.9147463538	0.9144344366	0.9143526697	0.9140926867	0.9142044427	0.9139178288	0.9143810187	0.9147343269	0.9148463953	0.9138605060	0.9143070614	0.9154576560	0.9134420654	0.9122764763	0.9141804671	0.9145165160	0.9143605574	0.9150339048	0.9145990639	0.9149053581	0.9147551787	0.9146809871	0.9131574821	0.9130139408	0.9145742292	0.9153005260	0.9149971214	0.9141532895	0.9132665828	0.9135288305	0.9155434839	0.9143868759	0.9142068637	0.9146943415	0.9148228102	0.9135683473	0.9141410284	0.9145882866	0.9141808576	0.9148344465	0.9143323646	0.9125863629	0.9124546924	0.9141133042	0.9146476399	0.9143637594	0.9138879179	0.9135120398	0.9153063051	0.9145492384	0.9142033493	0.9148455362	0.9143971847	0.9143284598	0.9143265074	0.9143728967	0.9137114200	0.9137232125	0.9126040908
