0.4010655631	-0.0021141683	0.0010013629	-0.0045544686	-0.0043751954	-0.0068114590	-0.0065029209	-0.0032635306	-0.0016775063	0.0012710385	-0.0050429494	-0.0064124983	-0.0061701396	-0.0072431141	-0.0048272070	-0.0099008853	-0.0023819539	-0.0081220608	-0.0061685105	-0.0000968856	-0.0031156078	-0.0068986724	0.0029262836	-0.0025684345	0.0090723050	-0.0089066444	-0.0042407955	-0.0044640756	-0.0092324528	0.0058053170	-0.0039719684	-0.0038139408	-0.0020090019	0.0014121516	-0.0078674049	-0.0135673190	-0.0050705512	-0.0019566519	-0.0054104740	-0.0074683812	-0.0019401995	0.0003343501	0.0017358761	-0.0043797079	-0.0023417131	-0.0035193490	-0.0026669745	-0.0071784659	-0.0090219344	-0.0067068841	-0.0043123775	-0.0105742961	-0.0047328198	-0.0026024230	-0.0066458880	-0.0056971020	-0.0057293002	-0.0032060233	-0.0002151619	-0.0000519230	-0.0121565027	-0.0067940981	0.0012985526	-0.0079560567	0.0086253573	0.0016993569	-0.0073936153	-0.0046541467	-0.0087040986	-0.0047957298	-0.0007613681	-0.0055281790	-0.0065326260	-0.0061219926	-0.0105840390	-0.0138435098	-0.0069179126	-0.0018192613	-0.0026626274	-0.0008984102	0.0024535467	-0.0128060759	-0.0049396282	-0.0048485616	0.0023460149	-0.0004624224	0.0017309133	-0.0092009407	-0.0069618987	-0.0042650585	-0.0043199641	-0.0040030030	-0.0132160077	-0.0118798816
-0.0021141683	0.3633585910	-0.0034084024	-0.0043876361	-0.0048489187	-0.0040761112	-0.0049728860	-0.0031945815	-0.0047693958	-0.0026882159	-0.0059490835	-0.0053891948	-0.0034975919	-0.0093337670	-0.0011827285	-0.0084471725	-0.0027804247	-0.0047628614	-0.0043630224	-0.0009553672	-0.0030900057	-0.0070516898	-0.0008037371	-0.0013187824	-0.0037945629	-0.0041528049	0.0014856533	-0.0040578927	-0.0067923649	-0.0025683579	-0.0007199181	-0.0001603183	-0.0036265350	-0.0043371778	-0.0019493126	-0.0118507343	-0.0038179523	-0.0015764875	-0.0018443082	-0.0043687242	0.0035594996	-0.0026001961	-0.0023445590	-0.0040029284	-0.0015562937	-0.0045494714	-0.0045267198	-0.0076632827	-0.0085716136	-0.0051133953	-0.0066186153	-0.0036931633	-0.0017296811	-0.0001683431	-0.0065601458	-0.0061070023	-0.0019107620	-0.0014970995	-0.0016832241	-0.0018127128	-0.0112821331	-0.0043096702	-0.0031021309	-0.0042913184	-0.0033442981	-0.0028262610	-0.0099014245	-0.0022707238	-0.0014084074	-0.0043959646	-0.0053490233	-0.0003083037	-0.0030970251	-0.0004309680	-0.0082587808	-0.0126680830	-0.0076497716	0.0043191370	0.0034642837	0.0004665827	-0.0024437743	-0.0126999020	-0.0031308423	-0.0063245533	-0.0032273446	-0.0017064904	-0.0015311173	-0.0026413166	-0.0065195983	-0.0012123988	-0.0024907422	-0.0030883968	-0.0131073949	-0.0099231827
0.0010013629	-0.0034084024	0.4305689426	-0.0035548819	-0.0046525073	-0.0069497556	-0.0074253652	-0.0021008274	-0.0046586029	0.0017342873	-0.0071615464	-0.0056365169	-0.0050605203	-0.0071804567	-0.0042417085	-0.0082911247	-0.0024940019	-0.0081657369	-0.0043936760	-0.0015790451	-0.0030353912	-0.0090335071	-0.0008330916	-0.0029060792	-0.0005152358	-0.0084810289	-0.0053977061	-0.0027918880	-0.0078682688	0.0016749544	-0.0044169060	-0.0033494487	-0.0030496513	-0.0023480325	-0.0073449439	-0.0132058619	-0.0045134693	0.0002637607	-0.0035415170	-0.0057757021	-0.0048325846	-0.0007685898	-0.0002661451	-0.0055025816	-0.0010425104	-0.0023223018	-0.0043032973	-0.0033188882	-0.0075928825	-0.0073968676	-0.0053937600	-0.0090786171	-0.0034263871	-0.0023580259	-0.0066228444	-0.0060222978	-0.0056345748	-0.0031630010	-0.0031481884	-0.0006330887	-0.0114600634	-0.0073564014	-0.0020723212	-0.0065163511	0.0007517002	0.0015326456	-0.0079432776	-0.0053086818	-0.0076104159	-0.0043426715	-0.0032740405	-0.0035093033	-0.0061276521	-0.0038099199	-0.0089537528	-0.0114926490	-0.0064273189	-0.0016077145	-0.0031799292	-0.0027009247	0.0011893697	-0.0138525550	-0.0052506689	-0.0073637247	0.0019397005	-0.0011230537	-0.0015545801	-0.0074751019	-0.0067048124	-0.0052174446	-0.0042362346	-0.0030596069	-0.0124672597	-0.0104684531
-0.0045544686	-0.0043876361	-0.0035548819	0.4762538964	-0.0045178532	-0.0068577674	-0.0064865699	-0.0055256405	-0.0041735438	-0.0050891183	-0.0060226572	-0.0054523453	-0.0041730126	-0.0064244532	-0.0047301234	-0.0056610034	-0.0016830760	-0.0068680132	-0.0035586113	-0.0028673649	-0.0045902152	-0.0085205296	-0.0042955311	-0.0047109008	-0.0043491360	-0.0065781724	-0.0039724887	-0.0034033025	-0.0055800269	-0.0038481972	-0.0045719700	-0.0044860462	-0.0060411470	-0.0061860639	-0.0025300572	-0.0104909768	-0.0026434746	-0.0049461157	-0.0032769263	-0.0040326816	-0.0027248803	-0.0027727117	-0.0035177210	-0.0047425230	-0.0039580511	-0.0046233430	-0.0039982281	-0.0066404228	-0.0072797331	-0.0067360334	-0.0059034550	-0.0067089222	-0.0042447903	-0.0038567668	-0.0049304458	-0.0049480909	-0.0040952162	-0.0020766217	-0.0032757633	-0.0059113123	-0.0094843029	-0.0079385981	-0.0057253100	-0.0041962899	-0.0044929701	-0.0042539668	-0.0080358739	-0.0022224921	-0.0045399449	-0.0049556421	-0.0062271933	-0.0031464515	-0.0037913490	-0.0034155678	-0.0073239497	-0.0084920430	-0.0086208848	-0.0019030288	-0.0047796439	-0.0042658997	-0.0062455627	-0.0114327972	-0.0018869458	-0.0079928075	-0.0048733718	-0.0037023388	-0.0044419255	-0.0052759546	-0.0054800915	-0.0033232545	-0.0045493744	-0.0043492607	-0.0128314695	-0.0074702073
-0.0043751954	-0.0048489187	-0.0046525073	-0.0045178532	0.5571749930	-0.0076174483	-0.0063495349	-0.0045929171	-0.0067355389	-0.0051868713	-0.0040020055	-0.0045697768	-0.0065973813	-0.0083561891	-0.0068808432	-0.0085627201	-0.0051088599	-0.0059219140	-0.0071182717	-0.0042532310	-0.0056641826	-0.0083658908	-0.0042918750	-0.0050771921	-0.0047758177	-0.0072853520	-0.0051583720	-0.0050590260	-0.0081349333	-0.0038700741	-0.0037353014	-0.0054382571	-0.0058755719	-0.0056497780	-0.0042790821	-0.0111469433	-0.0052945694	-0.0059860204	-0.0060805104	-0.0068151606	-0.0061410610	-0.0050717776	-0.0040698993	-0.0061286978	-0.0045100697	-0.0054474992	-0.0038920827	-0.0080766584	-0.0066223330	-0.0070194956	-0.0044661854	-0.0064196716	-0.0044659720	-0.0034625739	-0.0065679786	-0.0067774834	-0.0055865893	-0.0057787204	-0.0055771397	-0.0037287663	-0.0100182414	-0.0074735727	-0.0062606359	-0.0057528316	-0.0053440204	-0.0044499500	-0.0047584922	-0.0039360668	-0.0065531442	-0.0045117086	-0.0051717026	-0.0043373756	-0.0067906209	-0.0051461490	-0.0077449000	-0.0089737193	-0.0092805685	-0.0056096946	-0.0055394153	-0.0052176580	-0.0039957144	-0.0123364499	-0.0036069971	-0.0085526718	-0.0040823489	-0.0039671019	-0.0050990724	-0.0071937527	-0.0077676218	-0.0063752507	-0.0057125605	-0.0060043370	-0.0109345089	-0.0106335949
-0.0068114590	-0.0040761112	-0.0069497556	-0.0068577674	-0.0076174483	0.6227588638	-0.0050985586	-0.0075707928	-0.0062814669	-0.0082437507	-0.0055153081	-0.0064357163	-0.0059352931	-0.0078708657	-0.0068358660	-0.0065192965	-0.0037242091	-0.0060594208	-0.0076799921	-0.0060525459	-0.0065709879	-0.0073350695	-0.0070585762	-0.0067342891	-0.0084576615	-0.0082879028	-0.0077278962	-0.0062649111	-0.0056921576	-0.0086988652	-0.0060708690	-0.0066840759	-0.0076307892	-0.0090321279	-0.0057287899	-0.0086377440	-0.0062532120	-0.0085368409	-0.0072424586	-0.0035647989	-0.0063075673	-0.0071763383	-0.0071096991	-0.0069864146	-0.0048771098	-0.0067372220	-0.0078996873	-0.0079933243	-0.0100422575	-0.0063634059	-0.0047741460	-0.0053849947	-0.0063288173	-0.0064999778	-0.0065848024	-0.0092455463	-0.0060174913	-0.0092425295	-0.0074962043	-0.0077299289	-0.0050908356	-0.0060315417	-0.0055622975	-0.0063217713	-0.0056903844	-0.0066101030	-0.0065892723	-0.0075496628	-0.0039448630	-0.0074127807	-0.0078082998	-0.0061062833	-0.0060567372	-0.0072483426	-0.0065816613	-0.0072161595	-0.0048301718	-0.0080208801	-0.0076544200	-0.0077402258	-0.0065064722	-0.0080911637	-0.0071662286	-0.0035509396	-0.0075723222	-0.0075878318	-0.0060289814	-0.0062382087	-0.0048802589	-0.0052048268	-0.0054508722	-0.0091455004	-0.0050391411	-0.0050863102
-0.0065029209	-0.0049728860	-0.0074253652	-0.0064865699	-0.0063495349	-0.0050985586	0.5440822779	-0.0061534560	-0.0053213676	-0.0045634431	-0.0054474557	-0.0054289818	-0.0061354821	-0.0087020447	-0.0038554357	-0.0055302517	-0.0038424894	-0.0060127942	-0.0060095573	-0.0051457470	-0.0061850689	-0.0068378540	-0.0055275234	-0.0045676523	-0.0012800299	-0.0075728014	-0.0058477817	-0.0043498991	-0.0077710453	-0.0060031680	-0.0050282897	-0.0059096764	-0.0058253515	-0.0057221592	-0.0064937404	-0.0115257576	-0.0070942525	-0.0071692517	-0.0074012675	-0.0045285899	-0.0055096723	-0.0040820662	-0.0034331128	-0.0063657175	-0.0059165812	-0.0060250158	-0.0057076663	-0.0049907564	-0.0081663618	-0.0043958309	-0.0054707021	-0.0049215034	-0.0032970324	-0.0026294934	-0.0080636760	-0.0074727303	-0.0045765651	-0.0061400651	-0.0042214876	-0.0047581010	-0.0095889728	-0.0075671908	-0.0047890842	-0.0055158116	-0.0043725128	-0.0025408131	-0.0066470891	-0.0081669227	-0.0063344837	-0.0072850680	-0.0047689995	-0.0042175385	-0.0047436108	-0.0058428805	-0.0055190302	-0.0076460486	-0.0072492248	-0.0061397920	-0.0052181998	-0.0059615114	-0.0043832064	-0.0077819233	-0.0055586342	-0.0003192540	-0.0037707980	-0.0060855598	-0.0045967989	-0.0073417992	-0.0072305764	-0.0065942487	-0.0064800050	-0.0064122729	-0.0109803141	-0.0086624623
-0.0032635306	-0.0031945815	-0.0021008274	-0.0055256405	-0.0045929171	-0.0075707928	-0.0061534560	0.4781955791	-0.0029428748	-0.0060982204	0.0050105255	-0.0052333161	-0.0036652979	-0.0028504027	-0.0059624401	-0.0084855472	-0.0054226508	-0.0074329919	-0.0077889326	-0.0039752315	-0.0042997023	-0.0063540616	-0.0024050390	-0.0037067276	-0.0054459817	-0.0068013124	-0.0063658306	-0.0047668407	-0.0039234647	-0.0042290647	-0.0043740633	-0.0045843240	-0.0035927656	-0.0042595233	-0.0057544066	-0.0108621931	-0.0054520065	-0.0059752848	-0.0046441748	-0.0060243210	-0.0047919056	-0.0056609647	-0.0038878777	-0.0052065126	-0.0041865871	-0.0022145523	-0.0051051736	-0.0071221405	-0.0077579837	-0.0068403847	-0.0061674056	-0.0071889296	-0.0036739900	-0.0045430866	-0.0063670384	-0.0053878097	-0.0047229259	-0.0042481007	-0.0043134567	-0.0029493439	-0.0106158581	-0.0056555223	-0.0039027229	-0.0039726885	-0.0051627019	-0.0046963837	-0.0084475580	-0.0032203824	-0.0034277777	-0.0059175444	-0.0031537932	-0.0039855777	-0.0063099959	-0.0021165963	-0.0095579066	-0.0085947057	-0.0087929626	-0.0024852200	-0.0014367591	-0.0039308715	-0.0047109463	-0.0110972776	-0.0036473763	-0.0080467597	-0.0036807604	-0.0030830652	-0.0029343036	-0.0050551877	-0.0067325532	-0.0029594692	-0.0049407327	-0.0050952150	-0.0092117857	-0.0082102336
-0.0016775063	-0.0047693958	-0.0046586029	-0.0041735438	-0.0067355389	-0.0062814669	-0.0053213676	-0.0029428748	0.4710845460	-0.0042730626	-0.0042571476	-0.0061068901	-0.0033209466	-0.0084458518	-0.0035224323	-0.0059393177	-0.0031571459	-0.0065270424	-0.0033991469	-0.0050108133	-0.0054473600	-0.0057366832	-0.0029135118	-0.0025245777	-0.0045726357	-0.0075595228	-0.0049289531	-0.0045772407	-0.0077967234	-0.0021757757	-0.0044978901	-0.0049974581	-0.0025378159	-0.0050881908	-0.0039010810	-0.0095847718	-0.0048155739	-0.0050440534	-0.0037289180	-0.0050893128	-0.0037564258	-0.0023492097	-0.0052118526	-0.0049920152	-0.0028555057	-0.0046520487	-0.0055303844	-0.0053970585	-0.0061719591	-0.0062267733	-0.0051548844	-0.0064977057	-0.0004398974	-0.0054138148	-0.0062490118	-0.0045433160	-0.0025888258	-0.0043323514	-0.0047637848	-0.0044315309	-0.0099674664	-0.0046558525	-0.0051967642	-0.0042820560	-0.0044574412	-0.0053524386	-0.0099512858	-0.0039283099	-0.0044306733	-0.0060454238	-0.0025284346	-0.0041872276	-0.0036953585	-0.0049748992	-0.0085161517	-0.0101401295	-0.0068827074	-0.0011761455	-0.0042875265	-0.0032161701	-0.0048906163	-0.0114423939	-0.0054439384	-0.0069473019	-0.0025512863	-0.0044021376	-0.0032962932	-0.0068890322	-0.0052642781	-0.0036142452	-0.0036771985	-0.0048662026	-0.0107568254	-0.0095738338
0.0012710385	-0.0026882159	0.0017342873	-0.0050891183	-0.0051868713	-0.0082437507	-0.0045634431	-0.0060982204	-0.0042730626	0.4591723103	-0.0070193829	-0.0048492209	-0.0028879251	-0.0087133543	-0.0032221705	-0.0101803496	-0.0038754929	-0.0086983224	-0.0053532693	-0.0020986674	-0.0029157288	-0.0041205319	0.0004063647	-0.0027982349	0.0006271422	-0.0082846796	-0.0051657707	-0.0046308403	-0.0084805431	0.0027500170	-0.0052873563	-0.0035735091	-0.0023557881	-0.0002511883	-0.0065180290	-0.0152714709	-0.0056060536	-0.0053042986	-0.0046400704	-0.0050566622	-0.0041433473	0.0023789673	-0.0001902493	-0.0037392376	-0.0054394359	-0.0040614630	-0.0051703530	-0.0055565094	-0.0087444963	-0.0073504773	-0.0041828191	-0.0096910860	-0.0044014753	-0.0013138774	-0.0065024855	-0.0060988036	-0.0059584932	-0.0014575075	-0.0019204454	-0.0014858207	-0.0122473872	-0.0074706229	-0.0029440556	-0.0072701779	0.0039664732	-0.0018055906	-0.0095060351	-0.0052133975	-0.0061240971	-0.0059955591	-0.0040355104	-0.0046378844	-0.0070145630	-0.0041252404	-0.0093496896	-0.0110579662	-0.0106937797	-0.0033334859	-0.0022258411	-0.0003666830	-0.0024553308	-0.0147623609	-0.0057565190	-0.0048752305	-0.0024410318	0.0006910016	-0.0016729015	-0.0089789115	-0.0082521284	-0.0034993875	-0.0036563946	-0.0046805389	-0.0137889983	-0.0120503257
-0.0050429494	-0.0059490835	-0.0071615464	-0.0060226572	-0.0040020055	-0.0055153081	-0.0054474557	0.0050105255	-0.0042571476	-0.0070193829	0.5568446374	-0.0059784209	-0.0073262166	-0.0045853188	-0.0075127697	-0.0064139012	-0.0054850731	-0.0049408395	-0.0059970891	-0.0060682522	-0.0069767891	-0.0072016385	-0.0068624784	-0.0067002344	-0.0050663149	-0.0065955986	-0.0061365870	-0.0059151065	-0.0048141002	-0.0049842214	-0.0075155482	-0.0051490575	-0.0059902098	-0.0063301373	-0.0061355042	-0.0085385332	-0.0064256038	-0.0051458337	-0.0064685459	-0.0052969408	-0.0050900694	-0.0061112995	-0.0057921812	-0.0052275648	-0.0053112958	-0.0037460675	-0.0047706591	-0.0071627154	-0.0072938330	-0.0053892204	-0.0068917582	-0.0095745717	-0.0066479755	-0.0054157168	-0.0054536329	-0.0074274089	-0.0054202027	-0.0038074439	-0.0037020261	-0.0047623965	-0.0108393177	-0.0047696249	-0.0073828055	-0.0064036813	-0.0035103244	-0.0042745223	-0.0065191681	-0.0057880269	-0.0058814465	-0.0069534838	-0.0054841266	-0.0050467680	-0.0050990770	-0.0081023211	-0.0062870190	-0.0078695065	-0.0092703390	-0.0063047469	-0.0067070607	-0.0062962606	-0.0069395100	-0.0069981373	-0.0063260535	-0.0067781656	-0.0048606341	-0.0054723938	-0.0050877178	-0.0061759541	-0.0041662559	-0.0059003061	-0.0071268672	-0.0067278393	-0.0082295023	-0.0083037590
-0.0064124983	-0.0053891948	-0.0056365169	-0.0054523453	-0.0045697768	-0.0064357163	-0.0054289818	-0.0052333161	-0.0061068901	-0.0048492209	-0.0059784209	0.5403170592	-0.0047679860	-0.0094090125	-0.0014084665	-0.0088526636	-0.0049826454	-0.0038432882	-0.0043218059	-0.0067611609	-0.0034631416	-0.0085224534	-0.0063385738	-0.0031450685	-0.0071989437	-0.0075922542	-0.0054412841	-0.0076763669	-0.0066957618	-0.0076834098	-0.0037999984	-0.0028153229	-0.0047611576	-0.0046970625	-0.0059748611	-0.0089108639	-0.0065882498	-0.0068956275	-0.0042011243	-0.0053965184	-0.0043856298	-0.0040044453	-0.0058569324	-0.0012672806	-0.0046754822	-0.0051623357	-0.0037838231	-0.0054593483	-0.0058823809	-0.0074357016	-0.0055363052	-0.0042752978	-0.0047113182	-0.0016338267	-0.0061101876	-0.0051658699	-0.0047923763	-0.0044482753	-0.0061566156	-0.0058620587	-0.0091209994	-0.0049443487	-0.0063530018	-0.0048458493	-0.0059879262	-0.0066067066	-0.0079996881	-0.0054823968	-0.0053054394	-0.0048543905	-0.0056814126	-0.0069113434	-0.0055593129	-0.0046574410	-0.0086799981	-0.0102365801	-0.0083471027	-0.0041995033	-0.0053879079	-0.0046234953	-0.0070207697	-0.0111140153	-0.0061397330	-0.0083009820	-0.0066339134	-0.0059335183	-0.0047140782	-0.0057430911	-0.0075006587	-0.0060484203	-0.0019666509	-0.0055480161	-0.0085962633	-0.0090286622
-0.0061701396	-0.0034975919	-0.0050605203	-0.0041730126	-0.0065973813	-0.0059352931	-0.0061354821	-0.0036652979	-0.0033209466	-0.0028879251	-0.0073262166	-0.0047679860	0.4083190497	-0.0064189062	-0.0025683763	-0.0062103510	-0.0016268457	-0.0025106326	-0.0041291085	-0.0035305172	-0.0014356523	-0.0050581092	-0.0029843068	-0.0003084813	-0.0057806608	-0.0031145980	-0.0031906469	-0.0041665840	-0.0080723637	-0.0054871222	-0.0000702211	-0.0028325201	-0.0042468054	-0.0047727779	0.0000935510	-0.0121419555	-0.0029555987	-0.0040306217	0.0000673371	-0.0010236188	-0.0026799642	-0.0041494192	-0.0042458969	-0.0027875409	-0.0023661848	-0.0048736552	-0.0054645982	-0.0069707548	-0.0070073781	-0.0064293629	-0.0055006756	-0.0048047860	-0.0035181711	-0.0001090499	-0.0063074873	-0.0031167173	-0.0011176292	-0.0022425979	-0.0015777582	-0.0051154003	-0.0107151624	-0.0080070712	-0.0047658767	-0.0033883692	-0.0012630686	-0.0051423401	-0.0075109728	-0.0015093277	-0.0017083519	-0.0042490372	-0.0042965685	-0.0025994458	-0.0030826008	-0.0040610170	-0.0076146511	-0.0105227525	-0.0081443370	-0.0034081087	-0.0029248686	-0.0015019771	-0.0038369034	-0.0135635822	-0.0038049298	-0.0082651798	-0.0026929268	-0.0025018795	-0.0036073627	-0.0043997863	-0.0046109732	-0.0027106109	0.0006685601	-0.0024237693	-0.0129463913	-0.0087780950
-0.0072431141	-0.0093337670	-0.0071804567	-0.0064244532	-0.0083561891	-0.0078708657	-0.0087020447	-0.0028504027	-0.0084458518	-0.0087133543	-0.0045853188	-0.0094090125	-0.0064189062	0.6378418264	-0.0073865426	-0.0049050192	-0.0058424165	-0.0062225477	-0.0069363003	-0.0079314283	-0.0078778905	-0.0064409619	-0.0076518506	-0.0088230896	-0.0070409418	-0.0057664680	-0.0081447558	-0.0063809124	-0.0043472055	-0.0092186664	-0.0058212670	-0.0073962627	-0.0069658391	-0.0059362462	-0.0066898287	-0.0031450842	-0.0057103128	-0.0093025247	-0.0061958304	-0.0063726886	-0.0061058549	-0.0067531110	-0.0082665854	-0.0049753923	-0.0079861598	-0.0075316491	-0.0074210809	-0.0060370898	-0.0051505384	-0.0066739560	-0.0060074847	-0.0057632733	-0.0086947722	-0.0080807114	-0.0067808266	-0.0073677517	-0.0075899748	-0.0064112984	-0.0084788955	-0.0068164358	-0.0029149845	-0.0073150695	-0.0084323502	-0.0048548078	-0.0072709421	-0.0087896585	-0.0049892650	-0.0095994373	-0.0063682155	-0.0051426334	-0.0073868856	-0.0068393919	-0.0084161357	-0.0067155835	-0.0064082302	-0.0063621365	-0.0083651517	-0.0078550030	-0.0067039646	-0.0066788539	-0.0082893945	-0.0049767936	-0.0076967249	-0.0050125857	-0.0077023037	-0.0085070295	-0.0089149169	-0.0051712692	-0.0066691437	-0.0072702637	-0.0070387448	-0.0084628044	-0.0027333272	-0.0031083636
-0.0048272070	-0.0011827285	-0.0042417085	-0.0047301234	-0.0068808432	-0.0068358660	-0.0038554357	-0.0059624401	-0.0035224323	-0.0032221705	-0.0075127697	-0.0014084665	-0.0025683763	-0.0073865426	0.4602487129	-0.0076193765	-0.0055777798	-0.0072859281	-0.0054578576	-0.0021445709	-0.0028495814	-0.0043479183	-0.0031652702	0.0000754965	-0.0050536218	-0.0080101617	-0.0047367387	-0.0054193330	-0.0082750351	-0.0041411797	-0.0008553997	-0.0043532064	-0.0006950393	-0.0072351457	-0.0037804876	-0.0126717329	-0.0052480171	-0.0047212838	-0.0037044013	-0.0044122504	-0.0003444624	-0.0041011937	-0.0050331259	-0.0007056917	-0.0028750376	-0.0036334590	-0.0004620720	-0.0075861847	-0.0092649178	-0.0057021477	-0.0049099267	-0.0046600767	-0.0041296373	-0.0018446739	-0.0067895004	-0.0059465744	-0.0033313516	-0.0050141963	-0.0038387342	-0.0029327688	-0.0097634441	-0.0059936387	-0.0062961255	-0.0043288904	-0.0032708758	-0.0041077876	-0.0086313635	-0.0039725478	-0.0038725901	-0.0054330150	-0.0042136542	-0.0035053208	-0.0041162214	-0.0037905178	-0.0090786944	-0.0097510312	-0.0080708668	-0.0029468913	-0.0035747167	-0.0037240555	-0.0051917947	-0.0118388315	-0.0048191872	-0.0051357788	-0.0033294666	-0.0040476146	-0.0023136883	-0.0054693110	-0.0056485803	-0.0050800053	-0.0035298267	-0.0020612574	-0.0142236297	-0.0101888281
-0.0099008853	-0.0084471725	-0.0082911247	-0.0056610034	-0.0085627201	-0.0065192965	-0.0055302517	-0.0084855472	-0.0059393177	-0.0101803496	-0.0064139012	-0.0088526636	-0.0062103510	-0.0049050192	-0.0076193765	0.6445800367	-0.0060698989	-0.0067062100	-0.0071146191	-0.0096300996	-0.0099077102	-0.0028633373	-0.0100214925	-0.0076687418	-0.0098812567	-0.0057899018	-0.0054774208	-0.0069617483	-0.0074621267	-0.0106663293	-0.0081241871	-0.0070236443	-0.0089422374	-0.0074165914	-0.0062704023	-0.0044092774	-0.0070358609	-0.0063810804	-0.0066753425	-0.0065952015	-0.0074394326	-0.0082570285	-0.0089908260	-0.0060319600	-0.0097500717	-0.0055626812	-0.0047713728	-0.0077493858	0.0003897417	-0.0075463115	-0.0054171938	-0.0039952299	-0.0064577688	-0.0075118219	-0.0022874425	-0.0051262359	-0.0061970183	-0.0107770662	-0.0073936629	-0.0094478521	-0.0051342107	-0.0079622680	-0.0069576038	-0.0044647602	-0.0075609628	-0.0096310923	-0.0059630004	-0.0065640360	0.0011483564	-0.0047172359	-0.0072564793	-0.0069061375	-0.0067302265	-0.0067762041	-0.0060497944	-0.0067931283	-0.0045984243	-0.0091444902	-0.0089685703	-0.0096418146	-0.0087915119	-0.0043679513	-0.0065542928	-0.0058755806	-0.0109007087	-0.0092108575	-0.0069467033	-0.0055176219	-0.0062998517	-0.0077987965	-0.0093303162	-0.0064258719	-0.0023733665	-0.0065802041
-0.0023819539	-0.0027804247	-0.0024940019	-0.0016830760	-0.0051088599	-0.0037242091	-0.0038424894	-0.0054226508	-0.0031571459	-0.0038754929	-0.0054850731	-0.0049826454	-0.0016268457	-0.0058424165	-0.0055777798	-0.0060698989	0.4207559638	-0.0052567911	-0.0045125753	-0.0041670815	-0.0032925507	-0.0077960606	-0.0009850310	-0.0053388995	-0.0043030639	-0.0058368356	-0.0050248465	-0.0061918934	-0.0062547684	-0.0042767876	-0.0027196219	-0.0030588301	-0.0037699015	-0.0044906892	-0.0041661761	-0.0114651480	-0.0049180052	-0.0021770059	-0.0037398498	-0.0026102686	-0.0046166659	-0.0029991604	-0.0022010389	-0.0018759602	-0.0031644091	0.0005022994	-0.0058980051	-0.0059784343	-0.0076799433	-0.0067792181	-0.0060514440	-0.0038801487	-0.0024115691	-0.0026380898	-0.0037544851	-0.0056302924	-0.0029988223	-0.0024687815	-0.0008214864	-0.0029701054	-0.0084986227	-0.0050262864	-0.0052922853	-0.0052096028	-0.0029501746	-0.0013600793	-0.0068481885	-0.0046971868	-0.0030057559	-0.0040214016	-0.0059369529	-0.0044036397	-0.0025018045	-0.0033630392	-0.0068728030	-0.0105816876	-0.0074266354	-0.0018899940	-0.0046406663	-0.0039575932	-0.0010427496	-0.0107232018	-0.0041027014	-0.0056929290	-0.0054308602	-0.0033683316	-0.0018290060	-0.0054338056	-0.0067274422	-0.0038889076	-0.0046371183	-0.0061259625	-0.0089148393	-0.0096303031
-0.0081220608	-0.0047628614	-0.0081657369	-0.0068680132	-0.0059219140	-0.0060594208	-0.0060127942	-0.0074329919	-0.0065270424	-0.0086983224	-0.0049408395	-0.0038432882	-0.0025106326	-0.0062225477	-0.0072859281	-0.0067062100	-0.0052567911	0.5727927397	-0.0053699742	-0.0073699620	-0.0078736001	-0.0043051315	-0.0095076860	-0.0059699581	-0.0071574573	-0.0079807607	-0.0061475502	-0.0059497085	-0.0075709893	-0.0087664714	-0.0037902490	-0.0050070044	-0.0063773902	-0.0064719539	-0.0015578019	-0.0090868924	-0.0045640351	-0.0066554056	-0.0046935174	-0.0019549274	-0.0058300211	-0.0060628280	-0.0081662425	-0.0062226647	-0.0042975801	-0.0075516876	-0.0077577908	-0.0076175698	-0.0056431675	-0.0062319950	-0.0049304142	-0.0015954540	-0.0046987337	-0.0045489384	-0.0047140644	-0.0056586045	-0.0049254247	-0.0061566351	-0.0065403216	-0.0071318283	-0.0091588421	-0.0063168597	-0.0066282858	-0.0021464761	-0.0096546899	-0.0094826829	-0.0078614510	-0.0040779710	-0.0003067231	-0.0065780329	-0.0057102622	-0.0038246448	-0.0043857564	-0.0049404423	-0.0054347310	-0.0086665660	-0.0073119667	-0.0055200597	-0.0083444771	-0.0068664601	-0.0067298802	-0.0088753729	-0.0055800913	-0.0080625395	-0.0084394750	-0.0076861260	-0.0077026909	-0.0056620046	-0.0060260848	-0.0046618860	-0.0039725949	-0.0075445461	-0.0073921639	-0.0054921150
-0.0061685105	-0.0043630224	-0.0043936760	-0.0035586113	-0.0071182717	-0.0076799921	-0.0060095573	-0.0077889326	-0.0033991469	-0.0053532693	-0.0059970891	-0.0043218059	-0.0041291085	-0.0069363003	-0.0054578576	-0.0071146191	-0.0045125753	-0.0053699742	0.4827680926	-0.0054669379	-0.0058120678	-0.0058006366	-0.0048023470	-0.0040218026	-0.0027493295	-0.0067617339	-0.0058627245	-0.0063259171	-0.0083427715	-0.0045444456	-0.0035878461	-0.0059226469	-0.0035848007	-0.0031805673	-0.0031248820	-0.0128178244	-0.0040196349	-0.0050795062	-0.0027294650	-0.0032203451	-0.0043453311	-0.0044567612	-0.0041702188	-0.0023787506	-0.0021885674	-0.0040942662	-0.0049626242	-0.0037173970	-0.0046699032	-0.0062859731	-0.0051819496	-0.0052706874	-0.0042087776	-0.0029252967	-0.0032719019	-0.0038915469	-0.0028638523	-0.0017578835	-0.0064469089	-0.0061223841	-0.0097350513	-0.0054197881	-0.0064261349	-0.0064402091	-0.0040448640	-0.0063730136	-0.0052406562	-0.0042999411	-0.0017143908	-0.0050653622	-0.0051188377	-0.0033755710	-0.0030661133	-0.0058831435	-0.0065165801	-0.0086297506	-0.0062179016	-0.0051020425	-0.0058500774	-0.0040038418	-0.0071479377	-0.0105855432	-0.0049355569	-0.0075137645	-0.0060949209	-0.0054149202	-0.0040996481	-0.0054230738	-0.0040046727	-0.0041052659	-0.0021679177	-0.0034834094	-0.0112525904	-0.0073740661
-0.0000968856	-0.0009553672	-0.0015790451	-0.0028673649	-0.0042532310	-0.0060525459	-0.0051457470	-0.0039752315	-0.0050108133	-0.0020986674	-0.0060682522	-0.0067611609	-0.0035305172	-0.0079314283	-0.0021445709	-0.0096300996	-0.0041670815	-0.0073699620	-0.0054669379	0.4007741632	-0.0036411490	-0.0082877494	-0.0016037156	-0.0028928622	0.0006561404	-0.0071010374	-0.0035412860	-0.0032263811	-0.0074799628	0.0011881490	-0.0024673248	-0.0032521283	-0.0039473896	-0.0033656282	-0.0015045197	-0.0119714278	-0.0030370014	-0.0021044314	-0.0041412366	-0.0059473882	0.0003899859	-0.0029382466	-0.0039236253	-0.0038658828	-0.0031967698	-0.0010615946	-0.0038499916	-0.0070883983	-0.0079430947	-0.0067527978	-0.0025322776	-0.0054847923	-0.0049114355	-0.0013895852	-0.0071254303	-0.0039179478	-0.0030484674	0.0002442921	-0.0037630183	-0.0025551730	-0.0103867761	-0.0069406992	-0.0028738696	-0.0034024698	0.0033074136	-0.0021444072	-0.0074791438	-0.0025221051	-0.0033867298	-0.0044048847	-0.0027241142	-0.0023493551	-0.0043986532	-0.0048908454	-0.0079697940	-0.0116794311	-0.0086258619	-0.0018627825	-0.0035216587	-0.0039826748	0.0002066653	-0.0128562366	-0.0049402107	-0.0050479182	-0.0024216415	-0.0005573428	-0.0036155468	-0.0037287295	-0.0061030648	-0.0030279706	-0.0042179019	-0.0025019710	-0.0125825790	-0.0096533819
-0.0031156078	-0.0030900057	-0.0030353912	-0.0045902152	-0.0056641826	-0.0065709879	-0.0061850689	-0.0042997023	-0.0054473600	-0.0029157288	-0.0069767891	-0.0034631416	-0.0014356523	-0.0078778905	-0.0028495814	-0.0099077102	-0.0032925507	-0.0078736001	-0.0058120678	-0.0036411490	0.4437850720	-0.0066744951	-0.0014048675	-0.0055987798	-0.0019505718	-0.0082701221	-0.0004472563	-0.0036189529	-0.0076680231	-0.0019083156	-0.0021722311	-0.0011066930	-0.0025808135	-0.0026410732	-0.0043549361	-0.0118930726	-0.0044445168	-0.0036381606	-0.0044310785	-0.0036612897	0.0004981139	-0.0051104779	-0.0032241599	-0.0039235239	-0.0003012937	-0.0021392576	-0.0056970045	-0.0059858891	-0.0074269923	-0.0077528421	-0.0051299723	-0.0088548407	-0.0042855203	-0.0012237269	-0.0067151504	-0.0058476260	-0.0040362224	-0.0016255900	-0.0033435637	-0.0046968431	-0.0104833911	-0.0057466198	-0.0018701446	-0.0051544306	-0.0029885741	-0.0013723168	-0.0089596514	-0.0023340804	-0.0061655417	-0.0033957612	-0.0039992446	-0.0045429989	-0.0055501334	-0.0040523701	-0.0087660689	-0.0129592292	-0.0087678483	0.0011743536	-0.0010374774	-0.0018571438	-0.0041362493	-0.0125501728	-0.0048123816	-0.0076865271	-0.0038741883	-0.0009497902	-0.0029581715	-0.0062232547	-0.0052710576	-0.0057470874	-0.0042790864	-0.0026077835	-0.0104010903	-0.0101275431
-0.0068986724	-0.0070516898	-0.0090335071	-0.0085205296	-0.0083658908	-0.0073350695	-0.0068378540	-0.0063540616	-0.0057366832	-0.0041205319	-0.0072016385	-0.0085224534	-0.0050581092	-0.0064409619	-0.0043479183	-0.0028633373	-0.0077960606	-0.0043051315	-0.0058006366	-0.0082877494	-0.0066744951	0.6065474205	-0.0088388089	-0.0055637413	-0.0077464084	-0.0058395543	-0.0069236883	-0.0045388040	-0.0050495962	-0.0095162816	-0.0065568698	-0.0070623778	-0.0074763004	-0.0059817590	-0.0044503078	-0.0061038144	-0.0059859813	-0.0066239497	-0.0065762428	-0.0071509716	-0.0067910391	-0.0069542858	-0.0068109851	-0.0052893152	-0.0072710185	-0.0087397637	-0.0071655126	-0.0077983262	-0.0060439862	-0.0053504307	-0.0068669636	-0.0030540281	-0.0049853165	-0.0071112055	-0.0040646900	-0.0094520664	-0.0039230576	-0.0071942340	-0.0080157667	-0.0075284810	-0.0032499350	-0.0058028218	-0.0077284340	-0.0050978019	-0.0077187753	-0.0096208100	-0.0072338925	-0.0056692383	-0.0049497283	-0.0067413358	-0.0048273956	-0.0081345698	-0.0056445801	-0.0076685220	-0.0056049195	-0.0066039830	-0.0070510939	-0.0081516587	-0.0097288405	-0.0070576777	-0.0087717211	-0.0044089325	-0.0074091882	-0.0064178687	-0.0063311029	-0.0083323945	-0.0080711463	-0.0030397155	-0.0049575997	-0.0050518904	-0.0066788775	-0.0063394713	-0.0029891127	-0.0075134735
0.0029262836	-0.0008037371	-0.0008330916	-0.0042955311	-0.0042918750	-0.0070585762	-0.0055275234	-0.0024050390	-0.0029135118	0.0004063647	-0.0068624784	-0.0063385738	-0.0029843068	-0.0076518506	-0.0031652702	-0.0100214925	-0.0009850310	-0.0095076860	-0.0048023470	-0.0016037156	-0.0014048675	-0.0088388089	0.3982873376	-0.0029707360	0.0003742717	-0.0045457324	-0.0028126579	-0.0040589803	-0.0093299158	0.0022104874	-0.0006763532	-0.0026267598	-0.0006624113	-0.0038431029	-0.0048992046	-0.0152179290	-0.0048341383	-0.0027159662	-0.0047790173	-0.0060181641	-0.0006322077	-0.0024784011	0.0019335115	-0.0024364593	-0.0022074545	-0.0032904843	-0.0059138602	-0.0055278119	-0.0087958014	-0.0068250456	-0.0040888005	-0.0101822887	-0.0046089727	0.0011531237	-0.0067693418	-0.0059287182	-0.0034190908	-0.0001696378	-0.0031534685	-0.0003902119	-0.0124786838	-0.0075312576	-0.0038888619	-0.0063650591	0.0012543258	0.0006718709	-0.0078899759	-0.0038955974	-0.0055635104	-0.0040869656	-0.0041328866	-0.0026226247	-0.0054570483	-0.0044324468	-0.0094321945	-0.0138180712	-0.0088772000	0.0005463187	0.0020889308	0.0026069662	-0.0010075635	-0.0153928283	-0.0049955525	-0.0064820388	0.0030980261	-0.0010526326	-0.0015574330	-0.0044543902	-0.0070170489	-0.0039418890	-0.0023008229	-0.0038045602	-0.0145136315	-0.0114606040
-0.0025684345	-0.0013187824	-0.0029060792	-0.0047109008	-0.0050771921	-0.0067342891	-0.0045676523	-0.0037067276	-0.0025245777	-0.0027982349	-0.0067002344	-0.0031450685	-0.0003084813	-0.0088230896	0.0000754965	-0.0076687418	-0.0053388995	-0.0059699581	-0.0040218026	-0.0028928622	-0.0055987798	-0.0055637413	-0.0029707360	0.3972375896	-0.0033692041	-0.0071222967	-0.0028229744	-0.0033630676	-0.0062054436	-0.0013025891	-0.0021048252	-0.0009764625	0.0012291709	-0.0054696425	-0.0006264367	-0.0132441690	-0.0033803981	-0.0052458150	-0.0031296377	-0.0048852998	-0.0019406674	-0.0034929973	-0.0036198885	-0.0025818570	-0.0019508972	-0.0036131301	-0.0052732864	-0.0063044936	-0.0061706281	-0.0064141427	-0.0049927671	-0.0062974412	-0.0003583817	-0.0009644014	-0.0047914317	-0.0073185008	-0.0020885131	-0.0027802738	-0.0034630837	-0.0038759120	-0.0116026784	-0.0038289694	-0.0046759390	-0.0044440781	-0.0039031473	0.0040423162	-0.0081489905	-0.0020104998	-0.0035502499	-0.0048549660	-0.0046220642	-0.0009109339	-0.0016980507	-0.0029373212	-0.0069437154	-0.0109618702	-0.0081707036	-0.0004497750	-0.0042571452	-0.0036654320	0.0012605895	-0.0123374117	-0.0046157284	-0.0078671375	-0.0018358630	-0.0033123477	-0.0023998424	-0.0035846182	-0.0054992727	-0.0011884544	-0.0038643880	-0.0045416601	-0.0156979392	-0.0080077470
0.0090723050	-0.0037945629	-0.0005152358	-0.0043491360	-0.0047758177	-0.0084576615	-0.0012800299	-0.0054459817	-0.0045726357	0.0006271422	-0.0050663149	-0.0071989437	-0.0057806608	-0.0070409418	-0.0050536218	-0.0098812567	-0.0043030639	-0.0071574573	-0.0027493295	0.0006561404	-0.0019505718	-0.0077464084	0.0003742717	-0.0033692041	0.4186843870	-0.0073577614	-0.0068784387	-0.0030936545	-0.0095661118	0.0079925780	-0.0029039349	-0.0030330328	-0.0043090367	-0.0009543927	-0.0063491159	-0.0138756641	-0.0064877284	-0.0021444385	-0.0058608232	-0.0061018324	-0.0040334370	0.0001515649	-0.0022571026	-0.0045464314	-0.0026485156	-0.0037551446	-0.0048076950	-0.0041443493	-0.0097653776	-0.0065321964	-0.0031776986	-0.0093461625	-0.0057781848	-0.0033040752	-0.0064701977	-0.0049469785	-0.0038450432	-0.0039759579	-0.0033787108	0.0016795910	-0.0115780245	-0.0076280289	0.0010080792	-0.0066537467	0.0090456049	0.0018680494	-0.0084291500	-0.0060856765	-0.0069757982	-0.0057449726	-0.0039551835	-0.0045864817	-0.0041847793	-0.0054170136	-0.0099803835	-0.0117943751	-0.0101222608	-0.0018914045	-0.0027816259	-0.0014295337	0.0011111326	-0.0138345985	-0.0055717490	-0.0061046431	-0.0008674795	0.0006258369	-0.0011116762	-0.0080222908	-0.0077457882	-0.0064951958	-0.0061283626	-0.0020468411	-0.0141948506	-0.0054167082
-0.0089066444	-0.0041528049	-0.0084810289	-0.0065781724	-0.0072853520	-0.0082879028	-0.0075728014	-0.0068013124	-0.0075595228	-0.0082846796	-0.0065955986	-0.0075922542	-0.0031145980	-0.0057664680	-0.0080101617	-0.0057899018	-0.0058368356	-0.0079807607	-0.0067617339	-0.0071010374	-0.0082701221	-0.0058395543	-0.0045457324	-0.0071222967	-0.0073577614	0.5694617046	-0.0054179133	-0.0058540876	-0.0061625555	-0.0068111200	-0.0052790607	-0.0048841130	-0.0061356385	-0.0073991501	-0.0050052858	-0.0090997510	-0.0035463096	-0.0050933703	-0.0065763579	-0.0086090118	-0.0062977887	-0.0066254910	-0.0061605964	-0.0061709156	-0.0055385876	-0.0047619431	-0.0072610216	-0.0061562828	-0.0080728174	-0.0040611463	-0.0047445232	-0.0072585036	-0.0047424864	0.0031856551	-0.0066076400	-0.0065825460	-0.0045271420	-0.0027293266	-0.0056014337	-0.0072727080	-0.0061326198	-0.0052858366	-0.0053773647	-0.0072650337	-0.0067233376	-0.0067731569	-0.0057419551	-0.0068389043	-0.0058448415	-0.0052170495	-0.0079701360	-0.0031209911	-0.0066756459	-0.0068766212	-0.0041318062	-0.0071920735	-0.0054168472	-0.0037711566	-0.0029759205	-0.0061409134	-0.0053982216	-0.0081319798	-0.0065771080	-0.0084796753	-0.0081330947	-0.0048364797	-0.0078975313	-0.0039837932	-0.0065491671	-0.0027028781	-0.0075691135	-0.0061232471	-0.0063104638	-0.0058407314
-0.0042407955	0.0014856533	-0.0053977061	-0.0039724887	-0.0051583720	-0.0077278962	-0.0058477817	-0.0063658306	-0.0049289531	-0.0051657707	-0.0061365870	-0.0054412841	-0.0031906469	-0.0081447558	-0.0047367387	-0.0054774208	-0.0050248465	-0.0061475502	-0.0058627245	-0.0035412860	-0.0004472563	-0.0069236883	-0.0028126579	-0.0028229744	-0.0068784387	-0.0054179133	0.4564142954	-0.0029262014	-0.0079840569	-0.0054144028	-0.0015798710	-0.0012182198	-0.0031999837	-0.0038412865	-0.0030282169	-0.0110661412	-0.0028174147	-0.0047987809	-0.0048507205	-0.0051237295	0.0034208979	-0.0046189449	-0.0033528002	-0.0058117529	-0.0048778744	-0.0045866840	-0.0044578299	-0.0056434193	-0.0072433219	-0.0058016758	-0.0060497109	-0.0068906915	-0.0060892712	-0.0045559324	-0.0073589294	-0.0052182201	-0.0029338907	-0.0031869277	-0.0046645814	-0.0052909707	-0.0097055913	-0.0061669070	-0.0031189366	-0.0059218675	-0.0053735826	-0.0056557718	-0.0077452546	-0.0020513247	-0.0032088816	-0.0030550090	-0.0051746068	-0.0035150306	-0.0056434608	-0.0076415766	-0.0073040534	-0.0118322395	-0.0066655392	0.0038425720	0.0029546570	-0.0025226240	-0.0040105423	-0.0114058803	-0.0040114364	-0.0067250025	-0.0037779708	-0.0012613659	-0.0038458344	-0.0059145044	-0.0061923657	-0.0044027680	-0.0058092961	-0.0056473868	-0.0111220350	-0.0073946103
-0.0044640756	-0.0040578927	-0.0027918880	-0.0034033025	-0.0050590260	-0.0062649111	-0.0043498991	-0.0047668407	-0.0045772407	-0.0046308403	-0.0059151065	-0.0076763669	-0.0041665840	-0.0063809124	-0.0054193330	-0.0069617483	-0.0061918934	-0.0059497085	-0.0063259171	-0.0032263811	-0.0036189529	-0.0045388040	-0.0040589803	-0.0033630676	-0.0030936545	-0.0058540876	-0.0029262014	0.4762912059	-0.0064459917	-0.0026327897	-0.0062252858	-0.0056833005	-0.0058144430	-0.0029748325	-0.0026768435	-0.0105524559	-0.0041894052	-0.0033440873	-0.0033541464	-0.0060341108	-0.0046343140	-0.0019536036	-0.0039107106	-0.0055621630	-0.0033892658	-0.0036857455	-0.0046729239	-0.0047310386	-0.0068403776	-0.0062160554	-0.0060261397	-0.0050390682	-0.0064338335	-0.0037497438	-0.0054873099	-0.0066472521	-0.0054894434	-0.0046586123	-0.0053261119	-0.0041229874	-0.0090360289	-0.0066790050	-0.0013879213	-0.0047019069	-0.0033739697	-0.0041919187	-0.0082878603	-0.0025258108	-0.0055445675	-0.0048636323	-0.0053086537	-0.0038855478	-0.0031141959	-0.0064518074	-0.0087357782	-0.0094719448	-0.0060987676	-0.0049634084	-0.0035877835	-0.0018852553	-0.0049865450	-0.0099747935	-0.0065512585	-0.0070532103	-0.0026980850	-0.0041433304	-0.0058219669	-0.0044610713	-0.0069168109	-0.0044518818	-0.0049606583	-0.0040228287	-0.0092461303	-0.0083688627
-0.0092324528	-0.0067923649	-0.0078682688	-0.0055800269	-0.0081349333	-0.0056921576	-0.0077710453	-0.0039234647	-0.0077967234	-0.0084805431	-0.0048141002	-0.0066957618	-0.0080723637	-0.0043472055	-0.0082750351	-0.0074621267	-0.0062547684	-0.0075709893	-0.0083427715	-0.0074799628	-0.0076680231	-0.0050495962	-0.0093299158	-0.0062054436	-0.0095661118	-0.0061625555	-0.0079840569	-0.0064459917	0.6478071273	-0.0102299709	-0.0067088062	-0.0062068011	-0.0068486270	-0.0076145537	-0.0057672146	-0.0035458209	-0.0072367023	-0.0068806733	-0.0064446709	-0.0084076042	-0.0073699502	-0.0075535624	-0.0093359504	-0.0080693215	-0.0053500474	-0.0091994744	-0.0079499930	-0.0068049747	-0.0039099156	-0.0055513906	-0.0076740667	-0.0058071295	-0.0050416340	-0.0076658036	-0.0074063310	-0.0065256274	-0.0067032310	-0.0080843285	-0.0078138502	-0.0082015093	-0.0066686826	-0.0068275187	-0.0111478754	-0.0069522595	-0.0090554421	-0.0092485950	-0.0085713735	-0.0065291885	-0.0057550828	-0.0042135826	-0.0051270577	-0.0050671577	-0.0053566540	-0.0081299996	-0.0070865980	-0.0013142353	-0.0035264537	-0.0081602552	-0.0079351084	-0.0086183523	-0.0086733247	-0.0067798052	-0.0053640676	-0.0091068373	-0.0077928163	-0.0079737646	-0.0070879050	-0.0048332920	-0.0075183272	-0.0060840753	-0.0070678916	-0.0085526790	-0.0029231215	-0.0058494509
0.0058053170	-0.0025683579	0.0016749544	-0.0038481972	-0.0038700741	-0.0086988652	-0.0060031680	-0.0042290647	-0.0021757757	0.0027500170	-0.0049842214	-0.0076834098	-0.0054871222	-0.0092186664	-0.0041411797	-0.0106663293	-0.0042767876	-0.0087664714	-0.0045444456	0.0011881490	-0.0019083156	-0.0095162816	0.0022104874	-0.0013025891	0.0079925780	-0.0068111200	-0.0054144028	-0.0026327897	-0.0102299709	0.4121260118	-0.0045422941	-0.0029155884	-0.0016841686	-0.0003317115	-0.0065727438	-0.0156525614	-0.0059701487	-0.0012837637	-0.0044954580	-0.0056266271	-0.0038663749	0.0034128725	0.0002994708	-0.0031624784	-0.0034174519	-0.0029862251	-0.0017735445	-0.0057230571	-0.0098609100	-0.0069089718	-0.0055770734	-0.0106734471	-0.0044449909	-0.0023357164	-0.0088099327	-0.0076239998	-0.0053783974	-0.0018501073	-0.0039623652	0.0008525585	-0.0130815976	-0.0069299374	0.0008223337	-0.0090234442	0.0049955217	0.0074129641	-0.0084344651	-0.0054839101	-0.0090890115	-0.0054300227	-0.0027614804	-0.0062908689	-0.0036665222	-0.0038753746	-0.0108779761	-0.0137773917	-0.0100678826	-0.0027473545	-0.0022044421	0.0005823155	0.0026959086	-0.0145153709	-0.0047758837	-0.0024192000	0.0020552658	-0.0012119597	0.0014165484	-0.0083865825	-0.0081303020	-0.0054662802	-0.0053177449	-0.0019724091	-0.0160657279	-0.0098824164
