0.3990415907	-0.0020991199	0.0006808338	-0.0044901676	-0.0046132427	-0.0067277258	-0.0064108501	-0.0032844176	-0.0017006355	0.0012642116	-0.0046305729	-0.0064854230	-0.0063501184	-0.0070331993	-0.0049575574	-0.0095846256	-0.0021626537	-0.0083518101	-0.0063968164	0.0001280949	-0.0032939434	-0.0066527103	0.0026693197	-0.0026033276	0.0088932751	-0.0085704915	-0.0043260920	-0.0041094069	-0.0086240249	0.0054995091	-0.0043570519	-0.0040447179	-0.0021814514	0.0010927770	-0.0082064636	-0.0123296548	-0.0052141331	-0.0019948716	-0.0055182908	-0.0074963768	-0.0021908452	0.0002400957	0.0013217584	-0.0047362029	-0.0024162263	-0.0035653312	-0.0027918517	-0.0068369425	-0.0084298429	-0.0064022926	-0.0043510413	-0.0104840660	-0.0049882845	-0.0029291175	-0.0064138966	-0.0055845039	-0.0057931489	-0.0032899588	-0.0001102847	0.0002068315	-0.0115267312	-0.0066409071	0.0010293526	-0.0080424957	0.0082949696	0.0015273359	-0.0070932818	-0.0048981904	-0.0087804768	-0.0048622556	-0.0010318743	-0.0056563202	-0.0066372256	-0.0061578579	-0.0105381845	-0.0130441173	-0.0065656525	-0.0018998682	-0.0029083066	-0.0012380366	0.0021881033	-0.0119130297	-0.0050459887	-0.0043165150	0.0018137889	-0.0008547569	0.0016771214	-0.0093434916	-0.0067098832	-0.0044647032	-0.0046119694	-0.0037751369	-0.0119749662	-0.0109209646
-0.0020991199	0.3614833422	-0.0037632035	-0.0043278210	-0.0046388167	-0.0038216691	-0.0047296347	-0.0030822649	-0.0050882153	-0.0027963183	-0.0056204609	-0.0049112273	-0.0037631868	-0.0087097714	-0.0010921750	-0.0079868485	-0.0031009390	-0.0046992249	-0.0043996693	-0.0008825388	-0.0032518217	-0.0068078794	-0.0012667198	-0.0017669919	-0.0039646582	-0.0038724136	0.0015377779	-0.0040994735	-0.0062942509	-0.0026765317	-0.0009970477	-0.0004026920	-0.0037108085	-0.0044442312	-0.0023203800	-0.0110918959	-0.0039917281	-0.0018008526	-0.0019397448	-0.0046232190	0.0030105973	-0.0027635234	-0.0030312510	-0.0037809543	-0.0017891559	-0.0045475911	-0.0045380229	-0.0074308649	-0.0082211496	-0.0049218829	-0.0063302141	-0.0034631999	-0.0016768299	-0.0005341544	-0.0061671760	-0.0060153839	-0.0021549974	-0.0016981813	-0.0016825338	-0.0020031720	-0.0103389945	-0.0045576658	-0.0033560491	-0.0043956688	-0.0035960436	-0.0030969096	-0.0092128207	-0.0024215690	-0.0017239283	-0.0041021227	-0.0052290057	-0.0007429025	-0.0035104549	-0.0006767530	-0.0080857093	-0.0116073156	-0.0071841864	0.0041406379	0.0032200263	0.0004512133	-0.0025603299	-0.0117949016	-0.0035283112	-0.0060244809	-0.0035467333	-0.0022068021	-0.0016438552	-0.0027469422	-0.0064049593	-0.0012387717	-0.0024778807	-0.0030532846	-0.0119916758	-0.0091998826
0.0006808338	-0.0037632035	0.4273817598	-0.0035451708	-0.0046576423	-0.0065614275	-0.0071328125	-0.0024563976	-0.0047040275	0.0014978834	-0.0071631732	-0.0059093495	-0.0051096684	-0.0065680290	-0.0044390523	-0.0080538705	-0.0023118330	-0.0082843544	-0.0045192021	-0.0015858213	-0.0033976578	-0.0089231550	-0.0006468302	-0.0030740295	-0.0007559336	-0.0080634774	-0.0051696396	-0.0029077225	-0.0077313884	0.0017112026	-0.0046272735	-0.0035764165	-0.0030800897	-0.0023315959	-0.0074950374	-0.0123708903	-0.0045201788	0.0002693089	-0.0037818960	-0.0058008215	-0.0049933649	-0.0007774474	-0.0003835857	-0.0054149396	-0.0014230721	-0.0024458366	-0.0043993036	-0.0033362494	-0.0073657109	-0.0068665939	-0.0052777194	-0.0087944817	-0.0034216797	-0.0023962906	-0.0062340419	-0.0058140392	-0.0058408684	-0.0034085560	-0.0033388393	-0.0007855359	-0.0109541251	-0.0073329199	-0.0020878029	-0.0066956404	0.0004946358	0.0014907609	-0.0072236673	-0.0053391192	-0.0074931361	-0.0042477790	-0.0033268185	-0.0036440275	-0.0058978298	-0.0038986841	-0.0082463284	-0.0111193833	-0.0059225541	-0.0017495326	-0.0034292075	-0.0030211451	0.0012161201	-0.0127824282	-0.0055404210	-0.0070191449	0.0016760384	-0.0014255698	-0.0016325072	-0.0075207819	-0.0064899374	-0.0054019090	-0.0042828017	-0.0032981418	-0.0119472963	-0.0097106788
-0.0044901676	-0.0043278210	-0.0035451708	0.4732589400	-0.0044475143	-0.0064055831	-0.0066681880	-0.0056007365	-0.0043125912	-0.0051112214	-0.0055908004	-0.0053110973	-0.0042146916	-0.0061686452	-0.0048120466	-0.0057410742	-0.0020067152	-0.0066608097	-0.0036871870	-0.0030446217	-0.0045178156	-0.0084582565	-0.0042977622	-0.0049966398	-0.0042615054	-0.0064778817	-0.0039035099	-0.0038063640	-0.0053738638	-0.0040022485	-0.0046112132	-0.0048864993	-0.0058024728	-0.0061668521	-0.0025971502	-0.0095762790	-0.0025961818	-0.0047304858	-0.0035674786	-0.0040647175	-0.0028915249	-0.0027940493	-0.0035232118	-0.0047282322	-0.0038417124	-0.0050454577	-0.0039481522	-0.0065885411	-0.0070089806	-0.0061273016	-0.0062602610	-0.0068815386	-0.0043915957	-0.0038642034	-0.0047675029	-0.0049520401	-0.0040736234	-0.0021190927	-0.0033929137	-0.0060623455	-0.0089156398	-0.0078414243	-0.0054956918	-0.0042688938	-0.0043052308	-0.0045697745	-0.0075047930	-0.0025502296	-0.0045895353	-0.0045406906	-0.0060453546	-0.0031935463	-0.0040371179	-0.0036438254	-0.0070129107	-0.0081738000	-0.0081834304	-0.0019072288	-0.0049806855	-0.0043609402	-0.0063696085	-0.0112257686	-0.0020903049	-0.0077822240	-0.0048700942	-0.0037628653	-0.0046223010	-0.0053653857	-0.0050245289	-0.0031788781	-0.0043574426	-0.0046841557	-0.0123943385	-0.0073061590
-0.0046132427	-0.0046388167	-0.0046576423	-0.0044475143	0.5559117293	-0.0073603460	-0.0061230249	-0.0047125474	-0.0065300373	-0.0051586811	-0.0046375312	-0.0051128114	-0.0062279167	-0.0081687890	-0.0070570015	-0.0084400693	-0.0050474217	-0.0063448956	-0.0068058133	-0.0042639770	-0.0052634329	-0.0080796480	-0.0043398748	-0.0050773424	-0.0046396919	-0.0071721932	-0.0054369066	-0.0051457022	-0.0083066198	-0.0041036797	-0.0039592161	-0.0054487064	-0.0058159778	-0.0058092458	-0.0041691790	-0.0107518982	-0.0053339543	-0.0062627859	-0.0060333669	-0.0064267759	-0.0059487917	-0.0049880472	-0.0039256165	-0.0056782955	-0.0046356380	-0.0053649364	-0.0041920126	-0.0078044519	-0.0067530452	-0.0071297921	-0.0045512585	-0.0067140735	-0.0044264339	-0.0033787992	-0.0063021028	-0.0069535832	-0.0054826134	-0.0055739982	-0.0057516131	-0.0041136143	-0.0098120837	-0.0073758684	-0.0064196590	-0.0059453126	-0.0054244809	-0.0045383642	-0.0045429419	-0.0039739630	-0.0064345138	-0.0048652335	-0.0051185485	-0.0044731644	-0.0068714223	-0.0050131700	-0.0076487172	-0.0092057968	-0.0091467173	-0.0054385246	-0.0051306674	-0.0052287518	-0.0039598246	-0.0120655620	-0.0034578310	-0.0085547086	-0.0043197582	-0.0041271473	-0.0051582130	-0.0069426482	-0.0074958329	-0.0062392020	-0.0060297091	-0.0059732550	-0.0110787995	-0.0103083425
-0.0067277258	-0.0038216691	-0.0065614275	-0.0064055831	-0.0073603460	0.6252515015	-0.0055101903	-0.0077243635	-0.0062083495	-0.0077984078	-0.0061224406	-0.0065139464	-0.0055755104	-0.0080665264	-0.0066252826	-0.0068679931	-0.0035120849	-0.0061242714	-0.0075667386	-0.0057987981	-0.0065283019	-0.0076285864	-0.0068260008	-0.0067258125	-0.0081668907	-0.0087173146	-0.0078460099	-0.0062530050	-0.0061703162	-0.0083812360	-0.0059318066	-0.0062188041	-0.0073654569	-0.0087835726	-0.0055005104	-0.0096525864	-0.0057199570	-0.0082229160	-0.0066054637	-0.0037566765	-0.0060996327	-0.0070370718	-0.0070747280	-0.0065757200	-0.0043531323	-0.0064359035	-0.0077433979	-0.0082086154	-0.0098190120	-0.0066849117	-0.0050207313	-0.0054633645	-0.0062495307	-0.0059546221	-0.0066757763	-0.0092296359	-0.0060340339	-0.0089740661	-0.0073318589	-0.0074783819	-0.0066081765	-0.0061571010	-0.0055442979	-0.0062702901	-0.0054922560	-0.0064454100	-0.0071712135	-0.0075906124	-0.0041949371	-0.0075233243	-0.0080715492	-0.0057924700	-0.0057180734	-0.0069821591	-0.0070131364	-0.0080002472	-0.0055730194	-0.0078155243	-0.0071494893	-0.0073284900	-0.0064834227	-0.0094600766	-0.0068422656	-0.0044230912	-0.0075925418	-0.0074959866	-0.0058831353	-0.0060632734	-0.0052074560	-0.0053436748	-0.0055485695	-0.0089070347	-0.0074512193	-0.0057709707
-0.0064108501	-0.0047296347	-0.0071328125	-0.0066681880	-0.0061230249	-0.0055101903	0.5446322729	-0.0061292421	-0.0052174582	-0.0042735642	-0.0054374500	-0.0057137649	-0.0057712908	-0.0089390657	-0.0037519031	-0.0056060329	-0.0036859622	-0.0059449736	-0.0061848087	-0.0052168004	-0.0060461079	-0.0069320737	-0.0052090584	-0.0046758243	-0.0012958126	-0.0080456220	-0.0061332147	-0.0045494373	-0.0078673744	-0.0059150233	-0.0048694734	-0.0057334691	-0.0053457181	-0.0055779478	-0.0063317237	-0.0123719794	-0.0066969763	-0.0071029478	-0.0072974498	-0.0045046857	-0.0054639344	-0.0041417815	-0.0036344385	-0.0062451437	-0.0061764260	-0.0059273158	-0.0056811352	-0.0051268031	-0.0080875581	-0.0048814495	-0.0053519215	-0.0045203008	-0.0035478825	-0.0023629097	-0.0081823677	-0.0072966514	-0.0043287096	-0.0058621126	-0.0040977802	-0.0049664921	-0.0100208043	-0.0074343733	-0.0049273384	-0.0053471517	-0.0043228937	-0.0026861685	-0.0071116738	-0.0077514231	-0.0063614805	-0.0074073580	-0.0050664121	-0.0039118544	-0.0049240713	-0.0055938421	-0.0059336895	-0.0083524024	-0.0069548149	-0.0059346282	-0.0051471922	-0.0055437686	-0.0041991161	-0.0084187943	-0.0052304331	-0.0011469847	-0.0036553838	-0.0059015199	-0.0045882126	-0.0074128592	-0.0073674656	-0.0064126171	-0.0063835944	-0.0062812567	-0.0111266754	-0.0089419677
-0.0032844176	-0.0030822649	-0.0024563976	-0.0056007365	-0.0047125474	-0.0077243635	-0.0061292421	0.4775772202	-0.0031401108	-0.0060936461	0.0046711228	-0.0055179675	-0.0031537067	-0.0031330911	-0.0061147088	-0.0081760907	-0.0053642583	-0.0073882656	-0.0077284501	-0.0043503756	-0.0042938148	-0.0064630493	-0.0024208150	-0.0038140283	-0.0053871845	-0.0064878727	-0.0063224972	-0.0047189650	-0.0042705555	-0.0044871477	-0.0046860250	-0.0048699934	-0.0036976820	-0.0043023526	-0.0056385467	-0.0107732804	-0.0053027338	-0.0061261817	-0.0046996612	-0.0060686060	-0.0047949373	-0.0057906245	-0.0037628579	-0.0049418656	-0.0040957285	-0.0024908297	-0.0049196908	-0.0068937761	-0.0075154886	-0.0068566081	-0.0064057886	-0.0071523241	-0.0036056273	-0.0045572106	-0.0059947162	-0.0052669243	-0.0047129971	-0.0042270521	-0.0047859908	-0.0031780997	-0.0098814075	-0.0057264761	-0.0036414096	-0.0039873711	-0.0051245982	-0.0047668144	-0.0081840621	-0.0033170975	-0.0034623517	-0.0056261509	-0.0032859279	-0.0041724577	-0.0059196845	-0.0021591529	-0.0091125348	-0.0088456918	-0.0082443560	-0.0024519589	-0.0016716909	-0.0040018438	-0.0043096772	-0.0106601517	-0.0032850054	-0.0078357662	-0.0038075018	-0.0030245585	-0.0028662004	-0.0049559989	-0.0069138632	-0.0032383347	-0.0049443059	-0.0052777211	-0.0094480794	-0.0081673688
-0.0017006355	-0.0050882153	-0.0047040275	-0.0043125912	-0.0065300373	-0.0062083495	-0.0052174582	-0.0031401108	0.4699259324	-0.0046264027	-0.0042047167	-0.0060435750	-0.0031905880	-0.0082367685	-0.0037019617	-0.0059049372	-0.0033474367	-0.0064221447	-0.0033716316	-0.0049111442	-0.0054035885	-0.0062686865	-0.0032060846	-0.0025224390	-0.0044341028	-0.0071412876	-0.0048701542	-0.0044429865	-0.0074261855	-0.0023038952	-0.0045592600	-0.0048953991	-0.0026463777	-0.0051705309	-0.0038352371	-0.0094169284	-0.0049668822	-0.0048111687	-0.0039243480	-0.0052695266	-0.0036406564	-0.0022786880	-0.0051685347	-0.0054341622	-0.0032163862	-0.0047405274	-0.0054822663	-0.0056699134	-0.0059231806	-0.0056465708	-0.0050615577	-0.0062934217	-0.0007602042	-0.0053226770	-0.0064483441	-0.0043236947	-0.0028294862	-0.0042027065	-0.0049184341	-0.0043520014	-0.0096992667	-0.0044499796	-0.0049711434	-0.0043896769	-0.0044700113	-0.0054252219	-0.0094597731	-0.0038289871	-0.0044371289	-0.0059616006	-0.0023908671	-0.0040556084	-0.0039197200	-0.0051289129	-0.0081505225	-0.0099863988	-0.0069398200	-0.0012449045	-0.0041427406	-0.0033254821	-0.0048572100	-0.0114954186	-0.0053675091	-0.0067906338	-0.0025718730	-0.0046168258	-0.0032542989	-0.0067784888	-0.0050126672	-0.0039657950	-0.0036108569	-0.0051234799	-0.0108542455	-0.0091576486
0.0012642116	-0.0027963183	0.0014978834	-0.0051112214	-0.0051586811	-0.0077984078	-0.0042735642	-0.0060936461	-0.0046264027	0.4565021756	-0.0067253000	-0.0049628523	-0.0027988359	-0.0083903865	-0.0035203700	-0.0099732345	-0.0039784731	-0.0085303177	-0.0053897139	-0.0021307772	-0.0033119471	-0.0036501156	0.0003580831	-0.0030374971	0.0005889571	-0.0079245924	-0.0051218218	-0.0046288073	-0.0079597854	0.0024314874	-0.0057877439	-0.0040568410	-0.0024342190	-0.0001475804	-0.0067749818	-0.0140428709	-0.0056122150	-0.0052998752	-0.0049580136	-0.0050769879	-0.0043820979	0.0022421821	-0.0003789406	-0.0037514129	-0.0056412208	-0.0042241473	-0.0054625749	-0.0051973556	-0.0082767291	-0.0070714164	-0.0045254995	-0.0094069352	-0.0046772702	-0.0019266486	-0.0063492422	-0.0056641040	-0.0059977777	-0.0017711148	-0.0020335774	-0.0016748455	-0.0112098861	-0.0073591403	-0.0029757917	-0.0074622743	0.0037731895	-0.0020529618	-0.0090189902	-0.0055503290	-0.0059606147	-0.0057161585	-0.0040174881	-0.0049791567	-0.0072080697	-0.0042064160	-0.0089947761	-0.0105300778	-0.0103913265	-0.0034023986	-0.0026178086	-0.0005492769	-0.0026092618	-0.0139399234	-0.0060794122	-0.0043772789	-0.0023856788	0.0003279027	-0.0016229627	-0.0086902413	-0.0080578787	-0.0035447890	-0.0037543012	-0.0047098100	-0.0130220094	-0.0114922752
-0.0046305729	-0.0056204609	-0.0071631732	-0.0055908004	-0.0046375312	-0.0061224406	-0.0054374500	0.0046711228	-0.0042047167	-0.0067253000	0.5574795933	-0.0061157756	-0.0069015064	-0.0052981058	-0.0076223722	-0.0067820594	-0.0055876332	-0.0053117501	-0.0058558799	-0.0058864389	-0.0067950090	-0.0071425329	-0.0067466802	-0.0067055991	-0.0050005471	-0.0068317767	-0.0066193904	-0.0056627640	-0.0055655998	-0.0048594835	-0.0073617850	-0.0050184845	-0.0061380233	-0.0062958524	-0.0061391596	-0.0088715948	-0.0062606680	-0.0046665792	-0.0060705485	-0.0054075918	-0.0049631242	-0.0059612043	-0.0054817973	-0.0050633328	-0.0049659946	-0.0038536490	-0.0045837943	-0.0071383758	-0.0075637124	-0.0054933520	-0.0070652798	-0.0095253546	-0.0059397131	-0.0050833795	-0.0054081167	-0.0075066815	-0.0053735454	-0.0038207279	-0.0038160564	-0.0047986056	-0.0109444197	-0.0052440071	-0.0074476009	-0.0061518894	-0.0033596986	-0.0040862903	-0.0069996685	-0.0057007356	-0.0064604152	-0.0067966475	-0.0056561450	-0.0047496564	-0.0048830623	-0.0080330049	-0.0067135059	-0.0083916923	-0.0089844659	-0.0061060166	-0.0063728413	-0.0060897197	-0.0068164562	-0.0082302618	-0.0063728912	-0.0073050867	-0.0047235816	-0.0051557195	-0.0048311023	-0.0059925602	-0.0043075046	-0.0056001390	-0.0067528041	-0.0066165178	-0.0088757062	-0.0083394680
-0.0064854230	-0.0049112273	-0.0059093495	-0.0053110973	-0.0051128114	-0.0065139464	-0.0057137649	-0.0055179675	-0.0060435750	-0.0049628523	-0.0061157756	0.5392917769	-0.0047930458	-0.0090711583	-0.0013034519	-0.0088210098	-0.0047238213	-0.0038487106	-0.0044223343	-0.0063852613	-0.0034444514	-0.0084916365	-0.0061512824	-0.0030809020	-0.0072712294	-0.0071587162	-0.0053959742	-0.0073496268	-0.0067205131	-0.0074835358	-0.0037979172	-0.0027865660	-0.0045851582	-0.0047037237	-0.0057226230	-0.0092777113	-0.0065721150	-0.0069655997	-0.0043495575	-0.0055072231	-0.0040540363	-0.0037617112	-0.0056612321	-0.0015465818	-0.0044016797	-0.0052098142	-0.0037763027	-0.0057170020	-0.0066775010	-0.0076628732	-0.0060087012	-0.0043210291	-0.0044026072	-0.0015728058	-0.0057360008	-0.0049993555	-0.0049077220	-0.0043772045	-0.0056967780	-0.0058622198	-0.0091152907	-0.0053596926	-0.0062166073	-0.0049846032	-0.0057796471	-0.0063495998	-0.0080339146	-0.0050995565	-0.0051490947	-0.0052548312	-0.0056415361	-0.0065881804	-0.0053517126	-0.0047141685	-0.0085568622	-0.0101444668	-0.0083793422	-0.0042797398	-0.0051937013	-0.0046061182	-0.0069001888	-0.0116400345	-0.0060903013	-0.0082319624	-0.0069391890	-0.0060879182	-0.0047633916	-0.0055409895	-0.0074456568	-0.0059015252	-0.0021624964	-0.0053318526	-0.0095790056	-0.0087427948
-0.0063501184	-0.0037631868	-0.0051096684	-0.0042146916	-0.0062279167	-0.0055755104	-0.0057712908	-0.0031537067	-0.0031905880	-0.0027988359	-0.0069015064	-0.0047930458	0.4060760685	-0.0062401017	-0.0027197660	-0.0059340824	-0.0019865251	-0.0025268399	-0.0040397270	-0.0037730926	-0.0019279687	-0.0050877447	-0.0031166696	-0.0006239471	-0.0057430345	-0.0031514439	-0.0031358092	-0.0041935382	-0.0079327000	-0.0055416491	-0.0001720158	-0.0027340512	-0.0042814813	-0.0046843281	-0.0003275673	-0.0112291885	-0.0030993114	-0.0043459613	0.0000825335	-0.0012954402	-0.0029447550	-0.0044960695	-0.0045272692	-0.0029168065	-0.0028714903	-0.0051024123	-0.0052554599	-0.0066395277	-0.0066143880	-0.0059349590	-0.0053932937	-0.0048915524	-0.0036476476	-0.0000783392	-0.0062515223	-0.0030733840	-0.0013184121	-0.0027291342	-0.0016027144	-0.0054999449	-0.0102106432	-0.0076502347	-0.0047556377	-0.0034533230	-0.0014306546	-0.0051089841	-0.0072047233	-0.0016260582	-0.0017447814	-0.0040072860	-0.0041076863	-0.0029942511	-0.0029644854	-0.0041039434	-0.0072512486	-0.0100400870	-0.0074488741	-0.0035163967	-0.0031249030	-0.0016833993	-0.0039945687	-0.0123655850	-0.0039590180	-0.0080066806	-0.0028922243	-0.0027324679	-0.0040585187	-0.0046123958	-0.0048381308	-0.0026065931	0.0005835907	-0.0024859378	-0.0118777651	-0.0084015728
-0.0070331993	-0.0087097714	-0.0065680290	-0.0061686452	-0.0081687890	-0.0080665264	-0.0089390657	-0.0031330911	-0.0082367685	-0.0083903865	-0.0052981058	-0.0090711583	-0.0062401017	0.6428150986	-0.0070017999	-0.0056499177	-0.0058597298	-0.0062474760	-0.0065483640	-0.0076717492	-0.0078254207	-0.0072727803	-0.0069457372	-0.0085508274	-0.0068533690	-0.0063390666	-0.0081932622	-0.0065700172	-0.0052189599	-0.0089891555	-0.0057111111	-0.0074167131	-0.0068021213	-0.0056814604	-0.0063648750	-0.0056214133	-0.0056813420	-0.0089517291	-0.0061300614	-0.0060387217	-0.0055464678	-0.0064257724	-0.0078030719	-0.0051081223	-0.0075636208	-0.0073915504	-0.0072562281	-0.0063576062	-0.0062938889	-0.0069880268	-0.0062937184	-0.0063525007	-0.0084577545	-0.0076889419	-0.0070738165	-0.0075606646	-0.0073618266	-0.0063497603	-0.0079127268	-0.0068892539	-0.0048508048	-0.0070481054	-0.0079206399	-0.0049605493	-0.0067641492	-0.0086265267	-0.0059662131	-0.0090115934	-0.0061311770	-0.0053805233	-0.0068974700	-0.0064994065	-0.0079905681	-0.0064804567	-0.0070014988	-0.0076816859	-0.0084049420	-0.0075466432	-0.0065658308	-0.0063325290	-0.0077795898	-0.0072694198	-0.0071407575	-0.0059827027	-0.0072237037	-0.0084015620	-0.0082112759	-0.0055031756	-0.0071398438	-0.0068366494	-0.0068004301	-0.0081622282	-0.0046786493	-0.0047876588
-0.0049575574	-0.0010921750	-0.0044390523	-0.0048120466	-0.0070570015	-0.0066252826	-0.0037519031	-0.0061147088	-0.0037019617	-0.0035203700	-0.0076223722	-0.0013034519	-0.0027197660	-0.0070017999	0.4581550824	-0.0073967749	-0.0055843079	-0.0070024918	-0.0051860957	-0.0021730387	-0.0030516720	-0.0044139442	-0.0035292803	0.0000127213	-0.0052093206	-0.0076863582	-0.0048781545	-0.0054385318	-0.0082623269	-0.0042967394	-0.0009735438	-0.0043410709	-0.0008023444	-0.0073793340	-0.0038886962	-0.0120240562	-0.0054383840	-0.0045739411	-0.0038355582	-0.0047683596	-0.0007533189	-0.0041831300	-0.0050621507	-0.0007825048	-0.0032652549	-0.0036243651	-0.0005747691	-0.0075555047	-0.0089999100	-0.0058278373	-0.0048162801	-0.0042542503	-0.0042979944	-0.0023414135	-0.0061336139	-0.0057471308	-0.0035584576	-0.0050555668	-0.0038556953	-0.0031169275	-0.0095002377	-0.0060780422	-0.0061796731	-0.0044411615	-0.0033986199	-0.0042152799	-0.0082266015	-0.0038976485	-0.0039124716	-0.0056225066	-0.0038682550	-0.0035091104	-0.0040884006	-0.0041416765	-0.0086080064	-0.0095728539	-0.0075284773	-0.0031269639	-0.0034987613	-0.0035970761	-0.0051750484	-0.0110105213	-0.0049449759	-0.0050209455	-0.0033771462	-0.0039616127	-0.0025048344	-0.0052636095	-0.0056294904	-0.0049390171	-0.0036397837	-0.0021881648	-0.0129964531	-0.0098445269
-0.0095846256	-0.0079868485	-0.0080538705	-0.0057410742	-0.0084400693	-0.0068679931	-0.0056060329	-0.0081760907	-0.0059049372	-0.0099732345	-0.0067820594	-0.0088210098	-0.0059340824	-0.0056499177	-0.0073967749	0.6487473770	-0.0060620549	-0.0069302932	-0.0067706680	-0.0093195410	-0.0096909527	-0.0038567031	-0.0095589403	-0.0071353651	-0.0091885603	-0.0062545000	-0.0056402500	-0.0075965528	-0.0081036905	-0.0097992531	-0.0074737216	-0.0064268125	-0.0084204685	-0.0074106781	-0.0056300124	-0.0066492524	-0.0065071646	-0.0059156234	-0.0065798996	-0.0064998040	-0.0070549787	-0.0079541444	-0.0083911533	-0.0059146760	-0.0092368910	-0.0051352667	-0.0049450040	-0.0082378409	-0.0012872041	-0.0078220209	-0.0054955561	-0.0041842531	-0.0062896226	-0.0070157356	-0.0034633953	-0.0054653358	-0.0059626898	-0.0105339801	-0.0071060069	-0.0096100573	-0.0065689942	-0.0079964894	-0.0066332605	-0.0043525939	-0.0069847415	-0.0093198504	-0.0069825736	-0.0064742517	0.0015641921	-0.0052171650	-0.0073953191	-0.0063617245	-0.0065779127	-0.0064396080	-0.0068589221	-0.0080494061	-0.0052736627	-0.0089591604	-0.0086095631	-0.0092703702	-0.0084753061	-0.0068157995	-0.0062867794	-0.0063953117	-0.0106147888	-0.0086319216	-0.0063348525	-0.0060883610	-0.0064474773	-0.0072337560	-0.0090041017	-0.0063350142	-0.0046295265	-0.0072478083
-0.0021626537	-0.0031009390	-0.0023118330	-0.0020067152	-0.0050474217	-0.0035120849	-0.0036859622	-0.0053642583	-0.0033474367	-0.0039784731	-0.0055876332	-0.0047238213	-0.0019865251	-0.0058597298	-0.0055843079	-0.0060620549	0.4226488633	-0.0055633522	-0.0048370546	-0.0042425489	-0.0034259424	-0.0072542555	-0.0011824149	-0.0055870992	-0.0045297105	-0.0059305973	-0.0054563929	-0.0061347870	-0.0060642557	-0.0044862627	-0.0028226103	-0.0031098707	-0.0040617492	-0.0045279749	-0.0043370610	-0.0114284532	-0.0050489862	-0.0022533625	-0.0036182800	-0.0025123717	-0.0047417894	-0.0029037864	-0.0026923798	-0.0020342434	-0.0030926041	0.0005505028	-0.0058553914	-0.0057289223	-0.0073388572	-0.0067984427	-0.0058107219	-0.0043386276	-0.0025247382	-0.0025076422	-0.0036721035	-0.0053482227	-0.0032051915	-0.0024878816	-0.0009287352	-0.0029304350	-0.0084106515	-0.0046711125	-0.0054790429	-0.0052079691	-0.0030760895	-0.0016194432	-0.0066590218	-0.0046769626	-0.0029801866	-0.0037986112	-0.0058367713	-0.0043233981	-0.0027098568	-0.0033124313	-0.0070552559	-0.0102253580	-0.0072730754	-0.0019972730	-0.0043497217	-0.0040842402	-0.0014344037	-0.0105567687	-0.0040546041	-0.0056323261	-0.0054198028	-0.0033692076	-0.0020260378	-0.0054198016	-0.0064322995	-0.0040079495	-0.0047693124	-0.0060692977	-0.0090877615	-0.0094953609
-0.0083518101	-0.0046992249	-0.0082843544	-0.0066608097	-0.0063448956	-0.0061242714	-0.0059449736	-0.0073882656	-0.0064221447	-0.0085303177	-0.0053117501	-0.0038487106	-0.0025268399	-0.0062474760	-0.0070024918	-0.0069302932	-0.0055633522	0.5713514667	-0.0054189091	-0.0072520600	-0.0073174843	-0.0045462521	-0.0091473368	-0.0055330667	-0.0072040226	-0.0077510825	-0.0060935956	-0.0059230015	-0.0074882771	-0.0085952403	-0.0036707278	-0.0050441058	-0.0062174666	-0.0060989993	-0.0014533498	-0.0093650434	-0.0044613901	-0.0066616217	-0.0044611336	-0.0019574145	-0.0057254611	-0.0059374736	-0.0080110027	-0.0060291951	-0.0042638551	-0.0072155664	-0.0076209335	-0.0078718869	-0.0059144705	-0.0066459071	-0.0055053164	-0.0017832195	-0.0047945710	-0.0043727905	-0.0054074605	-0.0056223532	-0.0046774723	-0.0060335170	-0.0063565264	-0.0073369237	-0.0086375728	-0.0060602792	-0.0064829701	-0.0020535796	-0.0094406791	-0.0095558454	-0.0079463449	-0.0041942929	0.0000578373	-0.0062895945	-0.0058995465	-0.0038370306	-0.0042172016	-0.0047279611	-0.0057365106	-0.0089315010	-0.0074382035	-0.0057430014	-0.0083178863	-0.0066179661	-0.0069370775	-0.0093692222	-0.0055524269	-0.0081848923	-0.0084483107	-0.0075716849	-0.0076177343	-0.0049062103	-0.0060287282	-0.0043874624	-0.0037122769	-0.0076245014	-0.0081199582	-0.0058513854
-0.0063968164	-0.0043996693	-0.0045192021	-0.0036871870	-0.0068058133	-0.0075667386	-0.0061848087	-0.0077284501	-0.0033716316	-0.0053897139	-0.0058558799	-0.0044223343	-0.0040397270	-0.0065483640	-0.0051860957	-0.0067706680	-0.0048370546	-0.0054189091	0.4812984504	-0.0053376622	-0.0059595385	-0.0056681839	-0.0047396899	-0.0039954096	-0.0032077800	-0.0066456226	-0.0060608014	-0.0062114890	-0.0082490856	-0.0046246076	-0.0036044726	-0.0062835068	-0.0037756153	-0.0033451789	-0.0030674188	-0.0125299677	-0.0039428231	-0.0049939216	-0.0026723465	-0.0032510056	-0.0041833884	-0.0044271866	-0.0039360978	-0.0021541094	-0.0021710812	-0.0038811134	-0.0050061165	-0.0040807834	-0.0050942572	-0.0058269704	-0.0051240554	-0.0051054770	-0.0039825944	-0.0032725785	-0.0034756517	-0.0039153471	-0.0024635170	-0.0020457721	-0.0063307233	-0.0058367362	-0.0093263863	-0.0052266573	-0.0064353477	-0.0063444150	-0.0039440667	-0.0063083021	-0.0052217416	-0.0041379874	-0.0018179555	-0.0051797639	-0.0050171301	-0.0033784255	-0.0027537765	-0.0054914199	-0.0067082678	-0.0084885088	-0.0064419225	-0.0053670301	-0.0058697174	-0.0040791269	-0.0068934008	-0.0107349969	-0.0048527425	-0.0070967033	-0.0060332206	-0.0054585607	-0.0037894691	-0.0056949582	-0.0039592483	-0.0043186375	-0.0022699548	-0.0039718387	-0.0116146462	-0.0074633760
0.0001280949	-0.0008825388	-0.0015858213	-0.0030446217	-0.0042639770	-0.0057987981	-0.0052168004	-0.0043503756	-0.0049111442	-0.0021307772	-0.0058864389	-0.0063852613	-0.0037730926	-0.0076717492	-0.0021730387	-0.0093195410	-0.0042425489	-0.0072520600	-0.0053376622	0.3978767001	-0.0039241532	-0.0078238532	-0.0017807704	-0.0032368575	0.0004338219	-0.0068294228	-0.0037841971	-0.0033864031	-0.0072910241	0.0009995009	-0.0026019177	-0.0033952359	-0.0040017463	-0.0033313069	-0.0018722962	-0.0112523619	-0.0031230817	-0.0020487988	-0.0043354173	-0.0059684845	0.0003698617	-0.0030504267	-0.0039558866	-0.0039102364	-0.0031783597	-0.0012784805	-0.0037969426	-0.0067204542	-0.0078708502	-0.0066867902	-0.0022984059	-0.0056374278	-0.0052199314	-0.0017996213	-0.0066519367	-0.0034569175	-0.0033672750	-0.0000542630	-0.0038442588	-0.0025100589	-0.0095334442	-0.0069251814	-0.0030727406	-0.0035752703	0.0029686194	-0.0023085249	-0.0067210705	-0.0027268136	-0.0039321819	-0.0043443209	-0.0027864571	-0.0023983701	-0.0047484469	-0.0051490872	-0.0075727503	-0.0110732061	-0.0079988994	-0.0015521814	-0.0038283864	-0.0040729561	-0.0000083277	-0.0117458669	-0.0050108781	-0.0050280865	-0.0023866210	-0.0007560698	-0.0036041148	-0.0035696014	-0.0058864365	-0.0033346861	-0.0046592431	-0.0023826285	-0.0115313972	-0.0090502530
-0.0032939434	-0.0032518217	-0.0033976578	-0.0045178156	-0.0052634329	-0.0065283019	-0.0060461079	-0.0042938148	-0.0054035885	-0.0033119471	-0.0067950090	-0.0034444514	-0.0019279687	-0.0078254207	-0.0030516720	-0.0096909527	-0.0034259424	-0.0073174843	-0.0059595385	-0.0039241532	0.4427218984	-0.0064202203	-0.0015521149	-0.0055831287	-0.0016665170	-0.0082037919	-0.0002653816	-0.0035691116	-0.0077800443	-0.0020516379	-0.0023120042	-0.0013217630	-0.0024646068	-0.0026653075	-0.0045247589	-0.0115107497	-0.0043428389	-0.0037588124	-0.0043638052	-0.0035165640	-0.0000140606	-0.0051820549	-0.0033656411	-0.0039694565	-0.0003209431	-0.0022182289	-0.0058171474	-0.0061493474	-0.0070216214	-0.0074730937	-0.0055021591	-0.0086594458	-0.0043287099	-0.0014093778	-0.0070654158	-0.0058456319	-0.0041349146	-0.0015634825	-0.0034421938	-0.0044309392	-0.0100930986	-0.0058236171	-0.0018365417	-0.0054919611	-0.0031879830	-0.0015360598	-0.0086856625	-0.0023636938	-0.0059455143	-0.0035948886	-0.0040260346	-0.0046201978	-0.0056243321	-0.0040149002	-0.0083182155	-0.0123027109	-0.0084610045	0.0011301939	-0.0009843007	-0.0019078409	-0.0040440256	-0.0119201871	-0.0050631953	-0.0075556854	-0.0039226757	-0.0010106807	-0.0033557132	-0.0057899480	-0.0054625272	-0.0058827374	-0.0043817369	-0.0023377088	-0.0099053908	-0.0099432734
-0.0066527103	-0.0068078794	-0.0089231550	-0.0084582565	-0.0080796480	-0.0076285864	-0.0069320737	-0.0064630493	-0.0062686865	-0.0036501156	-0.0071425329	-0.0084916365	-0.0050877447	-0.0072727803	-0.0044139442	-0.0038567031	-0.0072542555	-0.0045462521	-0.0056681839	-0.0078238532	-0.0064202203	0.6086556454	-0.0084353163	-0.0051622024	-0.0073850728	-0.0062243402	-0.0067047597	-0.0048306312	-0.0059588603	-0.0090020371	-0.0064731666	-0.0068916103	-0.0072290518	-0.0058204118	-0.0039496567	-0.0077457131	-0.0055469342	-0.0065534043	-0.0063590095	-0.0067870249	-0.0061900573	-0.0066757825	-0.0065085897	-0.0051995570	-0.0070390017	-0.0084485708	-0.0067760274	-0.0080560367	-0.0067421373	-0.0059686550	-0.0065089822	-0.0037169446	-0.0048887058	-0.0066306268	-0.0050530062	-0.0095063118	-0.0037705443	-0.0067738550	-0.0073421072	-0.0076124909	-0.0045639227	-0.0057566673	-0.0073282139	-0.0051741393	-0.0071965774	-0.0090998821	-0.0079945249	-0.0054611858	-0.0045931727	-0.0066629050	-0.0045964640	-0.0075199779	-0.0056529547	-0.0077338884	-0.0061899291	-0.0076475952	-0.0079188174	-0.0078630293	-0.0090239883	-0.0068159980	-0.0084927270	-0.0060834919	-0.0070915175	-0.0066169995	-0.0056474857	-0.0076816641	-0.0076221609	-0.0041364495	-0.0053142303	-0.0051385501	-0.0062780259	-0.0063840418	-0.0052003058	-0.0078647011
0.0026693197	-0.0012667198	-0.0006468302	-0.0042977622	-0.0043398748	-0.0068260008	-0.0052090584	-0.0024208150	-0.0032060846	0.0003580831	-0.0067466802	-0.0061512824	-0.0031166696	-0.0069457372	-0.0035292803	-0.0095589403	-0.0011824149	-0.0091473368	-0.0047396899	-0.0017807704	-0.0015521149	-0.0084353163	0.3960297499	-0.0033183061	0.0000091673	-0.0044324920	-0.0027996475	-0.0040623351	-0.0088467227	0.0017761362	-0.0009290141	-0.0027368194	-0.0007613244	-0.0036523198	-0.0055353248	-0.0138730319	-0.0053275824	-0.0028437168	-0.0049300369	-0.0060598413	-0.0010870944	-0.0027300879	0.0016953493	-0.0024306321	-0.0025439290	-0.0035869187	-0.0059099730	-0.0050663595	-0.0087201501	-0.0063164978	-0.0038440214	-0.0098185833	-0.0050453555	0.0006004881	-0.0063480254	-0.0057013287	-0.0033076130	-0.0005546930	-0.0032922459	-0.0005685031	-0.0117154832	-0.0075437584	-0.0040846295	-0.0064344043	0.0009423004	0.0004691417	-0.0074393039	-0.0041837090	-0.0056658662	-0.0040555797	-0.0041840634	-0.0027809699	-0.0057277818	-0.0042990689	-0.0090424591	-0.0128494101	-0.0085754137	0.0000899794	0.0018792149	0.0024100948	-0.0011230607	-0.0141786176	-0.0052629784	-0.0057431839	0.0028416272	-0.0011182897	-0.0020980989	-0.0044757454	-0.0071823631	-0.0040988163	-0.0025536670	-0.0037648494	-0.0129439043	-0.0105652700
-0.0026033276	-0.0017669919	-0.0030740295	-0.0049966398	-0.0050773424	-0.0067258125	-0.0046758243	-0.0038140283	-0.0025224390	-0.0030374971	-0.0067055991	-0.0030809020	-0.0006239471	-0.0085508274	0.0000127213	-0.0071353651	-0.0055870992	-0.0055330667	-0.0039954096	-0.0032368575	-0.0055831287	-0.0051622024	-0.0033183061	0.3953360501	-0.0034466917	-0.0067750009	-0.0026335868	-0.0036955540	-0.0059367505	-0.0016039082	-0.0024316807	-0.0013911991	0.0010379077	-0.0055649564	-0.0007717552	-0.0122655110	-0.0036821037	-0.0053596748	-0.0033129442	-0.0048449145	-0.0020630147	-0.0039064899	-0.0037828559	-0.0027202656	-0.0022674227	-0.0038982276	-0.0051633162	-0.0061332564	-0.0060167250	-0.0056963828	-0.0049043981	-0.0060654515	-0.0004701878	-0.0013349227	-0.0045127506	-0.0071965405	-0.0026096548	-0.0031392517	-0.0035580091	-0.0039859332	-0.0106481209	-0.0035829660	-0.0046960794	-0.0043125643	-0.0042444760	0.0038658357	-0.0077709870	-0.0020706373	-0.0033797381	-0.0045303164	-0.0045653671	-0.0010536450	-0.0018646166	-0.0030563581	-0.0064726321	-0.0099557474	-0.0077593812	-0.0008141444	-0.0044740576	-0.0040103345	0.0008562295	-0.0113744812	-0.0045697108	-0.0074463025	-0.0021179859	-0.0036210253	-0.0027333250	-0.0034565558	-0.0051047155	-0.0013096396	-0.0038623716	-0.0047308872	-0.0139694289	-0.0076022138
0.0088932751	-0.0039646582	-0.0007559336	-0.0042615054	-0.0046396919	-0.0081668907	-0.0012958126	-0.0053871845	-0.0044341028	0.0005889571	-0.0050005471	-0.0072712294	-0.0057430345	-0.0068533690	-0.0052093206	-0.0091885603	-0.0045297105	-0.0072040226	-0.0032077800	0.0004338219	-0.0016665170	-0.0073850728	0.0000091673	-0.0034466917	0.4168985007	-0.0071434586	-0.0070258349	-0.0032377578	-0.0091003430	0.0080820166	-0.0028543308	-0.0035012800	-0.0045358444	-0.0007506311	-0.0066080561	-0.0128912644	-0.0065511800	-0.0021977344	-0.0060633667	-0.0060530957	-0.0041538170	0.0000150608	-0.0026699699	-0.0044650699	-0.0031550293	-0.0035909018	-0.0047294948	-0.0047115216	-0.0092403450	-0.0066269675	-0.0032212374	-0.0089770954	-0.0058320172	-0.0033056088	-0.0061650972	-0.0050233263	-0.0040709111	-0.0040206978	-0.0035732478	0.0018962836	-0.0112336832	-0.0076170338	0.0009331465	-0.0067083550	0.0090406624	0.0018174270	-0.0079861247	-0.0060782846	-0.0071167411	-0.0056931328	-0.0040242457	-0.0047919339	-0.0043108901	-0.0057511023	-0.0099443940	-0.0115195765	-0.0097209098	-0.0019874385	-0.0029171143	-0.0015711874	0.0009874927	-0.0127762237	-0.0059506613	-0.0058241092	-0.0007131138	0.0003551488	-0.0014350299	-0.0079807485	-0.0075255344	-0.0063429259	-0.0060976374	-0.0019979809	-0.0132216411	-0.0054550378
-0.0085704915	-0.0038724136	-0.0080634774	-0.0064778817	-0.0071721932	-0.0087173146	-0.0080456220	-0.0064878727	-0.0071412876	-0.0079245924	-0.0068317767	-0.0071587162	-0.0031514439	-0.0063390666	-0.0076863582	-0.0062545000	-0.0059305973	-0.0077510825	-0.0066456226	-0.0068294228	-0.0082037919	-0.0062243402	-0.0044324920	-0.0067750009	-0.0071434586	0.5726519973	-0.0056770002	-0.0057918168	-0.0070397540	-0.0065904508	-0.0051467576	-0.0047725326	-0.0059020845	-0.0073719298	-0.0050097063	-0.0096732566	-0.0040410204	-0.0049063479	-0.0061899423	-0.0084392553	-0.0059261824	-0.0063675347	-0.0060110594	-0.0063303500	-0.0053986279	-0.0044536791	-0.0072834568	-0.0068121148	-0.0081083161	-0.0045350503	-0.0046042426	-0.0073527742	-0.0043955103	0.0035905262	-0.0067468630	-0.0068528276	-0.0043254066	-0.0027212580	-0.0056228141	-0.0072581788	-0.0075772539	-0.0055187885	-0.0051451828	-0.0069634799	-0.0063360870	-0.0067198029	-0.0067392664	-0.0064609985	-0.0055312294	-0.0052703536	-0.0076460417	-0.0030374861	-0.0068091937	-0.0067269865	-0.0052102509	-0.0080721314	-0.0064645270	-0.0035441027	-0.0028616461	-0.0055099618	-0.0049233345	-0.0089977090	-0.0061619252	-0.0084698263	-0.0076663759	-0.0046957645	-0.0074284956	-0.0044485210	-0.0069710718	-0.0026738733	-0.0071546344	-0.0061500020	-0.0079456353	-0.0069216648
-0.0043260920	0.0015377779	-0.0051696396	-0.0039035099	-0.0054369066	-0.0078460099	-0.0061332147	-0.0063224972	-0.0048701542	-0.0051218218	-0.0066193904	-0.0053959742	-0.0031358092	-0.0081932622	-0.0048781545	-0.0056402500	-0.0054563929	-0.0060935956	-0.0060608014	-0.0037841971	-0.0002653816	-0.0067047597	-0.0027996475	-0.0026335868	-0.0070258349	-0.0056770002	0.4561509574	-0.0031213058	-0.0080775898	-0.0051858639	-0.0016672254	-0.0011371931	-0.0029141631	-0.0038439796	-0.0028902589	-0.0103808428	-0.0028675984	-0.0046861911	-0.0048933783	-0.0050975388	0.0030645315	-0.0045567349	-0.0030877175	-0.0058516654	-0.0048356814	-0.0048048590	-0.0045787499	-0.0051742718	-0.0074395984	-0.0059404728	-0.0061522996	-0.0069497169	-0.0061310424	-0.0045990194	-0.0072857683	-0.0052871185	-0.0028087209	-0.0032833465	-0.0046160631	-0.0051448194	-0.0095153189	-0.0062211195	-0.0034177273	-0.0056615180	-0.0052805759	-0.0056600125	-0.0077048907	-0.0021630678	-0.0033422702	-0.0032660353	-0.0050763965	-0.0036316155	-0.0058360407	-0.0077295572	-0.0072035231	-0.0112136670	-0.0063241824	0.0039972590	0.0027947911	-0.0026066735	-0.0039928994	-0.0112718643	-0.0044170793	-0.0067620760	-0.0035437986	-0.0013724134	-0.0040125230	-0.0055151994	-0.0063349685	-0.0045082912	-0.0055970906	-0.0054074550	-0.0107218355	-0.0074489518
-0.0041094069	-0.0040994735	-0.0029077225	-0.0038063640	-0.0051457022	-0.0062530050	-0.0045494373	-0.0047189650	-0.0044429865	-0.0046288073	-0.0056627640	-0.0073496268	-0.0041935382	-0.0065700172	-0.0054385318	-0.0075965528	-0.0061347870	-0.0059230015	-0.0062114890	-0.0033864031	-0.0035691116	-0.0048306312	-0.0040623351	-0.0036955540	-0.0032377578	-0.0057918168	-0.0031213058	0.4752383115	-0.0064383387	-0.0025083538	-0.0063360744	-0.0053575338	-0.0055701883	-0.0029794988	-0.0025444337	-0.0108378835	-0.0041000981	-0.0036093129	-0.0034909383	-0.0057292722	-0.0045399175	-0.0018803955	-0.0038258172	-0.0056224949	-0.0034125089	-0.0037981861	-0.0046681458	-0.0047862374	-0.0071299422	-0.0061473413	-0.0057688492	-0.0052086775	-0.0065029326	-0.0041166616	-0.0055513904	-0.0062280646	-0.0053914986	-0.0045994430	-0.0053848007	-0.0039408144	-0.0088878433	-0.0063998699	-0.0012961307	-0.0048446344	-0.0032733617	-0.0040594316	-0.0080650027	-0.0025021892	-0.0055362806	-0.0052351092	-0.0052974255	-0.0037950514	-0.0032304367	-0.0062836300	-0.0083460840	-0.0091699006	-0.0063258568	-0.0050812176	-0.0034949532	-0.0018452422	-0.0050381090	-0.0100916496	-0.0061872628	-0.0068368114	-0.0023834020	-0.0040773747	-0.0057391897	-0.0045170707	-0.0073804411	-0.0045154296	-0.0046953855	-0.0039809322	-0.0094649860	-0.0079174761
-0.0086240249	-0.0062942509	-0.0077313884	-0.0053738638	-0.0083066198	-0.0061703162	-0.0078673744	-0.0042705555	-0.0074261855	-0.0079597854	-0.0055655998	-0.0067205131	-0.0079327000	-0.0052189599	-0.0082623269	-0.0081036905	-0.0060642557	-0.0074882771	-0.0082490856	-0.0072910241	-0.0077800443	-0.0059588603	-0.0088467227	-0.0059367505	-0.0091003430	-0.0070397540	-0.0080775898	-0.0064383387	0.6496212981	-0.0096902551	-0.0063752691	-0.0059305774	-0.0063863805	-0.0073541879	-0.0051985182	-0.0054737614	-0.0070227738	-0.0067041371	-0.0056978389	-0.0082378124	-0.0070990741	-0.0075344793	-0.0087148167	-0.0076635973	-0.0049662795	-0.0088656733	-0.0079755197	-0.0074165714	-0.0048849348	-0.0064020468	-0.0078250219	-0.0060436326	-0.0047268237	-0.0072756755	-0.0075344072	-0.0069163255	-0.0064225164	-0.0073683464	-0.0074424128	-0.0080107407	-0.0080351047	-0.0070108337	-0.0102523497	-0.0064718882	-0.0085732637	-0.0088486118	-0.0090549294	-0.0059702151	-0.0059430420	-0.0046052548	-0.0054820035	-0.0051008372	-0.0047469575	-0.0078710016	-0.0071920775	-0.0035353185	-0.0045447249	-0.0078428789	-0.0073364827	-0.0083569333	-0.0081598421	-0.0082371341	-0.0053655489	-0.0098165235	-0.0072944655	-0.0073484596	-0.0071056539	-0.0044983638	-0.0070517291	-0.0057646595	-0.0068747156	-0.0083949928	-0.0051796325	-0.0064952598
0.0054995091	-0.0026765317	0.0017112026	-0.0040022485	-0.0041036797	-0.0083812360	-0.0059150233	-0.0044871477	-0.0023038952	0.0024314874	-0.0048594835	-0.0074835358	-0.0055416491	-0.0089891555	-0.0042967394	-0.0097992531	-0.0044862627	-0.0085952403	-0.0046246076	0.0009995009	-0.0020516379	-0.0090020371	0.0017761362	-0.0016039082	0.0080820166	-0.0065904508	-0.0051858639	-0.0025083538	-0.0096902551	0.4112096463	-0.0049873656	-0.0029537859	-0.0020554265	-0.0005525655	-0.0071801747	-0.0141644320	-0.0061286431	-0.0016829506	-0.0050268761	-0.0058275019	-0.0042178791	0.0033161754	0.0001660720	-0.0033834564	-0.0035973471	-0.0036546468	-0.0017333798	-0.0057306075	-0.0096488729	-0.0063398593	-0.0052472979	-0.0107736391	-0.0046810565	-0.0027466719	-0.0083697941	-0.0074216781	-0.0054700692	-0.0019954853	-0.0039052969	0.0008026649	-0.0120941053	-0.0069943590	0.0005301522	-0.0090554236	0.0045340476	0.0075467884	-0.0080131203	-0.0056679235	-0.0091287964	-0.0053155871	-0.0028814794	-0.0063819323	-0.0039352026	-0.0039722093	-0.0104780000	-0.0127985719	-0.0097398701	-0.0031632281	-0.0025603438	0.0001845171	0.0026396885	-0.0132122784	-0.0049965176	-0.0018531080	0.0017525568	-0.0012144189	0.0010365084	-0.0083944743	-0.0077231972	-0.0058142887	-0.0057508456	-0.0023896203	-0.0144503250	-0.0095844877
