1.0000000000	0.9348611687	0.9347256485	0.9334791650	0.9325429761	0.9305116820	0.9312287046	0.9331036508	0.9337578551	0.9346630535	0.9316565953	0.9316341482	0.9329868925	0.9298549650	0.9327404770	0.9289013545	0.9335023938	0.9309178515	0.9319422094	0.9349452615	0.9337773427	0.9305210629	0.9353148009	0.9340433017	0.9364596025	0.9306379329	0.9327891124	0.9329509324	0.9299492204	0.9355856736	0.9339386044	0.9338974514	0.9341182370	0.9341304098	0.9327008317	0.9253014443	0.9330627770	0.9336943667	0.9327403653	0.9319823014	0.9346415557	0.9351876007	0.9354643923	0.9329985069	0.9344128411	0.9335444961	0.9332942836	0.9311680081	0.9295940315	0.9313028582	0.9322643418	0.9296943734	0.9333976965	0.9347064959	0.9310891641	0.9320651658	0.9330116289	0.9339258732	0.9342965853	0.9337363573	0.9271915228	0.9313948242	0.9342567724	0.9321856654	0.9366510170	0.9346416115	0.9300480546	0.9333708382	0.9323977401	0.9326614097	0.9335927405	0.9336455638	0.9328364076	0.9329830396	0.9290722204	0.9263238479	0.9296231234	0.9345140763	0.9338022467	0.9346859473	0.9354660116	0.9251171213	0.9330987929	0.9310542092	0.9350962489	0.9343698454	0.9350647559	0.9311301496	0.9310065789	0.9335568364	0.9331105748	0.9335919588	0.9252473368	0.9281059905
0.9348611687	1.0000000000	0.9344643800	0.9343232761	0.9332077339	0.9320612571	0.9326444906	0.9341232066	0.9336062535	0.9345615949	0.9322791391	0.9327766604	0.9345074316	0.9304340664	0.9346082201	0.9304519347	0.9339395537	0.9331220776	0.9335653797	0.9355700388	0.9344069222	0.9314289416	0.9351529250	0.9352779475	0.9340230881	0.9325379507	0.9350505171	0.9340417382	0.9314388250	0.9341153892	0.9353246843	0.9357443109	0.9348197365	0.9337608145	0.9356903709	0.9263691329	0.9342893821	0.9346163167	0.9346628302	0.9337436163	0.9365166695	0.9350621315	0.9352484647	0.9342968086	0.9352580689	0.9342467773	0.9337045293	0.9317838513	0.9308050018	0.9324041615	0.9326822933	0.9328319964	0.9350616290	0.9361869429	0.9320054186	0.9329189928	0.9350922285	0.9349960187	0.9348814939	0.9336734272	0.9284892662	0.9328620933	0.9341997612	0.9341598367	0.9347805937	0.9340103569	0.9301807828	0.9352194845	0.9353784568	0.9334848605	0.9333272283	0.9356236438	0.9346368094	0.9353070952	0.9307616153	0.9278146808	0.9306270444	0.9362669037	0.9358017687	0.9358090278	0.9346650079	0.9262745983	0.9344558367	0.9313469706	0.9347205114	0.9347203439	0.9351046805	0.9338095616	0.9323517850	0.9354709254	0.9346016312	0.9343057428	0.9263231778	0.9295948133
0.9347256485	0.9344643800	1.0000000000	0.9337309968	0.9325679918	0.9304359649	0.9313467472	0.9334563270	0.9328238998	0.9346906378	0.9310402495	0.9317920595	0.9334853072	0.9301684425	0.9329643895	0.9297101198	0.9330448529	0.9310793365	0.9325338744	0.9346649521	0.9337437279	0.9299595506	0.9349137686	0.9339672496	0.9343222151	0.9308576017	0.9328221688	0.9333575486	0.9299392812	0.9346312814	0.9333990925	0.9340016461	0.9340962366	0.9333756962	0.9331884137	0.9251930059	0.9332468208	0.9341391764	0.9333402945	0.9324680967	0.9339280509	0.9348854026	0.9348419044	0.9329505974	0.9346306114	0.9339099034	0.9327889449	0.9319517577	0.9298142587	0.9309720707	0.9321439540	0.9302047376	0.9338545674	0.9348063352	0.9311768306	0.9320660592	0.9332455924	0.9339178325	0.9335391914	0.9334720176	0.9275161680	0.9311837546	0.9333763104	0.9324694368	0.9351115486	0.9344344506	0.9298358682	0.9334327073	0.9330732747	0.9327571169	0.9329819787	0.9341426384	0.9329152516	0.9334533117	0.9297269831	0.9270652719	0.9295744322	0.9345849913	0.9336378581	0.9342404675	0.9350608472	0.9251026033	0.9330320100	0.9300978068	0.9350219836	0.9342245535	0.9341969135	0.9314342462	0.9312215572	0.9334582255	0.9330978436	0.9333738535	0.9253132262	0.9284640271
0.9334791650	0.9343232761	0.9337309968	1.0000000000	0.9324476598	0.9306894160	0.9311734803	0.9325934542	0.9330689751	0.9327847011	0.9313136908	0.9320036317	0.9336844833	0.9303739842	0.9327062480	0.9299679263	0.9333026594	0.9316712808	0.9331592102	0.9342445437	0.9334413623	0.9302755408	0.9338497653	0.9335154600	0.9333791582	0.9312814720	0.9329751105	0.9331112449	0.9306394405	0.9331406718	0.9338603746	0.9335466179	0.9334425349	0.9323268810	0.9348225284	0.9258310728	0.9340261592	0.9328579613	0.9335381305	0.9332759127	0.9342513002	0.9342921182	0.9342361121	0.9331737840	0.9342712904	0.9330738331	0.9331723881	0.9308739065	0.9301251118	0.9311678964	0.9320782320	0.9309298009	0.9336546096	0.9344959288	0.9315323545	0.9323269927	0.9338509379	0.9341950708	0.9334088084	0.9318227149	0.9277058515	0.9309231561	0.9326472267	0.9334941297	0.9336634880	0.9327262940	0.9298306752	0.9342388482	0.9338108459	0.9325169554	0.9323194545	0.9345918594	0.9337141335	0.9337470782	0.9301336551	0.9276375610	0.9294197036	0.9343365656	0.9332740700	0.9336526553	0.9327849245	0.9255743831	0.9340191794	0.9297609329	0.9335196479	0.9335236124	0.9335162976	0.9323186727	0.9319192597	0.9340917137	0.9332994766	0.9331695403	0.9249246459	0.9291626230
0.9325429761	0.9332077339	0.9325679918	0.9324476598	1.0000000000	0.9294128355	0.9305445150	0.9317707292	0.9316065639	0.9321034710	0.9306810402	0.9310006600	0.9323369878	0.9286919042	0.9313166503	0.9283991986	0.9316230363	0.9304586912	0.9313024673	0.9332155513	0.9325332044	0.9294913445	0.9329462978	0.9325419710	0.9324229791	0.9301236042	0.9314823232	0.9317895468	0.9289801427	0.9321394869	0.9331914290	0.9326077488	0.9322111836	0.9315774162	0.9331042651	0.9245036792	0.9321397102	0.9316878090	0.9318982644	0.9316091325	0.9325455447	0.9328582963	0.9333644726	0.9321513805	0.9331821040	0.9321650051	0.9320562875	0.9298280508	0.9290535704	0.9299101893	0.9313342394	0.9299134279	0.9326572218	0.9338139170	0.9302056310	0.9306230240	0.9323250942	0.9326185257	0.9318057958	0.9313521077	0.9266155484	0.9302133367	0.9315707714	0.9319204882	0.9325319759	0.9321694722	0.9296563473	0.9326052361	0.9323598257	0.9314371498	0.9317675464	0.9331200674	0.9321079940	0.9324694926	0.9291324702	0.9264725459	0.9281929311	0.9325345445	0.9322813726	0.9326579477	0.9326914508	0.9241775263	0.9327291976	0.9288159216	0.9327329947	0.9324943966	0.9325317526	0.9307637930	0.9303304301	0.9322382094	0.9317925062	0.9318806753	0.9244809529	0.9273579216
0.9305116820	0.9320612571	0.9304359649	0.9306894160	0.9294128355	1.0000000000	0.9290920431	0.9297838825	0.9300870858	0.9297850552	0.9288590289	0.9291098556	0.9312077093	0.9275441990	0.9301138883	0.9275667578	0.9300641361	0.9294983801	0.9298595996	0.9314500485	0.9305150881	0.9280841018	0.9309907208	0.9309817307	0.9300275061	0.9282300079	0.9296550630	0.9301889911	0.9279949276	0.9295648838	0.9313027465	0.9311227789	0.9307372697	0.9295714728	0.9318863150	0.9227790503	0.9310252848	0.9297029725	0.9305614900	0.9307324675	0.9312723145	0.9308396217	0.9309267856	0.9305555152	0.9317760897	0.9305168750	0.9296211691	0.9282451401	0.9268786595	0.9287077623	0.9298556351	0.9289710969	0.9309281258	0.9317354951	0.9285923441	0.9288302721	0.9310020560	0.9300353235	0.9300914412	0.9291101906	0.9255168694	0.9288829278	0.9302181388	0.9309413037	0.9311174742	0.9300969692	0.9273943284	0.9305634443	0.9319570066	0.9291877504	0.9292764778	0.9317410790	0.9311552769	0.9307597167	0.9278016146	0.9252949112	0.9276085250	0.9306578114	0.9303051352	0.9307948392	0.9303834209	0.9231537827	0.9303168613	0.9278028989	0.9303959287	0.9301365587	0.9309280699	0.9299974649	0.9292316395	0.9313933724	0.9306703751	0.9296827590	0.9234757477	0.9268752534
0.9312287046	0.9326444906	0.9313467472	0.9311734803	0.9305445150	0.9290920431	1.0000000000	0.9312031305	0.9312754973	0.9315005824	0.9299616724	0.9301681633	0.9316570420	0.9280585277	0.9316709458	0.9285508002	0.9313322851	0.9303434963	0.9307694885	0.9321904116	0.9314236369	0.9291152720	0.9320996182	0.9320373582	0.9317370027	0.9290561389	0.9310433765	0.9316631842	0.9284489507	0.9310150664	0.9323072258	0.9320059770	0.9320077638	0.9310521431	0.9320791254	0.9232870134	0.9312641062	0.9307086803	0.9309721824	0.9311284186	0.9321111768	0.9324202430	0.9326422012	0.9312110038	0.9321137453	0.9314067737	0.9309352173	0.9297119625	0.9279522670	0.9300594457	0.9302961452	0.9297849435	0.9321245780	0.9332816082	0.9290251486	0.9300193536	0.9319216608	0.9314612721	0.9318882693	0.9304995092	0.9257761277	0.9296384790	0.9312338976	0.9318460554	0.9319792303	0.9316490012	0.9281884081	0.9312744363	0.9319008888	0.9301145025	0.9306760706	0.9327443299	0.9318917313	0.9318304206	0.9283396189	0.9261124432	0.9282666938	0.9317506273	0.9316180667	0.9319085387	0.9320863286	0.9244659324	0.9317177943	0.9291106932	0.9322208995	0.9314127484	0.9318401924	0.9301205889	0.9298096241	0.9317921154	0.9311989985	0.9312547812	0.9237123355	0.9268696137
0.9331036508	0.9341232066	0.9334563270	0.9325934542	0.9317707292	0.9297838825	0.9312031305	1.0000000000	0.9330527261	0.9322502705	0.9327062480	0.9309392935	0.9337030775	0.9301555997	0.9320666176	0.9291641307	0.9318951375	0.9309569384	0.9313490925	0.9333955188	0.9329761715	0.9303885022	0.9337570175	0.9336034057	0.9325633014	0.9307106347	0.9319842558	0.9323784758	0.9302060777	0.9322632809	0.9333394570	0.9332591053	0.9334080825	0.9323742879	0.9333376143	0.9248726044	0.9327474010	0.9321036386	0.9326873187	0.9321011258	0.9334453827	0.9331819923	0.9337622105	0.9329758364	0.9337339562	0.9330726604	0.9320332262	0.9303516487	0.9292750818	0.9305733836	0.9313449046	0.9300946240	0.9332770853	0.9336250152	0.9308553123	0.9316623466	0.9329358002	0.9333057305	0.9326796130	0.9321869496	0.9270416522	0.9311444442	0.9324392281	0.9330203397	0.9331455856	0.9324022630	0.9289374262	0.9337002856	0.9336618128	0.9317286828	0.9325468848	0.9336384165	0.9326974813	0.9336852650	0.9292545891	0.9268290749	0.9291773086	0.9337125700	0.9335585674	0.9335421508	0.9330186087	0.9252595096	0.9331263771	0.9295706910	0.9333391219	0.9332491661	0.9331566416	0.9319107723	0.9309613497	0.9334540935	0.9326580593	0.9326083072	0.9249814337	0.9284009296
0.9337578551	0.9336062535	0.9328238998	0.9330689751	0.9316065639	0.9300870858	0.9312754973	0.9330527261	1.0000000000	0.9328207170	0.9312239583	0.9311942522	0.9335907304	0.9293150064	0.9327793406	0.9298430155	0.9326085306	0.9312697459	0.9326166272	0.9335450544	0.9328078741	0.9304847678	0.9338044803	0.9340367127	0.9330957776	0.9307475998	0.9324969652	0.9326991007	0.9296494792	0.9330760666	0.9334742512	0.9334563270	0.9339311779	0.9321702539	0.9339541834	0.9251294616	0.9329881767	0.9325781544	0.9329801360	0.9324615077	0.9338121301	0.9338769587	0.9335441052	0.9324569848	0.9339462543	0.9330542337	0.9322453009	0.9309794972	0.9297495977	0.9312576289	0.9315720557	0.9305760638	0.9340409564	0.9337582460	0.9305997952	0.9318377913	0.9336102180	0.9331326310	0.9327265174	0.9318817362	0.9270959272	0.9315748476	0.9323684249	0.9330471422	0.9333184617	0.9323652979	0.9290955609	0.9335949741	0.9335401965	0.9316914943	0.9330484265	0.9339763513	0.9332719482	0.9330899146	0.9296712562	0.9269310361	0.9292845185	0.9338886848	0.9327957013	0.9337700837	0.9331743983	0.9250888670	0.9329113988	0.9296264179	0.9336456755	0.9329627144	0.9336193197	0.9313814230	0.9314347488	0.9332948420	0.9331249812	0.9326306426	0.9252169606	0.9285022207
0.9346630535	0.9345615949	0.9346906378	0.9327847011	0.9321034710	0.9297850552	0.9315005824	0.9322502705	0.9328207170	1.0000000000	0.9309731875	0.9316352091	0.9336206040	0.9294681715	0.9327426547	0.9286470100	0.9324073443	0.9306167143	0.9319765500	0.9343303117	0.9335782784	0.9308911048	0.9347558013	0.9337736574	0.9342071319	0.9306407807	0.9324286747	0.9325638039	0.9296162553	0.9342997680	0.9332735117	0.9337255246	0.9339687572	0.9334453268	0.9329892377	0.9244864809	0.9326323178	0.9325881495	0.9327883306	0.9324397865	0.9337155853	0.9352436068	0.9348407318	0.9330164310	0.9334487888	0.9331995814	0.9323499982	0.9310770471	0.9293896067	0.9306038156	0.9320087689	0.9298345839	0.9331995256	0.9345923061	0.9306225215	0.9316399554	0.9329127389	0.9339965090	0.9333627975	0.9328477987	0.9270096567	0.9309689437	0.9331515603	0.9321540049	0.9350557659	0.9332952887	0.9292407970	0.9331151536	0.9326583385	0.9320312718	0.9325242702	0.9335688975	0.9325297982	0.9331918199	0.9294489630	0.9268256688	0.9286226644	0.9338372575	0.9336676200	0.9343028392	0.9335798418	0.9245022832	0.9325451538	0.9306167143	0.9338329021	0.9343175247	0.9337804139	0.9310777172	0.9308568758	0.9334409714	0.9326846943	0.9329449577	0.9247005100	0.9278012796
0.9316565953	0.9322791391	0.9310402495	0.9313136908	0.9306810402	0.9288590289	0.9299616724	0.9327062480	0.9312239583	0.9309731875	1.0000000000	0.9297318969	0.9312397606	0.9286050194	0.9304915801	0.9277824062	0.9308524645	0.9300258309	0.9308082963	0.9319958143	0.9312664514	0.9287708040	0.9317536985	0.9315151004	0.9314048193	0.9292906049	0.9305120728	0.9310607423	0.9290632304	0.9314126925	0.9314366473	0.9319159094	0.9317992069	0.9304974990	0.9322240264	0.9237434934	0.9312536644	0.9312393139	0.9311117229	0.9312528827	0.9322441283	0.9316598897	0.9322310621	0.9313103405	0.9323396122	0.9316625700	0.9312321107	0.9291931667	0.9280279282	0.9297354147	0.9300480546	0.9283106387	0.9317482821	0.9324854066	0.9295183703	0.9298727775	0.9317184644	0.9319867685	0.9316644127	0.9307498333	0.9254374670	0.9299774747	0.9304988950	0.9313700319	0.9324483298	0.9314675818	0.9279750491	0.9318404715	0.9316055588	0.9305578046	0.9308437537	0.9323553028	0.9320242362	0.9311104944	0.9281506055	0.9255634946	0.9275832860	0.9318727462	0.9313911947	0.9319616412	0.9312742688	0.9239786295	0.9312502583	0.9282336374	0.9319292548	0.9315389993	0.9318815687	0.9303934718	0.9298368175	0.9314848359	0.9310052946	0.9311623684	0.9240212901	0.9269557725
0.9316341482	0.9327766604	0.9317920595	0.9320036317	0.9310006600	0.9291098556	0.9301681633	0.9309392935	0.9311942522	0.9316352091	0.9297318969	1.0000000000	0.9322077774	0.9281673570	0.9324191263	0.9279099414	0.9312154150	0.9310277975	0.9314368148	0.9322613824	0.9322398287	0.9289497107	0.9322168233	0.9326012716	0.9312072626	0.9297280440	0.9311735361	0.9309566592	0.9288973900	0.9307857375	0.9328610882	0.9328744337	0.9323000785	0.9314144794	0.9325957994	0.9242470453	0.9317075200	0.9309438164	0.9320225610	0.9311959274	0.9328421590	0.9327463959	0.9322937129	0.9325569916	0.9327594063	0.9317663180	0.9316603923	0.9299014227	0.9285924558	0.9296127933	0.9304968848	0.9303823599	0.9321915284	0.9336901788	0.9298712698	0.9307177262	0.9322542909	0.9323232515	0.9316578237	0.9307144317	0.9265677506	0.9300898219	0.9313062085	0.9321085523	0.9319222192	0.9311728660	0.9282903135	0.9325042800	0.9325024374	0.9310957530	0.9311911811	0.9322493213	0.9320240128	0.9321257506	0.9283061716	0.9257996915	0.9281995200	0.9324466547	0.9319806263	0.9324326950	0.9317086926	0.9236754262	0.9317926738	0.9284318641	0.9317265609	0.9317117637	0.9322843879	0.9309297451	0.9300981418	0.9320728157	0.9322954997	0.9316918294	0.9239494818	0.9275520164
0.9329868925	0.9345074316	0.9334853072	0.9336844833	0.9323369878	0.9312077093	0.9316570420	0.9337030775	0.9335907304	0.9336206040	0.9312397606	0.9322077774	1.0000000000	0.9307000812	0.9336750465	0.9303413745	0.9335120539	0.9329161450	0.9331470374	0.9343406977	0.9342078020	0.9312365220	0.9344297043	0.9348058885	0.9330642288	0.9321402686	0.9333188525	0.9332107491	0.9302991605	0.9327839752	0.9351719101	0.9346145857	0.9338219019	0.9329905778	0.9355558000	0.9258443624	0.9339708791	0.9332335313	0.9344776696	0.9339279951	0.9346124638	0.9339761837	0.9339303403	0.9339289444	0.9347818779	0.9332903749	0.9327893357	0.9313068785	0.9305700332	0.9314642873	0.9324894270	0.9318571673	0.9341341510	0.9352581248	0.9313681892	0.9328472961	0.9348601636	0.9341716186	0.9339663003	0.9321336238	0.9279388099	0.9313018531	0.9329794659	0.9340549719	0.9345133504	0.9329440643	0.9301543154	0.9347035365	0.9349208042	0.9330521119	0.9330052633	0.9348161070	0.9340425758	0.9338923701	0.9305058748	0.9274982997	0.9297927050	0.9342236601	0.9336766659	0.9344091557	0.9335854257	0.9255773983	0.9337766168	0.9299814951	0.9340468753	0.9339014160	0.9340043264	0.9328886725	0.9322241381	0.9344675070	0.9343022249	0.9340706625	0.9255545046	0.9292391218
0.9298549650	0.9304340664	0.9301684425	0.9303739842	0.9286919042	0.9275441990	0.9280585277	0.9301555997	0.9293150064	0.9294681715	0.9286050194	0.9281673570	0.9307000812	1.0000000000	0.9295600259	0.9274361514	0.9294909536	0.9290756266	0.9295646046	0.9304708082	0.9298457516	0.9274730607	0.9305516624	0.9301628587	0.9298923210	0.9282348658	0.9290949467	0.9297428971	0.9275602246	0.9292573810	0.9310465034	0.9304724275	0.9304775646	0.9299091284	0.9311283069	0.9229512005	0.9305178801	0.9290137575	0.9302010522	0.9297617146	0.9310070256	0.9304720366	0.9304230662	0.9301303048	0.9307527369	0.9300047798	0.9292434214	0.9280012932	0.9270348399	0.9282316272	0.9289387105	0.9283405123	0.9297762327	0.9307857375	0.9282291144	0.9286721932	0.9302192556	0.9303888372	0.9298088424	0.9290172195	0.9249601034	0.9283500607	0.9296314433	0.9307855700	0.9305173775	0.9291301250	0.9271302679	0.9298996917	0.9308296824	0.9295066442	0.9293339356	0.9311381903	0.9301338226	0.9305353017	0.9271209988	0.9251009840	0.9263303251	0.9300669839	0.9299127579	0.9307616153	0.9297653441	0.9232575865	0.9301495133	0.9273639522	0.9301657064	0.9297460799	0.9298375992	0.9291101348	0.9286584569	0.9306525626	0.9300220339	0.9295815237	0.9233936092	0.9266117513
0.9327404770	0.9346082201	0.9329643895	0.9327062480	0.9313166503	0.9301138883	0.9316709458	0.9320666176	0.9327793406	0.9327426547	0.9304915801	0.9324191263	0.9336750465	0.9295600259	1.0000000000	0.9295074260	0.9319467323	0.9310999968	0.9322956673	0.9340433575	0.9331100723	0.9308980846	0.9333612340	0.9340870791	0.9325767026	0.9305596473	0.9323449727	0.9324562030	0.9293382352	0.9326552674	0.9342615745	0.9334182451	0.9337857744	0.9315186182	0.9339165482	0.9247900750	0.9326628615	0.9324612285	0.9328291486	0.9325606769	0.9344795123	0.9335038456	0.9334793325	0.9335887202	0.9337173163	0.9330525586	0.9333727926	0.9303020641	0.9291282265	0.9309055112	0.9319165795	0.9312431109	0.9330386548	0.9342519703	0.9306855632	0.9314531755	0.9334421440	0.9330262028	0.9326889939	0.9323988010	0.9273188347	0.9311452260	0.9321105625	0.9330814271	0.9332970197	0.9324721729	0.9290424027	0.9333299644	0.9336487466	0.9317018803	0.9325003155	0.9339583713	0.9332535215	0.9330709295	0.9294437700	0.9269646509	0.9290399458	0.9334158441	0.9329970551	0.9333958539	0.9327674470	0.9252633066	0.9326461657	0.9300797151	0.9333247156	0.9329037489	0.9336352895	0.9316773672	0.9311105502	0.9328477987	0.9327777772	0.9331579817	0.9244939633	0.9280547307
0.9289013545	0.9304519347	0.9297101198	0.9299679263	0.9283991986	0.9275667578	0.9285508002	0.9291641307	0.9298430155	0.9286470100	0.9277824062	0.9279099414	0.9303413745	0.9274361514	0.9295074260	1.0000000000	0.9291594961	0.9285899430	0.9292873105	0.9298422896	0.9290798703	0.9280880663	0.9298087865	0.9300565421	0.9293189709	0.9279844858	0.9296522153	0.9291851818	0.9268065161	0.9285343837	0.9305170425	0.9306589282	0.9297074396	0.9293060722	0.9313049800	0.9228602953	0.9300531918	0.9293856421	0.9295967676	0.9296778452	0.9305896884	0.9298699856	0.9301774884	0.9294970958	0.9299371593	0.9302503576	0.9298025885	0.9276212562	0.9279016773	0.9279503126	0.9292329796	0.9285884354	0.9301994887	0.9308163370	0.9279662266	0.9289328475	0.9305729368	0.9290001329	0.9294498006	0.9281469201	0.9250374956	0.9280298825	0.9295808536	0.9307398941	0.9298545741	0.9287603622	0.9265666338	0.9304583003	0.9327175832	0.9294849789	0.9290068335	0.9308996481	0.9302561090	0.9303490243	0.9272805853	0.9246432197	0.9269022234	0.9296359104	0.9293781598	0.9295011162	0.9294285261	0.9232514443	0.9302874344	0.9268341562	0.9291281148	0.9296132958	0.9300414099	0.9289139182	0.9286391368	0.9300521867	0.9294169675	0.9298105734	0.9229751552	0.9260217614
0.9335023938	0.9339395537	0.9330448529	0.9333026594	0.9316230363	0.9300641361	0.9313322851	0.9318951375	0.9326085306	0.9324073443	0.9308524645	0.9312154150	0.9335120539	0.9294909536	0.9319467323	0.9291594961	1.0000000000	0.9309301918	0.9320019007	0.9334515249	0.9330433452	0.9300487247	0.9338512171	0.9326021650	0.9327882748	0.9306541819	0.9317952423	0.9318002678	0.9297877912	0.9322098434	0.9337417736	0.9335116630	0.9331297274	0.9319874944	0.9334759263	0.9245140652	0.9322380977	0.9325651440	0.9327111618	0.9324574315	0.9333198018	0.9336725338	0.9336699094	0.9330267053	0.9337227326	0.9334898301	0.9319095438	0.9305604290	0.9293077474	0.9305052047	0.9313728797	0.9308593327	0.9331625605	0.9342290206	0.9312511517	0.9315301768	0.9333304111	0.9332564251	0.9331955052	0.9321294918	0.9269524781	0.9311593531	0.9319434378	0.9325792712	0.9331513369	0.9333192992	0.9293338240	0.9330104005	0.9336943667	0.9321461875	0.9314127484	0.9334716268	0.9334089201	0.9330549038	0.9292455991	0.9264126870	0.9287893983	0.9335499124	0.9327018368	0.9331910940	0.9334942972	0.9246904591	0.9327517564	0.9298086190	0.9325212549	0.9329138557	0.9333092483	0.9315580402	0.9307156043	0.9330513301	0.9324623453	0.9323279419	0.9248834371	0.9277863149
0.9309178515	0.9331220776	0.9310793365	0.9316712808	0.9304586912	0.9294983801	0.9303434963	0.9309569384	0.9312697459	0.9306167143	0.9300258309	0.9310277975	0.9329161450	0.9290756266	0.9310999968	0.9285899430	0.9309301918	1.0000000000	0.9314696478	0.9319033457	0.9315070038	0.9300890401	0.9312694667	0.9323600491	0.9311230581	0.9295733713	0.9312375271	0.9314104032	0.9290191180	0.9303105516	0.9331004122	0.9323580389	0.9319149043	0.9313711487	0.9340844547	0.9241439674	0.9323263226	0.9311388045	0.9320813031	0.9323507799	0.9325830682	0.9321460200	0.9318439894	0.9315843960	0.9331351996	0.9315886398	0.9308138801	0.9292775946	0.9290215191	0.9299687081	0.9309789947	0.9312770049	0.9323470946	0.9328048030	0.9300898219	0.9309463291	0.9324981936	0.9320372465	0.9316311329	0.9303596337	0.9265562478	0.9302723022	0.9312671215	0.9333348782	0.9309357756	0.9300235974	0.9282089009	0.9327745385	0.9337725406	0.9310364525	0.9311764397	0.9332629023	0.9327032327	0.9323092360	0.9292064004	0.9258996425	0.9283936148	0.9323126422	0.9309103133	0.9318425934	0.9312813045	0.9243853573	0.9321474718	0.9283697717	0.9312402073	0.9311915720	0.9315089023	0.9313413867	0.9305423932	0.9327119435	0.9322116303	0.9312463496	0.9243840172	0.9283143240
0.9319422094	0.9335653797	0.9325338744	0.9331592102	0.9313024673	0.9298595996	0.9307694885	0.9313490925	0.9326166272	0.9319765500	0.9308082963	0.9314368148	0.9331470374	0.9295646046	0.9322956673	0.9292873105	0.9320019007	0.9314696478	1.0000000000	0.9328703016	0.9325130467	0.9302979321	0.9330484265	0.9331495501	0.9328333365	0.9305566320	0.9315224711	0.9319138992	0.9293324280	0.9322613824	0.9337781245	0.9328252399	0.9332320795	0.9325005947	0.9340377178	0.9241725009	0.9329474146	0.9321830409	0.9327792290	0.9327757670	0.9333517973	0.9330679700	0.9334892717	0.9332575977	0.9339500513	0.9329700292	0.9321760611	0.9309394051	0.9296519919	0.9309163438	0.9317467186	0.9308779269	0.9327106592	0.9339102384	0.9308492817	0.9318202580	0.9335623085	0.9334396313	0.9319925757	0.9313820930	0.9271901827	0.9309836293	0.9319503059	0.9323281653	0.9330965593	0.9317817852	0.9296889012	0.9333206952	0.9343070829	0.9315765786	0.9320012307	0.9338461358	0.9334539818	0.9328109452	0.9295613660	0.9270453934	0.9290731139	0.9328422707	0.9319905097	0.9332437497	0.9321224003	0.9249144274	0.9328479662	0.9293177425	0.9324744064	0.9322556869	0.9331219100	0.9314630589	0.9311867140	0.9329392622	0.9331000772	0.9328667279	0.9244457188	0.9285422011
0.9349452615	0.9355700388	0.9346649521	0.9342445437	0.9332155513	0.9314500485	0.9321904116	0.9333955188	0.9335450544	0.9343303117	0.9319958143	0.9322613824	0.9343406977	0.9304708082	0.9340433575	0.9298422896	0.9334515249	0.9319033457	0.9328703016	1.0000000000	0.9342467773	0.9308606170	0.9350396844	0.9344872738	0.9349616222	0.9315755177	0.9336803512	0.9341594458	0.9307361529	0.9348548031	0.9348860168	0.9345441175	0.9342764275	0.9336294823	0.9353890661	0.9260138882	0.9342873719	0.9340856273	0.9338048153	0.9330177153	0.9357491130	0.9348438029	0.9345241273	0.9339599906	0.9350375067	0.9346453527	0.9336161927	0.9316573212	0.9305350783	0.9316162798	0.9332240387	0.9317797751	0.9337908557	0.9355933793	0.9316273917	0.9330377055	0.9341785984	0.9350844669	0.9339256499	0.9336151318	0.9282360943	0.9318204814	0.9339947221	0.9340707184	0.9357365493	0.9341393439	0.9306996345	0.9346533935	0.9345874482	0.9332049978	0.9335285821	0.9351104877	0.9341008712	0.9340334182	0.9305269817	0.9275474376	0.9300879792	0.9348190106	0.9338619381	0.9342347162	0.9351908952	0.9262240086	0.9337639973	0.9312138515	0.9344188716	0.9347793094	0.9342482291	0.9332277241	0.9323297846	0.9343747034	0.9335696234	0.9343921808	0.9259773139	0.9293384027
0.9337773427	0.9344069222	0.9337437279	0.9334413623	0.9325332044	0.9305150881	0.9314236369	0.9329761715	0.9328078741	0.9335782784	0.9312664514	0.9322398287	0.9342078020	0.9298457516	0.9331100723	0.9290798703	0.9330433452	0.9315070038	0.9325130467	0.9342467773	1.0000000000	0.9307645747	0.9346385404	0.9334672155	0.9342065735	0.9307998088	0.9336721988	0.9334042855	0.9301381222	0.9335692884	0.9345100001	0.9344724208	0.9342651482	0.9333472744	0.9340666980	0.9254496956	0.9332656384	0.9331578142	0.9332969080	0.9331216867	0.9349765311	0.9337188798	0.9344008358	0.9334382353	0.9350844111	0.9339469244	0.9327817417	0.9312448978	0.9302683935	0.9310179141	0.9319358438	0.9304197718	0.9336779501	0.9351792808	0.9310570569	0.9318645380	0.9337339004	0.9342665441	0.9336305991	0.9324649697	0.9274121409	0.9318128873	0.9334459410	0.9331537380	0.9342409701	0.9337048085	0.9294568921	0.9343523121	0.9335950858	0.9329651154	0.9328102752	0.9342401883	0.9331907031	0.9336587417	0.9297559633	0.9267564290	0.9294899485	0.9353169786	0.9339817676	0.9345438383	0.9334393521	0.9252222653	0.9332871363	0.9300509582	0.9337400984	0.9342884887	0.9338589228	0.9321893507	0.9318154000	0.9332182873	0.9332312419	0.9336614778	0.9257748434	0.9282916536
0.9305210629	0.9314289416	0.9299595506	0.9302755408	0.9294913445	0.9280841018	0.9291152720	0.9303885022	0.9304847678	0.9308911048	0.9287708040	0.9289497107	0.9312365220	0.9274730607	0.9308980846	0.9280880663	0.9300487247	0.9300890401	0.9302979321	0.9308606170	0.9307645747	1.0000000000	0.9306740046	0.9315637916	0.9306129172	0.9291060028	0.9301301373	0.9308026566	0.9281678037	0.9296313317	0.9314574192	0.9311272460	0.9309258922	0.9303351205	0.9324145475	0.9236408622	0.9308965211	0.9305214537	0.9305676322	0.9304710315	0.9315322987	0.9310273508	0.9315441365	0.9307528486	0.9310829102	0.9301446553	0.9302563882	0.9286616955	0.9278263511	0.9290327426	0.9296036916	0.9292517413	0.9312452886	0.9316301836	0.9289014662	0.9288268101	0.9316998143	0.9309479484	0.9305580280	0.9292666502	0.9263150254	0.9294543794	0.9303532681	0.9311227789	0.9308771452	0.9296809721	0.9270585154	0.9315649642	0.9321605939	0.9298866254	0.9304228429	0.9312013437	0.9312404865	0.9306740604	0.9281214577	0.9255029656	0.9270923536	0.9308626272	0.9300683799	0.9310531482	0.9303656642	0.9241808766	0.9306713243	0.9280060395	0.9314191140	0.9305283219	0.9305442358	0.9303729232	0.9296139100	0.9314912015	0.9307456454	0.9304355741	0.9238092154	0.9267068444
0.9353148009	0.9351529250	0.9349137686	0.9338497653	0.9329462978	0.9309907208	0.9320996182	0.9337570175	0.9338044803	0.9347558013	0.9317536985	0.9322168233	0.9344297043	0.9305516624	0.9333612340	0.9298087865	0.9338512171	0.9312694667	0.9330484265	0.9350396844	0.9346385404	0.9306740046	1.0000000000	0.9342619095	0.9347977919	0.9322561894	0.9338452982	0.9336197106	0.9303365723	0.9352061391	0.9351244473	0.9348424069	0.9348915448	0.9334869824	0.9342416960	0.9252440981	0.9335173585	0.9337430020	0.9334314789	0.9329939281	0.9351213762	0.9347159326	0.9361234545	0.9341949591	0.9349272815	0.9340431900	0.9328437225	0.9321491470	0.9301168477	0.9316032136	0.9330814271	0.9304635492	0.9338159830	0.9360311534	0.9316509556	0.9323399472	0.9342375639	0.9347775784	0.9338695880	0.9338430647	0.9274661926	0.9316008126	0.9333103651	0.9331743983	0.9356405071	0.9346210071	0.9301281829	0.9341956292	0.9339281068	0.9331838908	0.9331888604	0.9348221375	0.9335373487	0.9339229696	0.9300096936	0.9270451142	0.9297007948	0.9351923470	0.9351739203	0.9360267980	0.9346385404	0.9254142382	0.9335330492	0.9308217534	0.9359387965	0.9346041997	0.9348133150	0.9327547717	0.9317766481	0.9341343743	0.9339648485	0.9339316246	0.9256033074	0.9286737008
0.9340433017	0.9352779475	0.9339672496	0.9335154600	0.9325419710	0.9309817307	0.9320373582	0.9336034057	0.9340367127	0.9337736574	0.9315151004	0.9326012716	0.9348058885	0.9301628587	0.9340870791	0.9300565421	0.9326021650	0.9323600491	0.9331495501	0.9344872738	0.9334672155	0.9315637916	0.9342619095	1.0000000000	0.9339746761	0.9315516747	0.9336020097	0.9336247919	0.9308335911	0.9340336974	0.9347182220	0.9348646865	0.9352861557	0.9330297206	0.9357463769	0.9257595436	0.9339884682	0.9330986812	0.9339067206	0.9330202281	0.9348641281	0.9344078714	0.9343479567	0.9338827659	0.9347989087	0.9336704678	0.9329207238	0.9314972321	0.9305798050	0.9318879343	0.9326982072	0.9316317471	0.9344598571	0.9353228416	0.9319967636	0.9319002188	0.9341961876	0.9342431478	0.9336361271	0.9325913323	0.9279339519	0.9324458171	0.9334134989	0.9338813699	0.9340032654	0.9347441311	0.9301687775	0.9349478301	0.9345046396	0.9327276342	0.9329606484	0.9353112272	0.9345143555	0.9341323083	0.9307651331	0.9278600776	0.9298360916	0.9349820032	0.9335726387	0.9341596133	0.9348641839	0.9259553694	0.9335629228	0.9304283709	0.9345215587	0.9337004531	0.9342597877	0.9332244296	0.9322707633	0.9347676391	0.9337632156	0.9335040690	0.9251632440	0.9296930332
0.9364596025	0.9340230881	0.9343222151	0.9333791582	0.9324229791	0.9300275061	0.9317370027	0.9325633014	0.9330957776	0.9342071319	0.9314048193	0.9312072626	0.9330642288	0.9298923210	0.9325767026	0.9293189709	0.9327882748	0.9311230581	0.9328333365	0.9349616222	0.9342065735	0.9306129172	0.9347977919	0.9339746761	1.0000000000	0.9310994384	0.9319400875	0.9331540172	0.9296343470	0.9359812896	0.9341957409	0.9339304520	0.9335023938	0.9333716200	0.9333224820	0.9250429678	0.9325965811	0.9335971518	0.9325749158	0.9323033171	0.9340192353	0.9349280074	0.9345234572	0.9330240251	0.9342192489	0.9334769873	0.9327667770	0.9314254796	0.9294404197	0.9310392444	0.9325731848	0.9296550072	0.9328538851	0.9344676745	0.9310695648	0.9319660524	0.9333619040	0.9333511272	0.9331770785	0.9336326651	0.9271853247	0.9307809912	0.9341223690	0.9324947316	0.9365140451	0.9344586287	0.9295330559	0.9330530611	0.9328351233	0.9322873473	0.9326361706	0.9339037053	0.9332698821	0.9330279896	0.9290193414	0.9267428044	0.9289824879	0.9343752059	0.9337258038	0.9345963265	0.9347829389	0.9250291756	0.9327660511	0.9302545455	0.9344798473	0.9344509788	0.9341022672	0.9313039749	0.9308779828	0.9330373705	0.9327225528	0.9337282607	0.9248626651	0.9289214006
0.9306379329	0.9325379507	0.9308576017	0.9312814720	0.9301236042	0.9282300079	0.9290561389	0.9307106347	0.9307475998	0.9306407807	0.9292906049	0.9297280440	0.9321402686	0.9282348658	0.9305596473	0.9279844858	0.9306541819	0.9295733713	0.9305566320	0.9315755177	0.9307998088	0.9291060028	0.9322561894	0.9315516747	0.9310994384	1.0000000000	0.9306318465	0.9308615662	0.9281587020	0.9306071100	0.9322205644	0.9319246761	0.9314924858	0.9302912873	0.9325440371	0.9237028988	0.9318916196	0.9312237350	0.9311809068	0.9301132740	0.9318947466	0.9317344342	0.9317530284	0.9310826868	0.9320847093	0.9314915366	0.9304088832	0.9289836047	0.9280570201	0.9297825983	0.9308021540	0.9289746147	0.9319186455	0.9342820114	0.9291488867	0.9298252589	0.9320095506	0.9321341264	0.9311828053	0.9300004244	0.9261001029	0.9298543508	0.9310880473	0.9310747019	0.9314256471	0.9308190173	0.9282452518	0.9316385036	0.9320421603	0.9308900997	0.9302590685	0.9329232365	0.9312801877	0.9314154286	0.9288112311	0.9257405585	0.9281329046	0.9321953254	0.9316237622	0.9315762994	0.9316316913	0.9240704839	0.9313900221	0.9277149532	0.9311485763	0.9312280345	0.9309285725	0.9307418484	0.9293992109	0.9323679223	0.9308998156	0.9310394678	0.9241315712	0.9273341903
0.9327891124	0.9350505171	0.9328221688	0.9329751105	0.9314823232	0.9296550630	0.9310433765	0.9319842558	0.9324969652	0.9324286747	0.9305120728	0.9311735361	0.9333188525	0.9290949467	0.9323449727	0.9296522153	0.9317952423	0.9312375271	0.9315224711	0.9336803512	0.9336721988	0.9301301373	0.9338452982	0.9336020097	0.9319400875	0.9306318465	1.0000000000	0.9326531456	0.9295391981	0.9321712032	0.9340314639	0.9336678992	0.9337100015	0.9325634130	0.9338332929	0.9251518529	0.9333014868	0.9321804165	0.9325778194	0.9322723826	0.9350181866	0.9332760802	0.9339379344	0.9323575364	0.9333109793	0.9326234395	0.9324085169	0.9308766985	0.9294378512	0.9307226400	0.9311939730	0.9303124501	0.9326449373	0.9337156412	0.9304208327	0.9314277689	0.9336273604	0.9330757316	0.9325616262	0.9315386084	0.9270820235	0.9309387909	0.9326506887	0.9325045592	0.9329026321	0.9320997857	0.9289840514	0.9335232216	0.9336725896	0.9322547376	0.9320326678	0.9336491933	0.9325571591	0.9319418185	0.9295651072	0.9262154653	0.9291881971	0.9345774531	0.9339988542	0.9335039014	0.9329365819	0.9248269285	0.9328958198	0.9296811955	0.9332221402	0.9334495705	0.9331153769	0.9316337573	0.9309863095	0.9331797588	0.9322780781	0.9322671896	0.9249698751	0.9284990379
0.9329509324	0.9340417382	0.9333575486	0.9331112449	0.9317895468	0.9301889911	0.9316631842	0.9323784758	0.9326991007	0.9325638039	0.9310607423	0.9309566592	0.9332107491	0.9297428971	0.9324562030	0.9291851818	0.9318002678	0.9314104032	0.9319138992	0.9341594458	0.9334042855	0.9308026566	0.9336197106	0.9336247919	0.9331540172	0.9308615662	0.9326531456	1.0000000000	0.9300619584	0.9329737146	0.9329294346	0.9332851819	0.9329309423	0.9326927351	0.9342501834	0.9246603621	0.9331013615	0.9325990939	0.9331659108	0.9320299317	0.9335338867	0.9343143419	0.9339037612	0.9326808415	0.9338700347	0.9330839957	0.9322900276	0.9309510754	0.9295677316	0.9307374930	0.9318059633	0.9309513546	0.9325348237	0.9340164992	0.9306469787	0.9314345813	0.9329341809	0.9333027710	0.9326633640	0.9321634416	0.9273895821	0.9311089868	0.9333381727	0.9329393180	0.9336137917	0.9325690527	0.9292965238	0.9339302845	0.9331942768	0.9318404157	0.9322030870	0.9340036563	0.9337730990	0.9328714184	0.9293277934	0.9269912858	0.9295123956	0.9331173871	0.9331754592	0.9340908761	0.9328834237	0.9253839737	0.9325524128	0.9298836660	0.9335788367	0.9329953799	0.9329351301	0.9321073797	0.9307225283	0.9333932853	0.9328783424	0.9330244718	0.9252219302	0.9287126761
0.9299492204	0.9314388250	0.9299392812	0.9306394405	0.9289801427	0.9279949276	0.9284489507	0.9302060777	0.9296494792	0.9296162553	0.9290632304	0.9288973900	0.9302991605	0.9275602246	0.9293382352	0.9268065161	0.9297877912	0.9290191180	0.9293324280	0.9307361529	0.9301381222	0.9281678037	0.9303365723	0.9308335911	0.9296343470	0.9281587020	0.9295391981	0.9300619584	1.0000000000	0.9290695402	0.9311255708	0.9310514731	0.9306157092	0.9293861447	0.9318546545	0.9235668761	0.9303857661	0.9296448446	0.9305608757	0.9294556078	0.9308184030	0.9307792602	0.9305020219	0.9298811533	0.9314940493	0.9296822564	0.9294831920	0.9279785111	0.9278839206	0.9285887704	0.9287630425	0.9283044406	0.9310658794	0.9311384137	0.9281029194	0.9289039231	0.9305539517	0.9301808945	0.9300100844	0.9289783559	0.9249865708	0.9285957502	0.9289117963	0.9306245317	0.9300715627	0.9292336496	0.9267510126	0.9310344423	0.9311472920	0.9297575826	0.9296789061	0.9313258078	0.9310874331	0.9301649805	0.9273895821	0.9256028607	0.9277214863	0.9302053518	0.9299912669	0.9303547757	0.9298977931	0.9231862249	0.9306966192	0.9265298362	0.9303677302	0.9301086953	0.9302948051	0.9296079912	0.9288197186	0.9308217534	0.9300257192	0.9294989943	0.9236012168	0.9264450175
0.9355856736	0.9341153892	0.9346312814	0.9331406718	0.9321394869	0.9295648838	0.9310150664	0.9322632809	0.9330760666	0.9342997680	0.9314126925	0.9307857375	0.9327839752	0.9292573810	0.9326552674	0.9285343837	0.9322098434	0.9303105516	0.9322613824	0.9348548031	0.9335692884	0.9296313317	0.9352061391	0.9340336974	0.9359812896	0.9306071100	0.9321712032	0.9329737146	0.9290695402	1.0000000000	0.9331191181	0.9339381019	0.9337639973	0.9332455924	0.9325459356	0.9244317033	0.9323632319	0.9334513574	0.9325167879	0.9318897211	0.9335215464	0.9352330533	0.9346424491	0.9327039028	0.9336299848	0.9330282130	0.9331143718	0.9308548656	0.9287756620	0.9307912655	0.9317085251	0.9291127592	0.9328469053	0.9343618605	0.9299718350	0.9310109343	0.9327021718	0.9336340611	0.9328020111	0.9331939417	0.9264994600	0.9307384981	0.9335762123	0.9313926465	0.9356279434	0.9353446187	0.9292246596	0.9326106524	0.9318538728	0.9318941882	0.9325193006	0.9327673354	0.9330861175	0.9329267544	0.9287107218	0.9261628095	0.9284029398	0.9337934242	0.9335480697	0.9345508181	0.9348438587	0.9244135558	0.9326382367	0.9309821775	0.9348039900	0.9336525436	0.9347023639	0.9307992504	0.9303892281	0.9327832493	0.9325429203	0.9333686047	0.9243781542	0.9279808005
0.9339386044	0.9353246843	0.9333990925	0.9338603746	0.9331914290	0.9313027465	0.9323072258	0.9333394570	0.9334742512	0.9332735117	0.9314366473	0.9328610882	0.9351719101	0.9310465034	0.9342615745	0.9305170425	0.9337417736	0.9331004122	0.9337781245	0.9348860168	0.9345100001	0.9314574192	0.9351244473	0.9347182220	0.9341957409	0.9322205644	0.9340314639	0.9329294346	0.9311255708	0.9331191181	1.0000000000	0.9347611060	0.9351381278	0.9328481895	0.9351448284	0.9251543098	0.9342845800	0.9337548398	0.9345386453	0.9341944566	0.9358415816	0.9344304861	0.9346228498	0.9343460582	0.9351184726	0.9349444239	0.9335657147	0.9315801523	0.9308452055	0.9317519675	0.9333664270	0.9320470183	0.9343340529	0.9353837615	0.9317304696	0.9332408461	0.9357009802	0.9352522059	0.9340060574	0.9328811901	0.9281861746	0.9319056910	0.9340962366	0.9343705713	0.9337983939	0.9336762192	0.9304003399	0.9348216908	0.9357663113	0.9337569058	0.9331138134	0.9354678543	0.9348120307	0.9340972975	0.9305925362	0.9280057603	0.9303218310	0.9346066008	0.9340598299	0.9349780387	0.9338830451	0.9255772867	0.9343176922	0.9303662226	0.9337943735	0.9339536808	0.9339358683	0.9329186019	0.9329151958	0.9342896054	0.9339246448	0.9340750180	0.9259587755	0.9293676621
0.9338974514	0.9357443109	0.9340016461	0.9335466179	0.9326077488	0.9311227789	0.9320059770	0.9332591053	0.9334563270	0.9337255246	0.9319159094	0.9328744337	0.9346145857	0.9304724275	0.9334182451	0.9306589282	0.9335116630	0.9323580389	0.9328252399	0.9345441175	0.9344724208	0.9311272460	0.9348424069	0.9348646865	0.9339304520	0.9319246761	0.9336678992	0.9332851819	0.9310514731	0.9339381019	0.9347611060	1.0000000000	0.9351607424	0.9328311588	0.9349176214	0.9254472946	0.9342655390	0.9333489495	0.9342247769	0.9336477415	0.9350747510	0.9347738372	0.9346489264	0.9340089610	0.9354492042	0.9340693783	0.9334558803	0.9319097672	0.9306255926	0.9314503836	0.9326450490	0.9319426561	0.9348119749	0.9353810254	0.9321075472	0.9326146170	0.9344223336	0.9349662568	0.9335831922	0.9333410204	0.9278610268	0.9317310839	0.9333610106	0.9345024061	0.9339348074	0.9332491102	0.9307362087	0.9345166449	0.9342955802	0.9330980670	0.9333399037	0.9352326066	0.9343093164	0.9345110052	0.9304911892	0.9281435140	0.9299411797	0.9355679728	0.9352659980	0.9356737310	0.9338539532	0.9260610159	0.9340517333	0.9307545796	0.9343789471	0.9345655036	0.9339373760	0.9328294278	0.9318498524	0.9347523394	0.9341206939	0.9345428890	0.9253561102	0.9292940111
