1.0000000000	0.9268554693	0.9267474154	0.9249939442	0.9240093296	0.9215387255	0.9224840371	0.9246741558	0.9253048107	0.9263920561	0.9225890005	0.9229701924	0.9248345165	0.9203654101	0.9244391546	0.9193024812	0.9248939958	0.9221627909	0.9233646214	0.9267494563	0.9256183012	0.9212513591	0.9274438472	0.9260478929	0.9286211279	0.9215793696	0.9243032853	0.9242642739	0.9203484410	0.9274586004	0.9260650952	0.9259583242	0.9261173437	0.9259149976	0.9248251281	0.9138667206	0.9248921881	0.9252916319	0.9244020675	0.9234723837	0.9267333619	0.9271312897	0.9275719025	0.9247248298	0.9263251711	0.9251610692	0.9248164395	0.9220645919	0.9200684804	0.9220858761	0.9235022983	0.9205826842	0.9252725053	0.9267023394	0.9218700598	0.9233265430	0.9247175990	0.9257124184	0.9259231615	0.9251208332	0.9167066208	0.9223756916	0.9260471348	0.9239770242	0.9286796158	0.9264534013	0.9204478063	0.9252779284	0.9241734806	0.9239946931	0.9251502813	0.9254820821	0.9244598557	0.9248575501	0.9195501947	0.9156864353	0.9200271948	0.9264134570	0.9254652880	0.9267270641	0.9273776037	0.9138589649	0.9248507275	0.9216998442	0.9272009737	0.9262050464	0.9269568173	0.9225271304	0.9220460484	0.9252590350	0.9248841992	0.9250572721	0.9136836178	0.9180493937
0.9268554693	1.0000000000	0.9266088637	0.9262377600	0.9247693809	0.9233826984	0.9241320784	0.9259872474	0.9254960772	0.9266309060	0.9234330225	0.9242214722	0.9266833877	0.9210246966	0.9264851236	0.9212165463	0.9257922488	0.9246176506	0.9252931481	0.9276678857	0.9264562587	0.9224550556	0.9275808827	0.9277080633	0.9261424766	0.9238501935	0.9268684731	0.9258101509	0.9221784188	0.9261150695	0.9276761661	0.9280879140	0.9269169312	0.9256420929	0.9281925858	0.9154908536	0.9263809183	0.9265507257	0.9266576134	0.9256752147	0.9291620974	0.9272834865	0.9276749999	0.9260815395	0.9275879969	0.9262089534	0.9255672774	0.9230161430	0.9215720222	0.9235544301	0.9240841452	0.9241718479	0.9271971833	0.9285965781	0.9230678083	0.9244379883	0.9272030146	0.9271487836	0.9267907419	0.9254524008	0.9181449686	0.9244242264	0.9261519816	0.9261793887	0.9269618322	0.9260508086	0.9206979690	0.9274286275	0.9276244425	0.9250137706	0.9250628118	0.9278915743	0.9268545363	0.9276807145	0.9216123748	0.9174390901	0.9213678101	0.9285568087	0.9278947232	0.9279376415	0.9266724832	0.9153193551	0.9266382535	0.9223263588	0.9269533768	0.9268993207	0.9271774736	0.9254727520	0.9237555515	0.9274689801	0.9265132305	0.9261891269	0.9151433082	0.9199367514
0.9267474154	0.9266088637	1.0000000000	0.9253810840	0.9240349290	0.9212915368	0.9225329617	0.9252117432	0.9242769279	0.9264731694	0.9219175266	0.9232291603	0.9252798527	0.9205226802	0.9246912415	0.9202904779	0.9245053398	0.9222478696	0.9240231498	0.9265096151	0.9256006324	0.9206658385	0.9268561108	0.9260054994	0.9261976989	0.9217094659	0.9241630426	0.9247821515	0.9203397524	0.9263201562	0.9252596181	0.9260189114	0.9259400139	0.9249317826	0.9251387936	0.9138615307	0.9249794826	0.9256311884	0.9250623453	0.9239142211	0.9258771525	0.9267350530	0.9266830378	0.9245184602	0.9267065963	0.9256308968	0.9244291830	0.9231236138	0.9203643021	0.9216860240	0.9232869485	0.9210225390	0.9256292058	0.9267011149	0.9219145526	0.9232196553	0.9249602393	0.9257748716	0.9251750643	0.9249642629	0.9170183036	0.9222899132	0.9250460760	0.9242215305	0.9270845810	0.9261809048	0.9200986865	0.9251800209	0.9247008049	0.9240581959	0.9244448692	0.9258850831	0.9244835890	0.9253581670	0.9198700414	0.9165337811	0.9199531957	0.9264959698	0.9253455714	0.9262218988	0.9268390834	0.9137294518	0.9248683964	0.9206749937	0.9270889545	0.9260153543	0.9260652702	0.9226761201	0.9222479862	0.9252489468	0.9247235469	0.9250117297	0.9139516826	0.9184733873
0.9249939442	0.9262377600	0.9253810840	1.0000000000	0.9236627756	0.9215672405	0.9223861296	0.9241156925	0.9245871529	0.9244058578	0.9220315867	0.9232554012	0.9253645232	0.9208238084	0.9243183884	0.9205349259	0.9248401729	0.9227372321	0.9245359541	0.9260312154	0.9250306814	0.9209415423	0.9257440823	0.9255065736	0.9250488167	0.9221431978	0.9244324486	0.9246108279	0.9210778780	0.9246592860	0.9257471146	0.9255582389	0.9251761139	0.9237672724	0.9267778547	0.9144760328	0.9256793549	0.9241672995	0.9252467309	0.9247821515	0.9261578712	0.9260512751	0.9260055577	0.9247450644	0.9260690022	0.9246805120	0.9246498393	0.9218259169	0.9205317770	0.9217844563	0.9233450282	0.9219387525	0.9254234776	0.9262667998	0.9222699119	0.9235953075	0.9254956690	0.9259331330	0.9249645545	0.9231976130	0.9170809318	0.9219849364	0.9240485742	0.9251336621	0.9253018367	0.9243077754	0.9200105173	0.9260977505	0.9256069885	0.9235312798	0.9236858675	0.9263015544	0.9254419045	0.9256850696	0.9204148012	0.9171037321	0.9197542318	0.9260856797	0.9248556258	0.9254470360	0.9243703452	0.9144637288	0.9257765626	0.9203054060	0.9252295869	0.9250954088	0.9252485386	0.9235601448	0.9227792174	0.9257290959	0.9248378404	0.9247745125	0.9134807470	0.9193232406
0.9240093296	0.9247693809	0.9240349290	0.9236627756	1.0000000000	0.9199514463	0.9213802891	0.9229761986	0.9226619500	0.9234682435	0.9214283390	0.9221352672	0.9235944328	0.9187712500	0.9226824179	0.9185607401	0.9226407824	0.9213643697	0.9222186548	0.9247164327	0.9237556682	0.9198294555	0.9245887273	0.9241409420	0.9237208553	0.9208096383	0.9226621249	0.9228149632	0.9191126724	0.9235042809	0.9248659472	0.9242028704	0.9236592185	0.9228284919	0.9246624349	0.9130562868	0.9235933248	0.9229131623	0.9231071696	0.9225401925	0.9241081118	0.9243269021	0.9248044853	0.9232420475	0.9248450712	0.9234249753	0.9234305733	0.9202936268	0.9192421856	0.9204248893	0.9222401723	0.9206254860	0.9241313204	0.9253244038	0.9206388396	0.9216291689	0.9238093161	0.9238839567	0.9230442499	0.9223510835	0.9158517526	0.9208738992	0.9228758420	0.9233022265	0.9239931186	0.9234548315	0.9197756910	0.9241366268	0.9237404485	0.9224581462	0.9229206264	0.9245321637	0.9235137859	0.9239603467	0.9192747242	0.9158010786	0.9182477161	0.9239874039	0.9233618223	0.9241569781	0.9241363353	0.9126840751	0.9240678175	0.9191936692	0.9243269604	0.9238657631	0.9239307237	0.9215647331	0.9210021295	0.9234827051	0.9232369743	0.9230130524	0.9130022890	0.9171441430
0.9215387255	0.9233826984	0.9212915368	0.9215672405	0.9199514463	1.0000000000	0.9197176696	0.9206973276	0.9208089969	0.9206666549	0.9193351364	0.9196257100	0.9222100828	0.9174043938	0.9209816616	0.9175656875	0.9207571567	0.9201353654	0.9205676978	0.9224773311	0.9214899758	0.9182111538	0.9222429130	0.9221916559	0.9209231154	0.9186886788	0.9204919493	0.9208845705	0.9180131230	0.9204189414	0.9224250827	0.9222430879	0.9218609630	0.9203773643	0.9231853673	0.9111881724	0.9219513481	0.9203664014	0.9212494348	0.9216635152	0.9225159343	0.9219234745	0.9220140928	0.9212774833	0.9229139787	0.9213296735	0.9203780057	0.9185912378	0.9166726826	0.9189218141	0.9204118272	0.9193486651	0.9220525794	0.9227118659	0.9188917829	0.9193970648	0.9220310036	0.9210153082	0.9208692925	0.9197297987	0.9147652652	0.9193495981	0.9211201549	0.9219343207	0.9220839518	0.9209102865	0.9173260795	0.9216415312	0.9233222278	0.9197816972	0.9201288344	0.9226956549	0.9221582425	0.9218740251	0.9178462896	0.9142976535	0.9176108218	0.9216776270	0.9210529784	0.9218505833	0.9214147521	0.9117072161	0.9211866900	0.9181496337	0.9214824535	0.9209966481	0.9219153107	0.9205426232	0.9197607629	0.9224253743	0.9215973300	0.9203986485	0.9121096340	0.9166716913
0.9224840371	0.9241320784	0.9225329617	0.9223861296	0.9213802891	0.9197176696	1.0000000000	0.9223443775	0.9222858896	0.9226374586	0.9204946900	0.9210792775	0.9228036505	0.9182407768	0.9229151449	0.9186865212	0.9222963276	0.9210716969	0.9217382142	0.9236358350	0.9225906332	0.9194110599	0.9234671939	0.9236388090	0.9231017465	0.9197440853	0.9222151560	0.9228314658	0.9186314155	0.9221520613	0.9237952627	0.9233999590	0.9232783765	0.9220683822	0.9235606113	0.9119766221	0.9223663615	0.9217153555	0.9221285029	0.9221913060	0.9236425993	0.9238957942	0.9241212322	0.9223066490	0.9237760194	0.9226446894	0.9220820858	0.9201943198	0.9180100907	0.9205848418	0.9209823031	0.9201880803	0.9236171749	0.9246048800	0.9194889661	0.9208031656	0.9231054202	0.9226124423	0.9229543896	0.9215279959	0.9150361290	0.9202210855	0.9223900366	0.9230626185	0.9233071831	0.9229251748	0.9183186247	0.9224814130	0.9231462976	0.9209519803	0.9217897628	0.9239347473	0.9233336572	0.9231488050	0.9184038199	0.9154327155	0.9183346607	0.9230962067	0.9228525751	0.9231932395	0.9233850892	0.9130712150	0.9228997503	0.9197145790	0.9235754811	0.9225433997	0.9232054852	0.9208186185	0.9206128904	0.9229729914	0.9222885137	0.9223020423	0.9121689383	0.9165564065
0.9246741558	0.9259872474	0.9252117432	0.9241156925	0.9229761986	0.9206973276	0.9223443775	1.0000000000	0.9244825394	0.9237176481	0.9237056356	0.9221383578	0.9251150602	0.9206066509	0.9235787466	0.9194178826	0.9230967315	0.9218646367	0.9225000149	0.9251980396	0.9244413704	0.9209050384	0.9255483840	0.9253749029	0.9240901514	0.9214113699	0.9233653211	0.9235890680	0.9205686891	0.9237628990	0.9252111017	0.9251542466	0.9251314462	0.9237133913	0.9251624687	0.9135345115	0.9243121489	0.9234138958	0.9241625761	0.9234198437	0.9252526206	0.9248820999	0.9254700113	0.9244117475	0.9254620808	0.9246212660	0.9232274692	0.9211319925	0.9195845410	0.9212119396	0.9224143531	0.9207803069	0.9249055417	0.9251951240	0.9214699745	0.9226993869	0.9244189783	0.9248899138	0.9241670662	0.9234475424	0.9162986049	0.9221364335	0.9237988781	0.9245709419	0.9247464639	0.9239077484	0.9190815916	0.9254631887	0.9253182227	0.9226278952	0.9239688021	0.9251677169	0.9240455420	0.9254391055	0.9195046523	0.9162190077	0.9193252816	0.9253918719	0.9251199002	0.9252108685	0.9243921543	0.9138887629	0.9245911765	0.9200113920	0.9249912035	0.9247763202	0.9248015114	0.9229973079	0.9218737335	0.9250743578	0.9240759230	0.9240804714	0.9137479370	0.9184486626
0.9253048107	0.9254960772	0.9242769279	0.9245871529	0.9226619500	0.9208089969	0.9222858896	0.9244825394	1.0000000000	0.9243961196	0.9219946746	0.9222711364	0.9251136024	0.9195851825	0.9242929056	0.9202420198	0.9239159705	0.9220958476	0.9238460533	0.9249859553	0.9243446292	0.9211521104	0.9256528225	0.9257465315	0.9245618451	0.9214367361	0.9237926969	0.9238860560	0.9198277062	0.9245336216	0.9252788031	0.9250288154	0.9255925269	0.9235487737	0.9257945230	0.9137872983	0.9245957249	0.9237389907	0.9245585795	0.9238529342	0.9256560880	0.9255075066	0.9250511492	0.9240424514	0.9257364433	0.9245143783	0.9235187425	0.9219162437	0.9200456217	0.9216467794	0.9225381516	0.9212882712	0.9258453719	0.9254259850	0.9213228508	0.9228640045	0.9251908671	0.9246961398	0.9240874690	0.9230752141	0.9164122569	0.9225044467	0.9235605530	0.9245343796	0.9248623318	0.9238010940	0.9191975761	0.9251375107	0.9250959919	0.9227114577	0.9243541925	0.9254806826	0.9248423888	0.9247913066	0.9198454916	0.9162861259	0.9196413962	0.9256425594	0.9242297527	0.9254367146	0.9245915264	0.9138917368	0.9243755934	0.9200584506	0.9252806108	0.9245362457	0.9251723236	0.9223223352	0.9222851316	0.9248697376	0.9245165942	0.9240654850	0.9138764005	0.9184623661
0.9263920561	0.9266309060	0.9264731694	0.9244058578	0.9234682435	0.9206666549	0.9226374586	0.9237176481	0.9243961196	1.0000000000	0.9218218933	0.9229575385	0.9253700046	0.9200048610	0.9244676696	0.9191990923	0.9239739919	0.9216507447	0.9234189107	0.9261514568	0.9252886580	0.9216143574	0.9268024628	0.9257832103	0.9260427031	0.9215194822	0.9239098477	0.9239338143	0.9199512713	0.9260866710	0.9253181643	0.9258398905	0.9258371498	0.9249799491	0.9250347633	0.9129838038	0.9243872560	0.9240958078	0.9245605039	0.9239235512	0.9257017471	0.9271704177	0.9267800706	0.9247230221	0.9254074998	0.9248643145	0.9239394707	0.9219561881	0.9198141775	0.9213346301	0.9233395468	0.9206363905	0.9250857288	0.9267298048	0.9214365028	0.9227650473	0.9245668600	0.9259704533	0.9249346982	0.9243702869	0.9163072352	0.9220392841	0.9247799356	0.9238665211	0.9269931462	0.9249706773	0.9194391668	0.9250331888	0.9243447458	0.9232040274	0.9239058241	0.9253814922	0.9242724961	0.9250586716	0.9198448502	0.9162924820	0.9190438631	0.9256918339	0.9254870387	0.9262760133	0.9253193306	0.9131767614	0.9243519767	0.9211456960	0.9255391122	0.9260980421	0.9255615627	0.9222588324	0.9218444604	0.9251996141	0.9243283016	0.9244923943	0.9131999117	0.9178088526
0.9225890005	0.9234330225	0.9219175266	0.9220315867	0.9214283390	0.9193351364	0.9204946900	0.9237056356	0.9219946746	0.9218218933	1.0000000000	0.9203418517	0.9220619095	0.9186629628	0.9214927748	0.9175707608	0.9216660810	0.9205187732	0.9215060119	0.9230089705	0.9220836602	0.9187073390	0.9229366624	0.9226953050	0.9224078221	0.9195139823	0.9212990591	0.9216881816	0.9190431051	0.9221650068	0.9225141266	0.9230154433	0.9229999903	0.9212314744	0.9235153604	0.9118489167	0.9223029170	0.9218430609	0.9219238244	0.9220694319	0.9234154120	0.9226982790	0.9232622821	0.9221283280	0.9234124963	0.9226423568	0.9219206755	0.9194031294	0.9179272863	0.9199088778	0.9205849584	0.9184160656	0.9226127922	0.9235299386	0.9196726519	0.9202802148	0.9226510455	0.9231439067	0.9225043300	0.9214075213	0.9142486706	0.9205011044	0.9213421524	0.9223639124	0.9235211917	0.9223166206	0.9178945727	0.9229970164	0.9228550826	0.9210347847	0.9215745880	0.9232961036	0.9229688512	0.9222276933	0.9179542269	0.9145205840	0.9171952252	0.9229261661	0.9222239612	0.9229682681	0.9221710131	0.9123593302	0.9222671712	0.9183561199	0.9230014481	0.9222965026	0.9228304162	0.9208657354	0.9203108292	0.9222895633	0.9216922052	0.9218817224	0.9121066600	0.9164142395
0.9229701924	0.9242214722	0.9232291603	0.9232554012	0.9221352672	0.9196257100	0.9210792775	0.9221383578	0.9222711364	0.9229575385	0.9203418517	1.0000000000	0.9235975817	0.9182162271	0.9236150756	0.9179755111	0.9220827272	0.9217158803	0.9225064876	0.9235231160	0.9235606696	0.9192656857	0.9236984048	0.9241274134	0.9226064944	0.9202144961	0.9222618647	0.9218312234	0.9189918480	0.9219265651	0.9244571733	0.9245107629	0.9237318765	0.9226148331	0.9241563949	0.9129458421	0.9230883345	0.9220717061	0.9232933046	0.9223001763	0.9243192048	0.9240735905	0.9236364764	0.9238461699	0.9242049113	0.9229575385	0.9228251680	0.9205676978	0.9188968561	0.9201319249	0.9214151603	0.9209988056	0.9235048057	0.9251975148	0.9202526911	0.9215714391	0.9237197474	0.9236609679	0.9225839272	0.9216920303	0.9158437054	0.9209316291	0.9224924925	0.9234667857	0.9232037942	0.9222835571	0.9184854581	0.9238603400	0.9238815659	0.9220948563	0.9222934120	0.9233996091	0.9232906805	0.9235711659	0.9183347190	0.9150149030	0.9183434660	0.9239853047	0.9231253049	0.9239610465	0.9229359044	0.9123277828	0.9231154500	0.9187382448	0.9232644980	0.9229878029	0.9236911740	0.9217765258	0.9208675431	0.9232235623	0.9235981648	0.9227422470	0.9125262219	0.9172711487
0.9248345165	0.9266833877	0.9252798527	0.9253645232	0.9235944328	0.9222100828	0.9228036505	0.9251150602	0.9251136024	0.9253700046	0.9220619095	0.9235975817	1.0000000000	0.9213065232	0.9254722855	0.9209326204	0.9251977480	0.9241831606	0.9245897187	0.9262837106	0.9262473233	0.9221862911	0.9265008681	0.9268793776	0.9248362076	0.9232442634	0.9248496196	0.9247327021	0.9208418271	0.9244603222	0.9272569541	0.9265941106	0.9256918339	0.9245841206	0.9279189230	0.9145949913	0.9258371498	0.9249046087	0.9262883173	0.9255164285	0.9267629266	0.9259472447	0.9259433961	0.9256890349	0.9270093572	0.9250618788	0.9242325517	0.9222154476	0.9211063931	0.9221421481	0.9237494870	0.9230056467	0.9260810147	0.9272132194	0.9223496840	0.9242273035	0.9267389017	0.9261057394	0.9255810392	0.9237606831	0.9175038175	0.9223221020	0.9245917013	0.9259505102	0.9264818581	0.9245919929	0.9206530097	0.9267436250	0.9268154666	0.9243429965	0.9244143132	0.9267955819	0.9257429161	0.9258187229	0.9209771715	0.9170710769	0.9201500603	0.9261467917	0.9254360732	0.9263831925	0.9253700629	0.9142206803	0.9256401103	0.9207316739	0.9258509700	0.9256949828	0.9259996098	0.9242940719	0.9234744247	0.9261381031	0.9260972840	0.9256976069	0.9141234726	0.9194124595
0.9203654101	0.9210246966	0.9205226802	0.9208238084	0.9187712500	0.9174043938	0.9182407768	0.9206066509	0.9195851825	0.9200048610	0.9186629628	0.9182162271	0.9213065232	1.0000000000	0.9199280045	0.9171458924	0.9198302719	0.9190742442	0.9197013419	0.9210404411	0.9203627277	0.9172877679	0.9211568338	0.9207861382	0.9205283949	0.9181868957	0.9194169496	0.9200894731	0.9171317224	0.9196765589	0.9218703514	0.9212602227	0.9211499529	0.9202127467	0.9219968905	0.9112843305	0.9210987541	0.9192474337	0.9206965695	0.9199923237	0.9216814173	0.9210045203	0.9209495895	0.9207025757	0.9214101454	0.9204366102	0.9195584168	0.9180083996	0.9166327382	0.9180631555	0.9190071260	0.9182063722	0.9203740404	0.9214337038	0.9180127148	0.9188359191	0.9206486945	0.9209625350	0.9200534357	0.9192624202	0.9138130726	0.9181484091	0.9198956408	0.9215056620	0.9209762968	0.9195640149	0.9166809631	0.9203924090	0.9214482237	0.9196664125	0.9194915318	0.9216133078	0.9206134735	0.9212753258	0.9166365869	0.9137833913	0.9157658575	0.9206614068	0.9203465167	0.9214239072	0.9201357736	0.9116537432	0.9204972557	0.9171469421	0.9206945868	0.9202263920	0.9202165954	0.9192805555	0.9188363273	0.9211442965	0.9204184166	0.9198784384	0.9114744308	0.9160620291
0.9244391546	0.9264851236	0.9246912415	0.9243183884	0.9226824179	0.9209816616	0.9229151449	0.9235787466	0.9242929056	0.9244676696	0.9214927748	0.9236150756	0.9254722855	0.9199280045	1.0000000000	0.9199748881	0.9232566257	0.9221244793	0.9234605462	0.9258132415	0.9248467622	0.9216052606	0.9253288939	0.9260264921	0.9243369319	0.9213969083	0.9238676291	0.9238273348	0.9197266498	0.9242938969	0.9262547873	0.9253312848	0.9256578957	0.9230889759	0.9259289344	0.9135186504	0.9244358890	0.9238785336	0.9245105879	0.9242257291	0.9265560322	0.9252852758	0.9251917418	0.9252514543	0.9257689236	0.9246115860	0.9250448514	0.9212284421	0.9195538684	0.9216822920	0.9229853538	0.9220333361	0.9248362659	0.9262224820	0.9213213930	0.9225987387	0.9252295286	0.9247250048	0.9241582026	0.9238179464	0.9168722879	0.9222772010	0.9235335540	0.9248006950	0.9250835129	0.9240842035	0.9192901188	0.9250968666	0.9253888980	0.9230118279	0.9238816825	0.9256878686	0.9249608224	0.9250096887	0.9197988995	0.9164077085	0.9193747310	0.9253120998	0.9245646441	0.9250720836	0.9244416037	0.9138787330	0.9244515752	0.9207911531	0.9251123779	0.9244777577	0.9254108820	0.9228659871	0.9222218620	0.9244170539	0.9244492427	0.9247061697	0.9128037333	0.9181300405
0.9193024812	0.9212165463	0.9202904779	0.9205349259	0.9185607401	0.9175656875	0.9186865212	0.9194178826	0.9202420198	0.9191990923	0.9175707608	0.9179755111	0.9209326204	0.9171458924	0.9199748881	1.0000000000	0.9195009202	0.9187409272	0.9194494299	0.9204686241	0.9195845994	0.9179601165	0.9205588925	0.9206555171	0.9196792413	0.9179953958	0.9201332661	0.9196292671	0.9163535940	0.9186859381	0.9211326922	0.9212900789	0.9202596304	0.9196622722	0.9220828438	0.9112098065	0.9205963295	0.9196073414	0.9200305187	0.9200304604	0.9214061801	0.9204805199	0.9206977941	0.9199972220	0.9206236200	0.9206521350	0.9202440608	0.9176298318	0.9179525941	0.9177774219	0.9193186339	0.9183786287	0.9208541895	0.9214306715	0.9180297422	0.9191621219	0.9211021362	0.9194942142	0.9197532405	0.9183154174	0.9139323810	0.9179445469	0.9199045043	0.9213451847	0.9203862861	0.9191824148	0.9162240226	0.9211243535	0.9234370461	0.9196973183	0.9192823049	0.9214212248	0.9208288816	0.9209936741	0.9168795187	0.9133714685	0.9164611815	0.9203123453	0.9197886948	0.9200635821	0.9199305119	0.9117246517	0.9207706270	0.9166367035	0.9197124797	0.9199578024	0.9205427982	0.9192679599	0.9186620881	0.9205018041	0.9198235076	0.9202542073	0.9113181520	0.9152743375
0.9248939958	0.9257922488	0.9245053398	0.9248401729	0.9226407824	0.9207571567	0.9222963276	0.9230967315	0.9239159705	0.9239739919	0.9216660810	0.9220827272	0.9251977480	0.9198302719	0.9232566257	0.9195009202	1.0000000000	0.9219117536	0.9231503212	0.9250040907	0.9245473834	0.9202799233	0.9256507816	0.9242905148	0.9242982121	0.9214190672	0.9230526469	0.9228650541	0.9199226980	0.9236601515	0.9255314732	0.9251878348	0.9248187720	0.9232575004	0.9253335590	0.9130912163	0.9237791683	0.9238229030	0.9239780739	0.9236063286	0.9250418775	0.9251874266	0.9254798079	0.9244214274	0.9253868570	0.9248328254	0.9230918333	0.9211358411	0.9195251784	0.9209499977	0.9221815677	0.9216343588	0.9247517121	0.9257744051	0.9218221848	0.9224300976	0.9248581916	0.9246257561	0.9246439497	0.9232432137	0.9161980733	0.9218809060	0.9232547014	0.9240526562	0.9246855852	0.9248198800	0.9193584616	0.9245563053	0.9252130260	0.9230734064	0.9226085936	0.9248763852	0.9249750508	0.9246596942	0.9194833097	0.9155192520	0.9189871829	0.9252296452	0.9238729356	0.9247973128	0.9250781481	0.9132670299	0.9241935986	0.9202165371	0.9239623294	0.9242544190	0.9249271175	0.9226312191	0.9213482170	0.9245434765	0.9239289743	0.9235900593	0.9134065729	0.9176981746
0.9221627909	0.9246176506	0.9222478696	0.9227372321	0.9213643697	0.9201353654	0.9210716969	0.9218646367	0.9220958476	0.9216507447	0.9205187732	0.9217158803	0.9241831606	0.9190742442	0.9221244793	0.9187409272	0.9219117536	1.0000000000	0.9223065907	0.9231728883	0.9225289964	0.9203802799	0.9224697504	0.9236506465	0.9223478180	0.9199888249	0.9221595837	0.9222275183	0.9189735377	0.9211999854	0.9246106530	0.9238472779	0.9231870000	0.9222669379	0.9256110704	0.9125353187	0.9235687168	0.9221401655	0.9231474055	0.9234243338	0.9239790069	0.9233478272	0.9230994139	0.9225652671	0.9245874444	0.9225926159	0.9217618892	0.9198044976	0.9191262594	0.9203686756	0.9218564729	0.9218271998	0.9237452885	0.9240990150	0.9206713783	0.9216450300	0.9235814290	0.9232161565	0.9225827610	0.9212945690	0.9154694527	0.9207720848	0.9222518932	0.9245652855	0.9219462165	0.9210769450	0.9180993096	0.9242613000	0.9250347633	0.9217182711	0.9222073420	0.9245009080	0.9238665794	0.9235949576	0.9192508159	0.9148905798	0.9182675425	0.9237055190	0.9219053975	0.9230285054	0.9224864279	0.9128202942	0.9233534836	0.9185205042	0.9224962828	0.9221905479	0.9226748955	0.9218698265	0.9211284354	0.9238604566	0.9233064833	0.9222872891	0.9127805831	0.9180499768
0.9233646214	0.9252931481	0.9240231498	0.9245359541	0.9222186548	0.9205676978	0.9217382142	0.9225000149	0.9238460533	0.9234189107	0.9215060119	0.9225064876	0.9245897187	0.9197013419	0.9234605462	0.9194494299	0.9231503212	0.9223065907	1.0000000000	0.9243270187	0.9239401704	0.9206592492	0.9246578865	0.9247072776	0.9245504157	0.9212739263	0.9226713384	0.9229650608	0.9195850075	0.9236196240	0.9254481440	0.9245144949	0.9249174959	0.9238284428	0.9258164487	0.9127514266	0.9244017759	0.9233297502	0.9241449073	0.9239322399	0.9249130641	0.9245404442	0.9249275257	0.9245942088	0.9255412115	0.9241861929	0.9233849726	0.9218418363	0.9199413581	0.9213015666	0.9225887672	0.9214689248	0.9240838536	0.9255975418	0.9215303284	0.9228289001	0.9248660638	0.9249222776	0.9232155734	0.9223139965	0.9163070603	0.9218002592	0.9232207049	0.9236456899	0.9245644691	0.9229546228	0.9198827536	0.9247899654	0.9259024604	0.9224977990	0.9231016298	0.9252621256	0.9248359743	0.9241427497	0.9197482256	0.9163466548	0.9192790394	0.9244795654	0.9232598913	0.9247844257	0.9233324326	0.9135766135	0.9243025856	0.9196321827	0.9238785336	0.9235534388	0.9244928608	0.9224951749	0.9220247058	0.9244824228	0.9244789240	0.9242758782	0.9130694656	0.9185280266
0.9267494563	0.9276678857	0.9265096151	0.9260312154	0.9247164327	0.9224773311	0.9236358350	0.9251980396	0.9249859553	0.9261514568	0.9230089705	0.9235231160	0.9262837106	0.9210404411	0.9258132415	0.9204686241	0.9250040907	0.9231728883	0.9243270187	1.0000000000	0.9261798552	0.9215480555	0.9271469176	0.9266388366	0.9269008951	0.9225806034	0.9254263932	0.9257858927	0.9213226176	0.9266980826	0.9270228275	0.9266130623	0.9262333865	0.9252632918	0.9277343625	0.9148975773	0.9262361855	0.9257344607	0.9256034314	0.9244930941	0.9280041183	0.9267312627	0.9264940455	0.9257089196	0.9271303567	0.9265139302	0.9252229976	0.9227349578	0.9212600478	0.9225382682	0.9245389864	0.9229198683	0.9257486890	0.9277925588	0.9224687008	0.9243731443	0.9260970508	0.9270398549	0.9256279812	0.9251070714	0.9177295470	0.9230114197	0.9257638504	0.9259113822	0.9278595021	0.9259203041	0.9210731547	0.9266360376	0.9266713752	0.9246094284	0.9251203084	0.9270246936	0.9260643955	0.9260888869	0.9210908235	0.9170734677	0.9204957979	0.9266534732	0.9256366115	0.9261888354	0.9271529821	0.9150080804	0.9255769573	0.9221719461	0.9262602688	0.9265649541	0.9260649786	0.9246277970	0.9235368779	0.9262115191	0.9254733935	0.9260273667	0.9145678758	0.9195227293
0.9256183012	0.9264562587	0.9256006324	0.9250306814	0.9237556682	0.9214899758	0.9225906332	0.9244413704	0.9243446292	0.9252886580	0.9220836602	0.9235606696	0.9262473233	0.9203627277	0.9248467622	0.9195845994	0.9245473834	0.9225289964	0.9239401704	0.9261798552	1.0000000000	0.9214117198	0.9266412274	0.9253463878	0.9258674726	0.9218674357	0.9251547714	0.9248297932	0.9206731277	0.9252820103	0.9265467604	0.9265391214	0.9261678427	0.9249919032	0.9261362371	0.9142908891	0.9249379054	0.9247455892	0.9248114246	0.9244042251	0.9271829550	0.9255291990	0.9262709400	0.9251316211	0.9270524505	0.9256434341	0.9243437545	0.9222787171	0.9206719031	0.9217845147	0.9232667139	0.9212983011	0.9255253503	0.9271717589	0.9220708897	0.9231111349	0.9254645882	0.9258966874	0.9252490635	0.9238061089	0.9169394062	0.9229194018	0.9249903871	0.9249405878	0.9260776908	0.9254722272	0.9197173780	0.9262521050	0.9252647497	0.9243389729	0.9243001947	0.9259608316	0.9249875881	0.9255746831	0.9201744934	0.9161053557	0.9198659011	0.9272213249	0.9255055239	0.9263945636	0.9251453830	0.9139618290	0.9250896941	0.9207159877	0.9255535155	0.9259631642	0.9257674658	0.9231857171	0.9229767234	0.9248360327	0.9248986608	0.9251461411	0.9143545669	0.9183898248
0.9212513591	0.9224550556	0.9206658385	0.9209415423	0.9198294555	0.9182111538	0.9194110599	0.9209050384	0.9211521104	0.9216143574	0.9187073390	0.9192656857	0.9221862911	0.9172877679	0.9216052606	0.9179601165	0.9202799233	0.9203802799	0.9206592492	0.9215480555	0.9214117198	1.0000000000	0.9215608844	0.9224541809	0.9213376040	0.9192074310	0.9205815180	0.9213406946	0.9180861308	0.9200955376	0.9224327800	0.9220932236	0.9217634637	0.9208993820	0.9234041576	0.9120267129	0.9214684000	0.9211361327	0.9211585832	0.9208484165	0.9223844969	0.9217975185	0.9223742338	0.9213471090	0.9219532141	0.9206738857	0.9207781493	0.9188008147	0.9175948440	0.9190363408	0.9197808808	0.9193761888	0.9221456469	0.9224226336	0.9190678881	0.9191719767	0.9224753485	0.9215131844	0.9209546627	0.9196910788	0.9152755037	0.9195947458	0.9208220590	0.9218961840	0.9215355766	0.9201003193	0.9167546124	0.9224506821	0.9229031908	0.9202001511	0.9209263226	0.9217542502	0.9220606266	0.9215618174	0.9179244289	0.9143946862	0.9168539193	0.9216515028	0.9204581860	0.9218711094	0.9210288368	0.9126350922	0.9214045473	0.9178733468	0.9220309453	0.9209947820	0.9212329322	0.9210270874	0.9198460164	0.9222583659	0.9213120629	0.9210000885	0.9122229944	0.9159505930
0.9274438472	0.9275808827	0.9268561108	0.9257440823	0.9245887273	0.9222429130	0.9234671939	0.9255483840	0.9256528225	0.9268024628	0.9229366624	0.9236984048	0.9265008681	0.9211568338	0.9253288939	0.9205588925	0.9256507816	0.9224697504	0.9246578865	0.9271469176	0.9266412274	0.9215608844	1.0000000000	0.9265143967	0.9269490616	0.9235601448	0.9255832551	0.9252930314	0.9209239901	0.9273599349	0.9274118917	0.9270715189	0.9270143139	0.9251834031	0.9266900937	0.9140410764	0.9256675174	0.9255652364	0.9252884247	0.9247266958	0.9275006441	0.9268411243	0.9283942321	0.9260198444	0.9271443518	0.9259870142	0.9245752570	0.9232247868	0.9209144851	0.9225779210	0.9244807900	0.9215114933	0.9260421199	0.9284228055	0.9226677813	0.9237574759	0.9261632943	0.9269583334	0.9256750981	0.9255164285	0.9171274072	0.9229620869	0.9251973982	0.9250822884	0.9278135515	0.9266358043	0.9207495177	0.9262823111	0.9259534259	0.9247119426	0.9249917866	0.9268179158	0.9255332809	0.9259243277	0.9206353992	0.9165410702	0.9203862861	0.9274781353	0.9271536819	0.9283390680	0.9266172025	0.9142461631	0.9255175947	0.9215409997	0.9281810982	0.9265009264	0.9270694779	0.9242835172	0.9231885162	0.9261182184	0.9258412317	0.9256728239	0.9141614343	0.9189959299
0.9260478929	0.9277080633	0.9260054994	0.9255065736	0.9241409420	0.9221916559	0.9236388090	0.9253749029	0.9257465315	0.9257832103	0.9226953050	0.9241274134	0.9268793776	0.9207861382	0.9260264921	0.9206555171	0.9242905148	0.9236506465	0.9247072776	0.9266388366	0.9253463878	0.9224541809	0.9265143967	1.0000000000	0.9260098145	0.9226147165	0.9252494133	0.9254773588	0.9215267713	0.9260515666	0.9270190372	0.9271750244	0.9274777271	0.9248020945	0.9281433114	0.9146573862	0.9260264337	0.9248383652	0.9257889250	0.9246925827	0.9270682534	0.9266272906	0.9263244130	0.9258217552	0.9270978763	0.9256514230	0.9245935090	0.9226940805	0.9213292653	0.9227333251	0.9240425680	0.9227733278	0.9265770249	0.9275028016	0.9230072211	0.9232539433	0.9263044700	0.9263570683	0.9254536837	0.9242541275	0.9174513358	0.9236999210	0.9251860271	0.9256902011	0.9261001413	0.9267537715	0.9208039237	0.9271165948	0.9263954966	0.9240418682	0.9246210910	0.9273207485	0.9264804586	0.9262526881	0.9213408112	0.9173312694	0.9204697320	0.9271869786	0.9254415546	0.9262882590	0.9269918634	0.9148304008	0.9254634220	0.9212211530	0.9266517238	0.9256718908	0.9263717632	0.9247272206	0.9235182760	0.9266734162	0.9256258819	0.9253024781	0.9135738145	0.9201061506
0.9286211279	0.9261424766	0.9261976989	0.9250488167	0.9237208553	0.9209231154	0.9231017465	0.9240901514	0.9245618451	0.9260427031	0.9224078221	0.9226064944	0.9248362076	0.9205283949	0.9243369319	0.9196792413	0.9242982121	0.9223478180	0.9245504157	0.9269008951	0.9258674726	0.9213376040	0.9269490616	0.9260098145	1.0000000000	0.9221087931	0.9234165199	0.9246727563	0.9200704631	0.9279143163	0.9261106377	0.9261342544	0.9255568977	0.9249421623	0.9253858074	0.9137080510	0.9243296428	0.9251641015	0.9242635742	0.9238234862	0.9260363469	0.9268624086	0.9265671116	0.9246152597	0.9263919395	0.9250964001	0.9243140732	0.9227488946	0.9198177929	0.9219695417	0.9238675125	0.9204721812	0.9246519969	0.9262931573	0.9218227680	0.9233523756	0.9250627535	0.9250661357	0.9248253031	0.9250866035	0.9167752551	0.9218916356	0.9258541772	0.9242165156	0.9284444396	0.9261994483	0.9199572193	0.9249183123	0.9246705987	0.9235343121	0.9242211806	0.9257651916	0.9250706841	0.9250051403	0.9194745628	0.9162957475	0.9193757806	0.9263196314	0.9253726287	0.9265806403	0.9266328887	0.9137749359	0.9246820281	0.9209768216	0.9262274386	0.9262542042	0.9259877139	0.9225292880	0.9220016722	0.9246618518	0.9242670730	0.9253046940	0.9134465756	0.9192755406
0.9215793696	0.9238501935	0.9217094659	0.9221431978	0.9208096383	0.9186886788	0.9197440853	0.9214113699	0.9214367361	0.9215194822	0.9195139823	0.9202144961	0.9232442634	0.9181868957	0.9213969083	0.9179953958	0.9214190672	0.9199888249	0.9212739263	0.9225806034	0.9218674357	0.9192074310	0.9235601448	0.9226147165	0.9221087931	1.0000000000	0.9214211665	0.9215896327	0.9181797232	0.9215060702	0.9235273729	0.9231510792	0.9225976308	0.9211698959	0.9239669361	0.9120917319	0.9231157999	0.9220730473	0.9220055792	0.9208235168	0.9230917749	0.9229330470	0.9228570069	0.9220248807	0.9233549997	0.9223392460	0.9212576569	0.9194140922	0.9179341672	0.9200652732	0.9212808655	0.9192979911	0.9229440099	0.9255104805	0.9193196252	0.9204916577	0.9229859952	0.9232103835	0.9221178316	0.9207259592	0.9152602840	0.9203191679	0.9218986915	0.9220731639	0.9224312056	0.9217685952	0.9181349388	0.9227852236	0.9230717736	0.9214520724	0.9209278971	0.9238872806	0.9223316070	0.9226007797	0.9190238035	0.9148007195	0.9183786287	0.9233682951	0.9225740723	0.9225408340	0.9224422850	0.9125563114	0.9223215189	0.9176614957	0.9221002794	0.9221311270	0.9218423611	0.9215959305	0.9199394921	0.9234218847	0.9216909223	0.9219382860	0.9126436059	0.9171515488
0.9243032853	0.9268684731	0.9241630426	0.9244324486	0.9226621249	0.9204919493	0.9222151560	0.9233653211	0.9237926969	0.9239098477	0.9212990591	0.9222618647	0.9248496196	0.9194169496	0.9238676291	0.9201332661	0.9230526469	0.9221595837	0.9226713384	0.9254263932	0.9251547714	0.9205815180	0.9255832551	0.9252494133	0.9234165199	0.9214211665	1.0000000000	0.9239854796	0.9198268315	0.9234375126	0.9257985466	0.9253578755	0.9252472558	0.9238190544	0.9256296723	0.9136285121	0.9248124742	0.9233772753	0.9239502003	0.9234612460	0.9269667888	0.9247538114	0.9254367729	0.9237287859	0.9250467758	0.9240795384	0.9237300105	0.9214749894	0.9198495152	0.9213956254	0.9222213372	0.9211006784	0.9242271286	0.9253386905	0.9210901238	0.9224477081	0.9250512075	0.9245901852	0.9237874487	0.9226574016	0.9164638639	0.9218804395	0.9240897432	0.9238450620	0.9243239281	0.9235320962	0.9192277239	0.9252680735	0.9252804358	0.9233266013	0.9232046689	0.9252978714	0.9241318452	0.9235350702	0.9198707411	0.9152905485	0.9193048720	0.9262287798	0.9254700113	0.9251876599	0.9244115142	0.9135197584	0.9244976425	0.9202477928	0.9246875095	0.9249533584	0.9246888507	0.9224876525	0.9219321631	0.9247089687	0.9235455082	0.9235069050	0.9134135704	0.9184862162
0.9242642739	0.9258101509	0.9247821515	0.9246108279	0.9228149632	0.9208845705	0.9228314658	0.9235890680	0.9238860560	0.9239338143	0.9216881816	0.9218312234	0.9247327021	0.9200894731	0.9238273348	0.9196292671	0.9228650541	0.9222275183	0.9229650608	0.9257858927	0.9248297932	0.9213406946	0.9252930314	0.9254773588	0.9246727563	0.9215896327	0.9239854796	1.0000000000	0.9203235997	0.9242352924	0.9247080357	0.9246970145	0.9243280683	0.9240023321	0.9260233432	0.9133773581	0.9246122858	0.9238974853	0.9246124607	0.9230596445	0.9252679569	0.9258991365	0.9254475608	0.9240783722	0.9255277995	0.9245216091	0.9235778719	0.9216974534	0.9199972220	0.9212318243	0.9226573433	0.9217386807	0.9241020472	0.9257434409	0.9211826664	0.9223530662	0.9243613067	0.9246959066	0.9239211604	0.9232549346	0.9166598538	0.9218291824	0.9246058713	0.9243981605	0.9251180925	0.9238678040	0.9193767136	0.9255347387	0.9246937490	0.9229653524	0.9233269512	0.9254517594	0.9253337339	0.9244516918	0.9195335172	0.9161639019	0.9198200672	0.9247027875	0.9244402625	0.9257151008	0.9243321502	0.9140462662	0.9238601067	0.9203062807	0.9250186689	0.9243090583	0.9243846319	0.9232090423	0.9216457881	0.9248557424	0.9241359271	0.9242787939	0.9138066582	0.9185836571
0.9203484410	0.9221784188	0.9203397524	0.9210778780	0.9191126724	0.9180131230	0.9186314155	0.9205686891	0.9198277062	0.9199512713	0.9190431051	0.9189918480	0.9208418271	0.9171317224	0.9197266498	0.9163535940	0.9199226980	0.9189735377	0.9195850075	0.9213226176	0.9206731277	0.9180861308	0.9209239901	0.9215267713	0.9200704631	0.9181797232	0.9198268315	0.9203235997	1.0000000000	0.9192425354	0.9218208436	0.9217371645	0.9211388151	0.9197861873	0.9226184485	0.9116933960	0.9209168759	0.9198942996	0.9208418271	0.9196356232	0.9215029213	0.9215134176	0.9209814867	0.9202601552	0.9221483293	0.9200097009	0.9197911439	0.9179634403	0.9174539599	0.9183943149	0.9189073525	0.9180657796	0.9216125497	0.9217041011	0.9177359031	0.9190763435	0.9209420671	0.9205088017	0.9203360787	0.9190470704	0.9136155666	0.9185164223	0.9189545277	0.9210806187	0.9205174320	0.9195311847	0.9161451251	0.9215752877	0.9217936115	0.9200212469	0.9201344324	0.9219925170	0.9215051372	0.9208438681	0.9168492543	0.9145171435	0.9173115596	0.9207842722	0.9202353138	0.9209841691	0.9202087231	0.9113251495	0.9212198118	0.9162079282	0.9208569885	0.9203006244	0.9209810202	0.9195857073	0.9186315904	0.9212669287	0.9203222585	0.9197516077	0.9117034258	0.9156611274
0.9274586004	0.9261150695	0.9263201562	0.9246592860	0.9235042809	0.9204189414	0.9221520613	0.9237628990	0.9245336216	0.9260866710	0.9221650068	0.9219265651	0.9244603222	0.9196765589	0.9242938969	0.9186859381	0.9236601515	0.9211999854	0.9236196240	0.9266980826	0.9252820103	0.9200955376	0.9273599349	0.9260515666	0.9279143163	0.9215060702	0.9234375126	0.9242352924	0.9192425354	1.0000000000	0.9251141856	0.9258625160	0.9256526476	0.9248030275	0.9245913514	0.9128309072	0.9239186529	0.9249769168	0.9242157575	0.9233139474	0.9254380558	0.9270948441	0.9264153813	0.9243845736	0.9255319397	0.9248309594	0.9245472085	0.9218450435	0.9191600226	0.9214350450	0.9226745456	0.9199233394	0.9245660436	0.9262463903	0.9205623913	0.9220991132	0.9243576330	0.9253103504	0.9241780290	0.9245234168	0.9157085942	0.9217334908	0.9252862088	0.9228572402	0.9276574477	0.9271102970	0.9195205717	0.9243288847	0.9234380957	0.9229762569	0.9239670527	0.9243900550	0.9247676899	0.9246968979	0.9189743541	0.9154502094	0.9187476332	0.9257180747	0.9252191489	0.9264846571	0.9266016329	0.9128173203	0.9243312172	0.9215254301	0.9267499228	0.9252669655	0.9266646109	0.9219119868	0.9212466358	0.9245308809	0.9242038617	0.9250780898	0.9125391091	0.9181331894
0.9260650952	0.9276761661	0.9252596181	0.9257471146	0.9248659472	0.9224250827	0.9237952627	0.9252111017	0.9252788031	0.9253181643	0.9225141266	0.9244571733	0.9272569541	0.9218703514	0.9262547873	0.9211326922	0.9255314732	0.9246106530	0.9254481440	0.9270228275	0.9265467604	0.9224327800	0.9274118917	0.9270190372	0.9261106377	0.9235273729	0.9257985466	0.9247080357	0.9218208436	0.9251141856	1.0000000000	0.9269318010	0.9273320029	0.9246207995	0.9275279345	0.9139280658	0.9263273870	0.9256183012	0.9265856552	0.9259700451	0.9281894369	0.9265914282	0.9268440400	0.9262014310	0.9272753227	0.9267696909	0.9253173480	0.9226772280	0.9214951657	0.9227642893	0.9249069412	0.9233032178	0.9264479782	0.9276368632	0.9228123975	0.9247725881	0.9277173351	0.9272903675	0.9258246125	0.9244887206	0.9178460563	0.9232748777	0.9260170453	0.9264882142	0.9258230964	0.9255819722	0.9210319857	0.9270374641	0.9279358338	0.9252740797	0.9248869399	0.9275551084	0.9269197302	0.9262476149	0.9213903189	0.9177161933	0.9210866250	0.9267136522	0.9259477695	0.9270968850	0.9259363402	0.9145257155	0.9263436563	0.9211347915	0.9257718393	0.9259428712	0.9259314419	0.9244829476	0.9243862647	0.9262437079	0.9259247359	0.9257816359	0.9147107426	0.9197067650
0.9259583242	0.9280879140	0.9260189114	0.9255582389	0.9242028704	0.9222430879	0.9233999590	0.9251542466	0.9250288154	0.9258398905	0.9230154433	0.9245107629	0.9265941106	0.9212602227	0.9253312848	0.9212900789	0.9251878348	0.9238472779	0.9245144949	0.9266130623	0.9265391214	0.9220932236	0.9270715189	0.9271750244	0.9261342544	0.9231510792	0.9253578755	0.9246970145	0.9217371645	0.9258625160	0.9269318010	1.0000000000	0.9273756794	0.9245199763	0.9272368945	0.9143695533	0.9263141500	0.9250871283	0.9261933838	0.9254007355	0.9272775969	0.9269356496	0.9266763902	0.9260193196	0.9277481826	0.9258857245	0.9252150087	0.9231632667	0.9213284489	0.9225281800	0.9240658932	0.9229736912	0.9269267861	0.9276102141	0.9230489732	0.9241305040	0.9263515869	0.9269874316	0.9254016685	0.9249706773	0.9174568172	0.9230650093	0.9251401931	0.9264999351	0.9260088232	0.9250691096	0.9212275091	0.9265737010	0.9263126921	0.9245489579	0.9250219344	0.9273545701	0.9263082020	0.9266856036	0.9211296016	0.9176907105	0.9206397726	0.9278284213	0.9272948576	0.9279114590	0.9259035100	0.9150432432	0.9260450356	0.9215401250	0.9264669883	0.9266728914	0.9260766995	0.9244014844	0.9230742811	0.9267828113	0.9260839886	0.9263116425	0.9141717557	0.9196600563
