1.0000000000	0.9305440960	0.9291922084	0.9293488401	0.9289213659	0.9291518882	0.9287374667	0.9288570861	0.9290350402	0.9298257087	0.9292494254	0.9290924808	0.9291911355	0.9288404574	0.9290870720	0.9291232797	0.9290770590	0.9286050181	0.9294561668	0.9286858819	0.9291752220	0.9289438952	0.9286524457	0.9293850478	0.9296659032	0.9289397827	0.9290733935	0.9286172661	0.9291928789	0.9289928426	0.9292085689	0.9294461986	0.9287160103	0.9290390186	0.9286291118	0.9294808864	0.9288263319	0.9291274368	0.9290869826	0.9294077558	0.9287030917	0.9287988409	0.9294983197	0.9291091542	0.9289780913	0.9289959716	0.9290935983	0.9294783832	0.9290447403	0.9301460797	0.9291777253	0.9292826829	0.9291290908	0.9291851009	0.9292121896	0.9290071022	0.9292770953	0.9288955289	0.9291695003	0.9296803863	0.9293371732	0.9291762949	0.9294181711	0.9290611455	0.9292015061	0.9292138883	0.9292500960	0.9291912249	0.9289367430	0.9295109254	0.9293206786	0.9288612433	0.9289828296	0.9291864419	0.9293107550	0.9291464794	0.9295535253	0.9291805414	0.9291473734	0.9290921679	0.9291543914	0.9296630871	0.9290122428	0.9290660179	0.9293210362	0.9294453492	0.9301242210	0.9296433293	0.9290868038	0.9293036923	0.9294437400	0.9290927490	0.9289965081	0.9291269898	0.9296086414	0.9289940048	0.9290276198	0.9293434313	0.9294130305
0.9305440960	1.0000000000	0.9289893559	0.9295038626	0.9288891813	0.9296230351	0.9290586869	0.9290081750	0.9291987347	0.9299063490	0.9294037328	0.9292259575	0.9292801796	0.9291744621	0.9291712884	0.9292161680	0.9291095118	0.9287118531	0.9296998758	0.9291500555	0.9290438910	0.9295601410	0.9292374903	0.9295842348	0.9290118404	0.9287847602	0.9290816185	0.9287451999	0.9290223004	0.9289895347	0.9297354130	0.9290389739	0.9287824357	0.9290307936	0.9292535826	0.9293660052	0.9289604345	0.9285910267	0.9290837641	0.9291659243	0.9294433377	0.9286191435	0.9288377307	0.9295499045	0.9288896730	0.9293840644	0.9291019127	0.9298237419	0.9293526397	0.9297167728	0.9293956866	0.9292841133	0.9292084795	0.9295427077	0.9292070937	0.9290100524	0.9290980237	0.9290489422	0.9291784405	0.9291974384	0.9296612543	0.9290320899	0.9299650413	0.9290337886	0.9294719462	0.9293843773	0.9298886922	0.9291155911	0.9290735276	0.9296241079	0.9292213533	0.9288047414	0.9294250998	0.9294960400	0.9295318454	0.9290152377	0.9297443979	0.9290325816	0.9295772167	0.9295229946	0.9293785215	0.9294746283	0.9291990923	0.9291707073	0.9292789280	0.9295357343	0.9294983197	0.9291137137	0.9290151036	0.9291997181	0.9292061103	0.9288375966	0.9288472072	0.9291344102	0.9289392910	0.9291223856	0.9289695087	0.9291749985	0.9296127539
0.9291922084	0.9289893559	1.0000000000	0.9291698132	0.9290223451	0.9290089796	0.9288817163	0.9285850815	0.9289010718	0.9297989329	0.9291707073	0.9291601132	0.9290876531	0.9283283198	0.9290157741	0.9290338333	0.9293630997	0.9286482438	0.9289481417	0.9289375029	0.9288345569	0.9287889173	0.9300661099	0.9289911887	0.9292254658	0.9285861543	0.9293163426	0.9288172130	0.9290546192	0.9289793876	0.9292546554	0.9290913186	0.9289770185	0.9294777574	0.9290660626	0.9291587274	0.9292360152	0.9288996860	0.9294771762	0.9291184073	0.9288334841	0.9289367430	0.9293929598	0.9291167980	0.9293725763	0.9292170173	0.9293171472	0.9295353767	0.9288622267	0.9293489295	0.9286676439	0.9291740151	0.9291022256	0.9288264660	0.9291922084	0.9291496532	0.9295435570	0.9293020830	0.9290218534	0.9292054398	0.9295800329	0.9288789895	0.9293944350	0.9290158635	0.9293782980	0.9296157936	0.9293411516	0.9288957971	0.9290246696	0.9294989009	0.9289940495	0.9288949924	0.9292309640	0.9289740682	0.9293690002	0.9289424200	0.9295357790	0.9289938260	0.9293286353	0.9291640021	0.9288993731	0.9293133029	0.9294756564	0.9285882105	0.9299488596	0.9292143800	0.9294893349	0.9289652622	0.9292922935	0.9292206828	0.9290938665	0.9298140865	0.9289988772	0.9292052610	0.9287076959	0.9289218129	0.9290253401	0.9293244335	0.9292373115
0.9293488401	0.9295038626	0.9291698132	1.0000000000	0.9290344144	0.9293223325	0.9293175495	0.9289520754	0.9292386525	0.9296932601	0.9294229094	0.9292715077	0.9293022171	0.9289621778	0.9292559965	0.9294294357	0.9289088497	0.9288502022	0.9293854054	0.9294596088	0.9293421797	0.9288438994	0.9292976129	0.9292124578	0.9293522374	0.9293950608	0.9291616777	0.9291961867	0.9293989051	0.9290419688	0.9292736086	0.9293355640	0.9291485803	0.9292542531	0.9292798220	0.9298902120	0.9291235479	0.9291109422	0.9291131326	0.9294120918	0.9292097758	0.9292889857	0.9299889115	0.9293032900	0.9294386441	0.9294736896	0.9297653179	0.9295990307	0.9293247017	0.9291490273	0.9293656923	0.9294721697	0.9291975278	0.9291401766	0.9291244419	0.9294524567	0.9291493849	0.9296305448	0.9292959590	0.9293905013	0.9299829663	0.9291857267	0.9298488638	0.9292651154	0.9293875957	0.9296765867	0.9291833576	0.9290391080	0.9291433056	0.9291232350	0.9295433335	0.9292801349	0.9294820933	0.9289881043	0.9290694151	0.9293772699	0.9294689066	0.9293002056	0.9293738726	0.9294314920	0.9295843689	0.9296695687	0.9295546875	0.9295149485	0.9292097758	0.9296181180	0.9298502495	0.9293150016	0.9294514286	0.9290994541	0.9291990029	0.9289474265	0.9294577761	0.9293815611	0.9291859055	0.9294280053	0.9291311917	0.9291701261	0.9291446914
0.9289213659	0.9288891813	0.9290223451	0.9290344144	1.0000000000	0.9291885429	0.9292095970	0.9288562815	0.9292228731	0.9294488806	0.9292012379	0.9290947158	0.9291707520	0.9289719673	0.9290862674	0.9289466219	0.9287954437	0.9287744343	0.9288009419	0.9288729996	0.9293279201	0.9290951628	0.9291722271	0.9290790258	0.9290798751	0.9288842642	0.9291737022	0.9287421603	0.9294044927	0.9293814717	0.9297222710	0.9289632506	0.9318969224	0.9290161317	0.9289768844	0.9290250272	0.9287241458	0.9288969593	0.9290420135	0.9294021235	0.9290658838	0.9290102759	0.9291028961	0.9290364706	0.9290921679	0.9290814397	0.9291634210	0.9287660305	0.9290973979	0.9287642872	0.9294149080	0.9290299443	0.9289611944	0.9289644576	0.9290558261	0.9292633274	0.9290359789	0.9290133603	0.9291647620	0.9291673994	0.9296737706	0.9289892665	0.9293003397	0.9290479140	0.9290826019	0.9292880023	0.9294874574	0.9288935173	0.9289083133	0.9290643639	0.9291149653	0.9287527991	0.9292150952	0.9292491125	0.9289346421	0.9287533802	0.9290758521	0.9287565092	0.9288316960	0.9290476458	0.9291540338	0.9294162490	0.9291979301	0.9290511772	0.9290520265	0.9297131073	0.9288850242	0.9287721992	0.9288226218	0.9288449722	0.9291361982	0.9290627994	0.9288088539	0.9289326306	0.9292368198	0.9293722634	0.9290522053	0.9292094182	0.9293949714
0.9291518882	0.9296230351	0.9290089796	0.9293223325	0.9291885429	1.0000000000	0.9290864462	0.9291420540	0.9296722507	0.9295076622	0.9291092883	0.9293280989	0.9294196016	0.9290892176	0.9293457558	0.9292312322	0.9289032174	0.9291054440	0.9295124452	0.9297155658	0.9292409770	0.9292287736	0.9291989135	0.9293078494	0.9291532292	0.9293632338	0.9292298912	0.9291327115	0.9289747834	0.9294949672	0.9294014530	0.9289681230	0.9294906312	0.9296901758	0.9293141523	0.9290130921	0.9292699878	0.9289403638	0.9292475033	0.9293770463	0.9292268515	0.9294134328	0.9292553707	0.9289930661	0.9291679358	0.9295887495	0.9293864335	0.9300064342	0.9287511004	0.9290940453	0.9293232265	0.9291855479	0.9291961867	0.9294123153	0.9296139161	0.9317484709	0.9294501322	0.9295313090	0.9292638638	0.9292196547	0.9298112257	0.9292973000	0.9297927195	0.9298128796	0.9292663671	0.9296427035	0.9294460198	0.9290967721	0.9293086094	0.9291338738	0.9292922935	0.9292615394	0.9297971449	0.9292568458	0.9296732341	0.9295195973	0.9294849989	0.9294532613	0.9293138841	0.9295197314	0.9291533633	0.9296079709	0.9291367346	0.9294381524	0.9289868080	0.9294111531	0.9299999973	0.9294357833	0.9291680252	0.9293437889	0.9293429396	0.9294651517	0.9291369134	0.9294648835	0.9289927085	0.9295570119	0.9295224135	0.9290811715	0.9296526718
0.9287374667	0.9290586869	0.9288817163	0.9293175495	0.9292095970	0.9290864462	1.0000000000	0.9289306637	0.9290527417	0.9291389250	0.9288644618	0.9292500960	0.9292256446	0.9291307447	0.9291375839	0.9290516689	0.9289598534	0.9288580248	0.9291167980	0.9288884661	0.9290197525	0.9287058185	0.9291272580	0.9294394040	0.9290926596	0.9290175622	0.9287378690	0.9287854307	0.9291742833	0.9289469795	0.9292293995	0.9290583740	0.9288858735	0.9289084027	0.9290460813	0.9290071469	0.9287179771	0.9289628483	0.9290665990	0.9286782380	0.9293340888	0.9288212807	0.9289986537	0.9294244739	0.9291547490	0.9293152251	0.9289830084	0.9291890793	0.9288335735	0.9293800860	0.9290823337	0.9292698090	0.9291734340	0.9291425457	0.9288014783	0.9292649366	0.9289210977	0.9291334267	0.9292018637	0.9294743154	0.9294191545	0.9286351464	0.9292607348	0.9290084879	0.9293525056	0.9292535826	0.9289619543	0.9292724017	0.9290227475	0.9295354214	0.9291685169	0.9288235158	0.9289919486	0.9286908884	0.9292274326	0.9289452362	0.9293849137	0.9291201059	0.9290955204	0.9293873722	0.9294100803	0.9292470116	0.9294622909	0.9289129622	0.9290057164	0.9292523310	0.9300273989	0.9290804562	0.9287572691	0.9291545702	0.9289030386	0.9290232839	0.9286540996	0.9289686594	0.9290822443	0.9294021235	0.9290222557	0.9289397827	0.9293061955
0.9288570861	0.9290081750	0.9285850815	0.9289520754	0.9288562815	0.9291420540	0.9289306637	1.0000000000	0.9288056355	0.9294810652	0.9290128686	0.9290550215	0.9289718332	0.9287431884	0.9286907543	0.9286307657	0.9291209552	0.9286608047	0.9286977723	0.9287731379	0.9288112678	0.9285874506	0.9288766651	0.9290346826	0.9286901732	0.9287476585	0.9289712968	0.9288704517	0.9286739021	0.9289003118	0.9295731490	0.9283698022	0.9286789086	0.9288431395	0.9285582163	0.9288019700	0.9287267385	0.9284022997	0.9288646406	0.9289542211	0.9287193628	0.9288142180	0.9290081303	0.9287102439	0.9289164935	0.9294408345	0.9292065126	0.9291188096	0.9286818588	0.9289266406	0.9289130963	0.9288647300	0.9291983771	0.9288079152	0.9291397743	0.9287686679	0.9288328583	0.9289321835	0.9290598045	0.9292838004	0.9294969340	0.9288736701	0.9290163105	0.9290154612	0.9288833255	0.9289071511	0.9291458536	0.9284406978	0.9287314768	0.9289543105	0.9290524735	0.9289422412	0.9290812609	0.9291271686	0.9290846581	0.9288987473	0.9288379542	0.9287656282	0.9291298507	0.9290514007	0.9294368114	0.9292751731	0.9288212807	0.9287515027	0.9289264171	0.9290893517	0.9290889494	0.9287840002	0.9289836342	0.9286660794	0.9288694236	0.9286789086	0.9283139262	0.9289600769	0.9288379989	0.9288328136	0.9286010844	0.9288432289	0.9291307000
0.9290350402	0.9291987347	0.9289010718	0.9292386525	0.9292228731	0.9296722507	0.9290527417	0.9288056355	1.0000000000	0.9295601410	0.9288253485	0.9291976619	0.9290686105	0.9289965975	0.9289452362	0.9290330286	0.9288425137	0.9289013400	0.9295658180	0.9292336013	0.9289946753	0.9291481333	0.9289493040	0.9289389781	0.9291216704	0.9291721824	0.9289475606	0.9289767950	0.9289526118	0.9289281605	0.9293405705	0.9297380504	0.9293174601	0.9285327815	0.9289851540	0.9292611818	0.9290722313	0.9291325774	0.9293929598	0.9290289162	0.9295604092	0.9289280711	0.9291437973	0.9289264618	0.9293931387	0.9292533144	0.9292705689	0.9294413262	0.9287739873	0.9292952885	0.9290709350	0.9292882705	0.9292919359	0.9288573990	0.9293642172	0.9293988157	0.9294907206	0.9291233691	0.9290539486	0.9292225155	0.9296851693	0.9289047372	0.9297625911	0.9295495916	0.9295064106	0.9294982303	0.9292499618	0.9286350123	0.9289274900	0.9289960164	0.9291413835	0.9290793387	0.9289961952	0.9288113572	0.9294378395	0.9295127134	0.9293536678	0.9288307573	0.9293070001	0.9292441060	0.9294216578	0.9297043459	0.9294296145	0.9288296845	0.9291778594	0.9289071064	0.9293809800	0.9290117510	0.9291620353	0.9286568263	0.9293833492	0.9290020510	0.9293982345	0.9295566990	0.9291815249	0.9294690407	0.9296317518	0.9291905097	0.9292650260
0.9298257087	0.9299063490	0.9297989329	0.9296932601	0.9294488806	0.9295076622	0.9291389250	0.9294810652	0.9295601410	1.0000000000	0.9294307768	0.9292256446	0.9294545576	0.9294049844	0.9292002992	0.9295155296	0.9293686426	0.9290671801	0.9296856163	0.9292731169	0.9293721293	0.9292773188	0.9292116085	0.9299603924	0.9293105762	0.9292042776	0.9292239907	0.9292802243	0.9295074387	0.9293617587	0.9298140418	0.9293773146	0.9294372584	0.9293626974	0.9292978812	0.9301090674	0.9295515137	0.9293807565	0.9296296061	0.9296439998	0.9293926916	0.9293051674	0.9295901800	0.9295645217	0.9298515905	0.9299572633	0.9296146760	0.9295559391	0.9296211577	0.9294261726	0.9293460240	0.9295017617	0.9296171793	0.9296625506	0.9292381608	0.9300203362	0.9296250019	0.9298587874	0.9296380993	0.9293981004	0.9297291549	0.9292171067	0.9302619890	0.9295898224	0.9299911466	0.9300083564	0.9297468564	0.9292566223	0.9295725231	0.9296395297	0.9294986326	0.9292982835	0.9296424800	0.9294671186	0.9295026557	0.9294551387	0.9301867127	0.9293953290	0.9297946863	0.9296727871	0.9296515095	0.9299658459	0.9293411069	0.9296892817	0.9297826618	0.9298224009	0.9298326374	0.9292838898	0.9295280458	0.9295076622	0.9294367220	0.9291948010	0.9292524204	0.9295651922	0.9295709586	0.9295147249	0.9294317602	0.9294723038	0.9297647815
0.9292494254	0.9294037328	0.9291707073	0.9294229094	0.9292012379	0.9291092883	0.9288644618	0.9290128686	0.9288253485	0.9294307768	1.0000000000	0.9289475159	0.9294638554	0.9290404043	0.9293583614	0.9293306469	0.9292610030	0.9290536804	0.9294532613	0.9288211019	0.9291816143	0.9286434608	0.9289766609	0.9292385631	0.9293411516	0.9290535463	0.9294195122	0.9288505598	0.9290897540	0.9286266980	0.9295279564	0.9290640510	0.9288941431	0.9290472882	0.9288331712	0.9296458772	0.9289756775	0.9289296356	0.9291614989	0.9290062975	0.9290432204	0.9288178388	0.9293821422	0.9295715844	0.9293628315	0.9291538997	0.9290471541	0.9291368240	0.9287983045	0.9290184115	0.9291353042	0.9292210404	0.9289355808	0.9290079515	0.9293566181	0.9291965890	0.9292367304	0.9290521159	0.9292384737	0.9292298465	0.9295255873	0.9291364664	0.9296008635	0.9291969913	0.9290711138	0.9294623803	0.9292066020	0.9290974873	0.9289834554	0.9288340205	0.9293685532	0.9288773803	0.9296213812	0.9291769207	0.9293898308	0.9287602194	0.9294878597	0.9293935410	0.9297120792	0.9293276072	0.9293701624	0.9296825319	0.9292196100	0.9294497746	0.9291496979	0.9295654604	0.9295874979	0.9289725931	0.9289995030	0.9288339311	0.9292487102	0.9293477673	0.9288822080	0.9293095928	0.9290463495	0.9293721293	0.9291231456	0.9292446871	0.9293546065
0.9290924808	0.9292259575	0.9291601132	0.9292715077	0.9290947158	0.9293280989	0.9292500960	0.9290550215	0.9291976619	0.9292256446	0.9289475159	1.0000000000	0.9295644770	0.9293483484	0.9290562284	0.9291348125	0.9292813418	0.9289655751	0.9290608326	0.9289531035	0.9290437122	0.9291184967	0.9290704880	0.9296218729	0.9296234374	0.9292619864	0.9291989135	0.9291762949	0.9287560622	0.9290710691	0.9293770016	0.9290182327	0.9288248121	0.9291538103	0.9289587358	0.9293471415	0.9288854265	0.9288960653	0.9293306916	0.9293993521	0.9291997181	0.9291915825	0.9289448339	0.9290058952	0.9292415581	0.9292745473	0.9292526439	0.9293436548	0.9288503810	0.9292728040	0.9292782128	0.9292954673	0.9293899649	0.9289570372	0.9291434397	0.9290845240	0.9290484057	0.9294957718	0.9290826913	0.9291709755	0.9298811825	0.9288630313	0.9291763396	0.9293739620	0.9296657691	0.9294244292	0.9293949267	0.9290632017	0.9289308425	0.9292111615	0.9292439719	0.9289484994	0.9287873081	0.9290239097	0.9300667357	0.9291240396	0.9294411474	0.9292614500	0.9290284692	0.9291492955	0.9290533675	0.9296369818	0.9293068213	0.9292518840	0.9294394934	0.9295381482	0.9291401766	0.9292824147	0.9289883725	0.9291429480	0.9288105972	0.9288095244	0.9289721908	0.9293301999	0.9290639169	0.9290479140	0.9288487271	0.9292908631	0.9292291313
0.9291911355	0.9292801796	0.9290876531	0.9293022171	0.9291707520	0.9294196016	0.9292256446	0.9289718332	0.9290686105	0.9294545576	0.9294638554	0.9295644770	1.0000000000	0.9290805456	0.9287966506	0.9292902373	0.9291488038	0.9290873849	0.9294846413	0.9292621205	0.9291631081	0.9291497426	0.9292335119	0.9293348488	0.9290597151	0.9292973447	0.9290425946	0.9289720567	0.9295984496	0.9292001204	0.9293395870	0.9295533465	0.9290854627	0.9290440698	0.9290302125	0.9293554111	0.9292002545	0.9290674930	0.9295336781	0.9294520544	0.9292087030	0.9294228200	0.9291239502	0.9297408218	0.9292579633	0.9295146355	0.9292809395	0.9297082796	0.9293197846	0.9290349508	0.9294858482	0.9292839792	0.9296038584	0.9293999779	0.9293278307	0.9296373394	0.9295859334	0.9294988562	0.9291704390	0.9293652006	0.9298652243	0.9293973405	0.9293229136	0.9289016082	0.9296082391	0.9294095439	0.9294232223	0.9292065573	0.9292859013	0.9292768271	0.9294988114	0.9289849305	0.9291839387	0.9290149248	0.9295712268	0.9291205976	0.9295747582	0.9297217346	0.9290369176	0.9291927895	0.9294281841	0.9293645301	0.9294370349	0.9295094950	0.9295068576	0.9294441423	0.9296228116	0.9292577845	0.9291735681	0.9295420819	0.9294156232	0.9296562925	0.9290583293	0.9293669887	0.9298454218	0.9294868316	0.9289487229	0.9291168427	0.9294908547
0.9288404574	0.9291744621	0.9283283198	0.9289621778	0.9289719673	0.9290892176	0.9291307447	0.9287431884	0.9289965975	0.9294049844	0.9290404043	0.9293483484	0.9290805456	1.0000000000	0.9291925660	0.9289103248	0.9291256935	0.9283985002	0.9290973085	0.9287951308	0.9287266044	0.9288997307	0.9287569562	0.9295268389	0.9287535590	0.9284761455	0.9288106419	0.9287140881	0.9287350528	0.9287846261	0.9294929556	0.9287500276	0.9287760882	0.9290914080	0.9287447082	0.9291343655	0.9292126366	0.9289034856	0.9288662498	0.9287773845	0.9290505067	0.9287772951	0.9290282457	0.9289371453	0.9294961741	0.9290901116	0.9292114297	0.9293010996	0.9286306316	0.9293050780	0.9292026684	0.9290804562	0.9291895263	0.9320771562	0.9292121002	0.9290911397	0.9292313216	0.9286917824	0.9292109827	0.9295943819	0.9294108402	0.9287977681	0.9294205850	0.9293626080	0.9293756606	0.9293502258	0.9289530141	0.9286574075	0.9293087435	0.9292215321	0.9291810331	0.9289223941	0.9290792940	0.9290661967	0.9291241737	0.9291437079	0.9296679594	0.9288426925	0.9296281757	0.9291399978	0.9293305128	0.9294311791	0.9292386972	0.9288407256	0.9291349019	0.9293558581	0.9290969062	0.9286390801	0.9287801560	0.9289591382	0.9286439525	0.9287022424	0.9287298228	0.9290419688	0.9288774250	0.9290862674	0.9290902904	0.9288643277	0.9290643639
0.9290870720	0.9291712884	0.9290157741	0.9292559965	0.9290862674	0.9293457558	0.9291375839	0.9286907543	0.9289452362	0.9292002992	0.9293583614	0.9290562284	0.9287966506	0.9291925660	1.0000000000	0.9292956014	0.9286713094	0.9288876615	0.9294461092	0.9288366578	0.9290207806	0.9288346910	0.9289009377	0.9292687809	0.9295871850	0.9289935578	0.9291868890	0.9289217235	0.9294012295	0.9289175217	0.9293640831	0.9290756733	0.9289432247	0.9292349424	0.9288721503	0.9290729912	0.9286475733	0.9288431842	0.9293128559	0.9291015103	0.9291493402	0.9294779809	0.9290064763	0.9293006079	0.9292586785	0.9293681062	0.9291396849	0.9291593532	0.9286961184	0.9293507176	0.9291433503	0.9291402213	0.9289930661	0.9291757584	0.9296148101	0.9289122917	0.9292935005	0.9289451021	0.9290084432	0.9291298954	0.9296064958	0.9288405468	0.9296485146	0.9291825977	0.9299721934	0.9291922978	0.9297695645	0.9286009503	0.9290877872	0.9291911802	0.9286717564	0.9291367346	0.9290427734	0.9289465325	0.9291218045	0.9289372347	0.9295048461	0.9291137137	0.9292649813	0.9294988114	0.9293075812	0.9294383759	0.9292506324	0.9291645832	0.9289573948	0.9292107145	0.9294614415	0.9287532908	0.9291031196	0.9288360767	0.9290985154	0.9290630229	0.9287856542	0.9289603004	0.9291756243	0.9288029087	0.9286800708	0.9292203699	0.9291848327
0.9291232797	0.9292161680	0.9290338333	0.9294294357	0.9289466219	0.9292312322	0.9290516689	0.9286307657	0.9290330286	0.9295155296	0.9293306469	0.9291348125	0.9292902373	0.9289103248	0.9292956014	1.0000000000	0.9289771526	0.9291282414	0.9288547170	0.9290733935	0.9292937240	0.9289110400	0.9290770590	0.9290409854	0.9291284650	0.9292067808	0.9290279328	0.9290192608	0.9292816100	0.9288805988	0.9294848648	0.9287127024	0.9288466708	0.9291999863	0.9290008887	0.9291557772	0.9290154612	0.9292288630	0.9293144652	0.9296775254	0.9291198377	0.9288873039	0.9292070043	0.9293209915	0.9296018916	0.9294678785	0.9294963082	0.9295370754	0.9288608857	0.9290640957	0.9291471946	0.9291083049	0.9290306148	0.9290653474	0.9294166960	0.9294073982	0.9292678422	0.9295593811	0.9295097185	0.9294495958	0.9297938817	0.9292534038	0.9293463369	0.9293411069	0.9295671143	0.9295703775	0.9291876489	0.9292391889	0.9291764737	0.9293427161	0.9295843689	0.9290022745	0.9292805819	0.9291485803	0.9291214469	0.9291926554	0.9296557561	0.9289492146	0.9292715971	0.9294442764	0.9289986090	0.9294287205	0.9295252743	0.9293668099	0.9292297124	0.9290276198	0.9297066704	0.9292527780	0.9290959674	0.9293377990	0.9289338375	0.9288925339	0.9291930577	0.9293172813	0.9290903351	0.9289897582	0.9291782170	0.9289801476	0.9294243398
0.9290770590	0.9291095118	0.9293630997	0.9289088497	0.9287954437	0.9289032174	0.9289598534	0.9291209552	0.9288425137	0.9293686426	0.9292610030	0.9292813418	0.9291488038	0.9291256935	0.9286713094	0.9289771526	1.0000000000	0.9285171809	0.9295026110	0.9289355361	0.9290612796	0.9286703707	0.9291340973	0.9293311833	0.9289072852	0.9292286842	0.9290250719	0.9288985685	0.9287669245	0.9290110358	0.9293944797	0.9297177562	0.9286679569	0.9288486377	0.9288986132	0.9291732999	0.9287991091	0.9288518561	0.9291282414	0.9289703581	0.9295594258	0.9287808265	0.9293671228	0.9291546149	0.9294971128	0.9292261363	0.9293144652	0.9292096864	0.9290465730	0.9292740109	0.9287814523	0.9289261042	0.9289289651	0.9289347315	0.9288856500	0.9290320005	0.9292808948	0.9292020425	0.9289895794	0.9293760182	0.9297684022	0.9289934237	0.9294917040	0.9293151804	0.9295123111	0.9293151357	0.9293694025	0.9287490889	0.9289847964	0.9290180092	0.9292732510	0.9289878808	0.9290312406	0.9288843089	0.9304858955	0.9289591382	0.9292157210	0.9290842111	0.9292493360	0.9290598492	0.9289778678	0.9295465520	0.9290020063	0.9294590724	0.9288960653	0.9290199313	0.9296723401	0.9287614263	0.9290216746	0.9290053141	0.9289109506	0.9295375671	0.9288430501	0.9292407535	0.9299002250	0.9290553791	0.9285760966	0.9292091053	0.9293798178
0.9286050181	0.9287118531	0.9286482438	0.9288502022	0.9287744343	0.9291054440	0.9288580248	0.9286608047	0.9289013400	0.9290671801	0.9290536804	0.9289655751	0.9290873849	0.9283985002	0.9288876615	0.9291282414	0.9285171809	1.0000000000	0.9288841301	0.9288936067	0.9286855243	0.9285383244	0.9287564645	0.9284707814	0.9288502469	0.9289864057	0.9289487229	0.9288136369	0.9291088860	0.9287053715	0.9291433503	0.9289712521	0.9288552534	0.9289102354	0.9286843174	0.9290455449	0.9289314236	0.9290345932	0.9287699195	0.9288723738	0.9288677249	0.9288204314	0.9290841664	0.9289151078	0.9291641809	0.9289417495	0.9290592233	0.9291235926	0.9284992559	0.9289550257	0.9288773803	0.9286913354	0.9291265428	0.9289683465	0.9289200696	0.9289326753	0.9290090243	0.9290574800	0.9288286564	0.9288515879	0.9293306022	0.9285988046	0.9292889410	0.9293923340	0.9292792409	0.9286700131	0.9289047819	0.9285110122	0.9285726547	0.9290879213	0.9289831425	0.9285989834	0.9289189521	0.9286924529	0.9291348572	0.9289352679	0.9289708498	0.9291175579	0.9287964271	0.9288937408	0.9290427734	0.9295153508	0.9291719589	0.9288599023	0.9288970487	0.9290546192	0.9289893112	0.9286964313	0.9288819398	0.9287845814	0.9290219875	0.9289188180	0.9288872145	0.9290279775	0.9288021935	0.9288071106	0.9288946348	0.9286210210	0.9291247548
0.9294561668	0.9296998758	0.9289481417	0.9293854054	0.9288009419	0.9295124452	0.9291167980	0.9286977723	0.9295658180	0.9296856163	0.9294532613	0.9290608326	0.9294846413	0.9290973085	0.9294461092	0.9288547170	0.9295026110	0.9288841301	1.0000000000	0.9291248442	0.9294642577	0.9291736575	0.9292683339	0.9293653794	0.9292874659	0.9292569799	0.9293018148	0.9291857714	0.9292086136	0.9287346505	0.9293755712	0.9289810416	0.9291978854	0.9290825572	0.9287376455	0.9295174517	0.9287362150	0.9291086625	0.9292231413	0.9292040094	0.9292754413	0.9285347483	0.9293446382	0.9294334141	0.9293398999	0.9294402980	0.9295409643	0.9298203446	0.9290000394	0.9298536468	0.9290000841	0.9293007420	0.9291741492	0.9288816716	0.9293004291	0.9290415218	0.9291269004	0.9297160576	0.9295095844	0.9294664480	0.9297645133	0.9290578376	0.9291341420	0.9296335845	0.9298817636	0.9291641809	0.9293377096	0.9289192650	0.9290101418	0.9290893964	0.9294146398	0.9288464026	0.9292324391	0.9289678548	0.9294394934	0.9289895794	0.9296899523	0.9295213407	0.9294338164	0.9294727509	0.9292040988	0.9295199549	0.9292279690	0.9291664160	0.9296078368	0.9294281841	0.9299074219	0.9291636892	0.9291218492	0.9291714672	0.9290384822	0.9292215768	0.9290907374	0.9291463900	0.9294051632	0.9293358769	0.9292023107	0.9290026321	0.9293834386
0.9286858819	0.9291500555	0.9289375029	0.9294596088	0.9288729996	0.9297155658	0.9288884661	0.9287731379	0.9292336013	0.9292731169	0.9288211019	0.9289531035	0.9292621205	0.9287951308	0.9288366578	0.9290733935	0.9289355361	0.9288936067	0.9291248442	1.0000000000	0.9297332674	0.9289117106	0.9288930256	0.9290893070	0.9291182285	0.9287478373	0.9288060825	0.9297920043	0.9292458047	0.9288241416	0.9293002056	0.9291669077	0.9290686105	0.9291506813	0.9289479182	0.9291010186	0.9286032747	0.9294637660	0.9296010423	0.9288899412	0.9290907374	0.9290106335	0.9291237267	0.9288388929	0.9291593979	0.9290799198	0.9298475227	0.9295094055	0.9292743238	0.9291893922	0.9289940048	0.9290279775	0.9292665906	0.9289768844	0.9290824678	0.9291278838	0.9292190736	0.9287854754	0.9294504898	0.9293875957	0.9299456411	0.9288947689	0.9294039563	0.9290448744	0.9296488722	0.9291780382	0.9291025832	0.9293501811	0.9290970403	0.9292044564	0.9292762459	0.9290846581	0.9289557409	0.9289709839	0.9292270750	0.9292584997	0.9291121491	0.9287542742	0.9297138225	0.9291374945	0.9292436143	0.9298555689	0.9294067724	0.9292206828	0.9294049844	0.9296784194	0.9297405089	0.9289347315	0.9292047246	0.9291400872	0.9286726504	0.9289801923	0.9291182732	0.9299020131	0.9291853244	0.9293518798	0.9288107313	0.9289960164	0.9290987836
0.9291752220	0.9290438910	0.9288345569	0.9293421797	0.9293279201	0.9292409770	0.9290197525	0.9288112678	0.9289946753	0.9293721293	0.9291816143	0.9290437122	0.9291631081	0.9287266044	0.9290207806	0.9292937240	0.9290612796	0.9286855243	0.9294642577	0.9297332674	1.0000000000	0.9290559602	0.9287055950	0.9291235032	0.9290236862	0.9289080004	0.9288813140	0.9308496710	0.9291547490	0.9291652537	0.9293086541	0.9295648793	0.9291374051	0.9289915016	0.9291425904	0.9297763143	0.9289451915	0.9292065126	0.9299172114	0.9289916357	0.9294868316	0.9290189032	0.9290136285	0.9290949840	0.9295605880	0.9298671464	0.9293901884	0.9294325648	0.9290249378	0.9290223451	0.9291808990	0.9293445935	0.9293651559	0.9293044969	0.9291220280	0.9290350402	0.9291512624	0.9290033920	0.9292759330	0.9291380309	0.9294433377	0.9294170983	0.9290813503	0.9291775018	0.9298746561	0.9292912654	0.9295549110	0.9288415302	0.9288375519	0.9292977471	0.9294724380	0.9291428139	0.9293754371	0.9289647705	0.9293941221	0.9290329839	0.9292549683	0.9290234180	0.9297102911	0.9292289078	0.9291436185	0.9291307447	0.9293919764	0.9288645512	0.9295868721	0.9293761970	0.9291875148	0.9289919039	0.9288791683	0.9288580695	0.9291156805	0.9290029450	0.9290710244	0.9290974426	0.9293022171	0.9294381971	0.9293717716	0.9288611539	0.9295378800
0.9289438952	0.9295601410	0.9287889173	0.9288438994	0.9290951628	0.9292287736	0.9287058185	0.9285874506	0.9291481333	0.9292773188	0.9286434608	0.9291184967	0.9291497426	0.9288997307	0.9288346910	0.9289110400	0.9286703707	0.9285383244	0.9291736575	0.9289117106	0.9290559602	1.0000000000	0.9285537462	0.9288666968	0.9292428544	0.9290600280	0.9290138520	0.9290235968	0.9289005353	0.9289079110	0.9293280095	0.9290791152	0.9289287863	0.9288722844	0.9289295909	0.9291046841	0.9291068744	0.9290546639	0.9288084069	0.9291417858	0.9293871040	0.9287793514	0.9285610324	0.9290040178	0.9291087072	0.9293006526	0.9292060656	0.9294158020	0.9290130027	0.9291272580	0.9292533591	0.9291951586	0.9291763843	0.9292387419	0.9288981215	0.9292036071	0.9290998117	0.9290051353	0.9291036113	0.9292724464	0.9291904650	0.9294596088	0.9292217556	0.9291879171	0.9293331054	0.9292157657	0.9296941541	0.9285822206	0.9291061592	0.9292443295	0.9288501575	0.9287887385	0.9289901605	0.9288849795	0.9290775060	0.9289332564	0.9290841664	0.9290560049	0.9297441297	0.9292947521	0.9292270750	0.9295531230	0.9290085773	0.9291668630	0.9291935494	0.9294351574	0.9288436312	0.9288893154	0.9285464600	0.9290558708	0.9289118000	0.9289887748	0.9288924445	0.9291790216	0.9292456706	0.9291572523	0.9290320899	0.9288703176	0.9289045137
0.9286524457	0.9292374903	0.9300661099	0.9292976129	0.9291722271	0.9291989135	0.9291272580	0.9288766651	0.9289493040	0.9292116085	0.9289766609	0.9290704880	0.9292335119	0.9287569562	0.9289009377	0.9290770590	0.9291340973	0.9287564645	0.9292683339	0.9288930256	0.9287055950	0.9285537462	1.0000000000	0.9287038069	0.9291342314	0.9289670502	0.9288202079	0.9286701919	0.9288828338	0.9288189563	0.9291475075	0.9287213297	0.9288769333	0.9285912949	0.9286722034	0.9292210851	0.9288306232	0.9287487313	0.9286343418	0.9289963293	0.9287258891	0.9287292864	0.9289155995	0.9289444763	0.9289535058	0.9290879660	0.9290191267	0.9290253848	0.9287636614	0.9289398721	0.9290573906	0.9290404043	0.9289502874	0.9288919528	0.9291082155	0.9290838088	0.9290435780	0.9290214958	0.9288118936	0.9291047288	0.9294518756	0.9290023192	0.9291360194	0.9287330413	0.9290140308	0.9295146355	0.9290497468	0.9287217767	0.9286620116	0.9291414282	0.9292093735	0.9285887470	0.9288886896	0.9286629057	0.9294668503	0.9287633932	0.9293268026	0.9290880107	0.9292744132	0.9288847559	0.9291103164	0.9291829106	0.9292884940	0.9285951392	0.9299269114	0.9293808906	0.9300743348	0.9291718248	0.9289812204	0.9290401361	0.9288958865	0.9288121171	0.9288309361	0.9291546149	0.9293434760	0.9286826187	0.9286085941	0.9287818099	0.9290531887
0.9293850478	0.9295842348	0.9289911887	0.9292124578	0.9290790258	0.9293078494	0.9294394040	0.9290346826	0.9289389781	0.9299603924	0.9292385631	0.9296218729	0.9293348488	0.9295268389	0.9292687809	0.9290409854	0.9293311833	0.9284707814	0.9293653794	0.9290893070	0.9291235032	0.9288666968	0.9287038069	1.0000000000	0.9297903951	0.9287011249	0.9288932938	0.9288683507	0.9292353000	0.9290327604	0.9293715928	0.9292498277	0.9289529694	0.9291043265	0.9295892413	0.9291780382	0.9287696960	0.9289631612	0.9291712437	0.9291424563	0.9291247548	0.9289489017	0.9292180007	0.9292955120	0.9292458941	0.9296432846	0.9292502748	0.9294941626	0.9292984176	0.9292506771	0.9290976661	0.9293373520	0.9292008356	0.9293706541	0.9289417942	0.9292822359	0.9292220685	0.9291664607	0.9291112551	0.9295878108	0.9301061618	0.9288857841	0.9295872744	0.9289278923	0.9297828406	0.9294639001	0.9302190762	0.9289618649	0.9290344144	0.9294632296	0.9289708945	0.9289568584	0.9290007546	0.9290412089	0.9296385463	0.9291065615	0.9294976045	0.9289036197	0.9298533338	0.9293850925	0.9293129453	0.9302609608	0.9297801586	0.9295689471	0.9289230646	0.9297266517	0.9297798010	0.9290509984	0.9291214469	0.9291054440	0.9294978727	0.9294366326	0.9286427903	0.9288695577	0.9291324433	0.9292264045	0.9290823784	0.9291381203	0.9296118152
0.9296659032	0.9290118404	0.9292254658	0.9293522374	0.9290798751	0.9291532292	0.9290926596	0.9286901732	0.9291216704	0.9293105762	0.9293411516	0.9296234374	0.9290597151	0.9287535590	0.9295871850	0.9291284650	0.9289072852	0.9288502469	0.9292874659	0.9291182285	0.9290236862	0.9292428544	0.9291342314	0.9297903951	1.0000000000	0.9289675866	0.9292440613	0.9291195248	0.9291547043	0.9291291802	0.9292295783	0.9291726294	0.9287616051	0.9290227475	0.9292648472	0.9291380309	0.9291463006	0.9290492104	0.9293838856	0.9295050249	0.9291433056	0.9289341057	0.9295727019	0.9291470605	0.9290690128	0.9293942562	0.9294695324	0.9296842753	0.9290390186	0.9290668225	0.9290212723	0.9292703454	0.9292945733	0.9294322966	0.9290113040	0.9290433098	0.9290993647	0.9293525503	0.9294223283	0.9290893517	0.9298425609	0.9289807734	0.9294573291	0.9289144373	0.9292530015	0.9293209021	0.9294186181	0.9288376413	0.9289256572	0.9290915421	0.9292022213	0.9288442570	0.9292226049	0.9289680336	0.9295658180	0.9291601579	0.9293368156	0.9292115638	0.9293638149	0.9291915825	0.9291408918	0.9297198571	0.9294562115	0.9296591087	0.9297569588	0.9293968041	0.9305716764	0.9315734223	0.9290530993	0.9292794644	0.9288999989	0.9292666353	0.9291111210	0.9288565497	0.9288768886	0.9290769696	0.9289982961	0.9290193502	0.9291568947
0.9289397827	0.9287847602	0.9285861543	0.9293950608	0.9288842642	0.9293632338	0.9290175622	0.9287476585	0.9291721824	0.9292042776	0.9290535463	0.9292619864	0.9292973447	0.9284761455	0.9289935578	0.9292067808	0.9292286842	0.9289864057	0.9292569799	0.9287478373	0.9289080004	0.9290600280	0.9289670502	0.9287011249	0.9289675866	1.0000000000	0.9291613648	0.9290553344	0.9293715928	0.9291973043	0.9295323818	0.9290151036	0.9289561432	0.9290322240	0.9288239181	0.9293553664	0.9286870441	0.9292533144	0.9293266685	0.9293816505	0.9291990923	0.9291323092	0.9293553664	0.9287514580	0.9290787576	0.9290453214	0.9290951181	0.9292019531	0.9290679847	0.9292440166	0.9292217109	0.9288885108	0.9293454429	0.9289209189	0.9293286800	0.9292555495	0.9294508921	0.9296899523	0.9293294399	0.9294464221	0.9295664885	0.9289547575	0.9294980962	0.9289396486	0.9291527822	0.9293639937	0.9290926596	0.9291281967	0.9289669608	0.9289256125	0.9294315367	0.9290244014	0.9290945817	0.9289750070	0.9288998648	0.9286362640	0.9290880107	0.9292148717	0.9291876936	0.9294439635	0.9291234585	0.9294208085	0.9291424116	0.9290466177	0.9289168512	0.9294815569	0.9295860228	0.9292154528	0.9286995156	0.9292203699	0.9286928552	0.9291315493	0.9289248079	0.9292817441	0.9289340163	0.9291600237	0.9289409002	0.9289941389	0.9291293590
0.9290733935	0.9290816185	0.9293163426	0.9291616777	0.9291737022	0.9292298912	0.9287378690	0.9289712968	0.9289475606	0.9292239907	0.9294195122	0.9291989135	0.9290425946	0.9288106419	0.9291868890	0.9290279328	0.9290250719	0.9289487229	0.9293018148	0.9288060825	0.9288813140	0.9290138520	0.9288202079	0.9288932938	0.9292440613	0.9291613648	1.0000000000	0.9291158146	0.9289139903	0.9288048755	0.9294390911	0.9290565413	0.9288418431	0.9290941347	0.9288170789	0.9289790300	0.9288136816	0.9288443464	0.9292624334	0.9290212276	0.9298049228	0.9291569394	0.9290210488	0.9288852477	0.9293932281	0.9292587679	0.9292054845	0.9297167728	0.9293559923	0.9293462475	0.9287781444	0.9290686999	0.9290617266	0.9294582678	0.9291567159	0.9288182411	0.9291052205	0.9291429480	0.9292189842	0.9293559923	0.9298322350	0.9291245760	0.9293524162	0.9288087198	0.9292703901	0.9293441912	0.9291261405	0.9287334436	0.9289912334	0.9292911313	0.9293884898	0.9289904734	0.9291957397	0.9292801796	0.9291014209	0.9286923635	0.9294929556	0.9288604387	0.9292832193	0.9291727635	0.9288101502	0.9293983240	0.9293329713	0.9289801476	0.9290258765	0.9293201422	0.9291450490	0.9290216746	0.9291380756	0.9290111252	0.9289213212	0.9290760756	0.9289694640	0.9292341377	0.9288413514	0.9290394656	0.9287623203	0.9291253359	0.9289788512
0.9286172661	0.9287451999	0.9288172130	0.9291961867	0.9287421603	0.9291327115	0.9287854307	0.9288704517	0.9289767950	0.9292802243	0.9288505598	0.9291762949	0.9289720567	0.9287140881	0.9289217235	0.9290192608	0.9288985685	0.9288136369	0.9291857714	0.9297920043	0.9308496710	0.9290235968	0.9286701919	0.9288683507	0.9291195248	0.9290553344	0.9291158146	1.0000000000	0.9294054314	0.9290291844	0.9294305086	0.9290512666	0.9286804731	0.9292172408	0.9289072852	0.9306216967	0.9292226049	0.9294009613	0.9297683575	0.9290472435	0.9291500555	0.9287730485	0.9295370754	0.9289784042	0.9293766887	0.9292241695	0.9294419520	0.9291809884	0.9286575863	0.9292779446	0.9289903840	0.9291257382	0.9292998033	0.9293221984	0.9288999542	0.9289557409	0.9293027982	0.9288327242	0.9291724953	0.9290879660	0.9295507091	0.9289107271	0.9290986942	0.9289189521	0.9291404001	0.9293675251	0.9292799114	0.9290787129	0.9290932407	0.9291980642	0.9293200975	0.9288925786	0.9289346868	0.9287642425	0.9293083859	0.9289802370	0.9290201101	0.9286233454	0.9290522053	0.9292247059	0.9290579717	0.9292672611	0.9291608731	0.9291281967	0.9290081750	0.9294338611	0.9293080282	0.9291411153	0.9291382544	0.9288347357	0.9289410790	0.9291765631	0.9287858330	0.9294277818	0.9286684486	0.9294277371	0.9288215937	0.9288287905	0.9292390101
0.9291928789	0.9290223004	0.9290546192	0.9293989051	0.9294044927	0.9289747834	0.9291742833	0.9286739021	0.9289526118	0.9295074387	0.9290897540	0.9287560622	0.9295984496	0.9287350528	0.9294012295	0.9292816100	0.9287669245	0.9291088860	0.9292086136	0.9292458047	0.9291547490	0.9289005353	0.9288828338	0.9292353000	0.9291547043	0.9293715928	0.9289139903	0.9294054314	1.0000000000	0.9292318133	0.9294603240	0.9291778147	0.9288822974	0.9290477799	0.9290021851	0.9294333247	0.9290903351	0.9290931960	0.9291003034	0.9291246207	0.9292251976	0.9293523268	0.9291971254	0.9292854543	0.9292984176	0.9293724422	0.9295425736	0.9291578781	0.9291050864	0.9292815653	0.9292985964	0.9291158593	0.9289156889	0.9290963250	0.9291394167	0.9292512582	0.9293261768	0.9293202763	0.9291024491	0.9292755754	0.9296146760	0.9289172982	0.9290725442	0.9289547575	0.9291316834	0.9295748923	0.9295172282	0.9288953053	0.9289822485	0.9290153718	0.9292599748	0.9286851220	0.9287522626	0.9288517220	0.9292705242	0.9292749496	0.9292103122	0.9293438783	0.9290809480	0.9291984665	0.9291119256	0.9294978727	0.9291828212	0.9293420903	0.9289783595	0.9292538508	0.9296306342	0.9289660221	0.9294563009	0.9288561474	0.9291297613	0.9291103611	0.9287911524	0.9298973642	0.9290573012	0.9291078132	0.9289486782	0.9287864588	0.9296773019
0.9289928426	0.9289895347	0.9289793876	0.9290419688	0.9293814717	0.9294949672	0.9289469795	0.9289003118	0.9289281605	0.9293617587	0.9286266980	0.9290710691	0.9292001204	0.9287846261	0.9289175217	0.9288805988	0.9290110358	0.9287053715	0.9287346505	0.9288241416	0.9291652537	0.9289079110	0.9288189563	0.9290327604	0.9291291802	0.9291973043	0.9288048755	0.9290291844	0.9292318133	1.0000000000	0.9294658222	0.9289524777	0.9290219875	0.9290953863	0.9286622351	0.9291826871	0.9289751411	0.9290130474	0.9293376202	0.9289767950	0.9293315409	0.9287074277	0.9291922531	0.9288651323	0.9293048992	0.9293064190	0.9291152782	0.9291066062	0.9291043265	0.9291598449	0.9289708051	0.9290034367	0.9293807118	0.9288064401	0.9289126493	0.9289236457	0.9291014656	0.9293270261	0.9292438378	0.9289682571	0.9296914274	0.9288437653	0.9291992711	0.9288039815	0.9289785830	0.9289735318	0.9296638917	0.9291023150	0.9291393720	0.9292038753	0.9291318175	0.9289876126	0.9288745195	0.9297704585	0.9291166192	0.9290672248	0.9291586827	0.9291522458	0.9291224750	0.9291645385	0.9291515753	0.9296655456	0.9288763969	0.9289828296	0.9293841091	0.9292365516	0.9288894495	0.9289401403	0.9292433014	0.9289170747	0.9294132987	0.9289864057	0.9289481864	0.9292268962	0.9292346295	0.9293759735	0.9293386036	0.9285855285	0.9294769080
0.9292085689	0.9297354130	0.9292546554	0.9292736086	0.9297222710	0.9294014530	0.9292293995	0.9295731490	0.9293405705	0.9298140418	0.9295279564	0.9293770016	0.9293395870	0.9294929556	0.9293640831	0.9294848648	0.9293944797	0.9291433503	0.9293755712	0.9293002056	0.9293086541	0.9293280095	0.9291475075	0.9293715928	0.9292295783	0.9295323818	0.9294390911	0.9294305086	0.9294603240	0.9294658222	1.0000000000	0.9294670738	0.9302004806	0.9299069749	0.9292076748	0.9299241847	0.9292378926	0.9292215321	0.9296978196	0.9296476653	0.9295157978	0.9292328414	0.9295393104	0.9293522821	0.9299953484	0.9296982666	0.9295047120	0.9296608073	0.9292271644	0.9294601452	0.9297765825	0.9296549962	0.9294277371	0.9293422244	0.9292200123	0.9292896562	0.9296393956	0.9296254489	0.9297238355	0.9297475716	0.9300289188	0.9293979663	0.9296058700	0.9294738684	0.9295660415	0.9297672400	0.9295929067	0.9290938218	0.9291590403	0.9292034283	0.9294263961	0.9290704880	0.9295033709	0.9293607305	0.9291648961	0.9294326989	0.9293893391	0.9294200933	0.9296893711	0.9295277776	0.9295370754	0.9298717953	0.9299029965	0.9295321136	0.9290891729	0.9296139161	0.9295839219	0.9291553302	0.9295640747	0.9295497704	0.9301286910	0.9292748155	0.9289986984	0.9297819913	0.9299630744	0.9291813461	0.9292940816	0.9292935005	0.9294877256
