0.5042308635	0.0010637241	-0.0051296342	-0.0053546530	-0.0060417950	-0.0056277565	-0.0065621742	-0.0048776666	-0.0050547142	-0.0034649044	-0.0044081119	-0.0050392745	-0.0054705690	-0.0058402521	-0.0053803089	-0.0058513336	-0.0059720378	-0.0066321852	-0.0038229040	-0.0071650117	-0.0050449564	-0.0058889411	-0.0062712903	-0.0038221687	-0.0032206233	-0.0060836013	-0.0055668999	-0.0073901330	-0.0056265478	-0.0054245793	-0.0053217166	-0.0038200284	-0.0065497566	-0.0054301884	-0.0064396963	-0.0042058111	-0.0059275500	-0.0049729360	-0.0056897894	-0.0038172522	-0.0073903464	-0.0058295156	-0.0043964287	-0.0060927473	-0.0065139687	-0.0067760366	-0.0067150842	-0.0050778188	-0.0058800944	-0.0008358102	-0.0052429312	-0.0045575444	-0.0051064214	-0.0047512876	-0.0050870141	-0.0059186924	-0.0047761493	-0.0065658416	-0.0051859194	-0.0034150357	-0.0057856422	-0.0045895798	-0.0047116050	-0.0056602865	-0.0059080498	-0.0053756126	-0.0050374678	-0.0052142983	-0.0058862884	-0.0035711616	-0.0049251465	-0.0054437164	-0.0056295338	-0.0052823191	-0.0048860316	-0.0051138353	-0.0044968157	-0.0051162869	-0.0059405200	-0.0056398695	-0.0055518247	-0.0045535721	-0.0062087290	-0.0063422859	-0.0044732934	-0.0050363664	-0.0026468158	-0.0021593507	-0.0051792385	-0.0051729186	-0.0030428853	-0.0054327093	-0.0052368099	-0.0046642006	-0.0029392791	-0.0060771495	-0.0061568695	-0.0047097559	-0.0051720262
0.0010637241	0.5066090878	-0.0061223156	-0.0043561495	-0.0057211290	-0.0047315733	-0.0059669298	-0.0046056652	-0.0048364365	-0.0034944941	-0.0041603977	-0.0057176702	-0.0054008789	-0.0045971491	-0.0055195112	-0.0056486184	-0.0052093625	-0.0065718054	-0.0031117395	-0.0056747036	-0.0062847646	-0.0015776855	-0.0040461411	-0.0038601618	-0.0062472889	-0.0064339663	-0.0055802778	-0.0071799645	-0.0063048917	-0.0061852769	-0.0046252135	-0.0055002558	-0.0062722025	-0.0059098453	-0.0045763046	-0.0051434461	-0.0053827937	-0.0072584708	-0.0062615976	-0.0063378765	-0.0044538041	-0.0070160626	-0.0070335053	-0.0035719782	-0.0071712940	-0.0054713473	-0.0058248483	-0.0029121760	-0.0042091921	-0.0025411694	-0.0048762136	-0.0046698290	-0.0045736355	-0.0033774438	-0.0057793442	-0.0061644001	-0.0060603124	-0.0060436224	-0.0062791785	-0.0051812917	-0.0042786811	-0.0057364971	-0.0029502542	-0.0060817619	-0.0057879972	-0.0056473400	-0.0034041372	-0.0046673030	-0.0055578302	-0.0041502458	-0.0055908951	-0.0058158140	-0.0045774910	-0.0029331449	-0.0045453801	-0.0064127031	-0.0039456277	-0.0058213300	-0.0039737090	-0.0041572728	-0.0054343968	-0.0060415664	-0.0058542078	-0.0064230037	-0.0049494049	-0.0050892442	-0.0051198569	-0.0053126885	-0.0055252055	-0.0052208212	-0.0057572568	-0.0060996148	-0.0060650251	-0.0064613098	-0.0058990601	-0.0058192415	-0.0058544638	-0.0051316262	-0.0039537996
-0.0051296342	-0.0061223156	0.5010642716	-0.0048045863	-0.0047032163	-0.0060301993	-0.0044759806	-0.0067694545	-0.0058351902	-0.0035789241	-0.0052428601	-0.0051127392	-0.0058904165	-0.0083512240	-0.0052568621	-0.0054903593	-0.0035049914	-0.0059542030	-0.0060595098	-0.0055890249	-0.0065229434	-0.0054197838	0.0013869623	-0.0061274455	-0.0051193936	-0.0072735622	-0.0046410510	-0.0066167237	-0.0055134540	-0.0057188055	-0.0058749167	-0.0048916966	-0.0050058702	-0.0023453576	-0.0047219191	-0.0063004073	-0.0039675080	-0.0055329393	-0.0041312714	-0.0054829197	-0.0060939303	-0.0052476579	-0.0037655978	-0.0041976464	-0.0049867076	-0.0050753261	-0.0050631364	-0.0038510244	-0.0052435781	-0.0046044265	-0.0065799544	-0.0051375608	-0.0050488081	-0.0065104946	-0.0040159537	-0.0050195011	-0.0035537795	-0.0046879504	-0.0058016119	-0.0052980693	-0.0049779762	-0.0056022577	-0.0049957779	-0.0055801000	-0.0050801720	-0.0039895104	-0.0046174193	-0.0056532325	-0.0056724293	-0.0047068634	-0.0056281159	-0.0055276812	-0.0035336471	-0.0056514166	-0.0051604843	-0.0062386974	-0.0042128396	-0.0060280895	-0.0052394959	-0.0055446929	-0.0069802097	-0.0061481832	-0.0035904207	-0.0079645875	-0.0005265666	-0.0056904953	-0.0037572471	-0.0059225212	-0.0043865084	-0.0046877002	-0.0058348579	-0.0013639947	-0.0039839871	-0.0053354114	-0.0065631575	-0.0057566044	-0.0056196689	-0.0037077224	-0.0060981152
-0.0053546530	-0.0043561495	-0.0048045863	0.4892072659	-0.0053415330	-0.0060109289	-0.0042256458	-0.0053566465	-0.0057342790	-0.0048073459	-0.0043068214	-0.0051382789	-0.0046364815	-0.0064307977	-0.0051644759	-0.0049312228	-0.0056851256	-0.0055388161	-0.0048917323	-0.0040554769	-0.0046044953	-0.0068132976	-0.0038887902	-0.0048500059	-0.0047665619	-0.0046806734	-0.0053064657	-0.0047485470	-0.0046823661	-0.0053972157	-0.0058966104	-0.0046341270	-0.0050332142	-0.0042995763	-0.0040888292	-0.0034560863	-0.0057336416	-0.0058260024	-0.0052666931	-0.0044812939	-0.0053654976	-0.0046843839	-0.0022129128	-0.0047901263	-0.0049919287	-0.0050313993	-0.0039264537	-0.0051840381	-0.0049396407	-0.0061600164	-0.0039871439	-0.0043845883	-0.0051969563	-0.0058122653	-0.0059157877	-0.0034203596	-0.0064204129	-0.0043865951	-0.0051112678	-0.0057420255	-0.0038965434	-0.0047861260	-0.0033098715	-0.0053283474	-0.0058789284	-0.0037059812	-0.0062046825	-0.0054517760	-0.0058105861	-0.0060700170	-0.0040671496	-0.0050496768	-0.0038786026	-0.0055602915	-0.0064313605	-0.0047482036	-0.0051738985	-0.0052966151	-0.0045803913	-0.0053237950	-0.0043736762	-0.0050672331	-0.0046181166	-0.0048498921	-0.0056618753	-0.0050321854	-0.0038747255	-0.0047685441	-0.0046763847	-0.0064172713	-0.0047877760	-0.0060431828	-0.0037210990	-0.0045806504	-0.0052016872	-0.0050158480	-0.0054092374	-0.0051843358	-0.0064814115
-0.0060417950	-0.0057211290	-0.0047032163	-0.0053415330	0.4996862473	-0.0048452546	-0.0048529356	-0.0053142644	-0.0042054042	-0.0048611232	-0.0048576805	-0.0051847181	-0.0051240335	-0.0051617970	-0.0040841466	-0.0052191118	-0.0059020181	-0.0057746905	-0.0067251957	-0.0060214350	-0.0036815818	-0.0044577400	-0.0036303944	-0.0059722998	-0.0051981430	-0.0056536808	-0.0042061521	-0.0068638132	-0.0036724368	-0.0034183028	-0.0028193952	-0.0051367927	0.0131948924	-0.0054732371	-0.0048004280	-0.0055318481	-0.0063977190	-0.0048991623	-0.0056738060	-0.0040740678	-0.0056236470	-0.0049396456	-0.0045185391	-0.0055354641	-0.0057725073	-0.0062646979	-0.0053633636	-0.0070988024	-0.0047383894	-0.0062901520	-0.0037918244	-0.0054052134	-0.0053866590	-0.0056465045	-0.0050908280	-0.0043155422	-0.0058043767	-0.0059861370	-0.0055906921	-0.0051998032	-0.0038975269	-0.0050801631	-0.0056181301	-0.0056796514	-0.0058992312	-0.0050831049	-0.0040391915	-0.0055229743	-0.0052229858	-0.0057318202	-0.0050472113	-0.0061310292	-0.0044006358	-0.0043805247	-0.0062609149	-0.0071103327	-0.0062662428	-0.0067829135	-0.0071839822	-0.0052547224	-0.0056419055	-0.0063764404	-0.0054965277	-0.0068181575	-0.0060813306	-0.0031610272	-0.0070173549	-0.0062076369	-0.0063900371	-0.0058976350	-0.0053623514	-0.0053222155	-0.0059528251	-0.0062330337	-0.0043544507	-0.0040726319	-0.0038039099	-0.0040984339	-0.0041346738
-0.0056277565	-0.0047315733	-0.0060301993	-0.0060109289	-0.0048452546	0.4940373747	-0.0056784469	-0.0050544151	-0.0023492780	-0.0055069082	-0.0057999162	-0.0050335719	-0.0051416611	-0.0056029624	-0.0049723884	-0.0057016302	-0.0066624322	-0.0052909383	-0.0048981407	-0.0032728523	-0.0059259698	-0.0056293566	-0.0052892898	-0.0059763030	-0.0069969084	-0.0046112390	-0.0053288933	-0.0060618757	-0.0064878726	-0.0040409170	-0.0055079088	-0.0065907094	-0.0036196419	-0.0033589992	-0.0037548905	-0.0070690495	-0.0045919567	-0.0057753083	-0.0055646752	-0.0049048073	-0.0057879403	-0.0045049707	-0.0061285813	-0.0056802053	-0.0060039154	-0.0050916186	-0.0052906738	-0.0029657976	-0.0071926052	-0.0059372969	-0.0053093465	-0.0063415334	-0.0058211532	-0.0048365500	-0.0038477359	0.0100589439	-0.0049351753	-0.0049196260	-0.0055639276	-0.0063956406	-0.0052445863	-0.0046747157	-0.0039176133	-0.0024536907	-0.0061692411	-0.0048990818	-0.0055575227	-0.0057519253	-0.0044585252	-0.0054988185	-0.0060479648	-0.0049683615	-0.0025304331	-0.0047497426	-0.0043052993	-0.0048173627	-0.0054524007	-0.0048852023	-0.0063756900	-0.0048463163	-0.0061428864	-0.0055794217	-0.0063074024	-0.0046124253	-0.0066691840	-0.0052526190	-0.0037176230	-0.0041567649	-0.0057992042	-0.0056794387	-0.0053595564	-0.0036871250	-0.0055687191	-0.0052320015	-0.0060147450	-0.0043305338	-0.0038976707	-0.0058892424	-0.0047431415
-0.0065621742	-0.0059669298	-0.0044759806	-0.0042256458	-0.0048529356	-0.0056784469	0.5170198208	-0.0050790854	-0.0050457282	-0.0061955464	-0.0062633437	-0.0042755691	-0.0052909341	-0.0049607125	-0.0051041469	-0.0058386769	-0.0049797396	-0.0053250159	-0.0050461723	-0.0060941898	-0.0052075552	-0.0067608603	-0.0042277816	-0.0033259068	-0.0051768058	-0.0054058621	-0.0065867565	-0.0061993962	-0.0042879454	-0.0051318148	-0.0055134861	-0.0045860956	-0.0054195928	-0.0062015326	-0.0047288379	-0.0063648379	-0.0067407426	-0.0049570586	-0.0061460203	-0.0071051394	-0.0050474029	-0.0058709760	-0.0060737863	-0.0030171572	-0.0048682122	-0.0050017381	-0.0060543843	-0.0052438496	-0.0058666275	-0.0030831724	-0.0048804513	-0.0048752403	-0.0049326081	-0.0055162277	-0.0066370599	-0.0041562298	-0.0061181673	-0.0051230104	-0.0049941705	-0.0041621951	-0.0051793039	-0.0062286211	-0.0056939400	-0.0056532912	-0.0054335580	-0.0041483942	-0.0063099639	-0.0024333300	-0.0049859402	-0.0037331090	-0.0047876407	-0.0058343333	-0.0057982603	-0.0062220361	-0.0047269240	-0.0059845459	-0.0052135576	-0.0050363032	-0.0057091689	-0.0044786982	-0.0044917345	-0.0061915623	-0.0044315848	-0.0070733581	-0.0060731325	-0.0058781281	-0.0016148720	-0.0049664970	-0.0062692827	-0.0049062231	-0.0061379060	-0.0055729156	-0.0066457082	-0.0061265777	-0.0051320499	-0.0040605856	-0.0051969502	-0.0052502051	-0.0045519590
-0.0048776666	-0.0046056652	-0.0067694545	-0.0053566465	-0.0053142644	-0.0050544151	-0.0050790854	0.5387799423	-0.0060500571	-0.0040503717	-0.0046671491	-0.0049172169	-0.0054316186	-0.0058461134	-0.0057636139	-0.0060838311	-0.0032069542	-0.0055689290	-0.0061295518	-0.0059682350	-0.0054605136	-0.0063035457	-0.0046797315	-0.0046711478	-0.0065471248	-0.0056508467	-0.0050561182	-0.0054440688	-0.0061899089	-0.0055392243	-0.0038529727	-0.0075907670	-0.0058592372	-0.0054786547	-0.0059630854	-0.0065598987	-0.0057231338	-0.0071151794	-0.0045035333	-0.0050919271	-0.0057111014	-0.0047730425	-0.0048986779	-0.0059736625	-0.0066473122	-0.0038538769	-0.0047317246	-0.0051052855	-0.0056128862	-0.0047269227	-0.0056463609	-0.0054880494	-0.0039697603	-0.0054734801	-0.0048729963	-0.0062498499	-0.0063744622	-0.0056271578	-0.0053465237	-0.0042275775	-0.0045276511	-0.0050572809	-0.0064854305	-0.0051454400	-0.0062098946	-0.0064487417	-0.0050800784	-0.0071857400	-0.0055827257	-0.0057220825	-0.0054178777	-0.0038181868	-0.0051435501	-0.0040784790	-0.0056870678	-0.0059657917	-0.0063983092	-0.0059319238	-0.0046780872	-0.0054517449	-0.0036922172	-0.0051418586	-0.0066346896	-0.0070941775	-0.0053606467	-0.0056742792	-0.0062896467	-0.0051504351	-0.0045888864	-0.0063168029	-0.0058869188	-0.0061237019	-0.0065034754	-0.0053797121	-0.0058218471	-0.0058787300	-0.0068339795	-0.0059365651	-0.0051231189
-0.0050547142	-0.0048364365	-0.0058351902	-0.0057342790	-0.0042054042	-0.0023492780	-0.0050457282	-0.0060500571	0.4941832098	-0.0044672101	-0.0066534335	-0.0046897519	-0.0059886805	-0.0049765011	-0.0055417717	-0.0048030534	-0.0059126739	-0.0057395746	-0.0030938291	-0.0041321862	-0.0056832629	-0.0054359405	-0.0054305277	-0.0064350130	-0.0053358591	-0.0039179066	-0.0056389460	-0.0054444283	-0.0053442426	-0.0054633608	-0.0050356265	-0.0026989661	-0.0039663859	-0.0074048504	-0.0052785200	-0.0052082107	-0.0056782298	-0.0046135749	-0.0042276858	-0.0052149960	-0.0042250180	-0.0052407845	-0.0050117863	-0.0053626121	-0.0052582357	-0.0050385398	-0.0048615993	-0.0046321819	-0.0059484111	-0.0049198614	-0.0050664508	-0.0053508969	-0.0049970517	-0.0051930332	-0.0041446723	-0.0042198557	-0.0037549776	-0.0054948128	-0.0057926655	-0.0052552904	-0.0044824161	-0.0056004843	-0.0032759729	-0.0027563958	-0.0050142898	-0.0041893957	-0.0061465928	-0.0065205172	-0.0056942741	-0.0062002529	-0.0051405519	-0.0049778529	-0.0058229135	-0.0062830957	-0.0048219767	-0.0035160037	-0.0055960080	-0.0065641311	-0.0048924494	-0.0054295016	-0.0048577353	-0.0044024183	-0.0048260309	-0.0070042536	-0.0055599957	-0.0070455058	-0.0050923877	-0.0046703641	-0.0047226641	-0.0068731800	-0.0038759096	-0.0053596904	-0.0027043345	-0.0040427255	-0.0051139099	-0.0040658951	-0.0018737741	-0.0048400894	-0.0059922456
-0.0034649044	-0.0034944941	-0.0035789241	-0.0048073459	-0.0048611232	-0.0055069082	-0.0061955464	-0.0040503717	-0.0044672101	0.4844473076	-0.0051177593	-0.0058106956	-0.0058515716	-0.0045297803	-0.0059976457	-0.0053013612	-0.0047489179	-0.0059668625	-0.0045757187	-0.0054746613	-0.0060173355	-0.0050815448	-0.0053389103	-0.0040821793	-0.0061077077	-0.0056940735	-0.0059338781	-0.0051776324	-0.0055137844	-0.0055186366	-0.0050391483	-0.0052870076	-0.0051270498	-0.0057249323	-0.0047386243	-0.0029746169	-0.0042974349	-0.0046176968	-0.0049254727	-0.0047174984	-0.0057650706	-0.0052998636	-0.0046434606	-0.0049630223	-0.0039231514	-0.0041809179	-0.0052501273	-0.0052947373	-0.0036034912	-0.0056123690	-0.0044496521	-0.0049380779	-0.0047705291	-0.0043029479	-0.0062114939	-0.0024073015	-0.0046972583	-0.0040819377	-0.0045148074	-0.0052243928	-0.0054523531	-0.0059385628	-0.0030753557	-0.0050628868	-0.0040930317	-0.0037157273	-0.0044513115	-0.0055158466	-0.0048014038	-0.0048628813	-0.0049114843	-0.0051913324	-0.0046902743	-0.0049695425	-0.0057861414	-0.0060116299	-0.0034081169	-0.0052144777	-0.0039836542	-0.0049031217	-0.0051116192	-0.0050527779	-0.0056582883	-0.0054150620	-0.0041430363	-0.0047682884	-0.0051507466	-0.0057121625	-0.0049888172	-0.0050932066	-0.0055515788	-0.0065048180	-0.0057774225	-0.0049566419	-0.0047118630	-0.0053274190	-0.0047623124	-0.0052681867	-0.0046023473
-0.0044081119	-0.0041603977	-0.0052428601	-0.0043068214	-0.0048576805	-0.0057999162	-0.0062633437	-0.0046671491	-0.0066534335	-0.0051177593	0.5020711380	-0.0059824059	-0.0040424456	-0.0048585319	-0.0039947398	-0.0046837809	-0.0045925585	-0.0046547196	-0.0041772155	-0.0058302676	-0.0051388792	-0.0066789953	-0.0052603891	-0.0049857619	-0.0048959908	-0.0053995113	-0.0033836953	-0.0057926236	-0.0059307749	-0.0071152531	-0.0046982513	-0.0054386208	-0.0051695603	-0.0052479050	-0.0056803563	-0.0043334691	-0.0055334173	-0.0061683994	-0.0045614979	-0.0051850965	-0.0057305104	-0.0059407677	-0.0038907456	-0.0022975667	-0.0047230275	-0.0055728305	-0.0055265544	-0.0063527703	-0.0059051348	-0.0056057732	-0.0049854100	-0.0051628402	-0.0057879074	-0.0057110934	-0.0045062327	-0.0050203969	-0.0051322165	-0.0059954358	-0.0052736089	-0.0053780778	-0.0057530961	-0.0049022585	-0.0038202868	-0.0049222610	-0.0064494096	-0.0045802716	-0.0062740366	-0.0044432139	-0.0046977283	-0.0071512286	-0.0043863242	-0.0060321674	-0.0031638714	-0.0050137963	-0.0049887767	-0.0069990367	-0.0048952829	-0.0041359711	-0.0034741405	-0.0047488201	-0.0044185886	-0.0047238736	-0.0052415556	-0.0049224107	-0.0053912217	-0.0049395338	-0.0050163123	-0.0056414189	-0.0062750806	-0.0063190389	-0.0047423841	-0.0041574512	-0.0050875677	-0.0051305064	-0.0051057709	-0.0050804177	-0.0047321861	-0.0042415319	-0.0046808217
-0.0050392745	-0.0057176702	-0.0051127392	-0.0051382789	-0.0051847181	-0.0050335719	-0.0042755691	-0.0049172169	-0.0046897519	-0.0058106956	-0.0059824059	0.4947169136	-0.0041740656	-0.0037496083	-0.0054908845	-0.0052374410	-0.0042821319	-0.0046528171	-0.0058925280	-0.0059254675	-0.0056390706	-0.0045843457	-0.0053078990	-0.0032371804	-0.0032457254	-0.0042863448	-0.0050410387	-0.0048637390	-0.0063883655	-0.0055583010	-0.0050525969	-0.0055100392	-0.0060879246	-0.0049165919	-0.0047411961	-0.0043070536	-0.0054537017	-0.0055785587	-0.0041186138	-0.0045408351	-0.0053950761	-0.0044934510	-0.0056650312	-0.0050683571	-0.0053081588	-0.0052222463	-0.0051091055	-0.0049882421	-0.0057995191	-0.0041890027	-0.0045675577	-0.0046649252	-0.0043820895	-0.0066884649	-0.0050970063	-0.0058877559	-0.0062544581	-0.0038046322	-0.0058660624	-0.0059292717	-0.0039861571	-0.0058447203	-0.0050661600	-0.0037584864	-0.0036824112	-0.0045546134	-0.0049713770	-0.0045954461	-0.0055032728	-0.0056468420	-0.0046119565	-0.0052517625	-0.0063656254	-0.0057070772	-0.0008708835	-0.0052564568	-0.0043638458	-0.0048323515	-0.0056785076	-0.0055918620	-0.0061589481	-0.0050610400	-0.0044035487	-0.0052080307	-0.0042251620	-0.0035292969	-0.0060567239	-0.0040978278	-0.0053294025	-0.0051218303	-0.0072295257	-0.0067124285	-0.0052499631	-0.0043394194	-0.0057582701	-0.0052939221	-0.0059189330	-0.0041241195	-0.0056123352
-0.0054705690	-0.0054008789	-0.0058904165	-0.0046364815	-0.0051240335	-0.0051416611	-0.0052909341	-0.0054316186	-0.0059886805	-0.0058515716	-0.0040424456	-0.0041740656	0.4829470912	-0.0052427925	-0.0068367092	-0.0044741234	-0.0058260562	-0.0042771308	-0.0038366062	-0.0042198917	-0.0056883508	-0.0055434295	-0.0042817015	-0.0047738013	-0.0068360293	-0.0047501746	-0.0052897979	-0.0063622304	-0.0040635086	-0.0041651387	-0.0062905274	-0.0041697051	-0.0049070914	-0.0055257585	-0.0054557779	-0.0055792081	-0.0046525614	-0.0052845395	-0.0037875312	-0.0043368384	-0.0045979258	-0.0043263689	-0.0054734168	-0.0019873672	-0.0056243075	-0.0047793050	-0.0056843487	-0.0035850678	-0.0039535786	-0.0060393373	-0.0044229024	-0.0050487342	-0.0033616628	-0.0046719566	-0.0054349446	-0.0035935917	-0.0040917481	-0.0041610993	-0.0057745124	-0.0051855739	-0.0039122292	-0.0044723773	-0.0058228019	-0.0064500493	-0.0041084820	-0.0053515359	-0.0045683557	-0.0050902613	-0.0041551835	-0.0055232176	-0.0047810806	-0.0058109482	-0.0047933398	-0.0064239811	-0.0042883199	-0.0056867761	-0.0044366866	-0.0029481026	-0.0066348011	-0.0057512376	-0.0057220115	-0.0061325204	-0.0044384130	-0.0046455008	-0.0047186461	-0.0056199185	-0.0047717147	-0.0045691773	-0.0051154444	-0.0036717894	-0.0048010100	-0.0031701234	-0.0055751705	-0.0054149055	-0.0021152535	-0.0042653434	-0.0060573448	-0.0053568672	-0.0050780518
-0.0058402521	-0.0045971491	-0.0083512240	-0.0064307977	-0.0051617970	-0.0056029624	-0.0049607125	-0.0058461134	-0.0049765011	-0.0045297803	-0.0048585319	-0.0037496083	-0.0052427925	0.5062848448	-0.0027194067	-0.0060575880	-0.0039325871	-0.0066539082	-0.0058178656	-0.0069533492	-0.0069268125	-0.0053586062	-0.0054773853	-0.0025412874	-0.0071922782	-0.0071134547	-0.0061529202	-0.0060644568	-0.0060770324	-0.0051081248	-0.0042424700	-0.0065333561	-0.0054821814	-0.0035774023	-0.0059678655	-0.0049972078	-0.0038021930	-0.0058269500	-0.0061103280	-0.0064644464	-0.0058447781	-0.0060724024	-0.0061374647	-0.0049910315	-0.0039114534	-0.0054575588	-0.0048320743	-0.0044452877	-0.0059875006	-0.0043951453	-0.0048862830	-0.0051909395	-0.0041537009	0.0128672225	-0.0044992531	-0.0044907248	-0.0048229362	-0.0067877216	-0.0044798553	-0.0025701695	-0.0048848450	-0.0059657757	-0.0042881403	-0.0044063806	-0.0051709399	-0.0051514223	-0.0067877120	-0.0058286425	-0.0039392339	-0.0055043486	-0.0047368574	-0.0049074535	-0.0053296803	-0.0050880285	-0.0050880351	-0.0051100169	-0.0040560874	-0.0063155900	-0.0035855475	-0.0053532826	-0.0050574144	-0.0056790073	-0.0051538156	-0.0070746262	-0.0051125281	-0.0049251765	-0.0067766190	-0.0069203948	-0.0064769280	-0.0053548973	-0.0070976583	-0.0061651794	-0.0057785576	-0.0057302713	-0.0054713631	-0.0054629902	-0.0044385573	-0.0059499515	-0.0057721449
-0.0053803089	-0.0055195112	-0.0052568621	-0.0051644759	-0.0040841466	-0.0049723884	-0.0051041469	-0.0057636139	-0.0055417717	-0.0059976457	-0.0039947398	-0.0054908845	-0.0068367092	-0.0027194067	0.5071441772	-0.0044505909	-0.0067134363	-0.0053080203	-0.0031868601	-0.0054999155	-0.0053702360	-0.0054881332	-0.0058922243	-0.0049465564	-0.0031094739	-0.0055880081	-0.0052615236	-0.0051577464	-0.0044400719	-0.0061610838	-0.0050252931	-0.0058182704	-0.0051478533	-0.0040645455	-0.0054679579	-0.0058279742	-0.0064081260	-0.0056714236	-0.0039045198	-0.0055280330	-0.0055840664	-0.0036056962	-0.0057142778	-0.0035267981	-0.0051051127	-0.0049196793	-0.0058997283	-0.0059027094	-0.0063647385	-0.0046034963	-0.0050013361	-0.0056264259	-0.0057111391	-0.0044896867	-0.0023716311	-0.0063046441	-0.0052135355	-0.0057354646	-0.0051765868	-0.0059663457	-0.0050506004	-0.0057325239	-0.0032237623	-0.0047590228	-0.0027171336	-0.0055370056	-0.0026087364	-0.0067685313	-0.0051364512	-0.0056495646	-0.0070835697	-0.0040729772	-0.0059903384	-0.0051372833	-0.0049749129	-0.0060905187	-0.0046225551	-0.0051442730	-0.0050472490	-0.0039226215	-0.0048799838	-0.0060223058	-0.0056943834	-0.0058067021	-0.0049323688	-0.0054213798	-0.0043329544	-0.0060577602	-0.0054455865	-0.0059494743	-0.0057940774	-0.0059602660	-0.0058904695	-0.0051412663	-0.0044632208	-0.0060560479	-0.0070367284	-0.0041566450	-0.0047453382
-0.0058513336	-0.0056486184	-0.0054903593	-0.0049312228	-0.0052191118	-0.0057016302	-0.0058386769	-0.0060838311	-0.0048030534	-0.0053013612	-0.0046837809	-0.0052374410	-0.0044741234	-0.0060575880	-0.0044505909	0.5116237229	-0.0054626176	-0.0043049379	-0.0071396043	-0.0055251474	-0.0041183137	-0.0057876363	-0.0047288024	-0.0062637415	-0.0055655643	-0.0044616153	-0.0054241591	-0.0060130702	-0.0048296226	-0.0063949022	-0.0045040627	-0.0067822147	-0.0062587884	-0.0053363224	-0.0053595250	-0.0061299170	-0.0053268240	-0.0044955191	-0.0051969560	-0.0034177446	-0.0060267891	-0.0060357584	-0.0053913432	-0.0046468131	-0.0033662239	-0.0049799993	-0.0045824166	-0.0043142589	-0.0063935078	-0.0055134646	-0.0055376772	-0.0060779709	-0.0059097968	-0.0058211993	-0.0043772894	-0.0041829420	-0.0049268027	-0.0044501660	-0.0043643498	-0.0046846562	-0.0044116756	-0.0050209475	-0.0054172542	-0.0045756089	-0.0047937003	-0.0050157914	-0.0062048897	-0.0048980986	-0.0047947611	-0.0045465469	-0.0038988088	-0.0050395976	-0.0045277107	-0.0053089800	-0.0061635150	-0.0051329633	-0.0041949928	-0.0059767468	-0.0053784023	-0.0051159860	-0.0062085424	-0.0058141973	-0.0045074063	-0.0052534636	-0.0054884564	-0.0068800997	-0.0048486645	-0.0051084098	-0.0051724580	-0.0042754253	-0.0064855112	-0.0056261893	-0.0045138423	-0.0047858406	-0.0036396256	-0.0061018329	-0.0051080481	-0.0060354823	-0.0051694934
-0.0059720378	-0.0052093625	-0.0035049914	-0.0056851256	-0.0059020181	-0.0066624322	-0.0049797396	-0.0032069542	-0.0059126739	-0.0047489179	-0.0045925585	-0.0042821319	-0.0058260562	-0.0039325871	-0.0067134363	-0.0054626176	0.4935401564	-0.0064462213	-0.0038465858	-0.0060512390	-0.0053083688	-0.0061482755	-0.0037971428	-0.0040465696	-0.0062068482	-0.0039080776	-0.0048882103	-0.0052930188	-0.0062903542	-0.0050383350	-0.0046757722	-0.0013923006	-0.0067947694	-0.0059022222	-0.0051355585	-0.0056008975	-0.0061634888	-0.0058727669	-0.0051410689	-0.0055706534	-0.0039505655	-0.0054674707	-0.0036510919	-0.0049643809	-0.0038167709	-0.0055674477	-0.0050959680	-0.0052636379	-0.0051927811	-0.0031635328	-0.0064148568	-0.0051481506	-0.0047091097	-0.0062035074	-0.0062882310	-0.0052649952	-0.0050684926	-0.0047574631	-0.0053274696	-0.0044771100	-0.0033292503	-0.0053108195	-0.0041910555	-0.0043743006	-0.0042561415	-0.0052515152	-0.0048689610	-0.0063049172	-0.0047834812	-0.0058952572	-0.0046742820	-0.0052242159	-0.0057014644	-0.0051340434	0.0026496439	-0.0064934205	-0.0054497329	-0.0054299751	-0.0048396596	-0.0057136000	-0.0059945395	-0.0052081563	-0.0060068516	-0.0044391113	-0.0069740876	-0.0063773304	-0.0041968526	-0.0065975887	-0.0052788321	-0.0052615497	-0.0059605171	-0.0020455544	-0.0053087630	-0.0052017752	-0.0003373862	-0.0059547669	-0.0067408506	-0.0044274947	-0.0047462801
-0.0066321852	-0.0065718054	-0.0059542030	-0.0055388161	-0.0057746905	-0.0052909383	-0.0053250159	-0.0055689290	-0.0057395746	-0.0059668625	-0.0046547196	-0.0046528171	-0.0042771308	-0.0066539082	-0.0053080203	-0.0043049379	-0.0064462213	0.5458218113	-0.0056785586	-0.0055796341	-0.0067404485	-0.0068332653	-0.0054202760	-0.0073199843	-0.0057884400	-0.0049720319	-0.0052090810	-0.0052930824	-0.0044338604	-0.0057412024	-0.0057849269	-0.0051048495	-0.0054868275	-0.0057424817	-0.0052713023	-0.0052392072	-0.0048542479	-0.0048375045	-0.0060739550	-0.0062876737	-0.0062006098	-0.0055327277	-0.0049228154	-0.0051847130	-0.0048772299	-0.0059254360	-0.0050158984	-0.0052092817	-0.0062610036	-0.0051636870	-0.0052043919	-0.0065947279	-0.0049384920	-0.0053894306	-0.0055451889	-0.0053144218	-0.0055537684	-0.0047480989	-0.0061048772	-0.0063082806	-0.0057085609	-0.0061897293	-0.0049394062	-0.0036443982	-0.0055033295	-0.0070912999	-0.0060384120	-0.0064706224	-0.0064445950	-0.0047560127	-0.0051239660	-0.0059044957	-0.0052271448	-0.0055469903	-0.0046620795	-0.0059576312	-0.0059496335	-0.0045069816	-0.0062832300	-0.0061898210	-0.0048871705	-0.0045720069	-0.0054488473	-0.0064449462	-0.0058389733	-0.0055218296	-0.0064021927	-0.0064735741	-0.0058446341	-0.0056591169	-0.0056866007	-0.0054493977	-0.0046651274	-0.0051277857	-0.0048755967	-0.0061128755	-0.0052885969	-0.0056373803	-0.0053981215
-0.0038229040	-0.0031117395	-0.0060595098	-0.0048917323	-0.0067251957	-0.0048981407	-0.0050461723	-0.0061295518	-0.0030938291	-0.0045757187	-0.0041772155	-0.0058925280	-0.0038366062	-0.0058178656	-0.0031868601	-0.0071396043	-0.0038465858	-0.0056785586	0.5001016966	-0.0047675696	-0.0043577043	-0.0044888334	-0.0042238368	-0.0046480613	-0.0052258517	-0.0049148312	-0.0045640090	-0.0050592446	-0.0050860416	-0.0071509245	-0.0052712557	-0.0060516249	-0.0043211073	-0.0057983019	-0.0061822870	-0.0046897166	-0.0067241403	-0.0049820702	-0.0051356850	-0.0057911815	-0.0054092989	-0.0071630098	-0.0048097344	-0.0038484963	-0.0053225727	-0.0054256854	-0.0043870939	-0.0034969029	-0.0055615787	-0.0027105228	-0.0059686674	-0.0053490887	-0.0051650786	-0.0062454645	-0.0061564534	-0.0060147025	-0.0056041767	-0.0035558358	-0.0039642535	-0.0049387408	-0.0052000722	-0.0059363479	-0.0065836110	-0.0031303379	-0.0029036871	-0.0062737006	-0.0052256586	-0.0056028149	-0.0051329457	-0.0048936170	-0.0051470333	-0.0064352427	-0.0046708235	-0.0059024823	-0.0042427957	-0.0064060570	-0.0046990543	-0.0044295547	-0.0051621322	-0.0044247247	-0.0063609360	-0.0057365605	-0.0059745832	-0.0061967739	-0.0038797522	-0.0046035815	-0.0033005042	-0.0053176317	-0.0045402907	-0.0051315123	-0.0063077027	-0.0051453094	-0.0056690814	-0.0055600758	-0.0038704471	-0.0051842654	-0.0051398073	-0.0056847048	-0.0056335290
-0.0071650117	-0.0056747036	-0.0055890249	-0.0040554769	-0.0060214350	-0.0032728523	-0.0060941898	-0.0059682350	-0.0041321862	-0.0054746613	-0.0058302676	-0.0059254675	-0.0042198917	-0.0069533492	-0.0054999155	-0.0055251474	-0.0060512390	-0.0055796341	-0.0047675696	0.4999793378	-0.0028981042	-0.0054924500	-0.0054480043	-0.0058007454	-0.0057135182	-0.0066516970	-0.0065192558	-0.0008203605	-0.0046395218	-0.0067175214	-0.0053881238	-0.0052912032	-0.0045807014	-0.0047398947	-0.0041433640	-0.0056837258	-0.0067848980	-0.0031267619	-0.0032185147	-0.0061652249	-0.0058779989	-0.0051833075	-0.0052070761	-0.0056475037	-0.0054521067	-0.0060834848	-0.0025214408	-0.0046189861	-0.0046699977	-0.0043752943	-0.0052347797	-0.0053163420	-0.0050515112	-0.0059880208	-0.0048086850	-0.0044066159	-0.0048308495	-0.0069503301	-0.0043608049	-0.0038243538	-0.0036373408	-0.0060939604	-0.0054887543	-0.0055742436	-0.0036875230	-0.0054277413	-0.0063725574	-0.0034818330	-0.0051229305	-0.0053796927	-0.0049467703	-0.0049601808	-0.0060564273	-0.0060029109	-0.0050544186	-0.0047249804	-0.0061690097	-0.0068200695	-0.0030913593	-0.0060820807	-0.0056093107	-0.0041987753	-0.0051196227	-0.0051233801	-0.0038902805	-0.0033525478	-0.0038366138	-0.0057816066	-0.0043109306	-0.0055186400	-0.0073094866	-0.0058263289	-0.0041350311	0.0003601834	-0.0056903942	-0.0046392894	-0.0057746016	-0.0056957367	-0.0063188215
-0.0050449564	-0.0062847646	-0.0065229434	-0.0046044953	-0.0036815818	-0.0059259698	-0.0052075552	-0.0054605136	-0.0056832629	-0.0060173355	-0.0051388792	-0.0056390706	-0.0056883508	-0.0069268125	-0.0053702360	-0.0041183137	-0.0053083688	-0.0067404485	-0.0043577043	-0.0028981042	0.4986118181	-0.0049902183	-0.0065358403	-0.0054117122	-0.0062845309	-0.0059241947	-0.0061772122	0.0048901318	-0.0043786191	-0.0048293378	-0.0050964922	-0.0038841890	-0.0051453753	-0.0057271426	-0.0042691901	-0.0027768187	-0.0060817854	-0.0039319335	-0.0010699455	-0.0061279673	-0.0045638746	-0.0054494163	-0.0065053050	-0.0053586427	-0.0036339456	-0.0029615259	-0.0049051153	-0.0047756657	-0.0056279207	-0.0056662118	-0.0043037452	-0.0042770756	-0.0045341354	-0.0041572690	-0.0059859116	-0.0059181859	-0.0053947874	-0.0059399069	-0.0047671070	-0.0056638365	-0.0058206550	-0.0030858896	-0.0066293430	-0.0052252471	-0.0039299799	-0.0050335089	-0.0050418073	-0.0062822031	-0.0062567429	-0.0047734363	-0.0039211508	-0.0054305771	-0.0043392823	-0.0055043444	-0.0053356419	-0.0064406213	-0.0054734612	-0.0059848685	-0.0035172513	-0.0054629821	-0.0057433012	-0.0072619644	-0.0051920320	-0.0070576093	-0.0036766788	-0.0056322683	-0.0060752500	-0.0050528707	-0.0063379808	-0.0062914193	-0.0052490568	-0.0055787822	-0.0052647809	-0.0060461322	-0.0046441997	-0.0043615848	-0.0039741066	-0.0063792627	-0.0045419185
-0.0058889411	-0.0015776855	-0.0054197838	-0.0068132976	-0.0044577400	-0.0056293566	-0.0067608603	-0.0063035457	-0.0054359405	-0.0050815448	-0.0066789953	-0.0045843457	-0.0055434295	-0.0053586062	-0.0054881332	-0.0057876363	-0.0061482755	-0.0068332653	-0.0044888334	-0.0054924500	-0.0049902183	0.4979853460	-0.0063953977	-0.0064730436	-0.0046703283	-0.0050696101	-0.0052383143	-0.0048235357	-0.0054997249	-0.0054408281	-0.0051025082	-0.0049083645	-0.0048641907	-0.0058352681	-0.0045908141	-0.0060765081	-0.0043909480	-0.0047406704	-0.0061903292	-0.0051247421	-0.0036405405	-0.0051617422	-0.0067478485	-0.0044913675	-0.0053592634	-0.0044722454	-0.0055209494	-0.0040397893	-0.0041164448	-0.0050613181	-0.0040078320	-0.0045588470	-0.0041732421	-0.0040455332	-0.0059348068	-0.0050645566	-0.0052141652	-0.0049370465	-0.0044992281	-0.0034106786	-0.0059386917	-0.0029893877	-0.0047648693	-0.0039259329	-0.0050209228	-0.0041597459	-0.0023045888	-0.0060131302	-0.0039098935	-0.0042659086	-0.0058504035	-0.0057702700	-0.0056056919	-0.0058259280	-0.0054029763	-0.0052794008	-0.0053665370	-0.0051294989	-0.0014859020	-0.0049059232	-0.0045731152	-0.0053228695	-0.0054332283	-0.0048066208	-0.0050620774	-0.0047586909	-0.0066709509	-0.0052105189	-0.0064818738	-0.0047453828	-0.0055444681	-0.0052700251	-0.0052182314	-0.0047295066	-0.0040390360	-0.0045555091	-0.0056154361	-0.0055532521	-0.0058234941
-0.0062712903	-0.0040461411	0.0013869623	-0.0038887902	-0.0036303944	-0.0052892898	-0.0042277816	-0.0046797315	-0.0054305277	-0.0053389103	-0.0052603891	-0.0053078990	-0.0042817015	-0.0054773853	-0.0058922243	-0.0047288024	-0.0037971428	-0.0054202760	-0.0042238368	-0.0054480043	-0.0065358403	-0.0063953977	0.5024580573	-0.0058386916	-0.0044922644	-0.0054022288	-0.0055059927	-0.0063494446	-0.0054200721	-0.0055358664	-0.0053502727	-0.0064844007	-0.0051713927	-0.0064456050	-0.0057162501	-0.0047601894	-0.0048898766	-0.0048218023	-0.0070356060	-0.0056495951	-0.0065577308	-0.0060434039	-0.0059632857	-0.0056936032	-0.0063025361	-0.0053029995	-0.0051183569	-0.0056164839	-0.0054582995	-0.0053446348	-0.0046984705	-0.0053911948	-0.0053183693	-0.0054783127	-0.0051019171	-0.0048564487	-0.0053563348	-0.0052467343	-0.0059054157	-0.0049931637	-0.0052608430	-0.0046628806	-0.0053218603	-0.0061135045	-0.0065592038	-0.0033932998	-0.0056164214	-0.0057388792	-0.0064833816	-0.0045662614	-0.0040461274	-0.0059150653	-0.0060421808	-0.0061069724	-0.0032985015	-0.0069683989	-0.0043633013	-0.0049730708	-0.0042206535	-0.0062996320	-0.0052883790	-0.0057979977	-0.0043423336	-0.0076905394	0.0014564893	-0.0044618013	-0.0006450614	-0.0026540156	-0.0048912722	-0.0047728579	-0.0054486111	-0.0061972399	-0.0051595130	-0.0046390757	-0.0029809708	-0.0065910223	-0.0063223084	-0.0059041722	-0.0053748942
-0.0038221687	-0.0038601618	-0.0061274455	-0.0048500059	-0.0059722998	-0.0059763030	-0.0033259068	-0.0046711478	-0.0064350130	-0.0040821793	-0.0049857619	-0.0032371804	-0.0047738013	-0.0025412874	-0.0049465564	-0.0062637415	-0.0040465696	-0.0073199843	-0.0046480613	-0.0058007454	-0.0054117122	-0.0064730436	-0.0058386916	0.4894386406	-0.0025415689	-0.0064878651	-0.0066155656	-0.0060765980	-0.0052152974	-0.0053812861	-0.0055928772	-0.0041614377	-0.0059717551	-0.0048536511	-0.0029825368	-0.0054897856	-0.0062016606	-0.0061051972	-0.0059564745	-0.0056243144	-0.0061546613	-0.0058274840	-0.0054372003	-0.0034006117	-0.0059365407	-0.0042722468	-0.0058948972	-0.0046290182	-0.0035063562	-0.0041409946	-0.0057280894	-0.0052406624	-0.0053060437	-0.0046586704	-0.0059791578	-0.0050172924	-0.0056311053	-0.0055611407	-0.0059024905	-0.0040721798	-0.0027897131	-0.0065065174	-0.0049511819	-0.0065374276	-0.0033650440	-0.0041372742	-0.0000771532	-0.0056945129	-0.0060293438	-0.0044526317	-0.0062132295	-0.0049737613	-0.0061974069	-0.0058312819	-0.0033103453	-0.0056729963	-0.0048852304	-0.0069363878	-0.0021663298	-0.0044270463	-0.0046761585	-0.0013047803	-0.0029976816	-0.0037307559	-0.0068893898	-0.0043863752	-0.0034127341	-0.0049887027	-0.0056406217	-0.0055035932	-0.0038065824	-0.0038607524	-0.0070675685	-0.0068024715	-0.0058432924	-0.0050290905	-0.0050334332	-0.0053783632	-0.0049669953
-0.0032206233	-0.0062472889	-0.0051193936	-0.0047665619	-0.0051981430	-0.0069969084	-0.0051768058	-0.0065471248	-0.0053358591	-0.0061077077	-0.0048959908	-0.0032457254	-0.0068360293	-0.0071922782	-0.0031094739	-0.0055655643	-0.0062068482	-0.0057884400	-0.0052258517	-0.0057135182	-0.0062845309	-0.0046703283	-0.0044922644	-0.0025415689	0.4957655277	-0.0061044169	-0.0046434193	-0.0056522837	-0.0054735942	-0.0052508646	-0.0060521159	-0.0043906999	-0.0063897883	-0.0065144411	-0.0042151443	-0.0056834318	-0.0051298710	-0.0049195202	-0.0044157005	-0.0045217317	-0.0058496631	-0.0057962613	-0.0045032384	-0.0050202750	-0.0062109597	-0.0054017780	-0.0048495597	-0.0036853058	-0.0049989723	-0.0059549291	-0.0051446766	-0.0050554503	-0.0050269250	-0.0040101980	-0.0060330075	-0.0052623927	-0.0064838487	-0.0043444604	-0.0037532143	-0.0058741819	-0.0038427604	-0.0057542246	-0.0049334450	-0.0067097217	-0.0057493920	-0.0053595348	-0.0053174846	-0.0052639084	-0.0056296032	-0.0058432295	-0.0054703887	-0.0056929359	-0.0050871820	-0.0059454705	-0.0034940532	-0.0059621351	-0.0060964918	-0.0055046216	-0.0052266156	-0.0052498249	-0.0058192276	-0.0043400997	-0.0051303438	-0.0031586392	-0.0026649481	-0.0050743121	0.0015517352	0.0088759272	-0.0058068146	-0.0051432793	-0.0071399461	-0.0049450005	-0.0054021694	-0.0060099588	-0.0060092417	-0.0060257424	-0.0052544506	-0.0054317269	-0.0056031150
-0.0060836013	-0.0064339663	-0.0072735622	-0.0046806734	-0.0056536808	-0.0046112390	-0.0054058621	-0.0056508467	-0.0039179066	-0.0056940735	-0.0053995113	-0.0042863448	-0.0047501746	-0.0071134547	-0.0055880081	-0.0044616153	-0.0039080776	-0.0049720319	-0.0049148312	-0.0066516970	-0.0059241947	-0.0050696101	-0.0054022288	-0.0064878651	-0.0061044169	0.5187216866	-0.0043140476	-0.0050783368	-0.0049868276	-0.0048682906	-0.0042584345	-0.0059793971	-0.0052723158	-0.0056089020	-0.0056428792	-0.0050020004	-0.0063089303	-0.0043285979	-0.0040470490	-0.0046977845	-0.0050098785	-0.0047366698	-0.0035085159	-0.0060872722	-0.0059955753	-0.0064099560	-0.0058070850	-0.0055601318	-0.0047723497	-0.0051931249	-0.0050400688	-0.0064019136	-0.0048935132	-0.0061839474	-0.0047409050	-0.0044705626	-0.0042061521	-0.0018602055	-0.0052475522	-0.0043104141	-0.0051501995	-0.0053645857	-0.0046974469	-0.0057203194	-0.0061502362	-0.0047011526	-0.0061922609	-0.0049827448	-0.0051516343	-0.0054380584	-0.0040614480	-0.0049899879	-0.0054918095	-0.0054409784	-0.0070265195	-0.0072302452	-0.0065720524	-0.0049005404	-0.0057744702	-0.0043993393	-0.0058270598	-0.0058759249	-0.0054512007	-0.0058547672	-0.0064324367	-0.0042812403	-0.0042526072	-0.0044899101	-0.0067763500	-0.0039561105	-0.0069431377	-0.0049856750	-0.0049285843	-0.0042374815	-0.0058209952	-0.0049579748	-0.0058469285	-0.0052036086	-0.0058946032
-0.0055668999	-0.0055802778	-0.0046410510	-0.0053064657	-0.0042061521	-0.0053288933	-0.0065867565	-0.0050561182	-0.0056389460	-0.0059338781	-0.0033836953	-0.0050410387	-0.0052897979	-0.0061529202	-0.0052615236	-0.0054241591	-0.0048882103	-0.0052090810	-0.0045640090	-0.0065192558	-0.0061772122	-0.0052383143	-0.0055059927	-0.0066155656	-0.0046434193	-0.0043140476	0.5243593782	-0.0054480082	-0.0058061049	-0.0063293413	-0.0047608065	-0.0058377750	-0.0056256273	-0.0052934146	-0.0059985924	-0.0063422447	-0.0060256694	-0.0056465237	-0.0045420229	-0.0057472604	-0.0031307900	-0.0043987052	-0.0060649103	-0.0060391291	-0.0049215077	-0.0052128421	-0.0057769558	-0.0037139385	-0.0036815405	-0.0044607659	-0.0067825035	-0.0052639252	-0.0055924095	-0.0040456007	-0.0051433225	-0.0061149620	-0.0053422615	-0.0047397376	-0.0051086895	-0.0043802165	-0.0038277196	-0.0050504275	-0.0049069053	-0.0067738506	-0.0057102317	-0.0045084999	-0.0061645842	-0.0061813722	-0.0058111861	-0.0055305876	-0.0038519468	-0.0047299899	-0.0045389778	-0.0044586323	-0.0059825710	-0.0066196164	-0.0040473929	-0.0063932457	-0.0048842072	-0.0055966289	-0.0070637253	-0.0059688682	-0.0039742019	-0.0064948732	-0.0058996852	-0.0051548760	-0.0060709946	-0.0055642074	-0.0044190124	-0.0061966937	-0.0061490883	-0.0053299776	-0.0050569854	-0.0053762098	-0.0060531947	-0.0053663355	-0.0059643951	-0.0048068167	-0.0064888778
-0.0073901330	-0.0071799645	-0.0066167237	-0.0047485470	-0.0068638132	-0.0060618757	-0.0061993962	-0.0054440688	-0.0054444283	-0.0051776324	-0.0057926236	-0.0048637390	-0.0063622304	-0.0060644568	-0.0051577464	-0.0060130702	-0.0052930188	-0.0052930824	-0.0050592446	-0.0008203605	0.0048901318	-0.0048235357	-0.0063494446	-0.0060765980	-0.0056522837	-0.0050783368	-0.0054480082	0.4999964183	-0.0033628719	-0.0055438587	-0.0040493499	-0.0047134543	-0.0060919845	-0.0050067133	-0.0052525848	0.0034928770	-0.0045776324	-0.0025628213	-0.0019274879	-0.0055031898	-0.0056317004	-0.0055788833	-0.0031785436	-0.0054020230	-0.0041180948	-0.0059207437	-0.0046827910	-0.0053994100	-0.0067529910	-0.0051957677	-0.0053092873	-0.0050895211	-0.0045905382	-0.0038351251	-0.0053657036	-0.0058644305	-0.0052329257	-0.0060376583	-0.0048451807	-0.0054907852	-0.0042341744	-0.0053400970	-0.0054206909	-0.0065894785	-0.0057037404	-0.0037596891	-0.0056331177	-0.0039605665	-0.0040714334	-0.0048618549	-0.0044144869	-0.0053019132	-0.0053463260	-0.0058844056	-0.0052337781	-0.0058246937	-0.0064956629	-0.0070997718	-0.0064784016	-0.0049298818	-0.0055468786	-0.0060048010	-0.0053134645	-0.0064137196	-0.0061821213	-0.0048847414	-0.0054426563	-0.0050467826	-0.0043068409	-0.0066321857	-0.0058898357	-0.0046290442	-0.0057897813	-0.0037790056	-0.0067283342	-0.0044233033	-0.0060631969	-0.0060684862	-0.0052616676
