0.5044400941	0.0010450841	-0.0050130997	-0.0054077930	-0.0059775280	-0.0058211050	-0.0067852335	-0.0046650161	-0.0048423857	-0.0033905973	-0.0042750413	-0.0050613380	-0.0054996977	-0.0060680703	-0.0053723882	-0.0056376610	-0.0060546505	-0.0066284595	-0.0037345195	-0.0070923169	-0.0049205937	-0.0062057166	-0.0062305164	-0.0040038839	-0.0033081917	-0.0062996462	-0.0056550945	-0.0077868179	-0.0055301230	-0.0054260332	-0.0053043483	-0.0038838492	-0.0064134257	-0.0054121601	-0.0064801733	-0.0041022305	-0.0058492623	-0.0050041450	-0.0056646827	-0.0037860361	-0.0070931228	-0.0060140635	-0.0045529043	-0.0059802648	-0.0065675194	-0.0066987177	-0.0066892251	-0.0049675985	-0.0059198435	-0.0008970918	-0.0049735046	-0.0045142855	-0.0051886175	-0.0049470228	-0.0049534164	-0.0059340279	-0.0047116795	-0.0066312407	-0.0054117457	-0.0034099902	-0.0059569944	-0.0047152997	-0.0047863980	-0.0058696020	-0.0059881036	-0.0054331384	-0.0049891945	-0.0050779421	-0.0058642115	-0.0036830306	-0.0051312615	-0.0052994553	-0.0055916386	-0.0053407550	-0.0049397668	-0.0046880788	-0.0043818886	-0.0050773587	-0.0059310628	-0.0056222817	-0.0054828353	-0.0045402494	-0.0059287801	-0.0061750413	-0.0044094353	-0.0049606510	-0.0023872196	-0.0023399888	-0.0050330624	-0.0052752939	-0.0032365428	-0.0054142658	-0.0051668973	-0.0049752440	-0.0028247368	-0.0063863856	-0.0060228001	-0.0048161877	-0.0050923848
0.0010450841	0.5052627404	-0.0059475301	-0.0042909716	-0.0056656831	-0.0048749828	-0.0059918090	-0.0045203200	-0.0047615968	-0.0033670541	-0.0041269085	-0.0057067733	-0.0053780214	-0.0043538374	-0.0054374310	-0.0054241464	-0.0052129491	-0.0065524867	-0.0030435712	-0.0056234568	-0.0063990154	-0.0013897708	-0.0040244053	-0.0038693005	-0.0061809700	-0.0065377174	-0.0054879953	-0.0074146686	-0.0061713966	-0.0062313977	-0.0046736528	-0.0055434940	-0.0062749496	-0.0059481421	-0.0043725506	-0.0053099002	-0.0052643939	-0.0073932564	-0.0063322843	-0.0063250126	-0.0044705692	-0.0069882104	-0.0071051496	-0.0035298660	-0.0071336650	-0.0053504366	-0.0058091428	-0.0025913280	-0.0040493966	-0.0027006785	-0.0048470569	-0.0045497114	-0.0047246846	-0.0034711108	-0.0055418175	-0.0061199461	-0.0060165417	-0.0061815350	-0.0063589198	-0.0053648125	-0.0043330749	-0.0058543539	-0.0028581776	-0.0061539991	-0.0059714629	-0.0054716920	-0.0033657260	-0.0047503335	-0.0054311966	-0.0039948423	-0.0055606829	-0.0058099965	-0.0046478416	-0.0028084884	-0.0043715257	-0.0064019702	-0.0038821518	-0.0058177600	-0.0041278078	-0.0040363152	-0.0054606275	-0.0058929305	-0.0058403215	-0.0063367042	-0.0051456518	-0.0051062356	-0.0050417912	-0.0051570632	-0.0055226818	-0.0051524572	-0.0057248201	-0.0061159281	-0.0061314452	-0.0066011628	-0.0060200720	-0.0060524917	-0.0058418522	-0.0052315603	-0.0039542465
-0.0050130997	-0.0059475301	0.5008904167	-0.0049079396	-0.0048917420	-0.0060262854	-0.0045887094	-0.0069159776	-0.0058709427	-0.0037549171	-0.0052171484	-0.0051215707	-0.0059928619	-0.0084423959	-0.0050574357	-0.0054560109	-0.0035896805	-0.0062371093	-0.0059506146	-0.0054038556	-0.0063331221	-0.0053461112	0.0015615788	-0.0060513030	-0.0050653600	-0.0073219863	-0.0047172335	-0.0068147448	-0.0055223041	-0.0058347286	-0.0059447088	-0.0049438020	-0.0050399317	-0.0024157331	-0.0047869355	-0.0064650638	-0.0037946930	-0.0057629008	-0.0041217841	-0.0055966744	-0.0062804048	-0.0052338474	-0.0037235658	-0.0042654310	-0.0048748599	-0.0048406428	-0.0051911949	-0.0035637267	-0.0050711393	-0.0043728574	-0.0066195220	-0.0051630653	-0.0049042770	-0.0064804333	-0.0038200639	-0.0051509130	-0.0033398120	-0.0046243761	-0.0058207884	-0.0053209994	-0.0051376954	-0.0056333736	-0.0050419404	-0.0056014693	-0.0053560421	-0.0040659865	-0.0044723710	-0.0054436425	-0.0056185936	-0.0046048655	-0.0055867033	-0.0055973859	-0.0035033711	-0.0056731324	-0.0051799615	-0.0061961011	-0.0040998996	-0.0059714339	-0.0051054569	-0.0055460084	-0.0070841380	-0.0061617220	-0.0034294997	-0.0081738264	-0.0005996212	-0.0056499614	-0.0038373711	-0.0058535733	-0.0043497252	-0.0047264316	-0.0059756579	-0.0014166216	-0.0039816030	-0.0054231472	-0.0064504279	-0.0057262599	-0.0054541046	-0.0037717211	-0.0060242799
-0.0054077930	-0.0042909716	-0.0049079396	0.4895652134	-0.0053435936	-0.0059472097	-0.0042114728	-0.0052111665	-0.0058910826	-0.0047089007	-0.0042012465	-0.0051285917	-0.0047529632	-0.0064514126	-0.0049386332	-0.0049750713	-0.0059959431	-0.0055081477	-0.0050621800	-0.0040905815	-0.0045925053	-0.0067505669	-0.0039924773	-0.0051037985	-0.0048247475	-0.0047290538	-0.0052844061	-0.0047463705	-0.0047903732	-0.0053695526	-0.0058408554	-0.0044593421	-0.0050103364	-0.0043178802	-0.0041382769	-0.0034122226	-0.0056050132	-0.0057759214	-0.0055933477	-0.0043744930	-0.0053670190	-0.0043875220	-0.0018775263	-0.0048770389	-0.0051946430	-0.0051335929	-0.0038740134	-0.0053714180	-0.0050311885	-0.0064337549	-0.0041000930	-0.0042570715	-0.0052570001	-0.0058001878	-0.0058315658	-0.0032713066	-0.0064584037	-0.0043308970	-0.0050517705	-0.0055707298	-0.0037268483	-0.0046403577	-0.0030055669	-0.0051728903	-0.0057429597	-0.0038760416	-0.0062611679	-0.0054338929	-0.0058248320	-0.0058866201	-0.0040701035	-0.0050808046	-0.0040426172	-0.0055705488	-0.0065077575	-0.0048576975	-0.0051604263	-0.0054401372	-0.0047231998	-0.0053181612	-0.0043436676	-0.0052905892	-0.0046277412	-0.0047064815	-0.0058300005	-0.0051344156	-0.0039399684	-0.0048742866	-0.0045042630	-0.0061837492	-0.0049241421	-0.0059199427	-0.0037148176	-0.0044191733	-0.0051980414	-0.0049857376	-0.0054748386	-0.0053238087	-0.0066137331
-0.0059775280	-0.0056656831	-0.0048917420	-0.0053435936	0.4994684110	-0.0048819581	-0.0048586852	-0.0050890248	-0.0041730098	-0.0050135233	-0.0047401076	-0.0051477702	-0.0050571181	-0.0051819274	-0.0041059341	-0.0049702679	-0.0057884683	-0.0056620427	-0.0066030992	-0.0059721411	-0.0038389515	-0.0045479278	-0.0035564816	-0.0057681882	-0.0053116112	-0.0056308958	-0.0042079385	-0.0068768287	-0.0037551178	-0.0032841087	-0.0027085046	-0.0050113500	0.0133629658	-0.0053033474	-0.0048127626	-0.0054320020	-0.0064856752	-0.0047767022	-0.0055755341	-0.0041421753	-0.0055366370	-0.0049529815	-0.0046468027	-0.0056242484	-0.0057595948	-0.0064104514	-0.0056254595	-0.0069050111	-0.0047346663	-0.0064572939	-0.0037746141	-0.0054864431	-0.0055308387	-0.0055106480	-0.0051251325	-0.0043279938	-0.0060220974	-0.0060356527	-0.0054189145	-0.0049917457	-0.0036780566	-0.0051224450	-0.0055068267	-0.0058394469	-0.0057670352	-0.0050600737	-0.0039584950	-0.0057037029	-0.0054179808	-0.0059685040	-0.0049357461	-0.0060049217	-0.0046158277	-0.0042352125	-0.0061991175	-0.0072980120	-0.0064223552	-0.0068046249	-0.0071150433	-0.0054213309	-0.0055713115	-0.0062021271	-0.0055230119	-0.0067372285	-0.0061010447	-0.0031458153	-0.0070559412	-0.0060204702	-0.0066744990	-0.0058736594	-0.0054176061	-0.0053527355	-0.0061455245	-0.0063448846	-0.0045080047	-0.0038806334	-0.0038392428	-0.0041621868	-0.0041737366
-0.0058211050	-0.0048749828	-0.0060262854	-0.0059472097	-0.0048819581	0.4936446612	-0.0056399968	-0.0049331541	-0.0024639000	-0.0055265643	-0.0059197972	-0.0050708351	-0.0052800762	-0.0057693729	-0.0048003209	-0.0056701825	-0.0065366483	-0.0052032189	-0.0049542943	-0.0032157629	-0.0057645561	-0.0054956430	-0.0052989582	-0.0060422293	-0.0071355088	-0.0045387263	-0.0053024524	-0.0059293873	-0.0064911508	-0.0040261642	-0.0056933477	-0.0066270694	-0.0035170991	-0.0033811944	-0.0040063245	-0.0069890373	-0.0045973313	-0.0059261298	-0.0055142228	-0.0048639210	-0.0057279409	-0.0045252738	-0.0062407810	-0.0055470715	-0.0059804993	-0.0050305268	-0.0052183636	-0.0028928573	-0.0070561972	-0.0060405845	-0.0051986803	-0.0063506780	-0.0056977596	-0.0049162326	-0.0037551104	0.0100203645	-0.0049074144	-0.0048029946	-0.0055039966	-0.0065744014	-0.0053405388	-0.0042778806	-0.0040189409	-0.0025807944	-0.0063699295	-0.0047267876	-0.0057864713	-0.0058153655	-0.0044270234	-0.0056191275	-0.0058889582	-0.0048862016	-0.0023953167	-0.0047850960	-0.0045128776	-0.0046462233	-0.0052870642	-0.0047152807	-0.0064140081	-0.0048691315	-0.0061011738	-0.0057490033	-0.0062493114	-0.0045305330	-0.0068395145	-0.0053686036	-0.0035940133	-0.0041683511	-0.0058003429	-0.0057332146	-0.0052470418	-0.0036436794	-0.0054748474	-0.0051946607	-0.0061559716	-0.0043050495	-0.0039207256	-0.0057404013	-0.0048420873
-0.0067852335	-0.0059918090	-0.0045887094	-0.0042114728	-0.0048586852	-0.0056399968	0.5160544088	-0.0050344905	-0.0050944620	-0.0061661738	-0.0060280321	-0.0039824001	-0.0052512245	-0.0048563788	-0.0052547012	-0.0056697487	-0.0048468165	-0.0054909013	-0.0052472401	-0.0059089568	-0.0052841331	-0.0071113436	-0.0041991773	-0.0032006911	-0.0053468405	-0.0054404380	-0.0065436657	-0.0062331414	-0.0042227584	-0.0051380157	-0.0054644555	-0.0046454717	-0.0054524190	-0.0062597279	-0.0046482838	-0.0065305104	-0.0066969582	-0.0048759084	-0.0060911355	-0.0071297343	-0.0049411092	-0.0058386833	-0.0060685283	-0.0031296078	-0.0049342234	-0.0051809368	-0.0061503914	-0.0052488935	-0.0057163600	-0.0028721896	-0.0049024683	-0.0051061849	-0.0049481382	-0.0055196935	-0.0066110274	-0.0039894217	-0.0064691442	-0.0050315585	-0.0048286408	-0.0044255990	-0.0053269148	-0.0063817852	-0.0056704263	-0.0055168941	-0.0054351050	-0.0039827541	-0.0062105949	-0.0022590088	-0.0051240981	-0.0037010895	-0.0045598574	-0.0059359262	-0.0056847103	-0.0064057770	-0.0046143635	-0.0057853987	-0.0053361273	-0.0050770989	-0.0055377370	-0.0041132773	-0.0043948735	-0.0064095836	-0.0043820926	-0.0070371319	-0.0059115563	-0.0058651691	-0.0018182961	-0.0047757796	-0.0064502089	-0.0047916097	-0.0060384121	-0.0053006243	-0.0068443765	-0.0063649738	-0.0051570696	-0.0038841786	-0.0052195722	-0.0051007607	-0.0043141535
-0.0046650161	-0.0045203200	-0.0069159776	-0.0052111665	-0.0050890248	-0.0049331541	-0.0050344905	0.5374065781	-0.0058787918	-0.0040732567	-0.0047107993	-0.0046920674	-0.0054221650	-0.0058792270	-0.0060476551	-0.0061706303	-0.0033784328	-0.0056582613	-0.0060050182	-0.0058276627	-0.0056588043	-0.0065592765	-0.0047285115	-0.0042727918	-0.0066518942	-0.0057512119	-0.0049804119	-0.0054843825	-0.0060824989	-0.0053066053	-0.0037953853	-0.0076236986	-0.0058039736	-0.0054420913	-0.0060230516	-0.0064637544	-0.0058083670	-0.0072869940	-0.0046865258	-0.0050539622	-0.0057499314	-0.0047140589	-0.0046045690	-0.0059912422	-0.0069232667	-0.0039410470	-0.0044835694	-0.0052252869	-0.0057866383	-0.0049482656	-0.0053941123	-0.0054776864	-0.0038644802	-0.0053144995	-0.0046437151	-0.0061244590	-0.0065180436	-0.0055808919	-0.0053427948	-0.0042164491	-0.0044918036	-0.0051763360	-0.0064811740	-0.0051494762	-0.0060296467	-0.0064441267	-0.0050052907	-0.0072072286	-0.0057133914	-0.0059591350	-0.0054330853	-0.0036737511	-0.0051477595	-0.0038709901	-0.0056597842	-0.0059051006	-0.0062387589	-0.0061916547	-0.0046694897	-0.0055182368	-0.0036379297	-0.0051839143	-0.0067213938	-0.0070344225	-0.0053796800	-0.0056180201	-0.0062223246	-0.0049972602	-0.0045308566	-0.0060728047	-0.0059778184	-0.0060646974	-0.0064160943	-0.0053118779	-0.0058976491	-0.0057681668	-0.0071739179	-0.0059106011	-0.0050986115
-0.0048423857	-0.0047615968	-0.0058709427	-0.0058910826	-0.0041730098	-0.0024639000	-0.0050944620	-0.0058787918	0.4936023940	-0.0044775908	-0.0067287390	-0.0045736718	-0.0060394084	-0.0050407424	-0.0055431277	-0.0047488366	-0.0059754841	-0.0058460848	-0.0029956974	-0.0040943033	-0.0057043188	-0.0057138697	-0.0054053828	-0.0064176443	-0.0050707213	-0.0037776845	-0.0057354013	-0.0053970576	-0.0053677168	-0.0052866834	-0.0050950610	-0.0026586119	-0.0041132206	-0.0073805085	-0.0051966755	-0.0050067395	-0.0055007734	-0.0046969269	-0.0040419526	-0.0051909110	-0.0042731477	-0.0054519545	-0.0051464735	-0.0052826694	-0.0053098740	-0.0051076912	-0.0046279203	-0.0044525492	-0.0060082211	-0.0049303140	-0.0050721914	-0.0052943621	-0.0049734839	-0.0050318709	-0.0041647444	-0.0041764187	-0.0036913258	-0.0054394582	-0.0058769744	-0.0052829201	-0.0046115563	-0.0057335906	-0.0034990406	-0.0024630540	-0.0051312734	-0.0042787655	-0.0060707274	-0.0065885509	-0.0054343487	-0.0062367902	-0.0053173382	-0.0050341058	-0.0059712870	-0.0060301459	-0.0047325700	-0.0036365426	-0.0055686879	-0.0063430980	-0.0050201703	-0.0053503846	-0.0052082711	-0.0045869104	-0.0047720505	-0.0071909329	-0.0054314983	-0.0071953519	-0.0051368357	-0.0045694001	-0.0047213178	-0.0067776733	-0.0039185350	-0.0053143677	-0.0028374961	-0.0040434369	-0.0050224910	-0.0038861995	-0.0018654029	-0.0049765838	-0.0057033270
-0.0033905973	-0.0033670541	-0.0037549171	-0.0047089007	-0.0050135233	-0.0055265643	-0.0061661738	-0.0040732567	-0.0044775908	0.4843023918	-0.0050950332	-0.0059803890	-0.0056699139	-0.0045214303	-0.0059553535	-0.0053075844	-0.0049201918	-0.0061453381	-0.0044488040	-0.0054372767	-0.0061542576	-0.0050208736	-0.0051573155	-0.0041989808	-0.0060493550	-0.0057424491	-0.0060399681	-0.0052084050	-0.0053982761	-0.0054499726	-0.0047656743	-0.0053319843	-0.0050331373	-0.0058832939	-0.0046901859	-0.0029139900	-0.0041692217	-0.0047002356	-0.0048992518	-0.0047483218	-0.0058012204	-0.0054030661	-0.0047542158	-0.0050835994	-0.0037168610	-0.0042360128	-0.0055298099	-0.0053368814	-0.0036051066	-0.0055375512	-0.0046548078	-0.0049269615	-0.0047385540	-0.0041451909	-0.0061949741	-0.0025097663	-0.0046320813	-0.0041412561	-0.0044911151	-0.0054245131	-0.0052292916	-0.0062061427	-0.0029676046	-0.0050245916	-0.0038716377	-0.0036918010	-0.0043188630	-0.0055293212	-0.0048307912	-0.0047961897	-0.0048823979	-0.0049122054	-0.0045245922	-0.0050099854	-0.0057049684	-0.0060780218	-0.0031161494	-0.0052114795	-0.0040513366	-0.0047503389	-0.0052216719	-0.0050749507	-0.0059092036	-0.0055158094	-0.0044303033	-0.0048151146	-0.0051668788	-0.0057436597	-0.0049789306	-0.0049754069	-0.0058185095	-0.0064416892	-0.0057748448	-0.0049651156	-0.0046465159	-0.0054546518	-0.0046890323	-0.0053227467	-0.0042710592
-0.0042750413	-0.0041269085	-0.0052171484	-0.0042012465	-0.0047401076	-0.0059197972	-0.0060280321	-0.0047107993	-0.0067287390	-0.0050950332	0.5024310159	-0.0060417075	-0.0041407614	-0.0050427523	-0.0039764735	-0.0045845057	-0.0045501962	-0.0045277019	-0.0042300263	-0.0059725798	-0.0049092199	-0.0068144833	-0.0050486121	-0.0049336255	-0.0049746947	-0.0053846077	-0.0034634355	-0.0058988813	-0.0062203388	-0.0071868994	-0.0045810089	-0.0052939160	-0.0049654145	-0.0053764037	-0.0056622419	-0.0041485347	-0.0054960589	-0.0062658280	-0.0044461169	-0.0052137939	-0.0057128382	-0.0060204452	-0.0037853119	-0.0023768299	-0.0046620166	-0.0054165981	-0.0056832628	-0.0066624320	-0.0058289172	-0.0055276078	-0.0049442032	-0.0050959585	-0.0061911048	-0.0055475470	-0.0043967318	-0.0050687281	-0.0052566761	-0.0061311934	-0.0055018325	-0.0056514152	-0.0057471853	-0.0046824430	-0.0039706640	-0.0048401762	-0.0063808334	-0.0046388366	-0.0060870888	-0.0044942194	-0.0048839919	-0.0071483346	-0.0044496808	-0.0062026569	-0.0030634182	-0.0050865291	-0.0050210606	-0.0070649833	-0.0050712023	-0.0041076650	-0.0034269255	-0.0047597720	-0.0043246749	-0.0047641541	-0.0051249604	-0.0049437176	-0.0055901877	-0.0049004395	-0.0049713169	-0.0056858703	-0.0060007831	-0.0065300007	-0.0044430181	-0.0043390006	-0.0050980717	-0.0051545445	-0.0051414340	-0.0048697198	-0.0048234759	-0.0043672627	-0.0043753927
-0.0050613380	-0.0057067733	-0.0051215707	-0.0051285917	-0.0051477702	-0.0050708351	-0.0039824001	-0.0046920674	-0.0045736718	-0.0059803890	-0.0060417075	0.4946410771	-0.0041364051	-0.0036978247	-0.0054193448	-0.0052692957	-0.0042555905	-0.0045599157	-0.0061709515	-0.0059550829	-0.0057444283	-0.0048337139	-0.0052658498	-0.0033119629	-0.0033748487	-0.0043217611	-0.0052257305	-0.0050025765	-0.0066732060	-0.0056020911	-0.0051491703	-0.0054503088	-0.0059254449	-0.0049407405	-0.0046803811	-0.0044626024	-0.0054074410	-0.0054640849	-0.0043896547	-0.0043791698	-0.0052550485	-0.0045477432	-0.0053604072	-0.0053607077	-0.0053562040	-0.0051979841	-0.0052167468	-0.0050479344	-0.0057992966	-0.0041810221	-0.0046246969	-0.0045046942	-0.0042817440	-0.0066054482	-0.0052099783	-0.0057997329	-0.0062216454	-0.0038054166	-0.0057302242	-0.0060914248	-0.0038900291	-0.0058187439	-0.0050573893	-0.0038061910	-0.0036901698	-0.0044673604	-0.0048594344	-0.0046374315	-0.0056729200	-0.0056198361	-0.0045454475	-0.0052512282	-0.0062572406	-0.0056249098	-0.0007104878	-0.0052964013	-0.0043708969	-0.0046684320	-0.0056619233	-0.0055335357	-0.0061265637	-0.0049621804	-0.0045599588	-0.0052345396	-0.0041186114	-0.0033314339	-0.0058909648	-0.0042175782	-0.0055227476	-0.0052920265	-0.0070363094	-0.0065628641	-0.0052902677	-0.0043126259	-0.0057867939	-0.0053203599	-0.0059893460	-0.0042843414	-0.0055867624
-0.0054996977	-0.0053780214	-0.0059928619	-0.0047529632	-0.0050571181	-0.0052800762	-0.0052512245	-0.0054221650	-0.0060394084	-0.0056699139	-0.0041407614	-0.0041364051	0.4837597109	-0.0051859630	-0.0069766169	-0.0043917134	-0.0056878478	-0.0043289120	-0.0038114296	-0.0041088591	-0.0056171848	-0.0054531204	-0.0042605859	-0.0047200181	-0.0068116909	-0.0048400970	-0.0052200928	-0.0063785950	-0.0040993225	-0.0042960141	-0.0064658153	-0.0042031950	-0.0048842540	-0.0057709194	-0.0054484584	-0.0057493461	-0.0047183550	-0.0052439891	-0.0038762859	-0.0045658452	-0.0044976009	-0.0042792163	-0.0056064242	-0.0018770324	-0.0058066007	-0.0048046937	-0.0057206345	-0.0036138523	-0.0039436825	-0.0061733544	-0.0041946169	-0.0050862842	-0.0032957243	-0.0046815868	-0.0052791589	-0.0037313681	-0.0040104639	-0.0042649741	-0.0057439897	-0.0052244360	-0.0039635961	-0.0043212949	-0.0055653941	-0.0064731699	-0.0040839323	-0.0054560123	-0.0047262611	-0.0051657069	-0.0041660040	-0.0058512837	-0.0048229122	-0.0059465458	-0.0046950437	-0.0063953478	-0.0039394403	-0.0056542954	-0.0045947618	-0.0029801528	-0.0068989497	-0.0057046860	-0.0055088066	-0.0062478127	-0.0045735081	-0.0046547583	-0.0047923055	-0.0057642019	-0.0049305427	-0.0044178867	-0.0052042866	-0.0036813401	-0.0048736265	-0.0030516684	-0.0054309363	-0.0052311079	-0.0019786751	-0.0041591004	-0.0059551894	-0.0054003621	-0.0049279671
-0.0060680703	-0.0043538374	-0.0084423959	-0.0064514126	-0.0051819274	-0.0057693729	-0.0048563788	-0.0058792270	-0.0050407424	-0.0045214303	-0.0050427523	-0.0036978247	-0.0051859630	0.5058473688	-0.0028374905	-0.0060404291	-0.0036372287	-0.0066711759	-0.0060196133	-0.0070529883	-0.0069807881	-0.0055027314	-0.0052334981	-0.0024583144	-0.0074519149	-0.0070802659	-0.0062208144	-0.0060931852	-0.0059969614	-0.0053793388	-0.0041457966	-0.0066477282	-0.0053412314	-0.0034455789	-0.0060445457	-0.0049688892	-0.0037338360	-0.0059147016	-0.0060436343	-0.0063954609	-0.0059197993	-0.0059542211	-0.0061234497	-0.0051558504	-0.0041628031	-0.0055553503	-0.0048430921	-0.0045015031	-0.0057290501	-0.0044862515	-0.0049466816	-0.0049865860	-0.0040530528	0.0128083684	-0.0045284424	-0.0045518224	-0.0048338776	-0.0068279059	-0.0044014551	-0.0025552544	-0.0051091712	-0.0060280118	-0.0039872193	-0.0043043157	-0.0052164765	-0.0051363381	-0.0068005402	-0.0059891723	-0.0040289093	-0.0057619324	-0.0045468670	-0.0048097740	-0.0051647374	-0.0051945406	-0.0050173816	-0.0050907125	-0.0040858589	-0.0065643313	-0.0034176578	-0.0052406217	-0.0049976626	-0.0057090048	-0.0052924787	-0.0068479804	-0.0051571810	-0.0049642663	-0.0065194663	-0.0069442891	-0.0065951762	-0.0053555379	-0.0069998136	-0.0059317009	-0.0056820481	-0.0055066357	-0.0054785122	-0.0053556895	-0.0042588423	-0.0057790652	-0.0058398919
-0.0053723882	-0.0054374310	-0.0050574357	-0.0049386332	-0.0041059341	-0.0048003209	-0.0052547012	-0.0060476551	-0.0055431277	-0.0059553535	-0.0039764735	-0.0054193448	-0.0069766169	-0.0028374905	0.5067024952	-0.0041277686	-0.0065233283	-0.0055440342	-0.0032375608	-0.0055200552	-0.0055475419	-0.0055195194	-0.0059412806	-0.0049651410	-0.0030240370	-0.0057669934	-0.0052250718	-0.0049315810	-0.0044965876	-0.0062168113	-0.0051758775	-0.0058616115	-0.0052070460	-0.0041030679	-0.0054220623	-0.0058856089	-0.0064515497	-0.0058799131	-0.0039837091	-0.0053569839	-0.0056751724	-0.0035458091	-0.0057143101	-0.0036115160	-0.0051027264	-0.0050629050	-0.0059893410	-0.0057590947	-0.0064618009	-0.0043928454	-0.0048759266	-0.0056876044	-0.0057416693	-0.0042900000	-0.0022559489	-0.0063377764	-0.0052944477	-0.0057178476	-0.0052026988	-0.0057907739	-0.0050416462	-0.0055806802	-0.0031783195	-0.0046643060	-0.0026106099	-0.0055384993	-0.0025005274	-0.0068321874	-0.0048236247	-0.0055144624	-0.0072621969	-0.0041250595	-0.0059756661	-0.0052479859	-0.0049842350	-0.0060610297	-0.0046091011	-0.0049615910	-0.0049650684	-0.0041776805	-0.0049971474	-0.0060865498	-0.0057172500	-0.0058150464	-0.0047758764	-0.0055868243	-0.0041431810	-0.0058462824	-0.0053356725	-0.0060233530	-0.0058138532	-0.0059993721	-0.0059199459	-0.0054879727	-0.0044125220	-0.0061388788	-0.0071154551	-0.0041816711	-0.0045033013
-0.0056376610	-0.0054241464	-0.0054560109	-0.0049750713	-0.0049702679	-0.0056701825	-0.0056697487	-0.0061706303	-0.0047488366	-0.0053075844	-0.0045845057	-0.0052692957	-0.0043917134	-0.0060404291	-0.0041277686	0.5115202965	-0.0054511886	-0.0045454629	-0.0071772300	-0.0055469707	-0.0043628257	-0.0057811563	-0.0050193174	-0.0064855463	-0.0055590083	-0.0043660961	-0.0054423031	-0.0063160720	-0.0049999189	-0.0064022530	-0.0044897082	-0.0070009654	-0.0062960559	-0.0054540260	-0.0056310099	-0.0062397819	-0.0052689533	-0.0044378170	-0.0051738642	-0.0032817761	-0.0058518359	-0.0060024914	-0.0053449924	-0.0045612791	-0.0033673447	-0.0051282847	-0.0047103588	-0.0043672988	-0.0062308336	-0.0055904704	-0.0057225958	-0.0062333219	-0.0060083770	-0.0056811001	-0.0043054368	-0.0043706214	-0.0048755958	-0.0043894182	-0.0042020828	-0.0046177383	-0.0042234622	-0.0049451057	-0.0057028142	-0.0044441874	-0.0049549604	-0.0049477146	-0.0064674420	-0.0048634385	-0.0046913594	-0.0046153028	-0.0037332658	-0.0049784625	-0.0045143194	-0.0054220236	-0.0062303841	-0.0051943174	-0.0040679021	-0.0057540588	-0.0054982602	-0.0050771680	-0.0062001455	-0.0058672071	-0.0043419760	-0.0053273613	-0.0051976673	-0.0068657592	-0.0048747017	-0.0051036599	-0.0050349624	-0.0040911183	-0.0063403333	-0.0055553071	-0.0045669927	-0.0048198091	-0.0037689842	-0.0062785407	-0.0052408492	-0.0060206814	-0.0049636539
-0.0060546505	-0.0052129491	-0.0035896805	-0.0059959431	-0.0057884683	-0.0065366483	-0.0048468165	-0.0033784328	-0.0059754841	-0.0049201918	-0.0045501962	-0.0042555905	-0.0056878478	-0.0036372287	-0.0065233283	-0.0054511886	0.4933350901	-0.0065727540	-0.0037695021	-0.0060011758	-0.0051756531	-0.0062326795	-0.0036621663	-0.0041550344	-0.0063824048	-0.0036760262	-0.0045825534	-0.0053182121	-0.0063079334	-0.0052960100	-0.0049719592	-0.0014739876	-0.0069096288	-0.0059867741	-0.0048244314	-0.0055914489	-0.0061975254	-0.0060173779	-0.0051125530	-0.0057064707	-0.0042063923	-0.0056880093	-0.0035746977	-0.0049724107	-0.0036208181	-0.0054459921	-0.0049286359	-0.0051492662	-0.0049597841	-0.0031318704	-0.0062954639	-0.0051127002	-0.0049083995	-0.0062436512	-0.0062883404	-0.0052393372	-0.0049678660	-0.0047262672	-0.0052092790	-0.0043089632	-0.0034875811	-0.0052682768	-0.0042281370	-0.0046237947	-0.0039525512	-0.0050328678	-0.0049692161	-0.0062844345	-0.0047769810	-0.0060202046	-0.0044569089	-0.0053134370	-0.0056283302	-0.0051458220	0.0028625001	-0.0064256141	-0.0053650378	-0.0052711109	-0.0047937019	-0.0055623603	-0.0059010394	-0.0055698110	-0.0062393302	-0.0045904038	-0.0069749931	-0.0066078865	-0.0043991890	-0.0066974467	-0.0052155435	-0.0053561832	-0.0060453431	-0.0019216422	-0.0052674342	-0.0053437311	-0.0002834575	-0.0061491167	-0.0065697073	-0.0043921765	-0.0047597355
-0.0066284595	-0.0065524867	-0.0062371093	-0.0055081477	-0.0056620427	-0.0052032189	-0.0054909013	-0.0056582613	-0.0058460848	-0.0061453381	-0.0045277019	-0.0045599157	-0.0043289120	-0.0066711759	-0.0055440342	-0.0045454629	-0.0065727540	0.5463003562	-0.0056069830	-0.0054798289	-0.0066686739	-0.0066246243	-0.0054368360	-0.0073595188	-0.0057639907	-0.0048798433	-0.0052124909	-0.0052416946	-0.0046920349	-0.0057337623	-0.0058599093	-0.0050512273	-0.0055126935	-0.0056037066	-0.0053662689	-0.0052024898	-0.0047034162	-0.0047545150	-0.0060292658	-0.0063913219	-0.0061002194	-0.0054264292	-0.0048782909	-0.0057286095	-0.0047005348	-0.0059513615	-0.0048278978	-0.0051529743	-0.0062206578	-0.0050975381	-0.0053417983	-0.0065784985	-0.0050888394	-0.0052017755	-0.0056118760	-0.0053226368	-0.0054075641	-0.0047377271	-0.0060785562	-0.0063434094	-0.0058187588	-0.0063062678	-0.0049989771	-0.0034862303	-0.0056844288	-0.0070209805	-0.0059596015	-0.0065375530	-0.0063829663	-0.0047713531	-0.0052010537	-0.0057804775	-0.0052560217	-0.0054293028	-0.0046770750	-0.0058384517	-0.0062985560	-0.0042649333	-0.0064618703	-0.0062249385	-0.0048033727	-0.0046335612	-0.0054761775	-0.0065188965	-0.0058335012	-0.0054827289	-0.0064743104	-0.0065348341	-0.0057915134	-0.0056741565	-0.0053881582	-0.0055599627	-0.0046556264	-0.0051229268	-0.0050989195	-0.0060115431	-0.0051777816	-0.0055778495	-0.0054304406
-0.0037345195	-0.0030435712	-0.0059506146	-0.0050621800	-0.0066030992	-0.0049542943	-0.0052472401	-0.0060050182	-0.0029956974	-0.0044488040	-0.0042300263	-0.0061709515	-0.0038114296	-0.0060196133	-0.0032375608	-0.0071772300	-0.0037695021	-0.0056069830	0.4996955521	-0.0047285206	-0.0042268472	-0.0044518100	-0.0041091069	-0.0046056859	-0.0050777397	-0.0046874685	-0.0045821936	-0.0050343325	-0.0050833416	-0.0072302985	-0.0052775406	-0.0059821071	-0.0043824585	-0.0055086302	-0.0061482582	-0.0047474075	-0.0067312427	-0.0047408399	-0.0050889280	-0.0056949889	-0.0054623956	-0.0074309496	-0.0047034996	-0.0038018949	-0.0053024744	-0.0054186326	-0.0044208141	-0.0036543759	-0.0055502540	-0.0026884486	-0.0059221757	-0.0054981243	-0.0052659620	-0.0063590966	-0.0060309706	-0.0059051382	-0.0054849336	-0.0037357433	-0.0041119190	-0.0049753457	-0.0052354822	-0.0062259104	-0.0065892786	-0.0030543540	-0.0031018635	-0.0061834061	-0.0054507922	-0.0056025212	-0.0049364768	-0.0049614651	-0.0052718508	-0.0065163593	-0.0045703049	-0.0060015639	-0.0043513460	-0.0063827525	-0.0045425524	-0.0044464114	-0.0049894210	-0.0043194583	-0.0063050076	-0.0056587555	-0.0059649583	-0.0060547844	-0.0038508103	-0.0047075537	-0.0031759560	-0.0054364631	-0.0045657850	-0.0051206101	-0.0062935999	-0.0051453991	-0.0056382874	-0.0055421790	-0.0036945368	-0.0052533988	-0.0052377338	-0.0057932823	-0.0056116504
-0.0070923169	-0.0056234568	-0.0054038556	-0.0040905815	-0.0059721411	-0.0032157629	-0.0059089568	-0.0058276627	-0.0040943033	-0.0054372767	-0.0059725798	-0.0059550829	-0.0041088591	-0.0070529883	-0.0055200552	-0.0055469707	-0.0060011758	-0.0054798289	-0.0047285206	0.4985750312	-0.0028376469	-0.0054715824	-0.0056192197	-0.0057330594	-0.0056977409	-0.0067150906	-0.0064147777	-0.0006951442	-0.0047151799	-0.0066344591	-0.0053456634	-0.0053024416	-0.0048428342	-0.0046701082	-0.0041943608	-0.0057567152	-0.0068476338	-0.0029231154	-0.0031537471	-0.0059899362	-0.0061491191	-0.0052747603	-0.0052220788	-0.0059168637	-0.0055002879	-0.0061935472	-0.0026147519	-0.0047156825	-0.0046244540	-0.0041297020	-0.0051745707	-0.0051069973	-0.0050108012	-0.0059931852	-0.0047615958	-0.0043425789	-0.0048844078	-0.0068341455	-0.0044575330	-0.0036372113	-0.0034478457	-0.0062097748	-0.0054082405	-0.0055986171	-0.0036151861	-0.0055106402	-0.0063745148	-0.0033470611	-0.0048922920	-0.0055137356	-0.0051124470	-0.0047892175	-0.0061637985	-0.0059917599	-0.0049500084	-0.0047275444	-0.0060740960	-0.0069068165	-0.0031642605	-0.0062559311	-0.0056029410	-0.0041440912	-0.0050922166	-0.0051630608	-0.0038515551	-0.0032189918	-0.0039758282	-0.0056825872	-0.0043891335	-0.0054905876	-0.0073715702	-0.0059099485	-0.0038236879	0.0002631663	-0.0056160511	-0.0044902953	-0.0058411366	-0.0057355717	-0.0062480486
-0.0049205937	-0.0063990154	-0.0063331221	-0.0045925053	-0.0038389515	-0.0057645561	-0.0052841331	-0.0056588043	-0.0057043188	-0.0061542576	-0.0049092199	-0.0057444283	-0.0056171848	-0.0069807881	-0.0055475419	-0.0043628257	-0.0051756531	-0.0066686739	-0.0042268472	-0.0028376469	0.4980815600	-0.0048358209	-0.0065245160	-0.0054215861	-0.0065475759	-0.0061927771	-0.0060601907	0.0050771734	-0.0042484681	-0.0046011544	-0.0049646149	-0.0038265515	-0.0050090785	-0.0057611732	-0.0041512096	-0.0025507255	-0.0059423175	-0.0037836987	-0.0010567705	-0.0063327063	-0.0044516742	-0.0056682945	-0.0063516308	-0.0052289912	-0.0037556605	-0.0029304715	-0.0047617841	-0.0047399026	-0.0055106164	-0.0054969584	-0.0042999778	-0.0042999865	-0.0045414208	-0.0040897238	-0.0058626314	-0.0056522577	-0.0052851067	-0.0058232180	-0.0047587416	-0.0058256241	-0.0057155489	-0.0032242457	-0.0068279128	-0.0052039612	-0.0038150344	-0.0049117544	-0.0050661166	-0.0065177312	-0.0062969901	-0.0048505795	-0.0039951026	-0.0056036678	-0.0043661600	-0.0054716862	-0.0052595194	-0.0062761880	-0.0052730496	-0.0061178927	-0.0036380575	-0.0054261510	-0.0056906401	-0.0073721876	-0.0050629464	-0.0071876676	-0.0037642762	-0.0056193229	-0.0062664079	-0.0052053180	-0.0065590397	-0.0065639778	-0.0052243133	-0.0056810976	-0.0051677411	-0.0061251657	-0.0048524456	-0.0044191729	-0.0037507255	-0.0061626257	-0.0047596360
-0.0062057166	-0.0013897708	-0.0053461112	-0.0067505669	-0.0045479278	-0.0054956430	-0.0071113436	-0.0065592765	-0.0057138697	-0.0050208736	-0.0068144833	-0.0048337139	-0.0054531204	-0.0055027314	-0.0055195194	-0.0057811563	-0.0062326795	-0.0066246243	-0.0044518100	-0.0054715824	-0.0048358209	0.4966981980	-0.0060793955	-0.0063642862	-0.0044858466	-0.0051152569	-0.0050049233	-0.0048998298	-0.0055647198	-0.0052551996	-0.0052615399	-0.0048800486	-0.0050405383	-0.0057242362	-0.0045196436	-0.0063011391	-0.0042925283	-0.0046240110	-0.0061743584	-0.0050725573	-0.0037771863	-0.0051142017	-0.0068431150	-0.0043794186	-0.0052781357	-0.0042304002	-0.0053058709	-0.0038360471	-0.0041188178	-0.0049872046	-0.0039935626	-0.0044499413	-0.0042269173	-0.0037598093	-0.0060045199	-0.0049524217	-0.0049397341	-0.0049014518	-0.0043683152	-0.0035127333	-0.0058137449	-0.0028755429	-0.0047497142	-0.0039634324	-0.0051378517	-0.0040657987	-0.0021947431	-0.0060388997	-0.0038203365	-0.0042904208	-0.0059334938	-0.0057948337	-0.0055210418	-0.0058954110	-0.0053510548	-0.0052947217	-0.0053063566	-0.0050188208	-0.0015727662	-0.0047854886	-0.0044356221	-0.0052821271	-0.0054883873	-0.0046168573	-0.0050822240	-0.0046882048	-0.0066278152	-0.0052991990	-0.0065571940	-0.0048404963	-0.0054253663	-0.0054840171	-0.0050507866	-0.0047218701	-0.0042771841	-0.0047993792	-0.0055487753	-0.0056607067	-0.0060853069
-0.0062305164	-0.0040244053	0.0015615788	-0.0039924773	-0.0035564816	-0.0052989582	-0.0041991773	-0.0047285115	-0.0054053828	-0.0051573155	-0.0050486121	-0.0052658498	-0.0042605859	-0.0052334981	-0.0059412806	-0.0050193174	-0.0036621663	-0.0054368360	-0.0041091069	-0.0056192197	-0.0065245160	-0.0060793955	0.5012289631	-0.0057271970	-0.0045232424	-0.0055320878	-0.0054927799	-0.0066578768	-0.0052922934	-0.0055964761	-0.0055527164	-0.0060950630	-0.0050064701	-0.0065629082	-0.0059754457	-0.0048702808	-0.0050462547	-0.0046601654	-0.0069523052	-0.0058067839	-0.0066577096	-0.0060296396	-0.0058793389	-0.0057787241	-0.0064938685	-0.0051559127	-0.0053058731	-0.0058991931	-0.0055605259	-0.0053370730	-0.0045004430	-0.0053367524	-0.0052892401	-0.0052054283	-0.0051668495	-0.0050328018	-0.0053703568	-0.0053724377	-0.0055150637	-0.0049846340	-0.0053296923	-0.0046710184	-0.0052728708	-0.0062308596	-0.0065590371	-0.0031535508	-0.0054367118	-0.0056872387	-0.0064718823	-0.0043628624	-0.0042628458	-0.0060801418	-0.0058902012	-0.0059957583	-0.0032929529	-0.0071052015	-0.0043668545	-0.0050102871	-0.0040777520	-0.0063420876	-0.0051093058	-0.0058577886	-0.0044703545	-0.0075942129	0.0013458338	-0.0043329247	-0.0005578423	-0.0026619218	-0.0048664994	-0.0048426995	-0.0052507689	-0.0061913040	-0.0052380669	-0.0045218690	-0.0027173505	-0.0068051513	-0.0063331674	-0.0058831187	-0.0052864001
-0.0040038839	-0.0038693005	-0.0060513030	-0.0051037985	-0.0057681882	-0.0060422293	-0.0032006911	-0.0042727918	-0.0064176443	-0.0041989808	-0.0049336255	-0.0033119629	-0.0047200181	-0.0024583144	-0.0049651410	-0.0064855463	-0.0041550344	-0.0073595188	-0.0046056859	-0.0057330594	-0.0054215861	-0.0063642862	-0.0057271970	0.4889535616	-0.0022691752	-0.0064713310	-0.0066956172	-0.0059515944	-0.0049140354	-0.0054644830	-0.0056373404	-0.0043245977	-0.0059896230	-0.0049809556	-0.0027952315	-0.0053780508	-0.0062652712	-0.0063276960	-0.0059115727	-0.0057044025	-0.0061199691	-0.0059503825	-0.0051628092	-0.0030635312	-0.0061806313	-0.0043594963	-0.0061104495	-0.0045599162	-0.0032769269	-0.0043000462	-0.0056212447	-0.0051177895	-0.0052970648	-0.0045874044	-0.0059237431	-0.0051583167	-0.0056396698	-0.0056246709	-0.0060469122	-0.0040066617	-0.0026639694	-0.0064634012	-0.0051760646	-0.0067447026	-0.0033255622	-0.0042345549	-0.0000995900	-0.0057939838	-0.0057978942	-0.0045019386	-0.0062407203	-0.0050147290	-0.0063987639	-0.0056221021	-0.0034050430	-0.0056772603	-0.0049926203	-0.0071025371	-0.0020570242	-0.0044633351	-0.0047509998	-0.0010775819	-0.0031079940	-0.0036065563	-0.0066579524	-0.0044038971	-0.0032687308	-0.0050507075	-0.0057182158	-0.0057771344	-0.0038437327	-0.0037216841	-0.0070326565	-0.0066288948	-0.0057539665	-0.0047874476	-0.0049776538	-0.0054958800	-0.0051576777
-0.0033081917	-0.0061809700	-0.0050653600	-0.0048247475	-0.0053116112	-0.0071355088	-0.0053468405	-0.0066518942	-0.0050707213	-0.0060493550	-0.0049746947	-0.0033748487	-0.0068116909	-0.0074519149	-0.0030240370	-0.0055590083	-0.0063824048	-0.0057639907	-0.0050777397	-0.0056977409	-0.0065475759	-0.0044858466	-0.0045232424	-0.0022691752	0.4951896651	-0.0059999777	-0.0045846672	-0.0056737651	-0.0053583464	-0.0053565137	-0.0060920464	-0.0044322660	-0.0063802519	-0.0066360441	-0.0042053529	-0.0058081742	-0.0051173303	-0.0049130516	-0.0044493201	-0.0044380565	-0.0057193586	-0.0058394825	-0.0044118813	-0.0050018276	-0.0060482756	-0.0055697505	-0.0048908899	-0.0038758810	-0.0050780293	-0.0059150942	-0.0053646008	-0.0050333578	-0.0049516994	-0.0040070803	-0.0060075674	-0.0049463159	-0.0065460225	-0.0043416663	-0.0037104135	-0.0059458908	-0.0038086197	-0.0058180645	-0.0048590559	-0.0066601081	-0.0058932221	-0.0054913140	-0.0053091270	-0.0051100929	-0.0055516479	-0.0056987590	-0.0055510337	-0.0059168064	-0.0048986531	-0.0060305495	-0.0036941147	-0.0058514924	-0.0059638250	-0.0052088838	-0.0054258273	-0.0051786607	-0.0056299060	-0.0041731264	-0.0052344889	-0.0029864813	-0.0024666686	-0.0050847172	0.0013563563	0.0090249414	-0.0059440547	-0.0051594979	-0.0069810582	-0.0047047376	-0.0054822927	-0.0059913295	-0.0060779308	-0.0060211384	-0.0052859285	-0.0054190862	-0.0054693018
-0.0062996462	-0.0065377174	-0.0073219863	-0.0047290538	-0.0056308958	-0.0045387263	-0.0054404380	-0.0057512119	-0.0037776845	-0.0057424491	-0.0053846077	-0.0043217611	-0.0048400970	-0.0070802659	-0.0057669934	-0.0043660961	-0.0036760262	-0.0048798433	-0.0046874685	-0.0067150906	-0.0061927771	-0.0051152569	-0.0055320878	-0.0064713310	-0.0059999777	0.5188418517	-0.0043034091	-0.0051230474	-0.0050110469	-0.0050993371	-0.0041725993	-0.0059013652	-0.0052442912	-0.0057084753	-0.0055663706	-0.0050340739	-0.0063382022	-0.0043709621	-0.0039686210	-0.0045651316	-0.0050894722	-0.0048011187	-0.0035551300	-0.0060429378	-0.0059679222	-0.0066029231	-0.0055964620	-0.0054848147	-0.0048809318	-0.0050856005	-0.0049995329	-0.0063735908	-0.0051890156	-0.0061695087	-0.0047124887	-0.0044805311	-0.0042358449	-0.0017488664	-0.0052574432	-0.0042956929	-0.0050071418	-0.0053323478	-0.0045471467	-0.0058379585	-0.0061966139	-0.0045326022	-0.0061820779	-0.0049252731	-0.0053153007	-0.0055426049	-0.0040950308	-0.0050459861	-0.0053663769	-0.0052920029	-0.0069364490	-0.0074398226	-0.0064889716	-0.0050542640	-0.0058165850	-0.0043878528	-0.0059142956	-0.0060533936	-0.0053651219	-0.0058942175	-0.0065277475	-0.0041608719	-0.0045466123	-0.0043650474	-0.0065526486	-0.0040215588	-0.0070710831	-0.0048776472	-0.0050350245	-0.0039588144	-0.0057321259	-0.0047507633	-0.0057809260	-0.0049925256	-0.0061227668
-0.0056550945	-0.0054879953	-0.0047172335	-0.0052844061	-0.0042079385	-0.0053024524	-0.0065436657	-0.0049804119	-0.0057354013	-0.0060399681	-0.0034634355	-0.0052257305	-0.0052200928	-0.0062208144	-0.0052250718	-0.0054423031	-0.0045825534	-0.0052124909	-0.0045821936	-0.0064147777	-0.0060601907	-0.0050049233	-0.0054927799	-0.0066956172	-0.0045846672	-0.0043034091	0.5239910071	-0.0054131495	-0.0055648383	-0.0062938965	-0.0046128004	-0.0058671542	-0.0057900068	-0.0054108923	-0.0057948160	-0.0064307505	-0.0061475041	-0.0055950422	-0.0047049462	-0.0057344620	-0.0031468630	-0.0043354118	-0.0060165653	-0.0060125601	-0.0050265844	-0.0053152832	-0.0059189747	-0.0034465208	-0.0034873373	-0.0043228601	-0.0068814974	-0.0051635987	-0.0056210861	-0.0040231928	-0.0050767401	-0.0061001426	-0.0052846455	-0.0046021672	-0.0051981178	-0.0043360359	-0.0036812279	-0.0049335630	-0.0049533820	-0.0067232194	-0.0056727690	-0.0045786751	-0.0062220895	-0.0062025333	-0.0058812930	-0.0057066198	-0.0040020245	-0.0047904862	-0.0045841120	-0.0043962648	-0.0059284768	-0.0066504191	-0.0039614038	-0.0062797339	-0.0049034093	-0.0055681320	-0.0069360401	-0.0060915909	-0.0039639733	-0.0065577601	-0.0059035274	-0.0050803599	-0.0060652574	-0.0056306871	-0.0045475797	-0.0061880557	-0.0061236068	-0.0054329649	-0.0049143177	-0.0052644685	-0.0061251419	-0.0054431041	-0.0061740915	-0.0049808217	-0.0065857618
-0.0077868179	-0.0074146686	-0.0068147448	-0.0047463705	-0.0068768287	-0.0059293873	-0.0062331414	-0.0054843825	-0.0053970576	-0.0052084050	-0.0058988813	-0.0050025765	-0.0063785950	-0.0060931852	-0.0049315810	-0.0063160720	-0.0053182121	-0.0052416946	-0.0050343325	-0.0006951442	0.0050771734	-0.0048998298	-0.0066578768	-0.0059515944	-0.0056737651	-0.0051230474	-0.0054131495	0.4999789492	-0.0035293829	-0.0056017742	-0.0040685212	-0.0048125414	-0.0062384319	-0.0047977460	-0.0054274519	0.0037819783	-0.0045739615	-0.0027665732	-0.0017961391	-0.0055126746	-0.0055443647	-0.0057509659	-0.0031278442	-0.0053637467	-0.0039022643	-0.0057603672	-0.0047597082	-0.0055135510	-0.0067631276	-0.0049593036	-0.0052497660	-0.0051054495	-0.0044660397	-0.0035984965	-0.0053156279	-0.0058517743	-0.0050908251	-0.0060764404	-0.0048338248	-0.0051723365	-0.0043576814	-0.0052190913	-0.0054331984	-0.0067360938	-0.0056211537	-0.0038672173	-0.0056584790	-0.0041298127	-0.0040697621	-0.0049466516	-0.0044874271	-0.0050886956	-0.0052103551	-0.0058670358	-0.0050909856	-0.0060499579	-0.0065557922	-0.0070368125	-0.0065065163	-0.0049015042	-0.0054730872	-0.0060353997	-0.0053531085	-0.0065557785	-0.0062794011	-0.0049707007	-0.0054042551	-0.0050019574	-0.0042453405	-0.0064334329	-0.0059589122	-0.0047062507	-0.0057291344	-0.0036529546	-0.0066836178	-0.0044016288	-0.0062085830	-0.0059731009	-0.0050848695
