1.0000000000	0.9145906482	0.9130049582	0.9132227776	0.9126419566	0.9130082830	0.9125057791	0.9127229982	0.9129979392	0.9137124902	0.9130908022	0.9130071285	0.9129772517	0.9125940705	0.9129781752	0.9129434035	0.9129911511	0.9121171952	0.9134032855	0.9126301814	0.9129979854	0.9125509407	0.9123995708	0.9132502994	0.9136033727	0.9126879495	0.9128169233	0.9122428905	0.9130103609	0.9128192783	0.9131537883	0.9133664358	0.9125499710	0.9129217463	0.9123955072	0.9133575236	0.9126686473	0.9128206637	0.9128813871	0.9133056662	0.9127343117	0.9125266975	0.9133461639	0.9129588268	0.9128520182	0.9127900941	0.9128797709	0.9134698735	0.9127751788	0.9141583342	0.9131394733	0.9130635113	0.9129353225	0.9130729777	0.9131198017	0.9127824749	0.9132797606	0.9126385857	0.9129059536	0.9136010177	0.9131133368	0.9129566103	0.9133438089	0.9128831880	0.9130091142	0.9130583856	0.9131555893	0.9129886113	0.9127481650	0.9133759022	0.9130716385	0.9127019874	0.9128826339	0.9130392681	0.9132612434	0.9132376467	0.9135203917	0.9130536293	0.9130191809	0.9128802327	0.9130660510	0.9135619053	0.9129895811	0.9129550864	0.9132214384	0.9132532086	0.9142636652	0.9134757842	0.9129101557	0.9131608073	0.9131912845	0.9129472824	0.9128573748	0.9129458971	0.9135403866	0.9126340603	0.9128832804	0.9131590988	0.9133717463
0.9145906482	1.0000000000	0.9127634035	0.9133713307	0.9126582573	0.9135054764	0.9128282368	0.9128353481	0.9130755636	0.9139162716	0.9132079546	0.9130832753	0.9130908945	0.9131852814	0.9129661229	0.9130075441	0.9130669284	0.9122516180	0.9136051275	0.9130365898	0.9128046401	0.9134095195	0.9130267078	0.9136051737	0.9128497093	0.9124861998	0.9129054456	0.9123915359	0.9127956816	0.9128058407	0.9136808124	0.9128877134	0.9125586986	0.9128057945	0.9130721465	0.9131286216	0.9128812948	0.9122207714	0.9127889859	0.9129642758	0.9134458612	0.9123591193	0.9125782778	0.9133651429	0.9127828905	0.9132378776	0.9128811100	0.9138501454	0.9132937062	0.9136193963	0.9132276262	0.9130248607	0.9129888422	0.9134763384	0.9130769028	0.9127647889	0.9130085600	0.9127530598	0.9129219772	0.9130444400	0.9135306431	0.9127427622	0.9139922799	0.9128351172	0.9132501147	0.9133959895	0.9139234753	0.9128748761	0.9129561947	0.9135206688	0.9129752660	0.9125661793	0.9133216436	0.9134437370	0.9135167437	0.9128734446	0.9137214025	0.9128714589	0.9133799659	0.9134513101	0.9132826698	0.9133659741	0.9130515051	0.9130735318	0.9130639269	0.9133009099	0.9134603148	0.9129623363	0.9127645580	0.9130964820	0.9129734651	0.9126781136	0.9126614436	0.9129429879	0.9127155174	0.9127942501	0.9128107355	0.9130219053	0.9135478212
0.9130049582	0.9127634035	1.0000000000	0.9129041526	0.9126039064	0.9127472876	0.9125537114	0.9122332394	0.9126724800	0.9134891757	0.9127862152	0.9129881957	0.9127535677	0.9120009664	0.9127994682	0.9126741886	0.9131753071	0.9120027673	0.9127357432	0.9128162768	0.9126623671	0.9124589551	0.9139837370	0.9128081957	0.9130020490	0.9122234035	0.9129620131	0.9123967540	0.9127381906	0.9127165795	0.9129871798	0.9129094630	0.9127043887	0.9133231213	0.9127391603	0.9128771850	0.9130434241	0.9123560254	0.9132228237	0.9128467540	0.9125427673	0.9126392783	0.9132096631	0.9128045015	0.9132557021	0.9129443271	0.9130118386	0.9134473389	0.9126155893	0.9132882573	0.9123523312	0.9127793348	0.9128563589	0.9125597606	0.9129639987	0.9127715770	0.9134979033	0.9129952609	0.9126368309	0.9129443733	0.9132374620	0.9125034241	0.9131583599	0.9127049428	0.9130753327	0.9134592989	0.9132181136	0.9125892681	0.9127998838	0.9132599043	0.9125285908	0.9125563435	0.9130386216	0.9127127930	0.9131531880	0.9127495503	0.9133691141	0.9127217052	0.9131261280	0.9128795862	0.9125919926	0.9130678058	0.9133599248	0.9121781957	0.9138324594	0.9128541424	0.9133484266	0.9127036036	0.9130009407	0.9129510690	0.9127197196	0.9136079905	0.9127547683	0.9129642758	0.9124170721	0.9126150351	0.9127989602	0.9131360100	0.9130197812
0.9132227776	0.9133713307	0.9129041526	1.0000000000	0.9127766565	0.9132475287	0.9132080008	0.9127854764	0.9131117668	0.9135833317	0.9133032650	0.9131288987	0.9130693758	0.9128196478	0.9131873132	0.9131752609	0.9127142245	0.9124209972	0.9131469541	0.9134098889	0.9132100787	0.9125342707	0.9130811973	0.9130672978	0.9132369541	0.9132303969	0.9130082368	0.9130038499	0.9131855123	0.9129027211	0.9131638089	0.9133175338	0.9129898119	0.9130947735	0.9130667899	0.9137965333	0.9130510433	0.9128534035	0.9127675595	0.9132930598	0.9131425672	0.9132427724	0.9140218797	0.9130666513	0.9133107919	0.9132091552	0.9136595708	0.9134638242	0.9130696529	0.9129769746	0.9132732496	0.9133133779	0.9130246760	0.9131026698	0.9129790988	0.9132648915	0.9129967386	0.9134377801	0.9131156457	0.9132813307	0.9139642501	0.9130655431	0.9139195041	0.9131633471	0.9133203045	0.9135424646	0.9130869233	0.9127816898	0.9129350454	0.9129917514	0.9132755123	0.9131627930	0.9133882316	0.9128706739	0.9129400787	0.9132579187	0.9134135831	0.9131455687	0.9132139115	0.9133197965	0.9135482829	0.9134416129	0.9134851121	0.9135120336	0.9130243989	0.9134278058	0.9138004584	0.9131493553	0.9133124081	0.9129926750	0.9129989551	0.9128449069	0.9133605713	0.9133162871	0.9129905508	0.9132635061	0.9129317206	0.9129776673	0.9130074518
0.9126419566	0.9126582573	0.9126039064	0.9127766565	1.0000000000	0.9129895811	0.9128944554	0.9126245015	0.9130483189	0.9131256200	0.9129799300	0.9129227622	0.9128660100	0.9126585806	0.9127794733	0.9126545631	0.9125979495	0.9122898530	0.9125289141	0.9126670772	0.9130374672	0.9127043887	0.9128517873	0.9129589654	0.9128283753	0.9126203917	0.9129268720	0.9124457483	0.9130771798	0.9131539269	0.9136369438	0.9127782727	0.9160389140	0.9128682265	0.9126793604	0.9127866308	0.9123680777	0.9126045990	0.9127123312	0.9131602532	0.9129319977	0.9126551172	0.9128136909	0.9126637986	0.9129168053	0.9126639833	0.9128098119	0.9125509869	0.9128404276	0.9124513820	0.9131504174	0.9126338294	0.9125899607	0.9128205251	0.9126842091	0.9129421106	0.9127857073	0.9127042963	0.9128696118	0.9129386011	0.9135778366	0.9126405251	0.9131645015	0.9127359279	0.9129357381	0.9130714538	0.9132642450	0.9124607560	0.9125726442	0.9126395092	0.9128099505	0.9124472260	0.9129803917	0.9130642501	0.9126866565	0.9124145323	0.9127439166	0.9124685139	0.9125295605	0.9127286319	0.9129638602	0.9132208843	0.9129595195	0.9128669335	0.9128124441	0.9133889243	0.9126546093	0.9125469233	0.9123678930	0.9126087550	0.9127803507	0.9127561537	0.9123776365	0.9126545631	0.9129475133	0.9131667180	0.9128321619	0.9129907817	0.9132248556
0.9130082830	0.9135054764	0.9127472876	0.9132475287	0.9129895811	1.0000000000	0.9129989551	0.9129932291	0.9135903968	0.9133970977	0.9128745990	0.9133153173	0.9131623312	0.9128991193	0.9132611511	0.9130382522	0.9128587139	0.9127284010	0.9134638704	0.9137396426	0.9131788166	0.9130511357	0.9129880572	0.9132679392	0.9129975236	0.9132455893	0.9130495657	0.9129580880	0.9127248915	0.9134408278	0.9132241629	0.9128695657	0.9133883702	0.9135994476	0.9130236139	0.9128651788	0.9131691193	0.9126205303	0.9130851224	0.9132659536	0.9132303507	0.9132121567	0.9130569079	0.9128593604	0.9130490115	0.9134543117	0.9132877955	0.9140469079	0.9125978571	0.9129818232	0.9132428186	0.9129452045	0.9130486421	0.9133988063	0.9135305046	0.9160591397	0.9134419361	0.9134220336	0.9130769951	0.9129900890	0.9137112434	0.9132502070	0.9137473081	0.9137239884	0.9131138448	0.9136252609	0.9132840551	0.9128718745	0.9132600890	0.9129073851	0.9130539987	0.9131433522	0.9138313974	0.9131182316	0.9135187293	0.9135180367	0.9134736601	0.9134412434	0.9131489397	0.9134159843	0.9130577391	0.9134382419	0.9130219977	0.9133929417	0.9127512588	0.9131416437	0.9141227314	0.9132828545	0.9129683394	0.9132226852	0.9132598119	0.9133976980	0.9130035728	0.9134009305	0.9127559228	0.9134495554	0.9133665744	0.9130213974	0.9135461126
0.9125057791	0.9128282368	0.9125537114	0.9132080008	0.9128944554	0.9129989551	1.0000000000	0.9126279649	0.9128495246	0.9129076159	0.9126594117	0.9131672722	0.9130201044	0.9130016334	0.9128802789	0.9127981290	0.9128827263	0.9122708740	0.9128827724	0.9128361331	0.9127844605	0.9122119977	0.9129176826	0.9133746093	0.9128152147	0.9127709766	0.9124657894	0.9125206945	0.9129603045	0.9126903507	0.9130351121	0.9128968104	0.9126239474	0.9127124697	0.9128048248	0.9126929366	0.9124392373	0.9126475903	0.9127669592	0.9124052968	0.9132309972	0.9125184779	0.9126926596	0.9131668104	0.9129849171	0.9130205200	0.9126954302	0.9129983086	0.9126045067	0.9133306483	0.9128303609	0.9128536806	0.9129383702	0.9129762819	0.9125321465	0.9130508586	0.9126043681	0.9128801865	0.9130109613	0.9132336293	0.9131289448	0.9122705970	0.9130735780	0.9128390423	0.9132061075	0.9132359843	0.9128289294	0.9131099659	0.9127577699	0.9133604789	0.9129627519	0.9125792476	0.9128728443	0.9123499300	0.9131017463	0.9128007150	0.9131844040	0.9129097401	0.9129622901	0.9133461639	0.9133379443	0.9129648299	0.9133050659	0.9126610280	0.9128788935	0.9129766052	0.9139376518	0.9129062306	0.9124082060	0.9130341885	0.9126394631	0.9128675800	0.9123184831	0.9126748350	0.9128175236	0.9132190372	0.9127829828	0.9127956816	0.9133405303
0.9127229982	0.9128353481	0.9122332394	0.9127854764	0.9126245015	0.9129932291	0.9126279649	1.0000000000	0.9126137422	0.9132014897	0.9127066975	0.9129332445	0.9127105303	0.9124614487	0.9122622388	0.9122658869	0.9128823568	0.9120995554	0.9124964513	0.9126469900	0.9124930803	0.9121248145	0.9124898017	0.9129871798	0.9124483805	0.9123829007	0.9127553225	0.9125458150	0.9123624903	0.9127534292	0.9134523722	0.9121189962	0.9124775646	0.9126194682	0.9121836447	0.9125761075	0.9124203969	0.9119443066	0.9124849069	0.9127514436	0.9124740552	0.9125070259	0.9128887293	0.9123348761	0.9125837268	0.9131158304	0.9130222747	0.9127997452	0.9123455431	0.9126823158	0.9127535215	0.9125034702	0.9129756816	0.9126376160	0.9129003661	0.9125273902	0.9125944861	0.9126058920	0.9127628032	0.9130474415	0.9132256406	0.9125511716	0.9128051018	0.9127577699	0.9127090526	0.9126446349	0.9130035728	0.9120988628	0.9124087601	0.9126046452	0.9126419105	0.9127605405	0.9129180982	0.9129713871	0.9129338448	0.9126970926	0.9126124492	0.9124384523	0.9128841578	0.9127757791	0.9133168874	0.9130265231	0.9125314076	0.9125466924	0.9126416334	0.9127438704	0.9129537935	0.9125700582	0.9126835164	0.9124696221	0.9125538499	0.9124113461	0.9120220234	0.9127631265	0.9125515410	0.9125874210	0.9122439064	0.9125925005	0.9129872722
0.9129979392	0.9130755636	0.9126724800	0.9131117668	0.9130483189	0.9135903968	0.9128495246	0.9126137422	1.0000000000	0.9134180623	0.9125539423	0.9131347632	0.9128347478	0.9128150762	0.9127884779	0.9127394836	0.9127086370	0.9124195657	0.9135765436	0.9132291962	0.9128256508	0.9127738858	0.9127067437	0.9129074774	0.9131090885	0.9130855380	0.9126608432	0.9128310074	0.9127682060	0.9128687806	0.9132771747	0.9138370772	0.9130838756	0.9123581957	0.9128308689	0.9132021824	0.9129675082	0.9128645323	0.9132931059	0.9129529623	0.9135543322	0.9126158202	0.9130386216	0.9127638653	0.9133063127	0.9130774107	0.9131677340	0.9134319156	0.9125369951	0.9132540859	0.9129391552	0.9130189038	0.9131316693	0.9128285138	0.9131320849	0.9132628135	0.9135367847	0.9129024441	0.9128618078	0.9130692373	0.9135576570	0.9127117771	0.9136261383	0.9135283804	0.9134205559	0.9133611254	0.9131602070	0.9123619823	0.9129168976	0.9127549992	0.9128266206	0.9128643476	0.9128337781	0.9127662665	0.9133928494	0.9134108124	0.9132424030	0.9127205970	0.9131535575	0.9131158304	0.9131920233	0.9135251480	0.9133523517	0.9125910228	0.9131536498	0.9125901916	0.9133445477	0.9128944092	0.9129893040	0.9125345477	0.9131840808	0.9128641629	0.9132691860	0.9134657637	0.9130571850	0.9134057791	0.9135996785	0.9130256457	0.9133504122
0.9137124902	0.9139162716	0.9134891757	0.9135833317	0.9131256200	0.9133970977	0.9129076159	0.9132014897	0.9134180623	1.0000000000	0.9131423363	0.9129000890	0.9132521926	0.9131546657	0.9129869489	0.9132065231	0.9132337678	0.9124886473	0.9135890115	0.9132000120	0.9130687293	0.9130032034	0.9130050505	0.9138326903	0.9131315308	0.9129216077	0.9129613666	0.9130459176	0.9133164256	0.9131803866	0.9137702583	0.9132296580	0.9132267488	0.9131328699	0.9130671131	0.9139902480	0.9134244810	0.9130128545	0.9134006996	0.9134649787	0.9132914897	0.9130428699	0.9133709151	0.9132982316	0.9138373543	0.9137649941	0.9132839166	0.9133910946	0.9134021773	0.9132660921	0.9130243989	0.9132626288	0.9134012537	0.9135880418	0.9129263178	0.9138665385	0.9135420490	0.9135918745	0.9134267437	0.9131033163	0.9135749274	0.9128674877	0.9142021567	0.9133633420	0.9138673696	0.9138959535	0.9137374261	0.9129096478	0.9134351018	0.9134465539	0.9131920695	0.9130998530	0.9135361383	0.9132303507	0.9133543373	0.9132458663	0.9141688165	0.9132188525	0.9136071131	0.9135231162	0.9135117565	0.9138121875	0.9131215564	0.9134671029	0.9134936088	0.9135306431	0.9137012229	0.9130491039	0.9132415256	0.9133708227	0.9130722388	0.9129624287	0.9130263845	0.9134201403	0.9134075800	0.9132143271	0.9133090372	0.9132787909	0.9137555739
0.9130908022	0.9132079546	0.9127862152	0.9133032650	0.9129799300	0.9128745990	0.9126594117	0.9127066975	0.9125539423	0.9131423363	1.0000000000	0.9126731265	0.9131467694	0.9127923107	0.9131898068	0.9129967386	0.9130886319	0.9125180623	0.9132989705	0.9125065641	0.9130068976	0.9121820285	0.9127547222	0.9131168001	0.9130244451	0.9127136703	0.9131237729	0.9124423312	0.9126693399	0.9122599300	0.9133327263	0.9129017514	0.9126689705	0.9128141988	0.9125224492	0.9134839115	0.9127183804	0.9124813974	0.9128864205	0.9127342193	0.9128836960	0.9124453789	0.9132007509	0.9132611511	0.9132856714	0.9128940398	0.9126529007	0.9128050557	0.9124950198	0.9128715051	0.9129018899	0.9128655482	0.9124692527	0.9128253276	0.9130794887	0.9129144040	0.9130133625	0.9127090064	0.9128761691	0.9129080315	0.9133390988	0.9129057688	0.9133611254	0.9130092065	0.9128661024	0.9132631829	0.9131025313	0.9128262973	0.9127079443	0.9125151993	0.9129942912	0.9124307868	0.9135227006	0.9128833266	0.9131855585	0.9124953430	0.9132659074	0.9131728135	0.9135957996	0.9130815205	0.9132155277	0.9134284061	0.9130576006	0.9131777083	0.9128103199	0.9133174415	0.9134882060	0.9127650659	0.9127302942	0.9124656047	0.9130850300	0.9130058817	0.9125679802	0.9131242809	0.9128220952	0.9131672722	0.9128837883	0.9129876416	0.9132759279
0.9130071285	0.9130832753	0.9129881957	0.9131288987	0.9129227622	0.9133153173	0.9131672722	0.9129332445	0.9131347632	0.9129000890	0.9126731265	1.0000000000	0.9133904020	0.9132878879	0.9128920541	0.9128558971	0.9132197760	0.9125753225	0.9128765385	0.9128493861	0.9128358561	0.9127693143	0.9128562204	0.9136102532	0.9135439423	0.9130968515	0.9129363845	0.9129059536	0.9124100993	0.9128952404	0.9132627211	0.9129813615	0.9126006278	0.9130360356	0.9127003250	0.9131252968	0.9127147786	0.9126603815	0.9129998325	0.9133288012	0.9131860664	0.9129955380	0.9128240346	0.9127085908	0.9131578520	0.9130606483	0.9129845477	0.9132063384	0.9125903302	0.9132327981	0.9130798581	0.9131294066	0.9132857637	0.9129646914	0.9128686421	0.9128457842	0.9129932291	0.9133308330	0.9129323209	0.9129992783	0.9138279340	0.9126302737	0.9131030854	0.9132655841	0.9136289551	0.9133737319	0.9133853225	0.9128611152	0.9127266924	0.9129886113	0.9129751737	0.9127188422	0.9126337832	0.9129359689	0.9141328442	0.9129630290	0.9133347119	0.9131967334	0.9128620387	0.9129729110	0.9128639320	0.9135327673	0.9131952096	0.9130819361	0.9133505970	0.9134308535	0.9130990218	0.9131353173	0.9126702635	0.9129044759	0.9126326750	0.9126689705	0.9127818745	0.9132233779	0.9128284677	0.9128393194	0.9126315667	0.9131404892	0.9131965949
0.9129772517	0.9130908945	0.9127535677	0.9130693758	0.9128660100	0.9131623312	0.9130201044	0.9127105303	0.9128347478	0.9132521926	0.9131467694	0.9133904020	1.0000000000	0.9129000428	0.9124225672	0.9129631675	0.9130394528	0.9125532034	0.9133332804	0.9131445067	0.9129287191	0.9127965128	0.9129690321	0.9132162204	0.9128081957	0.9129712024	0.9127467334	0.9125886678	0.9133451480	0.9129665846	0.9130465641	0.9133820439	0.9128060716	0.9127062819	0.9126564102	0.9130844297	0.9129727724	0.9127417001	0.9132447119	0.9130952814	0.9130490577	0.9131904533	0.9128365487	0.9135692937	0.9130063435	0.9131962717	0.9129341680	0.9134783702	0.9130670208	0.9127282163	0.9133098684	0.9129401249	0.9134364410	0.9132307201	0.9130411152	0.9133116693	0.9135162819	0.9131310228	0.9128874825	0.9131333317	0.9136735626	0.9132198222	0.9131800634	0.9125874672	0.9134814179	0.9131773389	0.9131722132	0.9128356714	0.9130743630	0.9128517873	0.9131643630	0.9126378007	0.9130398222	0.9127421619	0.9135455123	0.9129807150	0.9133320798	0.9135885497	0.9126758971	0.9129404482	0.9133069130	0.9130511819	0.9131880521	0.9132605970	0.9132375082	0.9130781034	0.9134357945	0.9130473491	0.9128094887	0.9133316642	0.9130835061	0.9134914384	0.9128889602	0.9132146503	0.9136422542	0.9132015821	0.9127145477	0.9128692886	0.9134017617
0.9125940705	0.9131852814	0.9120009664	0.9128196478	0.9126585806	0.9128991193	0.9130016334	0.9124614487	0.9128150762	0.9131546657	0.9127923107	0.9132878879	0.9129000428	1.0000000000	0.9130164102	0.9126337370	0.9131617309	0.9118876006	0.9128761229	0.9126161434	0.9124447786	0.9125568515	0.9125517719	0.9135300428	0.9124143014	0.9122856509	0.9125124287	0.9124516129	0.9125275287	0.9124215975	0.9134074877	0.9125620233	0.9126065847	0.9130471644	0.9125087345	0.9130330803	0.9131198017	0.9125654867	0.9126068155	0.9125941629	0.9129262255	0.9125641937	0.9128361793	0.9125711203	0.9133432547	0.9128461537	0.9129407252	0.9131765539	0.9124713307	0.9131530495	0.9129895811	0.9129045682	0.9130043117	0.9164157688	0.9129598427	0.9128488781	0.9131539730	0.9123346452	0.9131070105	0.9134928699	0.9132008894	0.9125708433	0.9135021978	0.9133219669	0.9132233779	0.9132780059	0.9128333625	0.9123636447	0.9131986729	0.9129639987	0.9129243322	0.9127522286	0.9129891193	0.9129149582	0.9130297093	0.9130340962	0.9135420952	0.9125225877	0.9135263024	0.9129427570	0.9132943527	0.9132764358	0.9130481342	0.9127500582	0.9129086319	0.9130993450	0.9130489192	0.9124088987	0.9124150403	0.9128069028	0.9123928751	0.9125803558	0.9126018284	0.9129531932	0.9126188679	0.9128759382	0.9129729571	0.9127916180	0.9129188371
0.9129781752	0.9129661229	0.9127994682	0.9131873132	0.9127794733	0.9132611511	0.9128802789	0.9122622388	0.9127884779	0.9129869489	0.9131898068	0.9128920541	0.9124225672	0.9130164102	1.0000000000	0.9130952352	0.9125414743	0.9122674569	0.9133009561	0.9126847632	0.9127611870	0.9125625775	0.9125399505	0.9131537883	0.9135631059	0.9127109459	0.9129482522	0.9127610947	0.9131709664	0.9126731726	0.9131766000	0.9129573030	0.9127114076	0.9130412537	0.9126038602	0.9128448607	0.9124414538	0.9124308330	0.9129885190	0.9129260870	0.9129817309	0.9133046041	0.9127760562	0.9130382522	0.9131102429	0.9131068720	0.9129112640	0.9130474415	0.9123589346	0.9133060818	0.9129517155	0.9128224646	0.9127578161	0.9131662563	0.9134470156	0.9126271337	0.9131717976	0.9126490218	0.9127502429	0.9129368001	0.9134531111	0.9126548863	0.9136086831	0.9130624492	0.9140010998	0.9130008484	0.9137812947	0.9122219720	0.9129931829	0.9129966924	0.9121504892	0.9128494784	0.9128900223	0.9127325569	0.9128959792	0.9127362511	0.9133384523	0.9129760510	0.9131288987	0.9132292424	0.9131309766	0.9132036601	0.9130713153	0.9129899043	0.9128082419	0.9129056765	0.9134281290	0.9125863127	0.9129132958	0.9125913461	0.9127869541	0.9127789192	0.9125506637	0.9125840500	0.9129083086	0.9125063332	0.9124093143	0.9131178160	0.9131336549
0.9129434035	0.9130075441	0.9126741886	0.9131752609	0.9126545631	0.9130382522	0.9127981290	0.9122658869	0.9127394836	0.9132065231	0.9129967386	0.9128558971	0.9129631675	0.9126337370	0.9130952352	1.0000000000	0.9127453481	0.9124463948	0.9125344554	0.9129164359	0.9129267334	0.9124747016	0.9126133266	0.9127337114	0.9128546965	0.9129257175	0.9126405713	0.9126090321	0.9129080777	0.9125441988	0.9132595811	0.9123149274	0.9124678212	0.9129043373	0.9125299300	0.9127630803	0.9127226288	0.9128454610	0.9129476519	0.9135178520	0.9129573953	0.9124796426	0.9129570259	0.9130673902	0.9134197709	0.9131167078	0.9130954661	0.9132979546	0.9124751634	0.9127292783	0.9127391603	0.9126491603	0.9126672619	0.9129247016	0.9130999915	0.9130328032	0.9131340705	0.9132256406	0.9133010023	0.9131837114	0.9136025877	0.9129361537	0.9130154405	0.9131470002	0.9132719105	0.9133549838	0.9128426442	0.9128479084	0.9129260870	0.9129752198	0.9132709869	0.9126490218	0.9130516898	0.9127853379	0.9127669130	0.9128714128	0.9134178314	0.9126506380	0.9129608586	0.9131773851	0.9127404533	0.9131301916	0.9133349428	0.9130846144	0.9130168258	0.9126006739	0.9135651377	0.9129689859	0.9127922645	0.9131683343	0.9125518643	0.9125058715	0.9128949171	0.9130795811	0.9126954764	0.9125590218	0.9128341013	0.9126946914	0.9132121106
0.9129911511	0.9130669284	0.9131753071	0.9127142245	0.9125979495	0.9128587139	0.9128827263	0.9128823568	0.9127086370	0.9132337678	0.9130886319	0.9132197760	0.9130394528	0.9131617309	0.9125414743	0.9127453481	1.0000000000	0.9120573953	0.9135022440	0.9129676929	0.9129951685	0.9123164051	0.9130578314	0.9132607817	0.9126659228	0.9132209766	0.9128715513	0.9127356508	0.9125143681	0.9128082419	0.9132747273	0.9137581598	0.9123665077	0.9126856406	0.9128472619	0.9130215821	0.9125937011	0.9124665282	0.9129460818	0.9128189089	0.9134612845	0.9125672876	0.9133164718	0.9129880572	0.9135392783	0.9130684984	0.9132118335	0.9131225723	0.9129899505	0.9132823004	0.9126279649	0.9127017104	0.9127099300	0.9128357637	0.9126802378	0.9128961177	0.9133218284	0.9130126698	0.9128901147	0.9133425621	0.9135782983	0.9128483240	0.9134968874	0.9131616847	0.9135824081	0.9133032650	0.9132892732	0.9125576365	0.9128777853	0.9127916180	0.9130916334	0.9127703763	0.9130044964	0.9127368515	0.9146183548	0.9129307971	0.9130907098	0.9129942912	0.9132092014	0.9129380008	0.9129185138	0.9133559997	0.9128503558	0.9133235369	0.9127546298	0.9127258150	0.9136694989	0.9125936549	0.9128186780	0.9129033676	0.9126735882	0.9134709818	0.9126645836	0.9131237268	0.9139104995	0.9127509356	0.9124887858	0.9132129879	0.9133916488
0.9121171952	0.9122516180	0.9120027673	0.9124209972	0.9122898530	0.9127284010	0.9122708740	0.9120995554	0.9124195657	0.9124886473	0.9125180623	0.9125753225	0.9125532034	0.9118876006	0.9122674569	0.9124463948	0.9120573953	1.0000000000	0.9124408073	0.9125015770	0.9121911255	0.9119273132	0.9121728853	0.9119818489	0.9124295862	0.9125219413	0.9124471798	0.9122578058	0.9124230290	0.9122329623	0.9127108073	0.9125773081	0.9123210690	0.9125185703	0.9121593091	0.9125141834	0.9124388217	0.9125065180	0.9122510177	0.9123718181	0.9124181342	0.9123600428	0.9126248248	0.9122256662	0.9128645323	0.9124198889	0.9125869592	0.9126765898	0.9119979649	0.9125288679	0.9123334446	0.9120519002	0.9126281957	0.9126240859	0.9123820233	0.9124346195	0.9126486524	0.9125215257	0.9123433728	0.9123631367	0.9128315154	0.9120361537	0.9128204790	0.9130298940	0.9127545374	0.9121859536	0.9125164461	0.9119066257	0.9121246298	0.9125495554	0.9124157791	0.9120641373	0.9124365128	0.9123235626	0.9126800069	0.9125614692	0.9123480829	0.9127369900	0.9122248812	0.9123305816	0.9126601044	0.9130992527	0.9127169951	0.9123758817	0.9124885549	0.9125363948	0.9125699197	0.9121766719	0.9122903148	0.9123388012	0.9126314743	0.9123752814	0.9124081136	0.9126096786	0.9122404431	0.9123035677	0.9124549838	0.9121944041	0.9127135780
0.9134032855	0.9136051275	0.9127357432	0.9131469541	0.9125289141	0.9134638704	0.9128827724	0.9124964513	0.9135765436	0.9135890115	0.9132989705	0.9128765385	0.9133332804	0.9128761229	0.9133009561	0.9125344554	0.9135022440	0.9124408073	1.0000000000	0.9130783804	0.9133503199	0.9129612742	0.9131366565	0.9133438550	0.9132464205	0.9131759536	0.9131047016	0.9130209818	0.9129969695	0.9124807971	0.9132776365	0.9129303353	0.9130338191	0.9131319464	0.9125119669	0.9133624184	0.9124964051	0.9129175441	0.9130015410	0.9131911460	0.9132235164	0.9121371439	0.9132400480	0.9133135626	0.9133120387	0.9132258253	0.9133336960	0.9136723158	0.9128039936	0.9138260408	0.9127903712	0.9129926750	0.9130067129	0.9127817822	0.9130801814	0.9129204533	0.9131367950	0.9135574261	0.9132997555	0.9133134240	0.9135656919	0.9127360664	0.9130035728	0.9135974620	0.9137831418	0.9130940346	0.9131875441	0.9126613974	0.9129422029	0.9128817104	0.9130902019	0.9126547016	0.9131646862	0.9127413307	0.9133584010	0.9128918694	0.9136193040	0.9134635934	0.9134056867	0.9133449633	0.9131196170	0.9134479392	0.9131182316	0.9130596324	0.9135334138	0.9131955790	0.9139408843	0.9129313512	0.9128868822	0.9130766719	0.9128661947	0.9131049325	0.9129104790	0.9130673440	0.9133710074	0.9131032239	0.9130666975	0.9128502635	0.9133935421
0.9126301814	0.9130365898	0.9128162768	0.9134098889	0.9126670772	0.9137396426	0.9128361331	0.9126469900	0.9132291962	0.9132000120	0.9125065641	0.9128493861	0.9131445067	0.9126161434	0.9126847632	0.9129164359	0.9129676929	0.9125015770	0.9130783804	1.0000000000	0.9136795657	0.9126730341	0.9126369233	0.9130514589	0.9130328956	0.9125630854	0.9126309202	0.9137984266	0.9130691911	0.9126726185	0.9131929469	0.9130998068	0.9128460613	0.9130676673	0.9127633574	0.9129623363	0.9124411768	0.9133187345	0.9134775390	0.9128392732	0.9129872722	0.9128100428	0.9129552250	0.9125326083	0.9130752404	0.9128661947	0.9137270361	0.9133918335	0.9131335164	0.9132134497	0.9129120952	0.9128504482	0.9131685190	0.9129202224	0.9129193912	0.9130115154	0.9131800172	0.9125770772	0.9132533009	0.9133242296	0.9139403763	0.9126602429	0.9133789961	0.9129576262	0.9136666821	0.9130808278	0.9130245374	0.9132482214	0.9130476724	0.9129671388	0.9130286011	0.9129301968	0.9127922183	0.9128263897	0.9131433060	0.9132490064	0.9130075441	0.9126051532	0.9136592937	0.9129268720	0.9132227776	0.9138342604	0.9133066360	0.9130932496	0.9133479648	0.9135626903	0.9137372414	0.9128411203	0.9130085138	0.9130663281	0.9124325877	0.9127424389	0.9130181649	0.9138793296	0.9130656816	0.9132377853	0.9126545169	0.9129428956	0.9130147016
0.9129979854	0.9128046401	0.9126623671	0.9132100787	0.9130374672	0.9131788166	0.9127844605	0.9124930803	0.9128256508	0.9130687293	0.9130068976	0.9128358561	0.9129287191	0.9124447786	0.9127611870	0.9129267334	0.9129951685	0.9121911255	0.9133503199	0.9136795657	1.0000000000	0.9128518797	0.9124396067	0.9129887960	0.9127315872	0.9125043938	0.9125794323	0.9149532803	0.9129609048	0.9130167796	0.9131835728	0.9134564358	0.9129936909	0.9127945272	0.9129813615	0.9137210792	0.9127549530	0.9129935985	0.9137298992	0.9127406842	0.9134697811	0.9126871644	0.9127981752	0.9129114949	0.9134730598	0.9137225569	0.9132088781	0.9132899197	0.9128262973	0.9129476057	0.9129485292	0.9130046349	0.9131463076	0.9132242091	0.9128449992	0.9128751531	0.9130672978	0.9127494579	0.9130298479	0.9128793091	0.9132871029	0.9131694425	0.9127827981	0.9129577647	0.9138433112	0.9132220849	0.9134431367	0.9124791347	0.9126058920	0.9130397760	0.9131814025	0.9128291142	0.9132086934	0.9127839525	0.9132893656	0.9129457586	0.9131716129	0.9127011562	0.9135620900	0.9130485498	0.9130201044	0.9128425980	0.9132623517	0.9125942091	0.9134004687	0.9130968053	0.9130206124	0.9127127006	0.9125100274	0.9125549120	0.9128292065	0.9127282624	0.9128519720	0.9129047529	0.9130805970	0.9132560254	0.9132950454	0.9126980162	0.9133571080
0.9125509407	0.9134095195	0.9124589551	0.9125342707	0.9127043887	0.9130511357	0.9122119977	0.9121248145	0.9127738858	0.9130032034	0.9121820285	0.9127693143	0.9127965128	0.9125568515	0.9125625775	0.9124747016	0.9123164051	0.9119273132	0.9129612742	0.9126730341	0.9128518797	1.0000000000	0.9122327776	0.9126748350	0.9130582932	0.9126779751	0.9127094220	0.9127021721	0.9125096119	0.9126652301	0.9130028802	0.9129358766	0.9124845836	0.9126541013	0.9126287037	0.9126658766	0.9127984061	0.9127122388	0.9123587499	0.9129379084	0.9132022747	0.9124215051	0.9122128751	0.9127615564	0.9129180521	0.9129822850	0.9129222542	0.9132452660	0.9126891963	0.9129223466	0.9130388987	0.9128037165	0.9128933933	0.9131586832	0.9125060100	0.9129356919	0.9130167334	0.9126186370	0.9128708586	0.9129606277	0.9129090475	0.9132333984	0.9129989551	0.9128750608	0.9130170567	0.9130372363	0.9135342450	0.9121963897	0.9129129264	0.9129146811	0.9124127776	0.9124130085	0.9127241526	0.9126057535	0.9128713204	0.9126725262	0.9128231111	0.9128498017	0.9135200223	0.9130488730	0.9130293861	0.9133203969	0.9126925672	0.9129742963	0.9128965333	0.9130977750	0.9126033061	0.9125188935	0.9121316026	0.9127457637	0.9126374312	0.9126139731	0.9126246401	0.9129168976	0.9128760767	0.9127037883	0.9127988679	0.9125548196	0.9125783240
0.9123995708	0.9130267078	0.9139837370	0.9130811973	0.9128517873	0.9129880572	0.9129176826	0.9124898017	0.9127067437	0.9130050505	0.9127547222	0.9128562204	0.9129690321	0.9125517719	0.9125399505	0.9126133266	0.9130578314	0.9121728853	0.9131366565	0.9126369233	0.9124396067	0.9122327776	1.0000000000	0.9125327930	0.9129289961	0.9126271798	0.9125141834	0.9121939423	0.9126016898	0.9125916231	0.9128843887	0.9126080162	0.9126509151	0.9122996426	0.9122247427	0.9129432188	0.9124158715	0.9124179956	0.9123303969	0.9127250300	0.9124865231	0.9123984164	0.9126770516	0.9125510793	0.9126429264	0.9127642347	0.9126628289	0.9127124697	0.9124635729	0.9126661537	0.9128050557	0.9127152404	0.9127104379	0.9128221413	0.9127329264	0.9127148710	0.9128389500	0.9126280572	0.9126335985	0.9128200634	0.9131599761	0.9127296016	0.9129492681	0.9123188987	0.9127384215	0.9134869130	0.9129392937	0.9123818386	0.9123939833	0.9128884523	0.9127743476	0.9121840603	0.9126798222	0.9124830136	0.9132790680	0.9124828289	0.9131684266	0.9127967899	0.9130371901	0.9125008381	0.9129402635	0.9129122799	0.9130081444	0.9123280880	0.9138271952	0.9130918643	0.9140743373	0.9130249069	0.9126382624	0.9127879700	0.9127084523	0.9124702686	0.9125319156	0.9129937370	0.9132247170	0.9123389859	0.9122862050	0.9125658099	0.9128795862
0.9132502994	0.9136051737	0.9128081957	0.9130672978	0.9129589654	0.9132679392	0.9133746093	0.9129871798	0.9129074774	0.9138326903	0.9131168001	0.9136102532	0.9132162204	0.9135300428	0.9131537883	0.9127337114	0.9132607817	0.9119818489	0.9133438550	0.9130514589	0.9129887960	0.9126748350	0.9125327930	1.0000000000	0.9139402378	0.9125163999	0.9126684625	0.9126985241	0.9131349017	0.9128945015	0.9133357740	0.9131897145	0.9128254200	0.9130234754	0.9135801916	0.9131100582	0.9125874210	0.9126720182	0.9130008484	0.9129842245	0.9130775492	0.9127302942	0.9132121106	0.9132553327	0.9131321773	0.9135090320	0.9130245374	0.9134372260	0.9133026647	0.9132411100	0.9130117924	0.9131877750	0.9131282983	0.9134008843	0.9127535677	0.9130982830	0.9132291039	0.9129519926	0.9129504225	0.9135894271	0.9141910741	0.9127487653	0.9135200685	0.9127105303	0.9138201300	0.9133725313	0.9143655790	0.9127354200	0.9130322029	0.9133361434	0.9126579341	0.9128158150	0.9128526647	0.9130500274	0.9136134394	0.9130642501	0.9133691603	0.9126722491	0.9139389910	0.9132715872	0.9132340911	0.9144251018	0.9137662409	0.9136230444	0.9128298992	0.9135500839	0.9138988165	0.9129750813	0.9128775082	0.9128842501	0.9134066103	0.9133673594	0.9124704533	0.9128757535	0.9130489192	0.9131667180	0.9129713409	0.9130058355	0.9135268566
0.9136033727	0.9128497093	0.9130020490	0.9132369541	0.9128283753	0.9129975236	0.9128152147	0.9124483805	0.9131090885	0.9131315308	0.9130244451	0.9135439423	0.9128081957	0.9124143014	0.9135631059	0.9128546965	0.9126659228	0.9124295862	0.9132464205	0.9130328956	0.9127315872	0.9130582932	0.9129289961	0.9139402378	1.0000000000	0.9127585549	0.9130326185	0.9129105713	0.9130030187	0.9129609048	0.9130650813	0.9130793502	0.9125235113	0.9128076416	0.9130974518	0.9129636755	0.9130004328	0.9128085190	0.9132073543	0.9134425826	0.9131067334	0.9126729418	0.9135800531	0.9129289500	0.9130184882	0.9131388730	0.9132974466	0.9135586729	0.9128045015	0.9129552712	0.9127977134	0.9130135934	0.9131726288	0.9133969130	0.9127717617	0.9129496837	0.9129762358	0.9131669028	0.9132785600	0.9128388576	0.9136871849	0.9127397145	0.9133643579	0.9127657586	0.9130941270	0.9131533727	0.9133856919	0.9126496221	0.9128139679	0.9129177750	0.9128222337	0.9125548196	0.9131798786	0.9128135985	0.9133880008	0.9130785651	0.9132285959	0.9131683804	0.9131899915	0.9131052558	0.9130660049	0.9136819207	0.9132760203	0.9136384677	0.9137220490	0.9131548042	0.9146374722	0.9158665333	0.9127099761	0.9131701814	0.9127010177	0.9131870823	0.9128963948	0.9127256765	0.9126754353	0.9128744143	0.9128506329	0.9129134805	0.9131031316
0.9126879495	0.9124861998	0.9122234035	0.9132303969	0.9126203917	0.9132455893	0.9127709766	0.9123829007	0.9130855380	0.9129216077	0.9127136703	0.9130968515	0.9129712024	0.9122856509	0.9127109459	0.9129257175	0.9132209766	0.9125219413	0.9131759536	0.9125630854	0.9125043938	0.9126779751	0.9126271798	0.9125163999	0.9127585549	1.0000000000	0.9128996272	0.9127564307	0.9131235421	0.9129090013	0.9134376416	0.9128870669	0.9126986165	0.9128424595	0.9125282676	0.9131122747	0.9123633676	0.9129942450	0.9131109356	0.9132515000	0.9130244451	0.9128751993	0.9131862511	0.9124305098	0.9128785703	0.9127263230	0.9128662409	0.9130291090	0.9127803045	0.9131168001	0.9129488063	0.9125362101	0.9130415770	0.9126918745	0.9130998068	0.9130161793	0.9133564615	0.9135068617	0.9130473953	0.9132764358	0.9134183394	0.9126829161	0.9133945580	0.9126832855	0.9129119105	0.9132605970	0.9129528237	0.9128620387	0.9127034189	0.9125912075	0.9131133368	0.9127823825	0.9129593348	0.9128644861	0.9127223055	0.9123391706	0.9128651788	0.9130050967	0.9130055585	0.9132581957	0.9129165744	0.9132070310	0.9129451121	0.9127972055	0.9126402019	0.9132305354	0.9134404584	0.9130317873	0.9124240449	0.9130180726	0.9122954867	0.9129255328	0.9126601506	0.9131950249	0.9127270618	0.9129158817	0.9127713922	0.9128499402	0.9128977340
0.9128169233	0.9129054456	0.9129620131	0.9130082368	0.9129268720	0.9130495657	0.9124657894	0.9127553225	0.9126608432	0.9129613666	0.9131237729	0.9129363845	0.9127467334	0.9125124287	0.9129482522	0.9126405713	0.9128715513	0.9124471798	0.9131047016	0.9126309202	0.9125794323	0.9127094220	0.9125141834	0.9126684625	0.9130326185	0.9128996272	1.0000000000	0.9128250967	0.9126818540	0.9124938191	0.9133180880	0.9128497093	0.9124732240	0.9128068566	0.9126223312	0.9126588576	0.9125235575	0.9125424903	0.9128770464	0.9127676057	0.9136870464	0.9128597299	0.9127637730	0.9125616077	0.9131526339	0.9129702789	0.9128492014	0.9136826595	0.9131747991	0.9132156662	0.9123922286	0.9126926134	0.9128254200	0.9133351737	0.9128443066	0.9124677288	0.9129305662	0.9128986575	0.9129241475	0.9131541116	0.9136782727	0.9128514179	0.9131405354	0.9125311306	0.9130695144	0.9131918386	0.9128893296	0.9123717719	0.9126713255	0.9129081239	0.9129444656	0.9126951532	0.9130388063	0.9131357791	0.9129208227	0.9124556765	0.9133165641	0.9126661075	0.9130440244	0.9129066462	0.9126155431	0.9131937781	0.9131537883	0.9127317719	0.9127256765	0.9130237062	0.9129980315	0.9127579084	0.9127926801	0.9127722696	0.9125954097	0.9127959125	0.9127103456	0.9130676211	0.9125715821	0.9127377750	0.9124160562	0.9128737216	0.9127320028
0.9122428905	0.9123915359	0.9123967540	0.9130038499	0.9124457483	0.9129580880	0.9125206945	0.9125458150	0.9128310074	0.9130459176	0.9124423312	0.9129059536	0.9125886678	0.9124516129	0.9127610947	0.9126090321	0.9127356508	0.9122578058	0.9130209818	0.9137984266	0.9149532803	0.9127021721	0.9121939423	0.9126985241	0.9129105713	0.9127564307	0.9128250967	1.0000000000	0.9131128289	0.9127386986	0.9132649376	0.9128560357	0.9122843117	0.9131578520	0.9125358407	0.9146951480	0.9129720798	0.9130829058	0.9135542398	0.9128260203	0.9130588935	0.9123883035	0.9133368822	0.9126806072	0.9133709151	0.9129672773	0.9131583599	0.9129203148	0.9123046760	0.9131640859	0.9127078520	0.9127797504	0.9131048402	0.9133121311	0.9125957329	0.9127030033	0.9132606893	0.9125588371	0.9129386934	0.9129611357	0.9133243219	0.9126537319	0.9128916847	0.9126368309	0.9129668617	0.9131226185	0.9130932958	0.9127729161	0.9129133420	0.9129358766	0.9129744348	0.9126753430	0.9127559690	0.9125281290	0.9132155739	0.9127373132	0.9127302481	0.9123456816	0.9128133676	0.9129783599	0.9128910844	0.9130572311	0.9129503763	0.9128333163	0.9126908125	0.9130851685	0.9131903609	0.9128677647	0.9128641167	0.9126432958	0.9125980418	0.9128554353	0.9124801506	0.9132940295	0.9124221978	0.9132523312	0.9124862922	0.9126410331	0.9131010998
0.9130103609	0.9127956816	0.9127381906	0.9131855123	0.9130771798	0.9127248915	0.9129603045	0.9123624903	0.9127682060	0.9133164256	0.9126693399	0.9124100993	0.9133451480	0.9125275287	0.9131709664	0.9129080777	0.9125143681	0.9124230290	0.9129969695	0.9130691911	0.9129609048	0.9125096119	0.9126016898	0.9131349017	0.9130030187	0.9131235421	0.9126818540	0.9131128289	1.0000000000	0.9129918438	0.9132791603	0.9129908740	0.9126394169	0.9128710895	0.9126910895	0.9133031726	0.9127855226	0.9127357432	0.9127543527	0.9128599146	0.9130660972	0.9131078417	0.9129628443	0.9130990680	0.9131499094	0.9130870618	0.9132310433	0.9129563332	0.9129059997	0.9131077493	0.9130131778	0.9127746709	0.9125159844	0.9127745323	0.9128022388	0.9130096221	0.9131586370	0.9129929982	0.9128062563	0.9130595862	0.9133826903	0.9126463435	0.9128343322	0.9126344297	0.9127914795	0.9133760408	0.9133197504	0.9125628084	0.9126974159	0.9126572414	0.9127613717	0.9123835934	0.9124305098	0.9126126339	0.9130411152	0.9131312075	0.9129165282	0.9131605303	0.9128971337	0.9129537011	0.9129295041	0.9133121311	0.9129036447	0.9131657945	0.9126440808	0.9129230854	0.9134877442	0.9127407765	0.9131988114	0.9126197453	0.9127781342	0.9128266206	0.9125141372	0.9137732599	0.9127569849	0.9127666360	0.9127164410	0.9125091501	0.9136186575
0.9128192783	0.9128058407	0.9127165795	0.9129027211	0.9131539269	0.9134408278	0.9126903507	0.9127534292	0.9128687806	0.9131803866	0.9122599300	0.9128952404	0.9129665846	0.9124215975	0.9126731726	0.9125441988	0.9128082419	0.9122329623	0.9124807971	0.9126726185	0.9130167796	0.9126652301	0.9125916231	0.9128945015	0.9129609048	0.9129090013	0.9124938191	0.9127386986	0.9129918438	1.0000000000	0.9133548915	0.9128663794	0.9127851531	0.9129661229	0.9123326596	0.9129428032	0.9127904174	0.9126844861	0.9130953276	0.9127875082	0.9131820028	0.9123616129	0.9129323671	0.9126107868	0.9131952558	0.9130828135	0.9128752917	0.9128397812	0.9129111716	0.9130508586	0.9127259536	0.9126005816	0.9132920439	0.9125973030	0.9125892681	0.9127393912	0.9129570259	0.9131476929	0.9130080521	0.9128564974	0.9135564102	0.9126711870	0.9131091808	0.9126346144	0.9127613717	0.9128676262	0.9136819669	0.9128849428	0.9130097606	0.9130906637	0.9128704430	0.9127937422	0.9127263230	0.9137997658	0.9129668617	0.9129217463	0.9130271696	0.9129961383	0.9128880829	0.9129289500	0.9131034087	0.9135078314	0.9126549325	0.9128119823	0.9132449428	0.9130953276	0.9127421619	0.9127090064	0.9129518540	0.9126731265	0.9132676159	0.9126933522	0.9126336447	0.9130383907	0.9130546452	0.9131068720	0.9131935472	0.9123866873	0.9133822286
0.9131537883	0.9136808124	0.9129871798	0.9131638089	0.9136369438	0.9132241629	0.9130351121	0.9134523722	0.9132771747	0.9137702583	0.9133327263	0.9132627211	0.9130465641	0.9134074877	0.9131766000	0.9132595811	0.9132747273	0.9127108073	0.9132776365	0.9131929469	0.9131835728	0.9130028802	0.9128843887	0.9133357740	0.9130650813	0.9134376416	0.9133180880	0.9132649376	0.9132791603	0.9133548915	1.0000000000	0.9133784882	0.9141389859	0.9138420182	0.9129852404	0.9138946144	0.9129750351	0.9129940603	0.9134243886	0.9135724338	0.9134926852	0.9129335677	0.9134022696	0.9131761844	0.9139712229	0.9136048042	0.9133185036	0.9135935831	0.9130595862	0.9132895041	0.9135986164	0.9135051070	0.9133005405	0.9132820233	0.9130243527	0.9130763948	0.9135344297	0.9134168155	0.9136310792	0.9136797504	0.9138815000	0.9132468361	0.9135256098	0.9132591193	0.9135030751	0.9136174569	0.9136049428	0.9127844605	0.9129332907	0.9130942655	0.9131903609	0.9128537730	0.9133922953	0.9131901301	0.9130416693	0.9133137935	0.9133250146	0.9132553789	0.9136262768	0.9133121311	0.9135122645	0.9137605149	0.9138519464	0.9133439474	0.9129055380	0.9134566206	0.9135318899	0.9129065539	0.9134387499	0.9135154045	0.9140230803	0.9130532599	0.9128584369	0.9137717822	0.9137956098	0.9129615975	0.9132538550	0.9132352455	0.9134404122
