1.0000000000	0.8955290967	0.8956316809	0.8946999408	0.8959994289	0.8951436771	0.8955234418	0.8963161056	0.8942676912	0.8954470117	0.8968306170	0.8961249862	0.8967483553	0.8958762571	0.8951984593	0.8956573932	0.8958164385	0.8965499905	0.8966262438	0.8941640467	0.8972198361	0.8962100754	0.8962819992	0.8950300481	0.8963699159	0.8964513824	0.8964933527	0.8957106734	0.8959751303	0.8961026315	0.8964490851	0.8959665595	0.8964416630	0.8961998259	0.8962052157	0.8953177432	0.8966253603	0.8957515833	0.8966757246	0.8952801025	0.8946309329	0.8959342203	0.8963440269	0.8952973324	0.8968533251	0.8953221612	0.8955872366	0.8961424812	0.8970113984	0.8959108053	0.8969512263	0.8971386346	0.8970199692	0.8957148262	0.8962316349	0.8957642186	0.8947678001	0.8949497302	0.8955822002	0.8950083119	0.8965761446	0.8952428153	0.8963784867	0.8953618341	0.8939046262	0.8959880306	0.8963670884	0.8954868614	0.8950904853	0.8950934894	0.8956866399	0.8952332725	0.8956763903	0.8963300662	0.8962728100	0.8952800142	0.8952613705	0.8951588747	0.8949212788	0.8954550523	0.8947578156	0.8949813625	0.8962494833	0.8956659640	0.8965430102	0.8959836127	0.8966174964	0.8947638240	0.8964087936	0.8970191740	0.8959030298	0.8945743834	0.8954524899	0.8955371373	0.8953459296	0.8959852915	0.8959678849	0.8953076704	0.8962025650
0.8955290967	1.0000000000	0.8966130784	0.8949969136	0.8968967091	0.8953627177	0.8963108041	0.8952316821	0.8941836623	0.8955953656	0.8955401415	0.8960303543	0.8969048381	0.8960279686	0.8950191800	0.8953522914	0.8960188677	0.8955311290	0.8948162206	0.8939054214	0.8957130590	0.8952219627	0.8966964888	0.8947355493	0.8959653225	0.8955553392	0.8945287021	0.8954151143	0.8964155972	0.8961511403	0.8959107169	0.8951791972	0.8970816434	0.8958023011	0.8957642186	0.8951526013	0.8954193555	0.8951953668	0.8953873697	0.8936876178	0.8954269543	0.8950986142	0.8959917417	0.8958254510	0.8959682383	0.8967386358	0.8948329203	0.8956527102	0.8953337361	0.8941811882	0.8957174770	0.8959609046	0.8959657643	0.8955733643	0.8953619225	0.8952585431	0.8946190928	0.8949425732	0.8948768345	0.8953491105	0.8957536156	0.8951858240	0.8958303991	0.8962681270	0.8930289054	0.8953059916	0.8964394540	0.8957352370	0.8954335812	0.8944869085	0.8960511186	0.8942571765	0.8958000038	0.8952034074	0.8952649049	0.8953440741	0.8958357890	0.8955977512	0.8954043345	0.8961694305	0.8953484920	0.8952981277	0.8954810297	0.8957211880	0.8959122190	0.8960854900	0.8965726986	0.8954637114	0.8969379725	0.8955627613	0.8952824882	0.8952226695	0.8947944844	0.8947308663	0.8953843655	0.8955865297	0.8946304027	0.8957154447	0.8951755745
0.8956316809	0.8966130784	1.0000000000	0.8944226719	0.8958737831	0.8947022381	0.8955556043	0.8947834396	0.8928976047	0.8947007360	0.8955854694	0.8949605983	0.8955346633	0.8948253215	0.8940236451	0.8952090623	0.8954824434	0.8949005145	0.8945724395	0.8940134839	0.8953943500	0.8944049119	0.8955516281	0.8939745178	0.8954497508	0.8956665825	0.8947551649	0.8953927596	0.8952231997	0.8942479872	0.8953499057	0.8944727712	0.8957639535	0.8951068316	0.8955280364	0.8940158695	0.8951474765	0.8956538589	0.8951937763	0.8944242624	0.8955178752	0.8952925611	0.8950803240	0.8950647729	0.8957725243	0.8949775631	0.8953546771	0.8951313069	0.8954580565	0.8948239961	0.8950417997	0.8955087743	0.8953088190	0.8955527768	0.8948779831	0.8953289648	0.8951509225	0.8943727494	0.8948760393	0.8950182080	0.8959758371	0.8943765488	0.8966000897	0.8951679756	0.8929104167	0.8946925187	0.8958475406	0.8958210331	0.8947702742	0.8939665655	0.8948963617	0.8940153394	0.8959428794	0.8945459320	0.8954751097	0.8942168851	0.8948588093	0.8946034534	0.8944347770	0.8951046226	0.8943826455	0.8947823793	0.8952059698	0.8954372923	0.8961471642	0.8951790204	0.8956321227	0.8945482293	0.8963971303	0.8960663162	0.8958949008	0.8946268684	0.8946793533	0.8945666079	0.8952321239	0.8946238642	0.8943304257	0.8952369836	0.8948455556
0.8946999408	0.8949969136	0.8944226719	1.0000000000	0.8936553670	0.8944483843	0.8947700091	0.8936834650	0.8918536494	0.8944836393	0.8942486941	0.8943635601	0.8947137247	0.8945447833	0.8930657509	0.8943400568	0.8944987486	0.8945266699	0.8947055958	0.8930707873	0.8946488696	0.8942132624	0.8956515616	0.8932696822	0.8951382872	0.8941020190	0.8936267388	0.8941611309	0.8945017528	0.8945483177	0.8948164856	0.8941842808	0.8951499505	0.8942544374	0.8935808808	0.8933299427	0.8938797975	0.8943738097	0.8950579693	0.8934789151	0.8936624357	0.8947624986	0.8948116259	0.8939821166	0.8950197985	0.8948117143	0.8944487377	0.8942949939	0.8952376021	0.8943287469	0.8949305564	0.8941921447	0.8942434810	0.8941702318	0.8940264726	0.8943291887	0.8943418239	0.8934252815	0.8935841500	0.8939339612	0.8948463508	0.8941764169	0.8950111394	0.8945682867	0.8917443500	0.8935110776	0.8943821154	0.8938669855	0.8931509285	0.8920164057	0.8937725303	0.8928579318	0.8941176585	0.8942307573	0.8935268938	0.8936737455	0.8939592318	0.8938226296	0.8932068594	0.8946546129	0.8942597389	0.8939195588	0.8942245722	0.8938179466	0.8952544786	0.8941412502	0.8953787990	0.8941134173	0.8958518702	0.8959135444	0.8940069453	0.8945870187	0.8936976023	0.8936827581	0.8935336090	0.8948826661	0.8941628097	0.8944893826	0.8947898014
0.8959994289	0.8968967091	0.8958737831	0.8936553670	1.0000000000	0.8942991468	0.8954101662	0.8952116247	0.8933112991	0.8949790652	0.8952702064	0.8952919426	0.8952953886	0.8953259606	0.8947121343	0.8954527550	0.8950418881	0.8943212364	0.8955230000	0.8946949044	0.8965711082	0.8958237722	0.8962646810	0.8940469717	0.8951272424	0.8953969124	0.8946616816	0.8949555619	0.8957964694	0.8952423735	0.8953825984	0.8952031423	0.8956347734	0.8955597571	0.8946234224	0.8941545923	0.8956458182	0.8953295833	0.8957541457	0.8941349768	0.8947620568	0.8960881408	0.8961957614	0.8951342227	0.8962081316	0.8957989435	0.8952659652	0.8950047775	0.8948323018	0.8947559601	0.8956099447	0.8952779819	0.8951218525	0.8949879894	0.8946017746	0.8954318140	0.8946449818	0.8949999178	0.8954417102	0.8947193797	0.8962041554	0.8948853169	0.8953837470	0.8954068969	0.8936248833	0.8955004686	0.8954605305	0.8949068764	0.8946057507	0.8938587682	0.8953957638	0.8940658804	0.8951831733	0.8945006925	0.8951273307	0.8943695685	0.8951454442	0.8947564902	0.8943520735	0.8962994059	0.8947092185	0.8947551649	0.8952568643	0.8962261567	0.8959688568	0.8954750213	0.8955483589	0.8945340920	0.8963384603	0.8966090139	0.8951327206	0.8946722846	0.8951785787	0.8951586096	0.8945344454	0.8947473893	0.8946819157	0.8957856897	0.8942869533
0.8951436771	0.8953627177	0.8947022381	0.8944483843	0.8942991468	1.0000000000	0.8941426639	0.8937348896	0.8927662157	0.8939176149	0.8941712921	0.8931866253	0.8945972683	0.8942327012	0.8938167979	0.8948313299	0.8942119370	0.8947173474	0.8940144558	0.8936138385	0.8939679792	0.8931416508	0.8948402541	0.8933090901	0.8943559613	0.8944126874	0.8948086217	0.8942399466	0.8946941975	0.8946329651	0.8939549905	0.8944389299	0.8946869521	0.8946619467	0.8944773658	0.8945574186	0.8936634960	0.8946065459	0.8943116937	0.8929957710	0.8934652195	0.8948029668	0.8950615037	0.8939736342	0.8952712667	0.8945051104	0.8942066355	0.8946206833	0.8947758407	0.8935324603	0.8943802599	0.8940097728	0.8940063268	0.8945302042	0.8941010471	0.8943576401	0.8934294344	0.8936861157	0.8939568461	0.8933393087	0.8950345543	0.8939730157	0.8951638228	0.8950270439	0.8923782336	0.8936934495	0.8948152486	0.8942172385	0.8937773900	0.8931880390	0.8940455580	0.8928508631	0.8939603804	0.8942355287	0.8935327254	0.8932406123	0.8950149388	0.8932016462	0.8938183000	0.8945063474	0.8940725957	0.8936997229	0.8949454007	0.8949558269	0.8953050196	0.8940030576	0.8948292093	0.8934899599	0.8952275292	0.8949833064	0.8945420442	0.8941611309	0.8935675387	0.8946237758	0.8955222047	0.8952269107	0.8947751339	0.8944626983	0.8937097074
0.8955234418	0.8963108041	0.8955556043	0.8947700091	0.8954101662	0.8941426639	1.0000000000	0.8951399660	0.8931240675	0.8959882073	0.8955558693	0.8945241958	0.8954569962	0.8957574150	0.8940255006	0.8947595828	0.8949004262	0.8943121355	0.8946580589	0.8948768345	0.8955619661	0.8943929835	0.8948657013	0.8933792468	0.8964141835	0.8945044035	0.8943818503	0.8952217859	0.8953072286	0.8950934894	0.8949506138	0.8944892942	0.8944854948	0.8952530648	0.8948309764	0.8946524923	0.8952548320	0.8957168585	0.8948879676	0.8937215475	0.8951761930	0.8957349719	0.8957913447	0.8947022381	0.8956616344	0.8953614807	0.8949675786	0.8945058173	0.8952559807	0.8940170182	0.8947190262	0.8951131934	0.8950581461	0.8953305552	0.8949194233	0.8946165304	0.8952022587	0.8950636243	0.8943599374	0.8949506138	0.8953402747	0.8942377377	0.8954661855	0.8954706034	0.8928988417	0.8947168173	0.8957454866	0.8949567989	0.8939523398	0.8942200660	0.8949609517	0.8938995014	0.8953193337	0.8944039399	0.8946997641	0.8942468386	0.8948726816	0.8948129513	0.8945924969	0.8946277519	0.8941316191	0.8950074283	0.8951334275	0.8947798169	0.8959261797	0.8947138131	0.8951870611	0.8943777858	0.8961787965	0.8950092838	0.8950085770	0.8947909500	0.8936445872	0.8939951937	0.8953396561	0.8946239525	0.8941988599	0.8948452905	0.8948781599
0.8963161056	0.8952316821	0.8947834396	0.8936834650	0.8952116247	0.8937348896	0.8951399660	1.0000000000	0.8926818333	0.8954208576	0.8952769216	0.8952641980	0.8959047086	0.8947512771	0.8946453353	0.8947252113	0.8947087767	0.8950001829	0.8947742503	0.8941956790	0.8948292093	0.8944015543	0.8946705174	0.8935507505	0.8954919862	0.8946038068	0.8947438550	0.8949709362	0.8952154241	0.8948550099	0.8949464610	0.8947708927	0.8956826637	0.8963026751	0.8949538831	0.8939830002	0.8955143408	0.8954315490	0.8947910384	0.8938753796	0.8941509696	0.8952595150	0.8946950811	0.8951676222	0.8954604422	0.8955494192	0.8954856243	0.8953810079	0.8957591822	0.8945230472	0.8951501272	0.8948743604	0.8956133023	0.8951381988	0.8952404296	0.8943094847	0.8941853411	0.8953215427	0.8944181657	0.8946750237	0.8951155791	0.8941484072	0.8947003826	0.8947214119	0.8929736814	0.8948206385	0.8958422391	0.8942927850	0.8951251218	0.8936527162	0.8946599144	0.8941586568	0.8950248349	0.8948398123	0.8953188919	0.8944335400	0.8945085564	0.8947451804	0.8939641798	0.8935799088	0.8944188725	0.8944407854	0.8944531556	0.8951280376	0.8955949238	0.8948559819	0.8946801485	0.8934439252	0.8953567977	0.8960007542	0.8945140346	0.8939141689	0.8944404320	0.8937261421	0.8948970686	0.8940967175	0.8948031435	0.8948065011	0.8950678655
0.8942676912	0.8941836623	0.8928976047	0.8918536494	0.8933112991	0.8927662157	0.8931240675	0.8926818333	1.0000000000	0.8926480804	0.8933189863	0.8922841319	0.8934719348	0.8928495377	0.8920992859	0.8932824059	0.8935755793	0.8934525843	0.8928581968	0.8922767981	0.8931285738	0.8927330813	0.8931725763	0.8917843763	0.8935746957	0.8930168003	0.8925471750	0.8926268744	0.8929031713	0.8931704557	0.8930735264	0.8930200696	0.8932212618	0.8928968979	0.8929591906	0.8928467986	0.8928811700	0.8931972283	0.8932206433	0.8920786101	0.8932213502	0.8938900471	0.8934952614	0.8925678509	0.8937025504	0.8922973856	0.8927245105	0.8929392216	0.8935808808	0.8925255272	0.8928788727	0.8931189427	0.8931048937	0.8931012710	0.8929737697	0.8926830704	0.8925993949	0.8921449673	0.8926023107	0.8924912441	0.8943135492	0.8924797575	0.8940733025	0.8929859632	0.8915338801	0.8923413882	0.8933820742	0.8935957250	0.8927527852	0.8918405723	0.8930055788	0.8922406595	0.8930577103	0.8932321299	0.8932851450	0.8919717847	0.8932394636	0.8927294586	0.8928581968	0.8930484326	0.8924008534	0.8922557688	0.8926088492	0.8935295445	0.8939190287	0.8930145030	0.8931219469	0.8917646724	0.8940463532	0.8937468180	0.8932025298	0.8920244463	0.8919297260	0.8926102630	0.8927018024	0.8935564055	0.8921676754	0.8929735047	0.8923493404
0.8954470117	0.8955953656	0.8947007360	0.8944836393	0.8949790652	0.8939176149	0.8959882073	0.8954208576	0.8926480804	1.0000000000	0.8961926688	0.8943558729	0.8952860226	0.8957479606	0.8943148746	0.8953910808	0.8949544132	0.8944818721	0.8947961632	0.8943420007	0.8952513860	0.8943549010	0.8963719482	0.8944631401	0.8955616126	0.8948929157	0.8949438986	0.8946744052	0.8955495959	0.8956378660	0.8954223597	0.8948338039	0.8948860238	0.8954220946	0.8944338051	0.8945451368	0.8959621416	0.8951304233	0.8944340702	0.8935846802	0.8952384857	0.8952761264	0.8957472538	0.8946422427	0.8959971315	0.8953484920	0.8942818285	0.8956310624	0.8956068522	0.8948955665	0.8949696992	0.8952127734	0.8959391684	0.8950643312	0.8944331866	0.8945464622	0.8940135722	0.8948253215	0.8946820040	0.8942581485	0.8950109626	0.8942777640	0.8955297152	0.8950205937	0.8922123848	0.8949611285	0.8964923808	0.8945552096	0.8943019743	0.8941706736	0.8943110752	0.8938972925	0.8948449371	0.8943812318	0.8948597813	0.8946837712	0.8950053077	0.8951680640	0.8943824688	0.8955161964	0.8945697888	0.8941704085	0.8950476314	0.8949502604	0.8955449129	0.8955838790	0.8957084644	0.8936685324	0.8960405155	0.8957916981	0.8950666285	0.8938323490	0.8944310660	0.8944227603	0.8950061029	0.8945125325	0.8945638688	0.8950839467	0.8948883211
0.8968306170	0.8955401415	0.8955854694	0.8942486941	0.8952702064	0.8941712921	0.8955558693	0.8952769216	0.8933189863	0.8961926688	1.0000000000	0.8945980635	0.8956483806	0.8947151385	0.8948122444	0.8952006683	0.8958361424	0.8955661189	0.8953096143	0.8940651736	0.8952995414	0.8949323236	0.8953074937	0.8935510156	0.8954857127	0.8950631825	0.8951415565	0.8946778512	0.8957407152	0.8958012408	0.8955760151	0.8953981495	0.8957421290	0.8956109167	0.8945676682	0.8950591180	0.8960258480	0.8953151809	0.8956029644	0.8943123122	0.8943572867	0.8951917441	0.8967028506	0.8940262958	0.8954041578	0.8951135468	0.8956205477	0.8955122202	0.8957421290	0.8950255418	0.8959274167	0.8956226683	0.8941736778	0.8950898668	0.8948358361	0.8945331200	0.8951616138	0.8944995438	0.8946495765	0.8950497520	0.8954429472	0.8944946841	0.8958553162	0.8960106504	0.8930384481	0.8953211892	0.8953204824	0.8950608852	0.8947267134	0.8944519186	0.8948757742	0.8941332979	0.8958254510	0.8950848303	0.8959509201	0.8942896041	0.8945127092	0.8957384179	0.8941600706	0.8945597159	0.8943053319	0.8951435003	0.8949454007	0.8953463714	0.8962861521	0.8951676222	0.8961856885	0.8943219433	0.8957495511	0.8958313710	0.8954364087	0.8942777640	0.8943885656	0.8944581920	0.8945636921	0.8959198179	0.8950637126	0.8954148492	0.8947694789
0.8961249862	0.8960303543	0.8949605983	0.8943635601	0.8952919426	0.8931866253	0.8945241958	0.8952641980	0.8922841319	0.8943558729	0.8945980635	1.0000000000	0.8949598914	0.8940080940	0.8941532670	0.8943515434	0.8947201749	0.8939857393	0.8933750939	0.8934088468	0.8947936008	0.8952730339	0.8943622347	0.8935296329	0.8947952796	0.8936846136	0.8944580153	0.8939183218	0.8952197537	0.8939944868	0.8949106758	0.8947881226	0.8950501054	0.8951491553	0.8942727276	0.8936308917	0.8952452893	0.8945263164	0.8947699207	0.8944434362	0.8943415589	0.8947695673	0.8952788655	0.8944824023	0.8947508353	0.8944202863	0.8950287227	0.8941186304	0.8941158030	0.8943867100	0.8943965178	0.8945052871	0.8945900229	0.8937722652	0.8945861351	0.8939430622	0.8943571983	0.8944659676	0.8934530261	0.8948422863	0.8939818515	0.8943313976	0.8948079149	0.8945990354	0.8930343836	0.8944241740	0.8949919656	0.8944734781	0.8932562518	0.8931203564	0.8947305128	0.8938046044	0.8950383538	0.8937424884	0.8945910832	0.8940391962	0.8950384421	0.8940875283	0.8937502640	0.8951243266	0.8945949710	0.8945161552	0.8948446720	0.8950395908	0.8950240397	0.8949447821	0.8951805225	0.8937795990	0.8955157546	0.8953036943	0.8946844781	0.8939522514	0.8948740070	0.8938492255	0.8942012456	0.8948238194	0.8937300299	0.8956164832	0.8951559589
0.8967483553	0.8969048381	0.8955346633	0.8947137247	0.8952953886	0.8945972683	0.8954569962	0.8959047086	0.8934719348	0.8952860226	0.8956483806	0.8949598914	1.0000000000	0.8950700745	0.8941374508	0.8954992315	0.8954762583	0.8950569090	0.8946950811	0.8937940014	0.8955521583	0.8954374690	0.8956134790	0.8948665849	0.8952194886	0.8949245481	0.8946892494	0.8949529111	0.8957035163	0.8947403206	0.8954932232	0.8956454648	0.8965416848	0.8959172555	0.8950033638	0.8959901512	0.8950066331	0.8956558028	0.8954397663	0.8948687055	0.8950311967	0.8956573049	0.8959038250	0.8949106758	0.8957990318	0.8947709810	0.8945454902	0.8948945062	0.8956639317	0.8951608186	0.8955777822	0.8951394359	0.8945268466	0.8954041578	0.8959239707	0.8945832193	0.8940042062	0.8940953038	0.8950027453	0.8943638252	0.8956199292	0.8949464610	0.8950631825	0.8952786004	0.8931261881	0.8947897130	0.8960631353	0.8958127274	0.8942226284	0.8937096191	0.8960556248	0.8939133737	0.8950053961	0.8949023701	0.8949514974	0.8952209907	0.8955969560	0.8951238848	0.8940456463	0.8955798145	0.8946031883	0.8948908835	0.8949341791	0.8951294513	0.8964544750	0.8957137659	0.8956285883	0.8946657461	0.8967003766	0.8963214955	0.8965832133	0.8942769688	0.8944877921	0.8959718610	0.8956652571	0.8962544314	0.8951541034	0.8952226695	0.8945633386
0.8958762571	0.8960279686	0.8948253215	0.8945447833	0.8953259606	0.8942327012	0.8957574150	0.8947512771	0.8928495377	0.8957479606	0.8947151385	0.8940080940	0.8950700745	1.0000000000	0.8949192465	0.8943083361	0.8949634258	0.8952074719	0.8950126414	0.8943183206	0.8950331406	0.8950119346	0.8951237964	0.8944979534	0.8956314158	0.8946672482	0.8939026823	0.8939823817	0.8954612374	0.8941737661	0.8954933999	0.8943262728	0.8953598019	0.8953515845	0.8946391502	0.8951776067	0.8943517201	0.8956812500	0.8958914548	0.8937147439	0.8943674479	0.8949910820	0.8956968894	0.8945651941	0.8956520033	0.8952463496	0.8940999868	0.8949789769	0.8952099459	0.8939771685	0.8956760368	0.8951809643	0.8941230484	0.8955444711	0.8945178340	0.8940269143	0.8934687539	0.8936853205	0.8945461087	0.8948581025	0.8948301812	0.8941833972	0.8956629598	0.8953374472	0.8925841972	0.8945903763	0.8959860867	0.8945665195	0.8943737213	0.8938418033	0.8940320391	0.8938607121	0.8950243048	0.8953971775	0.8952300033	0.8937786270	0.8949821578	0.8953871930	0.8935953716	0.8947936008	0.8952110946	0.8944619915	0.8951598467	0.8948944178	0.8953743810	0.8946893378	0.8955232651	0.8941907309	0.8963038238	0.8954039811	0.8949399224	0.8944483843	0.8945590091	0.8939889202	0.8939546371	0.8952224045	0.8944080044	0.8960451102	0.8947015313
0.8951984593	0.8950191800	0.8940236451	0.8930657509	0.8947121343	0.8938167979	0.8940255006	0.8946453353	0.8920992859	0.8943148746	0.8948122444	0.8941532670	0.8941374508	0.8949192465	1.0000000000	0.8948933575	0.8944368976	0.8946162653	0.8949264919	0.8935530479	0.8947158453	0.8939902456	0.8947252113	0.8929362174	0.8945924086	0.8943409403	0.8940462648	0.8934291693	0.8948569538	0.8949416896	0.8947155803	0.8935581727	0.8948786900	0.8945829542	0.8946334069	0.8939489822	0.8944258528	0.8947360794	0.8948821360	0.8931951077	0.8943426192	0.8944230254	0.8951678873	0.8943601141	0.8947557834	0.8940758649	0.8942925199	0.8947168173	0.8954846524	0.8938198021	0.8948082683	0.8940452929	0.8946962298	0.8940007602	0.8947248579	0.8934945546	0.8939643565	0.8934820077	0.8940061501	0.8943483625	0.8952047328	0.8935524294	0.8956459066	0.8947856485	0.8922745008	0.8936337191	0.8949168609	0.8946130844	0.8936823163	0.8930309377	0.8941745613	0.8932603162	0.8948087985	0.8939552556	0.8941438126	0.8931174406	0.8945749136	0.8944789563	0.8944221418	0.8943421774	0.8937810127	0.8946596494	0.8946737867	0.8952703831	0.8950323454	0.8944761288	0.8947601129	0.8935852103	0.8948359245	0.8947569320	0.8946298725	0.8943394383	0.8935712497	0.8932720679	0.8946227155	0.8934913737	0.8939063934	0.8943446514	0.8940845241
0.8956573932	0.8953522914	0.8952090623	0.8943400568	0.8954527550	0.8948313299	0.8947595828	0.8947252113	0.8932824059	0.8953910808	0.8952006683	0.8943515434	0.8954992315	0.8943083361	0.8948933575	1.0000000000	0.8954330511	0.8947581690	0.8956687031	0.8947941309	0.8952479401	0.8949554735	0.8952378672	0.8937800408	0.8956454648	0.8948332738	0.8953269325	0.8946117591	0.8955843208	0.8952728571	0.8957887823	0.8962140516	0.8950753760	0.8950910154	0.8957246340	0.8938853641	0.8944765706	0.8956352152	0.8957901076	0.8941433708	0.8943597607	0.8955382860	0.8953985029	0.8948722398	0.8958738715	0.8947093952	0.8946726380	0.8951124865	0.8956488224	0.8939459780	0.8955222047	0.8951439421	0.8956469669	0.8949619237	0.8951373152	0.8955214979	0.8940723306	0.8943825572	0.8948766578	0.8950181197	0.8960110922	0.8943358156	0.8960723246	0.8955980163	0.8922296147	0.8945537075	0.8952591616	0.8958200612	0.8941617494	0.8937468180	0.8953218077	0.8940611974	0.8950443621	0.8949044023	0.8956109167	0.8939723972	0.8954293400	0.8944027913	0.8946296075	0.8951045343	0.8941151845	0.8941305588	0.8949271988	0.8957386830	0.8956823103	0.8948610183	0.8949592729	0.8938174164	0.8957108501	0.8956205477	0.8949180979	0.8950187382	0.8939504843	0.8944078277	0.8951664735	0.8950106092	0.8948567771	0.8946809437	0.8951598467
0.8958164385	0.8960188677	0.8954824434	0.8944987486	0.8950418881	0.8942119370	0.8949004262	0.8947087767	0.8935755793	0.8949544132	0.8958361424	0.8947201749	0.8954762583	0.8949634258	0.8944368976	0.8954330511	1.0000000000	0.8947784915	0.8948270003	0.8938195370	0.8950033638	0.8948043805	0.8953861327	0.8932164904	0.8950820912	0.8951024137	0.8947741619	0.8948452021	0.8950591180	0.8956616344	0.8949840133	0.8946951695	0.8955768986	0.8951595816	0.8951435887	0.8933343606	0.8949342675	0.8956398099	0.8954492207	0.8941446078	0.8950311084	0.8953223379	0.8954105196	0.8946755539	0.8962978154	0.8950022151	0.8937547703	0.8951017068	0.8948357478	0.8948477645	0.8955011754	0.8959474741	0.8946075179	0.8950702512	0.8946911050	0.8946810321	0.8947767243	0.8945403654	0.8951325439	0.8952761264	0.8966041542	0.8942532887	0.8955250322	0.8954707801	0.8927215947	0.8935275123	0.8952291197	0.8951478299	0.8940260308	0.8939723088	0.8953216310	0.8944713575	0.8954983480	0.8937281744	0.8951772533	0.8936990161	0.8943391732	0.8944285920	0.8947255648	0.8945768575	0.8945977984	0.8944693252	0.8950042474	0.8962564636	0.8955773404	0.8946079596	0.8954236851	0.8944394600	0.8954037160	0.8949048441	0.8950069865	0.8944930053	0.8941231367	0.8947363445	0.8953364752	0.8954598237	0.8938150307	0.8950313734	0.8948004044
0.8965499905	0.8955311290	0.8949005145	0.8945266699	0.8943212364	0.8947173474	0.8943121355	0.8950001829	0.8934525843	0.8944818721	0.8955661189	0.8939857393	0.8950569090	0.8952074719	0.8946162653	0.8947581690	0.8947784915	1.0000000000	0.8947766360	0.8930320863	0.8951929811	0.8947232675	0.8961792383	0.8937355081	0.8948790434	0.8949177444	0.8951284794	0.8937230496	0.8952646398	0.8958235071	0.8954634464	0.8945553864	0.8957198626	0.8961741135	0.8945609529	0.8942525819	0.8947336938	0.8952554505	0.8953380657	0.8945282603	0.8947856485	0.8950261603	0.8961864837	0.8952424618	0.8949922306	0.8944381347	0.8944070325	0.8944824906	0.8955118668	0.8955083325	0.8959070942	0.8950469245	0.8954693664	0.8947862670	0.8952152474	0.8949816276	0.8936333657	0.8939354633	0.8948522708	0.8948603114	0.8961848049	0.8945360359	0.8951500389	0.8952041143	0.8922944698	0.8947367863	0.8948684404	0.8949799488	0.8946641556	0.8931952844	0.8956314158	0.8938240433	0.8954882751	0.8951328973	0.8947681536	0.8944659676	0.8949689924	0.8954364087	0.8938589449	0.8945270233	0.8937873745	0.8938932280	0.8944369860	0.8953460180	0.8953877232	0.8948274421	0.8950658332	0.8947110740	0.8964986542	0.8960513836	0.8951123098	0.8945117373	0.8943581703	0.8935903351	0.8947032984	0.8945502616	0.8950714882	0.8947035635	0.8948459974
0.8966262438	0.8948162206	0.8945724395	0.8947055958	0.8955230000	0.8940144558	0.8946580589	0.8947742503	0.8928581968	0.8947961632	0.8953096143	0.8933750939	0.8946950811	0.8950126414	0.8949264919	0.8956687031	0.8948270003	0.8947766360	1.0000000000	0.8941043164	0.8957150913	0.8949919656	0.8948657897	0.8936813444	0.8954108731	0.8950136134	0.8949212788	0.8947866205	0.8950093722	0.8949559153	0.8953636897	0.8941757100	0.8961903715	0.8953095259	0.8955267994	0.8948234660	0.8954770536	0.8949215439	0.8953715536	0.8948075614	0.8946593843	0.8955376675	0.8954307537	0.8948118910	0.8952856691	0.8945659894	0.8946138797	0.8954898655	0.8957289636	0.8948803688	0.8957772957	0.8953073169	0.8962005327	0.8950346427	0.8941327678	0.8944870853	0.8943834408	0.8945915250	0.8954846524	0.8948216988	0.8953833052	0.8948027901	0.8949716431	0.8955392579	0.8925944468	0.8944679115	0.8956566863	0.8952606637	0.8943221200	0.8938389759	0.8954406499	0.8935378502	0.8955756616	0.8940733909	0.8955882085	0.8937019319	0.8954290749	0.8953186268	0.8950370284	0.8951928044	0.8942066355	0.8946558499	0.8947631171	0.8942414487	0.8957173886	0.8952396344	0.8950830631	0.8937924110	0.8958397651	0.8960795700	0.8953507893	0.8945756204	0.8941226949	0.8944950375	0.8944710040	0.8953199522	0.8943254776	0.8947980187	0.8954361436
0.8941640467	0.8939054214	0.8940134839	0.8930707873	0.8946949044	0.8936138385	0.8948768345	0.8941956790	0.8922767981	0.8943420007	0.8940651736	0.8934088468	0.8937940014	0.8943183206	0.8935530479	0.8947941309	0.8938195370	0.8930320863	0.8941043164	1.0000000000	0.8939648867	0.8952579246	0.8941375391	0.8928039447	0.8945518520	0.8948204618	0.8947882109	0.8937446974	0.8948075614	0.8944920333	0.8945652825	0.8943571983	0.8951148722	0.8946312863	0.8939660354	0.8938161794	0.8931535792	0.8944194910	0.8949136800	0.8931435947	0.8939961656	0.8947954563	0.8942584135	0.8945708491	0.8952059698	0.8945894927	0.8942293436	0.8938780303	0.8938548804	0.8948925623	0.8945832193	0.8938605353	0.8946832411	0.8939260973	0.8934750273	0.8940829336	0.8939485404	0.8940813432	0.8935188531	0.8935576425	0.8943366108	0.8939987280	0.8939993465	0.8946694571	0.8921176645	0.8941869315	0.8949657231	0.8938720219	0.8933321517	0.8927367923	0.8941930283	0.8932782530	0.8935734587	0.8937908205	0.8939016220	0.8938645115	0.8946327884	0.8931225654	0.8935630324	0.8942339382	0.8934631873	0.8937029922	0.8938592100	0.8945579488	0.8954830619	0.8937345362	0.8943364341	0.8937853423	0.8953260489	0.8950560255	0.8934321735	0.8937998331	0.8940369872	0.8942743181	0.8941188072	0.8936582828	0.8938762632	0.8939485404	0.8938889868
0.8972198361	0.8957130590	0.8953943500	0.8946488696	0.8965711082	0.8939679792	0.8955619661	0.8948292093	0.8931285738	0.8952513860	0.8952995414	0.8947936008	0.8955521583	0.8950331406	0.8947158453	0.8952479401	0.8950033638	0.8951929811	0.8957150913	0.8939648867	1.0000000000	0.8948244379	0.8951768115	0.8940711819	0.8957164167	0.8948024366	0.8947512771	0.8944467938	0.8961522006	0.8948972453	0.8958516051	0.8950329639	0.8963078883	0.8948431699	0.8949028119	0.8953834819	0.8954994966	0.8954474535	0.8956507663	0.8952652583	0.8954309304	0.8957446030	0.8964145369	0.8948656130	0.8956656105	0.8959687685	0.8942991468	0.8955640867	0.8960608380	0.8956305322	0.8961294925	0.8957250758	0.8956497060	0.8953606855	0.8951974874	0.8948779831	0.8939907757	0.8947078047	0.8950407394	0.8948697658	0.8960154217	0.8950669819	0.8957954975	0.8955696532	0.8930463120	0.8946743169	0.8960606613	0.8950943730	0.8946624768	0.8931243326	0.8948072964	0.8941922330	0.8951990778	0.8952877897	0.8951103659	0.8937719118	0.8955768103	0.8951009116	0.8940613741	0.8966599084	0.8946019513	0.8945328549	0.8959743350	0.8955684162	0.8960499699	0.8956745348	0.8956596905	0.8938956137	0.8966982560	0.8963487099	0.8951738957	0.8949861339	0.8944623449	0.8949104991	0.8951195552	0.8950552302	0.8949821578	0.8953241051	0.8954554057
0.8962100754	0.8952219627	0.8944049119	0.8942132624	0.8958237722	0.8931416508	0.8943929835	0.8944015543	0.8927330813	0.8943549010	0.8949323236	0.8952730339	0.8954374690	0.8950119346	0.8939902456	0.8949554735	0.8948043805	0.8947232675	0.8949919656	0.8952579246	0.8948244379	1.0000000000	0.8946023047	0.8932475043	0.8949238412	0.8945179224	0.8936390207	0.8938689294	0.8943687733	0.8950729019	0.8946225388	0.8953146507	0.8963725667	0.8947438550	0.8946978202	0.8938481652	0.8955629380	0.8957084644	0.8954068969	0.8940862029	0.8940260308	0.8947270669	0.8954857127	0.8945551213	0.8947040937	0.8952956536	0.8941190722	0.8943313093	0.8950341126	0.8946767909	0.8957401851	0.8947388185	0.8946565568	0.8948275304	0.8938277544	0.8941702318	0.8943396150	0.8939325475	0.8943676246	0.8952237298	0.8951737189	0.8932623485	0.8948170158	0.8942934035	0.8913563679	0.8945076728	0.8958417090	0.8943903327	0.8940102146	0.8929827823	0.8944761288	0.8933188979	0.8955528651	0.8940039411	0.8944047352	0.8940018205	0.8942532004	0.8945453135	0.8929081194	0.8949681971	0.8942048683	0.8935768163	0.8946941975	0.8950073399	0.8949958533	0.8947833512	0.8956199292	0.8936863808	0.8956911461	0.8944792214	0.8954600004	0.8938979110	0.8945218985	0.8945616598	0.8941969160	0.8950402093	0.8937181015	0.8951844987	0.8944486493
0.8962819992	0.8966964888	0.8955516281	0.8956515616	0.8962646810	0.8948402541	0.8948657013	0.8946705174	0.8931725763	0.8963719482	0.8953074937	0.8943622347	0.8956134790	0.8951237964	0.8947252113	0.8952378672	0.8953861327	0.8961792383	0.8948657897	0.8941375391	0.8951768115	0.8946023047	1.0000000000	0.8940724190	0.8951364317	0.8949047558	0.8948438768	0.8953614807	0.8959443815	0.8961079331	0.8966547836	0.8956926482	0.8968083507	0.8962887145	0.8950666285	0.8944375162	0.8957175653	0.8962469209	0.8958520469	0.8943993453	0.8956095913	0.8959474741	0.8961310830	0.8949596264	0.8959483577	0.8957457517	0.8952198421	0.8951187600	0.8962718380	0.8948653479	0.8966518678	0.8951182298	0.8956709121	0.8950470129	0.8954885402	0.8953830402	0.8941994784	0.8950239513	0.8949843667	0.8954987014	0.8966788171	0.8956524451	0.8959064757	0.8947427947	0.8931783196	0.8956793061	0.8948672918	0.8950793521	0.8945387750	0.8933139498	0.8955767219	0.8934569138	0.8952856691	0.8943167301	0.8955016172	0.8937966522	0.8955517165	0.8959085080	0.8943754002	0.8955202609	0.8941400132	0.8949096155	0.8957400084	0.8963413761	0.8961644825	0.8964446672	0.8959832593	0.8947123994	0.8970670643	0.8964522660	0.8955137223	0.8949064346	0.8941651070	0.8950571741	0.8950794405	0.8950584111	0.8946400338	0.8951373152	0.8950137901
0.8950300481	0.8947355493	0.8939745178	0.8932696822	0.8940469717	0.8933090901	0.8933792468	0.8935507505	0.8917843763	0.8944631401	0.8935510156	0.8935296329	0.8948665849	0.8944979534	0.8929362174	0.8937800408	0.8932164904	0.8937355081	0.8936813444	0.8928039447	0.8940711819	0.8932475043	0.8940724190	1.0000000000	0.8950159991	0.8942177686	0.8929011391	0.8939169080	0.8947343123	0.8941745613	0.8943034764	0.8936057095	0.8955746013	0.8940487389	0.8934536446	0.8933509720	0.8935906886	0.8944054420	0.8943148746	0.8931933405	0.8938578846	0.8943436795	0.8949994760	0.8936864692	0.8946340254	0.8937752694	0.8941474353	0.8933030817	0.8942271346	0.8939111647	0.8937967405	0.8938362368	0.8939626777	0.8938122033	0.8944566016	0.8938310236	0.8927547291	0.8930562965	0.8929009623	0.8932566052	0.8938229830	0.8925886152	0.8938578846	0.8948731234	0.8916964597	0.8938150307	0.8946205066	0.8946615049	0.8938019537	0.8926409234	0.8935995244	0.8932391102	0.8932743652	0.8937976241	0.8942266928	0.8931893644	0.8943139027	0.8933069695	0.8927159397	0.8939905107	0.8938766166	0.8929933853	0.8928707438	0.8937845471	0.8953089074	0.8931680700	0.8936167543	0.8922435753	0.8948839915	0.8943084244	0.8936135734	0.8936938913	0.8931333451	0.8936044725	0.8940849659	0.8936216140	0.8935162024	0.8944884990	0.8935400592
0.8963699159	0.8959653225	0.8954497508	0.8951382872	0.8951272424	0.8943559613	0.8964141835	0.8954919862	0.8935746957	0.8955616126	0.8954857127	0.8947952796	0.8952194886	0.8956314158	0.8945924086	0.8956454648	0.8950820912	0.8948790434	0.8954108731	0.8945518520	0.8957164167	0.8949238412	0.8951364317	0.8950159991	1.0000000000	0.8947922754	0.8947646192	0.8949466377	0.8961042220	0.8960125943	0.8952892035	0.8952636679	0.8953162412	0.8953592717	0.8953952336	0.8952915008	0.8950436553	0.8951890050	0.8955630264	0.8943391732	0.8954306654	0.8958263346	0.8953546771	0.8959348388	0.8961044871	0.8954761700	0.8951004698	0.8955396114	0.8955093928	0.8951184949	0.8961364728	0.8953856909	0.8956351269	0.8944022611	0.8952767449	0.8951427935	0.8952209907	0.8949918772	0.8948257633	0.8947871506	0.8958964029	0.8946636255	0.8952862876	0.8964229310	0.8931640939	0.8952049095	0.8969872766	0.8957714640	0.8941764169	0.8936524511	0.8951207039	0.8946878357	0.8955541905	0.8946695455	0.8944597825	0.8943740748	0.8953856909	0.8952324773	0.8946550547	0.8947839697	0.8945873721	0.8940528034	0.8958586738	0.8958855348	0.8965162375	0.8956809849	0.8949635141	0.8943862682	0.8968482003	0.8959587840	0.8957642186	0.8953080238	0.8953702282	0.8945596276	0.8957879870	0.8951973990	0.8951435887	0.8957306424	0.8952920309
0.8964513824	0.8955553392	0.8956665825	0.8941020190	0.8953969124	0.8944126874	0.8945044035	0.8946038068	0.8930168003	0.8948929157	0.8950631825	0.8936846136	0.8949245481	0.8946672482	0.8943409403	0.8948332738	0.8951024137	0.8949177444	0.8950136134	0.8948204618	0.8948024366	0.8945179224	0.8949047558	0.8942177686	0.8947922754	1.0000000000	0.8944894709	0.8946847432	0.8954539037	0.8948697658	0.8962445352	0.8951806109	0.8959070059	0.8950630941	0.8946556732	0.8936116295	0.8949367415	0.8945598926	0.8949922306	0.8947528675	0.8945787130	0.8946746703	0.8953341779	0.8939425320	0.8949323236	0.8954652135	0.8947675350	0.8955012638	0.8953818031	0.8942766154	0.8948616368	0.8952167495	0.8951516293	0.8951943065	0.8946068110	0.8942427741	0.8951206155	0.8942399466	0.8935244197	0.8943612628	0.8957239271	0.8945492896	0.8950950799	0.8948651712	0.8923743459	0.8940290349	0.8950949915	0.8955618777	0.8946309329	0.8942472804	0.8940192272	0.8939215910	0.8951412030	0.8947785799	0.8946748470	0.8943374944	0.8946719312	0.8947666515	0.8945808336	0.8948673801	0.8940687079	0.8939013570	0.8951807876	0.8953085540	0.8957492860	0.8953165946	0.8945332084	0.8944793981	0.8954607956	0.8950571741	0.8947574622	0.8942395932	0.8933816324	0.8951429702	0.8946875706	0.8945196895	0.8949382436	0.8946440099	0.8938779420
0.8964933527	0.8945287021	0.8947551649	0.8936267388	0.8946616816	0.8948086217	0.8943818503	0.8947438550	0.8925471750	0.8949438986	0.8951415565	0.8944580153	0.8946892494	0.8939026823	0.8940462648	0.8953269325	0.8947741619	0.8951284794	0.8949212788	0.8947882109	0.8947512771	0.8936390207	0.8948438768	0.8929011391	0.8947646192	0.8944894709	1.0000000000	0.8943001187	0.8949849852	0.8949674019	0.8952000498	0.8945383332	0.8956888488	0.8949302914	0.8950996745	0.8938592983	0.8953088190	0.8948641109	0.8944494446	0.8939349332	0.8945602461	0.8944190492	0.8951900653	0.8936998113	0.8953413350	0.8943846778	0.8947268018	0.8956702935	0.8963340424	0.8949245481	0.8952034957	0.8949844551	0.8956113584	0.8945484944	0.8944252343	0.8943725727	0.8940038528	0.8944285920	0.8939261857	0.8942084910	0.8959597559	0.8936907104	0.8954475418	0.8943951925	0.8934518774	0.8949130614	0.8952334493	0.8947174358	0.8942712255	0.8940017322	0.8940334529	0.8935931626	0.8954434774	0.8947286573	0.8947693022	0.8937316203	0.8949441636	0.8943919232	0.8940025274	0.8940390195	0.8938843038	0.8947512771	0.8940007602	0.8954019489	0.8958663610	0.8937290579	0.8950660983	0.8936015567	0.8955103647	0.8945788897	0.8944253227	0.8943324579	0.8936807259	0.8945627201	0.8941990366	0.8946913700	0.8946555849	0.8943813202	0.8945334735
0.8957106734	0.8954151143	0.8953927596	0.8941611309	0.8949555619	0.8942399466	0.8952217859	0.8949709362	0.8926268744	0.8946744052	0.8946778512	0.8939183218	0.8949529111	0.8939823817	0.8934291693	0.8946117591	0.8948452021	0.8937230496	0.8947866205	0.8937446974	0.8944467938	0.8938689294	0.8953614807	0.8939169080	0.8949466377	0.8946847432	0.8943001187	1.0000000000	0.8949531762	0.8957569732	0.8949676670	0.8947295409	0.8957890473	0.8948129513	0.8946979969	0.8931298108	0.8943739864	0.8956632249	0.8951819363	0.8938409198	0.8947026799	0.8950096373	0.8944644655	0.8939961656	0.8952084438	0.8945002507	0.8952463496	0.8944254994	0.8946165304	0.8940805479	0.8953978844	0.8947550765	0.8948299161	0.8946213018	0.8949536180	0.8941348884	0.8935413845	0.8940088892	0.8937687309	0.8941035211	0.8949584777	0.8945186292	0.8947966933	0.8951628508	0.8926577115	0.8939898921	0.8953935548	0.8952603102	0.8938789139	0.8929329481	0.8945590091	0.8939531350	0.8950743157	0.8947981071	0.8950129949	0.8936517443	0.8941499977	0.8935516341	0.8946876590	0.8940664106	0.8944704739	0.8943156698	0.8945745601	0.8950732554	0.8950690142	0.8941752682	0.8954615908	0.8940175483	0.8961576789	0.8958745783	0.8943977548	0.8937943548	0.8938906656	0.8945388633	0.8943299839	0.8941783608	0.8943461535	0.8945732348	0.8946023931
0.8959751303	0.8964155972	0.8952231997	0.8945017528	0.8957964694	0.8946941975	0.8953072286	0.8952154241	0.8929031713	0.8955495959	0.8957407152	0.8952197537	0.8957035163	0.8954612374	0.8948569538	0.8955843208	0.8950591180	0.8952646398	0.8950093722	0.8948075614	0.8961522006	0.8943687733	0.8959443815	0.8947343123	0.8961042220	0.8954539037	0.8949849852	0.8949531762	1.0000000000	0.8964816010	0.8955776055	0.8948236427	0.8954026557	0.8960216068	0.8943762837	0.8944925635	0.8956137441	0.8958992303	0.8952664953	0.8945494663	0.8947347541	0.8956155113	0.8969005969	0.8951175230	0.8957317910	0.8959766324	0.8950041590	0.8959967781	0.8959020578	0.8952837252	0.8957727894	0.8953275510	0.8958708673	0.8960049071	0.8953242818	0.8949137683	0.8946781163	0.8945783596	0.8945195128	0.8951043575	0.8963894431	0.8941195140	0.8952813396	0.8955994301	0.8925413434	0.8961821542	0.8963988091	0.8951197319	0.8949974438	0.8943626765	0.8948953898	0.8936056212	0.8951700079	0.8952647282	0.8949510556	0.8938601819	0.8956813384	0.8953961172	0.8947011778	0.8949414245	0.8945046686	0.8957095247	0.8956377776	0.8961044871	0.8959689452	0.8954675109	0.8963366048	0.8940637598	0.8964095889	0.8960117990	0.8964474063	0.8946455120	0.8947483613	0.8952684392	0.8948535078	0.8946071644	0.8949036071	0.8950907503	0.8948801037
0.8961026315	0.8961511403	0.8942479872	0.8945483177	0.8952423735	0.8946329651	0.8950934894	0.8948550099	0.8931704557	0.8956378660	0.8958012408	0.8939944868	0.8947403206	0.8941737661	0.8949416896	0.8952728571	0.8956616344	0.8958235071	0.8949559153	0.8944920333	0.8948972453	0.8950729019	0.8961079331	0.8941745613	0.8960125943	0.8948697658	0.8949674019	0.8957569732	0.8964816010	1.0000000000	0.8957658974	0.8944992787	0.8956784225	0.8952434338	0.8940436141	0.8938430404	0.8953333827	0.8953087307	0.8957271080	0.8943599374	0.8944508583	0.8954918978	0.8962643275	0.8948687939	0.8956730327	0.8949142985	0.8957795046	0.8954041578	0.8955022357	0.8944028796	0.8959764556	0.8949545899	0.8954086641	0.8945665195	0.8944697670	0.8948781599	0.8945848981	0.8941474353	0.8950861557	0.8946230689	0.8956542123	0.8946179442	0.8945067008	0.8953537051	0.8930715826	0.8946774978	0.8952818697	0.8952442290	0.8943316627	0.8928970746	0.8950103441	0.8937221660	0.8958552278	0.8943435911	0.8950614153	0.8934587694	0.8943896259	0.8949482281	0.8938341162	0.8950623873	0.8932949528	0.8945971799	0.8943681548	0.8951271540	0.8958621198	0.8949188931	0.8951790204	0.8946411824	0.8965218925	0.8963557786	0.8953500824	0.8939961656	0.8950386188	0.8940173716	0.8948714446	0.8950640661	0.8939527816	0.8953992098	0.8956031411
0.8964490851	0.8959107169	0.8953499057	0.8948164856	0.8953825984	0.8939549905	0.8949506138	0.8949464610	0.8930735264	0.8954223597	0.8955760151	0.8949106758	0.8954932232	0.8954933999	0.8947155803	0.8957887823	0.8949840133	0.8954634464	0.8953636897	0.8945652825	0.8958516051	0.8946225388	0.8966547836	0.8943034764	0.8952892035	0.8962445352	0.8952000498	0.8949676670	0.8955776055	0.8957658974	1.0000000000	0.8959811386	0.8959310394	0.8963695625	0.8952132152	0.8944867318	0.8953389493	0.8958101650	0.8950671586	0.8944323030	0.8948407842	0.8959362525	0.8958100766	0.8951533965	0.8961009527	0.8955284782	0.8954070737	0.8954372923	0.8966898619	0.8952017286	0.8951201737	0.8957028978	0.8955556043	0.8956078241	0.8958623849	0.8948830196	0.8951704497	0.8947591410	0.8953725255	0.8951075384	0.8959147814	0.8940219663	0.8960990088	0.8956611043	0.8931112555	0.8945954127	0.8964633108	0.8952787772	0.8943715124	0.8938417150	0.8952104761	0.8945989471	0.8956469669	0.8947517189	0.8950924291	0.8942279299	0.8952823115	0.8950833282	0.8941402783	0.8949757076	0.8943700103	0.8951440305	0.8960472308	0.8953795942	0.8960207232	0.8946422427	0.8956952990	0.8949013981	0.8957774724	0.8959257379	0.8959078895	0.8947237976	0.8944937121	0.8947785799	0.8948261167	0.8951951017	0.8954896005	0.8958773174	0.8947118692
