0.4427280961	-0.0071768064	-0.0063640624	-0.0066661645	-0.0050783871	-0.0064664194	-0.0054977459	-0.0020028053	-0.0051802143	-0.0060550837	-0.0029153211	-0.0031724529	-0.0027271078	-0.0038996225	-0.0056022113	-0.0056401030	-0.0044440637	-0.0018776372	-0.0023036216	-0.0075155800	-0.0006757919	-0.0018725317	-0.0039480811	-0.0041940541	-0.0037459238	-0.0029935736	-0.0021593138	-0.0044962538	-0.0048096447	-0.0037352474	-0.0049971393	-0.0050669928	-0.0041687868	-0.0048695042	-0.0027507736	-0.0046451301	-0.0034899223	-0.0049847999	-0.0021216271	-0.0047899764	-0.0078344956	-0.0048580648	-0.0046579678	-0.0052706455	-0.0034445000	-0.0061514768	-0.0049304166	-0.0037750088	-0.0015987761	-0.0030078283	-0.0020187923	-0.0001457952	-0.0016039547	-0.0049464496	-0.0038873234	-0.0050687207	-0.0065311904	-0.0054934085	-0.0050203972	-0.0064358341	-0.0039119379	-0.0059217842	-0.0032224045	-0.0062904762	-0.0057891835	-0.0028897790	-0.0047320701	-0.0057191883	-0.0058493453	-0.0039003226	-0.0042399773	-0.0042692525	-0.0053685346	-0.0029653928	-0.0033646215	-0.0048777586	-0.0064854526	-0.0057043609	-0.0053123028	-0.0056735071	-0.0065861131	-0.0065904882	-0.0037675447	-0.0055297954	-0.0046803730	-0.0030218995	-0.0040497163	-0.0061503735	-0.0051629298	-0.0024250752	-0.0051298268	-0.0068797944	-0.0050813308	-0.0056105145	-0.0055618807	-0.0038549542	-0.0036026575	-0.0067409536	-0.0040326976
-0.0071768064	0.4714735284	-0.0033144616	-0.0048564434	-0.0025505798	-0.0047473934	-0.0021125873	-0.0055060184	-0.0052503774	-0.0051155543	-0.0043355749	-0.0030507517	-0.0029694758	-0.0021375422	-0.0044611315	-0.0059419862	-0.0041717068	-0.0050074278	-0.0074621799	-0.0074933040	-0.0053870753	-0.0055405247	-0.0017055441	-0.0043286002	-0.0050855537	-0.0048157188	-0.0053937479	-0.0045405649	-0.0017434334	-0.0036082168	-0.0055538892	-0.0061214702	-0.0022639143	-0.0058158189	-0.0033616058	-0.0036708785	-0.0057931931	-0.0067911519	-0.0052297981	-0.0083785045	-0.0033018120	-0.0070148762	-0.0052205886	-0.0036697167	-0.0058823713	-0.0018605298	-0.0054166920	-0.0050353725	-0.0061042446	-0.0075642720	-0.0051110434	-0.0034433290	-0.0037952455	-0.0046085506	-0.0063935498	-0.0052357407	-0.0059786937	-0.0051116433	-0.0065505436	-0.0044722650	-0.0051989252	-0.0047903780	-0.0058572135	-0.0029519229	-0.0063115030	-0.0047672132	-0.0038394269	-0.0045873417	-0.0045390468	-0.0049651562	-0.0028741539	-0.0062451880	-0.0046375797	-0.0047797711	-0.0058570424	-0.0040677102	-0.0042355974	-0.0037701184	-0.0035542386	-0.0020344112	-0.0047169469	-0.0038986127	-0.0057784851	-0.0057052527	-0.0056746373	-0.0040477562	-0.0038947301	-0.0029601421	-0.0039168423	-0.0066753303	-0.0062135270	-0.0046198293	-0.0057865603	-0.0062685422	-0.0053258821	-0.0054987592	-0.0058111187	-0.0049171967	-0.0053378516
-0.0063640624	-0.0033144616	0.5001814431	-0.0054668806	-0.0042876459	-0.0046720130	-0.0037889591	-0.0046631800	-0.0071828968	-0.0059077946	-0.0040418199	-0.0049088253	-0.0046600233	-0.0052134112	-0.0075572473	-0.0054231593	-0.0041917439	-0.0061169806	-0.0064113688	-0.0061288918	-0.0052835134	-0.0060933031	-0.0044401255	-0.0057815166	-0.0054786515	-0.0016127675	-0.0054142261	-0.0036488782	-0.0057714904	-0.0066681295	-0.0051372230	-0.0074741980	-0.0047077131	-0.0059365462	-0.0037062863	-0.0074787799	-0.0062604004	-0.0028228110	-0.0054786721	-0.0053551678	-0.0025818079	-0.0053971698	-0.0064368451	-0.0053602269	-0.0047407162	-0.0055285118	-0.0031657951	-0.0046092210	-0.0051248717	-0.0049647001	-0.0060795112	-0.0055088269	-0.0041134018	-0.0043496738	-0.0056371037	-0.0042850966	-0.0039483571	-0.0063261888	-0.0054642754	-0.0053339142	-0.0032670825	-0.0070833091	-0.0019470526	-0.0046007623	-0.0063769572	-0.0054969597	-0.0048897200	-0.0026715670	-0.0050772838	-0.0058590948	-0.0049579767	-0.0054369379	-0.0024255147	-0.0060010071	-0.0040695578	-0.0058149130	-0.0064495788	-0.0055529147	-0.0053310472	-0.0057460644	-0.0067559370	-0.0050871951	-0.0054906779	-0.0052112940	-0.0050641987	-0.0048879290	-0.0046531360	-0.0045199884	-0.0039568094	-0.0040670762	-0.0046011665	-0.0052356220	-0.0050089696	-0.0049816310	-0.0045369366	-0.0060944362	-0.0061116402	-0.0053025408	-0.0057509768
-0.0066661645	-0.0048564434	-0.0054668806	0.5307206620	-0.0072829547	-0.0034315817	-0.0042177091	-0.0067829777	-0.0086027617	-0.0046653646	-0.0066901343	-0.0043374666	-0.0046962281	-0.0043133634	-0.0082055103	-0.0054855943	-0.0056820902	-0.0042006873	-0.0043000902	-0.0073793645	-0.0047668377	-0.0052788057	-0.0020156312	-0.0061704185	-0.0029686253	-0.0053064175	-0.0059412291	-0.0045217424	-0.0059554179	-0.0055219002	-0.0048855492	-0.0055456861	-0.0042479428	-0.0060039476	-0.0066066491	-0.0051253195	-0.0063779740	-0.0062807530	-0.0037250421	-0.0064524044	-0.0065584775	-0.0043701299	-0.0058204661	-0.0060380992	-0.0051535729	-0.0049516991	-0.0027704938	-0.0055506310	-0.0039444301	-0.0040721860	-0.0031083574	-0.0062936859	-0.0051505785	-0.0056378781	-0.0059101764	-0.0054111689	-0.0034358161	-0.0062298686	-0.0072247052	-0.0050198158	-0.0053673803	-0.0051172530	-0.0050835769	-0.0047533770	-0.0077961578	-0.0072784411	-0.0072197846	-0.0066790763	-0.0073217383	-0.0092450543	-0.0060031631	-0.0078422099	-0.0057067698	-0.0050206489	-0.0076618822	-0.0042606479	-0.0064881374	-0.0053677329	-0.0062802446	-0.0039260264	-0.0042194498	-0.0055022460	-0.0056417415	-0.0072626219	-0.0051337947	-0.0057243168	-0.0026341676	-0.0045055035	-0.0033235832	-0.0017952034	-0.0066811719	-0.0043240791	-0.0051776870	-0.0060845938	-0.0075855588	-0.0039604367	-0.0048998468	-0.0048399243	-0.0033915360
-0.0050783871	-0.0025505798	-0.0042876459	-0.0072829547	0.4636865792	-0.0053409229	-0.0031418113	-0.0053845339	-0.0061371804	-0.0064669823	-0.0041039394	-0.0040636658	-0.0046138093	-0.0042673559	-0.0042808890	-0.0048099361	-0.0048347047	-0.0073195712	-0.0042308085	-0.0050389514	-0.0015934485	-0.0022228723	-0.0022403866	-0.0059544111	-0.0055571166	-0.0036122366	-0.0055522175	-0.0055835411	-0.0043786205	-0.0048940730	-0.0055607090	-0.0049718077	-0.0055106087	-0.0044893142	-0.0051278138	-0.0063293070	-0.0028467303	-0.0053697120	-0.0051426925	-0.0061808674	-0.0055299648	-0.0035556453	-0.0028884325	-0.0039499950	-0.0039655424	-0.0034437270	-0.0041253298	-0.0060306893	-0.0073478029	-0.0061104922	-0.0038898250	-0.0052237793	-0.0054525346	-0.0057061163	-0.0059720033	-0.0037265072	-0.0052700064	-0.0043327442	-0.0032080235	-0.0056732564	-0.0021490964	-0.0052497022	-0.0048332189	-0.0041526103	-0.0041015174	-0.0036330183	-0.0056191075	-0.0065586574	-0.0048579637	-0.0064695815	-0.0036051115	-0.0055496433	-0.0053880268	-0.0060838744	-0.0053905522	-0.0050654397	-0.0050563036	-0.0054105033	-0.0065117939	-0.0016881895	-0.0052578673	-0.0037033379	-0.0041957485	-0.0029729561	-0.0042058768	-0.0046396888	-0.0040843424	-0.0045716405	-0.0034714310	-0.0024463226	-0.0058595727	-0.0051877423	-0.0029884833	-0.0036816089	-0.0058656715	-0.0055088071	-0.0055937053	-0.0028148398	-0.0075074908
-0.0064664194	-0.0047473934	-0.0046720130	-0.0034315817	-0.0053409229	0.5307280394	-0.0061186290	-0.0074909082	-0.0048884532	-0.0065120759	-0.0065646840	-0.0074695875	-0.0049100280	-0.0053815395	-0.0055368679	-0.0052803924	-0.0059785381	-0.0043988056	-0.0060197344	-0.0053459431	-0.0065335925	-0.0080208528	-0.0039083481	-0.0062332631	-0.0060095023	-0.0053016232	-0.0024299308	-0.0052323856	-0.0049712027	-0.0037674651	-0.0071118959	-0.0046219798	-0.0056991647	-0.0060857135	-0.0032655177	-0.0036773353	-0.0069893029	-0.0044990622	-0.0064284124	-0.0067060058	-0.0077349634	-0.0042960372	-0.0041734808	-0.0064343345	-0.0041857240	-0.0049084789	-0.0054575848	-0.0042837938	-0.0050348137	-0.0055746410	-0.0061610094	-0.0062999898	-0.0063504994	-0.0049152155	-0.0050341966	-0.0048158197	-0.0068456596	-0.0068763000	-0.0059992586	-0.0080876238	-0.0041825135	-0.0046499073	-0.0028966038	-0.0041330918	-0.0061219558	-0.0061233975	-0.0056750373	-0.0060240446	-0.0051287558	-0.0057834998	-0.0056527802	-0.0070308438	-0.0067517275	-0.0050730336	-0.0079002906	-0.0066856677	-0.0023442031	-0.0072972322	-0.0057064180	-0.0046564399	-0.0055869018	-0.0067959782	-0.0033687982	-0.0045677847	-0.0048373415	-0.0061554326	-0.0050833000	-0.0058227515	-0.0057657961	-0.0046618618	-0.0046340475	-0.0043095983	-0.0065800072	-0.0041389713	-0.0011380030	-0.0033567446	-0.0031785101	-0.0054641133	-0.0079481555
-0.0054977459	-0.0021125873	-0.0037889591	-0.0042177091	-0.0031418113	-0.0061186290	0.4917726568	-0.0043575996	-0.0061547936	-0.0015931332	-0.0035141102	-0.0053324165	-0.0038851416	-0.0013141608	-0.0064743971	-0.0058659491	-0.0047994133	-0.0071642591	-0.0058581848	-0.0036781670	-0.0034507252	-0.0059882006	-0.0057152912	-0.0072373908	-0.0008810007	-0.0056783764	-0.0066951201	-0.0039432902	-0.0061398674	-0.0040933252	-0.0054398097	-0.0063238240	-0.0081757300	-0.0056464619	-0.0059870298	-0.0031232896	-0.0046678275	-0.0036854506	-0.0066343948	-0.0066907614	-0.0033661683	-0.0032950108	-0.0047494808	-0.0046228201	-0.0046956910	-0.0032650524	-0.0044536853	-0.0048454368	-0.0059051437	-0.0066660638	-0.0065387367	-0.0046446230	-0.0050677448	-0.0033509318	-0.0050015696	-0.0052958061	-0.0024903014	-0.0038770302	-0.0056719914	-0.0045235581	-0.0047438353	-0.0066472833	-0.0042225993	-0.0033108576	-0.0063279880	-0.0051906228	-0.0032802441	-0.0049474107	-0.0067213397	-0.0048028350	-0.0045577124	-0.0062812298	-0.0051113783	-0.0057607577	-0.0061309602	-0.0059323998	-0.0054932799	-0.0050209821	-0.0043586360	-0.0058482909	-0.0055092985	-0.0043039874	-0.0050170716	-0.0063592720	-0.0044788826	-0.0061598944	-0.0054004635	-0.0052016653	-0.0038128378	-0.0056809757	-0.0057856646	-0.0047592899	-0.0080417096	-0.0065943767	-0.0030676014	-0.0051264498	-0.0066368424	-0.0060739554	-0.0056785947
-0.0020028053	-0.0055060184	-0.0046631800	-0.0067829777	-0.0053845339	-0.0074909082	-0.0043575996	0.4777136197	-0.0073090737	-0.0035194508	-0.0031613557	-0.0029800136	-0.0020031079	-0.0038611809	-0.0043652048	-0.0058342048	-0.0047748009	-0.0037574382	-0.0039049854	-0.0050263812	-0.0050834215	-0.0056144873	-0.0063570943	-0.0064415760	-0.0031774386	-0.0050123380	-0.0039011473	-0.0041390001	-0.0048166082	-0.0047977518	-0.0055428375	-0.0052025041	-0.0038738723	-0.0019586167	-0.0042627808	-0.0062047101	-0.0035447516	-0.0038590301	-0.0053034180	-0.0063773114	-0.0060050690	-0.0055968856	-0.0071650199	-0.0030662721	-0.0035991016	-0.0043476766	-0.0025462345	-0.0038527015	-0.0028552274	-0.0052931201	-0.0047266281	-0.0053238295	-0.0017571006	-0.0042726848	-0.0035879847	-0.0060223602	-0.0053479673	-0.0023383599	-0.0055311076	-0.0045880630	-0.0053243244	-0.0055462341	-0.0063577337	-0.0057423345	-0.0054230048	-0.0044161049	-0.0038511662	-0.0068408230	-0.0044555051	-0.0054806002	-0.0034210296	-0.0041419171	-0.0046983444	-0.0040987463	-0.0035353802	-0.0043445901	-0.0054670978	-0.0050354061	-0.0060869611	-0.0086830627	-0.0055355235	-0.0053895409	-0.0060217712	-0.0054518314	-0.0043257337	-0.0051285017	-0.0055478911	-0.0071341308	-0.0063128920	-0.0034059740	-0.0068139374	-0.0068871986	-0.0056529054	-0.0072401355	-0.0043709332	-0.0069425185	-0.0038984183	-0.0044801650	-0.0042439404
-0.0051802143	-0.0052503774	-0.0071828968	-0.0086027617	-0.0061371804	-0.0048884532	-0.0061547936	-0.0073090737	0.6393491473	-0.0066755175	-0.0069255926	-0.0070484611	-0.0050150446	-0.0063620289	-0.0075063772	-0.0070554952	-0.0054980216	-0.0049464581	-0.0060549127	-0.0071586114	-0.0079199008	-0.0069246807	-0.0065555169	-0.0069031687	-0.0057280260	-0.0070742469	-0.0057532738	-0.0073366317	-0.0076729325	-0.0064296126	-0.0069172628	-0.0072263679	-0.0069263131	-0.0076822329	-0.0058620453	-0.0059360660	-0.0069434912	-0.0063232844	-0.0060877603	-0.0072832629	-0.0060097383	-0.0042965002	-0.0067658847	-0.0071784663	-0.0056665615	-0.0087834973	-0.0065495390	-0.0065983599	-0.0060389064	-0.0070621892	-0.0073036867	-0.0064698857	-0.0053664684	-0.0061348931	-0.0054371838	-0.0064321483	-0.0064621844	-0.0071372709	-0.0070522334	-0.0067080106	-0.0034026154	-0.0063081812	-0.0046724347	-0.0072403346	-0.0065745284	-0.0075893836	-0.0072329436	-0.0031843547	-0.0053951907	-0.0072134713	-0.0068239391	-0.0055643236	-0.0067701356	-0.0050680509	-0.0061914415	-0.0074582419	-0.0051839091	-0.0067602206	-0.0056697715	-0.0062844510	-0.0064403123	-0.0078745480	-0.0085628962	-0.0067871102	-0.0062876256	-0.0061990152	-0.0071960579	-0.0078787627	-0.0059505298	-0.0066586640	-0.0066447392	-0.0075710175	-0.0087618986	-0.0064619178	-0.0064584203	-0.0052969689	-0.0081111053	-0.0067659533	-0.0069617239
-0.0060550837	-0.0051155543	-0.0059077946	-0.0046653646	-0.0064669823	-0.0065120759	-0.0015931332	-0.0035194508	-0.0066755175	0.4820077660	-0.0026436919	-0.0060811783	-0.0049803112	-0.0020467981	-0.0061552712	-0.0028776299	-0.0049478127	-0.0060481374	-0.0058624265	-0.0050732430	-0.0042254155	-0.0055920460	-0.0010726254	-0.0042399698	-0.0044880970	-0.0054455456	-0.0039163991	-0.0061569762	-0.0040327492	-0.0031754863	-0.0055358625	-0.0049110130	-0.0065241435	-0.0046589182	-0.0054295134	-0.0034098002	-0.0020679502	-0.0052052769	-0.0069445937	-0.0066505326	-0.0033046095	-0.0052022948	-0.0036885110	-0.0039650024	-0.0035769094	-0.0046778235	-0.0060963596	-0.0031512957	-0.0043580724	-0.0039384304	-0.0064791414	-0.0046777631	-0.0021258643	-0.0045222056	-0.0066624019	-0.0049037524	-0.0063820270	-0.0047960770	-0.0055286528	-0.0067603142	-0.0059770569	-0.0060418268	-0.0037556996	-0.0047552724	-0.0074179808	-0.0042128915	-0.0026985688	-0.0071568305	-0.0054016490	-0.0043753131	-0.0063717722	-0.0059222601	-0.0061064139	-0.0058132219	-0.0058208313	-0.0045041399	-0.0053080250	-0.0028978475	-0.0060013879	-0.0033973824	-0.0052835319	-0.0060431411	-0.0043073187	-0.0064748798	-0.0047528474	-0.0034959087	-0.0042699672	-0.0059862418	-0.0036851229	-0.0036990416	-0.0054989812	-0.0071835153	-0.0049945670	-0.0053202179	-0.0048753510	-0.0060949876	-0.0041257564	-0.0053222049	-0.0049499324
-0.0029153211	-0.0043355749	-0.0040418199	-0.0066901343	-0.0041039394	-0.0065646840	-0.0035141102	-0.0031613557	-0.0069255926	-0.0026436919	0.4696028868	-0.0056141976	-0.0036125187	-0.0055711836	-0.0055889553	-0.0051679639	-0.0022138116	-0.0035178139	-0.0054303229	-0.0054144020	-0.0053545038	-0.0037901834	-0.0045858005	-0.0071441131	-0.0048517459	-0.0051566915	-0.0042812270	-0.0052108694	-0.0040662734	-0.0037203815	-0.0049357259	-0.0044788358	-0.0047149402	-0.0050166304	-0.0050520366	-0.0033929153	-0.0014235155	-0.0050241485	-0.0040318587	-0.0056763512	-0.0068629985	-0.0049633693	-0.0028974586	-0.0071105369	-0.0054628618	-0.0061652453	-0.0032534247	-0.0047136880	-0.0043207514	-0.0040760849	-0.0032472509	-0.0037450654	-0.0070558009	-0.0046489151	-0.0060185480	-0.0063547256	-0.0020813721	-0.0060767411	-0.0066800220	-0.0044598006	-0.0056229315	-0.0061178271	-0.0041393634	-0.0038753446	-0.0055926040	-0.0036019501	-0.0064032225	-0.0048403653	-0.0055907450	-0.0031213312	-0.0049537347	-0.0067295266	-0.0024729815	-0.0042341128	-0.0023355471	-0.0059824229	-0.0069206250	-0.0020267585	-0.0064578359	-0.0058620770	-0.0066769819	-0.0039477709	-0.0050922934	-0.0051504672	-0.0035289810	-0.0038593493	-0.0025852811	-0.0052976035	-0.0059210935	-0.0036332301	-0.0045938772	-0.0062446041	-0.0058944961	-0.0066912501	-0.0054777528	-0.0025153802	-0.0045423624	-0.0057054008	-0.0062326024
-0.0031724529	-0.0030507517	-0.0049088253	-0.0043374666	-0.0040636658	-0.0074695875	-0.0053324165	-0.0029800136	-0.0070484611	-0.0060811783	-0.0056141976	0.5243899353	-0.0044963013	-0.0067733791	-0.0059982267	-0.0059943076	-0.0057517345	-0.0064113025	-0.0087049803	-0.0059390433	-0.0050108619	-0.0032465575	-0.0061152113	-0.0051852152	-0.0060615588	-0.0074831869	-0.0028623471	-0.0057221444	-0.0039973721	-0.0070281480	-0.0041449925	-0.0048493499	-0.0055007540	-0.0060685211	-0.0058993842	-0.0070631653	-0.0032844631	-0.0062663710	-0.0057376706	-0.0033464403	-0.0053066027	-0.0063980748	-0.0034299098	-0.0048614213	-0.0070918803	-0.0060091130	-0.0024014226	-0.0072666349	-0.0078947772	-0.0048370560	-0.0072058851	-0.0046806501	-0.0051027529	-0.0067858726	-0.0050792976	-0.0069388083	-0.0051225568	-0.0046295498	-0.0070540088	-0.0040448760	-0.0080842968	-0.0049697011	-0.0051285978	-0.0047482363	-0.0042280552	-0.0041467963	-0.0055794212	-0.0062816846	-0.0074780106	-0.0060577323	-0.0043478079	-0.0052551816	-0.0043810895	-0.0071462330	-0.0063948083	-0.0053014863	-0.0042061703	-0.0063373377	-0.0062219304	-0.0036581033	-0.0048661054	-0.0052287153	-0.0045232923	-0.0052492345	-0.0060527915	-0.0036994874	-0.0042909203	-0.0053206051	-0.0053346805	-0.0047534295	-0.0059803609	-0.0064718043	-0.0032161407	-0.0061978486	-0.0066324378	-0.0049134902	-0.0053076110	-0.0031065693	-0.0021485721
-0.0027271078	-0.0029694758	-0.0046600233	-0.0046962281	-0.0046138093	-0.0049100280	-0.0038851416	-0.0020031079	-0.0050150446	-0.0049803112	-0.0036125187	-0.0044963013	0.4577860848	-0.0048945256	-0.0068398953	-0.0040927585	-0.0041996218	-0.0053278780	-0.0059659093	-0.0062334150	-0.0057277110	-0.0034659585	-0.0043109988	-0.0036722221	-0.0057449441	-0.0058226716	-0.0052601238	-0.0058182625	-0.0046299526	-0.0054940528	-0.0052405280	-0.0024803366	-0.0019031363	-0.0032475668	-0.0056084437	0.0002700773	-0.0047631176	-0.0040023470	-0.0045099326	-0.0032860417	-0.0044520910	-0.0049998854	-0.0043548522	-0.0049005472	-0.0044261932	-0.0066315327	-0.0057584621	-0.0053526893	-0.0041572757	-0.0035049973	-0.0040240564	-0.0049005191	-0.0065554041	-0.0044240851	-0.0027422392	-0.0066901576	-0.0071331043	-0.0064834413	-0.0061002035	-0.0071964925	-0.0044046148	-0.0049207889	-0.0062051322	-0.0051340405	-0.0064498690	-0.0058939106	-0.0041990515	-0.0041435506	-0.0064971063	-0.0063972168	-0.0026436400	-0.0069619122	-0.0053628040	-0.0050729833	-0.0059609897	-0.0045635775	-0.0033007745	-0.0046274460	-0.0064811990	-0.0048203007	-0.0054480006	-0.0040756808	-0.0050465820	-0.0058690011	-0.0031336622	-0.0033224947	-0.0039370741	-0.0041539442	-0.0025901811	-0.0036470963	-0.0013814810	-0.0073292238	-0.0041420571	-0.0016785036	-0.0038417647	-0.0020947260	-0.0035009496	-0.0058025617	-0.0071205909
-0.0038996225	-0.0021375422	-0.0052134112	-0.0043133634	-0.0042673559	-0.0053815395	-0.0013141608	-0.0038611809	-0.0063620289	-0.0020467981	-0.0055711836	-0.0067733791	-0.0048945256	0.4582584839	-0.0040693909	-0.0064328212	-0.0034962342	-0.0033917540	-0.0042549307	-0.0036170246	-0.0048088012	-0.0039431112	-0.0043393379	-0.0036097932	-0.0039740551	-0.0049844113	-0.0068287457	-0.0071649873	-0.0036024367	-0.0064490240	-0.0038575145	-0.0056192894	-0.0054021121	-0.0041687976	-0.0035559341	-0.0016472151	-0.0072501977	-0.0035169966	-0.0028817770	-0.0059009411	-0.0052885586	-0.0046671357	-0.0036183703	-0.0048468189	-0.0041749389	-0.0033491695	-0.0058920909	-0.0037011196	-0.0048065503	-0.0059114209	-0.0026806266	-0.0042406810	-0.0069548068	-0.0023892161	-0.0057819204	-0.0063433242	-0.0081907891	-0.0076978675	-0.0061904863	-0.0040997907	-0.0061985237	-0.0060628953	-0.0022704062	-0.0041173118	-0.0063692945	-0.0044329118	-0.0031833655	-0.0067306733	-0.0045339785	-0.0051533818	-0.0069705650	-0.0061859958	-0.0042486843	-0.0022746902	-0.0036750438	-0.0065730920	-0.0040326883	-0.0031906881	-0.0071030179	-0.0042191076	-0.0032534206	-0.0059087811	-0.0033248148	-0.0058299226	-0.0056546997	-0.0043498330	-0.0032315111	-0.0046463168	-0.0032395201	-0.0044560594	-0.0049834825	-0.0052829224	-0.0040332112	-0.0062944459	-0.0055721512	-0.0043419694	-0.0042210941	-0.0010898907	-0.0053887137
-0.0056022113	-0.0044611315	-0.0075572473	-0.0082055103	-0.0042808890	-0.0055368679	-0.0064743971	-0.0043652048	-0.0075063772	-0.0061552712	-0.0055889553	-0.0059982267	-0.0068398953	-0.0040693909	0.5391608933	-0.0044134298	-0.0050753271	-0.0037348520	-0.0043636097	-0.0048659629	-0.0053215971	-0.0052779760	-0.0052393595	-0.0072973316	-0.0060776277	-0.0052755476	-0.0055614236	-0.0075377774	-0.0051616070	-0.0040458557	-0.0055156446	-0.0079793006	-0.0053666827	-0.0048869772	-0.0039306287	-0.0057651894	-0.0058151462	-0.0039148983	-0.0043656662	-0.0068363688	-0.0053380711	-0.0066714444	-0.0048235059	-0.0053021364	-0.0054611854	-0.0071819603	-0.0039709509	-0.0043879185	-0.0035741083	-0.0059633558	-0.0042930342	-0.0060813167	-0.0050068001	-0.0068688749	-0.0049726151	-0.0070993272	-0.0048666311	-0.0065937736	-0.0067587422	-0.0059151628	-0.0046215381	-0.0077101720	-0.0016025924	-0.0035825104	-0.0060881227	-0.0074109778	-0.0052531738	-0.0052576900	-0.0056141441	-0.0060128681	-0.0048985269	-0.0066358077	-0.0046478473	-0.0060286797	-0.0057605743	-0.0068069327	-0.0056872770	-0.0039367577	-0.0041660275	-0.0053707939	-0.0051672664	-0.0041034788	-0.0050667498	-0.0033635499	-0.0049392335	-0.0040789832	-0.0054360139	-0.0057770783	-0.0061242280	-0.0064055745	-0.0052902366	-0.0048055263	-0.0062780789	-0.0073799714	-0.0048236999	-0.0082890013	-0.0061589673	-0.0059170461	-0.0052649167
-0.0056401030	-0.0059419862	-0.0054231593	-0.0054855943	-0.0048099361	-0.0052803924	-0.0058659491	-0.0058342048	-0.0070554952	-0.0028776299	-0.0051679639	-0.0059943076	-0.0040927585	-0.0064328212	-0.0044134298	0.5004333866	-0.0032411967	-0.0059201936	-0.0033460575	-0.0039764468	-0.0056448829	-0.0050247754	-0.0055562071	-0.0066820499	-0.0054166250	-0.0050220390	-0.0034601210	-0.0059702515	-0.0043602367	-0.0053112126	-0.0036280549	-0.0004727563	-0.0054161492	-0.0055119207	-0.0023170133	-0.0065724921	-0.0075902810	-0.0038232559	-0.0041543843	-0.0050030863	-0.0065009441	-0.0046990097	-0.0063223771	-0.0052489215	-0.0042563448	-0.0059606295	-0.0046197417	-0.0058805238	-0.0057192241	-0.0071734113	-0.0039992721	-0.0047531633	-0.0038677135	-0.0055325001	-0.0045142509	-0.0018735923	-0.0057997365	-0.0049773532	-0.0052463666	-0.0038669707	-0.0044207694	-0.0066953507	-0.0025120130	-0.0035906106	-0.0086699021	-0.0048297596	-0.0057471269	-0.0033879427	-0.0061711387	-0.0053668259	-0.0038930644	-0.0045866145	-0.0063612654	-0.0051689528	-0.0024553983	-0.0066477201	-0.0035029894	-0.0064433489	-0.0048651625	-0.0044243066	-0.0065860478	-0.0070240392	-0.0062095975	-0.0045020076	-0.0053411258	-0.0054391275	-0.0048305795	-0.0072857145	-0.0058166041	-0.0050857942	-0.0064605558	-0.0042870430	-0.0068408566	-0.0054025106	-0.0042093289	-0.0054215456	-0.0045282029	-0.0056466517	-0.0052263233
-0.0044440637	-0.0041717068	-0.0041917439	-0.0056820902	-0.0048347047	-0.0059785381	-0.0047994133	-0.0047748009	-0.0054980216	-0.0049478127	-0.0022138116	-0.0057517345	-0.0041996218	-0.0034962342	-0.0050753271	-0.0032411967	0.4880232598	-0.0051588742	-0.0056215988	-0.0060559875	-0.0052684717	-0.0046768114	-0.0043599220	-0.0073379107	-0.0059347424	-0.0041897349	-0.0048859945	-0.0052506053	-0.0053864035	-0.0037031620	-0.0057264133	-0.0059943156	-0.0044593843	-0.0059708125	-0.0044527311	-0.0079664195	-0.0056921023	-0.0042579308	-0.0043892090	-0.0059523185	-0.0041235178	-0.0043252937	-0.0046226752	-0.0056337596	-0.0019075051	-0.0048081656	-0.0075082376	-0.0051958180	-0.0061197267	-0.0048517898	-0.0035426853	-0.0034396369	-0.0071395596	-0.0041692795	-0.0064016694	-0.0045344893	-0.0045904819	-0.0045691532	-0.0039071964	-0.0043015134	-0.0019912571	-0.0065769502	-0.0043607524	-0.0034749236	-0.0063347664	-0.0072660245	-0.0054801687	-0.0044555876	-0.0053951175	-0.0044794072	-0.0034435912	-0.0039341275	-0.0041740434	-0.0068629033	-0.0034830427	-0.0077283263	-0.0072005691	-0.0057882252	-0.0033220440	-0.0053282473	-0.0045975073	-0.0058903065	-0.0040871876	-0.0030743469	-0.0041486928	-0.0063781193	-0.0046750956	-0.0042378132	-0.0060349703	-0.0062505507	-0.0053082796	-0.0054903226	-0.0068924969	-0.0046186416	-0.0036620978	-0.0033261547	-0.0066009039	-0.0049286060	-0.0050562601
-0.0018776372	-0.0050074278	-0.0061169806	-0.0042006873	-0.0073195712	-0.0043988056	-0.0071642591	-0.0037574382	-0.0049464581	-0.0060481374	-0.0035178139	-0.0064113025	-0.0053278780	-0.0033917540	-0.0037348520	-0.0059201936	-0.0051588742	0.4769452269	-0.0054453265	-0.0075109815	-0.0048167911	-0.0047177175	-0.0019605054	-0.0040670273	-0.0060308671	-0.0047127331	-0.0025745578	-0.0074439136	-0.0051469392	-0.0024369825	-0.0056200064	-0.0062846477	-0.0038948361	-0.0021927275	-0.0057449316	-0.0060403315	-0.0053967972	-0.0044367944	-0.0051580660	-0.0042699169	-0.0055026639	-0.0055455745	-0.0031877639	-0.0034400248	-0.0056798086	-0.0052302891	-0.0051669590	-0.0065165970	-0.0050446298	-0.0018107638	-0.0033454517	-0.0048956824	-0.0033275365	-0.0062169167	-0.0043258224	-0.0040048129	-0.0064661663	-0.0065333101	-0.0046803368	-0.0039574971	-0.0031813336	-0.0049334935	-0.0057453056	-0.0038971536	-0.0079508030	-0.0050236275	-0.0065447936	-0.0048516051	-0.0041909372	-0.0071556734	-0.0023766517	-0.0061125948	-0.0033445734	-0.0021861727	-0.0058068843	-0.0043150531	-0.0049332866	-0.0028614399	-0.0059572921	-0.0057849436	-0.0072798097	-0.0070852367	-0.0075731585	-0.0046513139	-0.0056653967	-0.0051209966	-0.0058111121	-0.0035633509	-0.0018547044	-0.0022040492	-0.0041667545	-0.0044315941	-0.0048053035	-0.0077944034	-0.0048122564	-0.0046803860	-0.0031354592	-0.0056307995	-0.0044434477
-0.0023036216	-0.0074621799	-0.0064113688	-0.0043000902	-0.0042308085	-0.0060197344	-0.0058581848	-0.0039049854	-0.0060549127	-0.0058624265	-0.0054303229	-0.0087049803	-0.0059659093	-0.0042549307	-0.0043636097	-0.0033460575	-0.0056215988	-0.0054453265	0.4816147260	-0.0058843320	-0.0039565818	-0.0035693972	-0.0065453032	-0.0071121300	-0.0045918718	-0.0050534968	-0.0055511045	-0.0050396314	-0.0055981751	-0.0052160733	-0.0055254807	-0.0071605837	-0.0029237529	-0.0050728373	-0.0016856249	-0.0032495024	-0.0030477954	-0.0054300210	-0.0044515419	-0.0027469673	-0.0052532044	-0.0044422964	-0.0048133425	-0.0048330787	-0.0052562080	-0.0060360087	-0.0059601417	-0.0031628328	-0.0033355664	-0.0035063054	-0.0036872270	-0.0045155058	-0.0012889905	-0.0041869189	-0.0081622984	-0.0055688737	-0.0054128098	-0.0054816079	-0.0024383431	-0.0046103864	-0.0056651717	-0.0046003521	-0.0051217260	-0.0043708508	-0.0066661644	-0.0058853520	-0.0039683288	-0.0057462407	-0.0050192082	-0.0062788695	-0.0031878717	-0.0065193018	-0.0043239963	-0.0054701705	-0.0036360443	-0.0060186497	-0.0035083100	-0.0021331060	-0.0025439903	-0.0043697012	-0.0064012850	-0.0059751742	-0.0066616042	-0.0080883514	-0.0041720292	-0.0038600192	-0.0052326883	-0.0062603427	-0.0045210462	-0.0027835762	-0.0048288948	-0.0060926600	-0.0056205892	-0.0053173489	-0.0059805132	-0.0033905701	-0.0052786476	-0.0055618674	-0.0036489130
-0.0075155800	-0.0074933040	-0.0061288918	-0.0073793645	-0.0050389514	-0.0053459431	-0.0036781670	-0.0050263812	-0.0071586114	-0.0050732430	-0.0054144020	-0.0059390433	-0.0062334150	-0.0036170246	-0.0048659629	-0.0039764468	-0.0060559875	-0.0075109815	-0.0058843320	0.5394708734	-0.0069312154	-0.0018597908	-0.0066433129	-0.0061098630	-0.0049170184	-0.0043936064	-0.0036187952	-0.0058461261	-0.0030163201	-0.0045035633	-0.0056324871	-0.0038708753	-0.0054340975	-0.0048781548	-0.0048728296	-0.0049126287	-0.0085826347	-0.0053297095	-0.0040932813	-0.0068342201	-0.0049644204	-0.0044765469	-0.0065397399	-0.0039031126	-0.0053985398	-0.0045854395	-0.0045799207	-0.0059836767	-0.0075651681	-0.0037936443	-0.0057589552	-0.0058130153	-0.0033725724	-0.0055546445	-0.0073201998	-0.0052566009	-0.0047698808	-0.0042591628	-0.0078681001	-0.0069949748	-0.0056298509	-0.0045524671	-0.0067560510	-0.0043978367	-0.0069502160	-0.0056994460	-0.0050477760	-0.0059482254	-0.0062626515	-0.0070709336	-0.0042738427	-0.0061617441	-0.0073690404	-0.0065752792	-0.0064986631	-0.0042295448	-0.0045898740	-0.0078357456	-0.0062767186	-0.0057368571	-0.0058516312	-0.0051100739	-0.0056252874	-0.0055433198	-0.0029567275	-0.0063871116	-0.0068693124	-0.0038636158	-0.0046232686	-0.0041484985	-0.0070824318	-0.0048253875	-0.0045761419	-0.0044521738	-0.0048346072	-0.0063895827	-0.0057727220	-0.0068967006	-0.0054246365
-0.0006757919	-0.0053870753	-0.0052835134	-0.0047668377	-0.0015934485	-0.0065335925	-0.0034507252	-0.0050834215	-0.0079199008	-0.0042254155	-0.0053545038	-0.0050108619	-0.0057277110	-0.0048088012	-0.0053215971	-0.0056448829	-0.0052684717	-0.0048167911	-0.0039565818	-0.0069312154	0.4548383718	-0.0045429989	-0.0051251677	-0.0057666257	-0.0044781094	-0.0056958742	-0.0051107516	-0.0064810954	-0.0025002346	-0.0054189793	-0.0042927526	-0.0050640686	-0.0037684646	-0.0050555778	-0.0054459411	-0.0024899769	-0.0041650061	-0.0043006501	-0.0035410963	-0.0034139735	-0.0025813239	-0.0040081030	-0.0025759525	-0.0049507987	-0.0057740919	-0.0026682325	-0.0063204009	-0.0027762353	-0.0035759668	-0.0030368372	-0.0028770868	-0.0044204110	-0.0034867214	-0.0036283270	-0.0054846136	-0.0047349686	-0.0073444060	-0.0050374935	-0.0042608341	-0.0054516122	-0.0038521591	-0.0034277066	-0.0034650357	-0.0040952991	-0.0066256278	-0.0067775673	-0.0045645161	-0.0059185480	-0.0039039454	-0.0079733427	-0.0057302031	-0.0058176142	-0.0051261091	-0.0043502997	-0.0049354518	-0.0067224921	-0.0038606483	-0.0043681188	-0.0074653736	-0.0002877555	-0.0052016433	-0.0062898852	-0.0023218835	-0.0047340183	-0.0036463852	-0.0032659930	-0.0033351993	-0.0063211841	-0.0028762288	-0.0025790952	-0.0047467032	-0.0054589168	-0.0055070507	-0.0047114930	-0.0052233193	-0.0051083055	-0.0049665917	-0.0047415488	-0.0051222110
-0.0018725317	-0.0055405247	-0.0060933031	-0.0052788057	-0.0022228723	-0.0080208528	-0.0059882006	-0.0056144873	-0.0069246807	-0.0055920460	-0.0037901834	-0.0032465575	-0.0034659585	-0.0039431112	-0.0052779760	-0.0050247754	-0.0046768114	-0.0047177175	-0.0035693972	-0.0018597908	-0.0045429989	0.4942071184	-0.0056623077	-0.0061019994	-0.0053728511	-0.0054170778	-0.0072802402	-0.0072454228	-0.0064514285	-0.0035506287	-0.0054498494	-0.0040774447	-0.0012344121	-0.0044467787	-0.0037932178	-0.0058845336	-0.0030110566	-0.0026146102	-0.0040808092	-0.0051460197	-0.0066067840	-0.0054774237	-0.0049627925	-0.0049434608	-0.0069021834	-0.0033459341	-0.0055501070	-0.0054573707	-0.0057167807	-0.0032188739	-0.0027527093	-0.0047502299	-0.0050354364	-0.0027894338	-0.0060099233	-0.0066093924	-0.0043478816	-0.0059735573	-0.0055412696	-0.0031499494	-0.0049234811	-0.0093708878	-0.0048361089	-0.0059521493	-0.0095937607	-0.0039088567	-0.0037378333	-0.0069514507	-0.0063547695	-0.0077899511	-0.0042014052	-0.0075299374	-0.0025672369	-0.0064806333	-0.0045212699	-0.0049289311	-0.0059344787	-0.0037739502	-0.0083642096	-0.0034400828	-0.0053321975	-0.0075704127	-0.0038018473	-0.0049328911	-0.0066461887	-0.0038049016	-0.0039255246	-0.0060813930	-0.0040456554	-0.0077052402	-0.0039119772	-0.0062452202	-0.0043222871	-0.0034942707	-0.0058480894	-0.0041640235	-0.0063489089	-0.0035328125	-0.0041061280
-0.0039480811	-0.0017055441	-0.0044401255	-0.0020156312	-0.0022403866	-0.0039083481	-0.0057152912	-0.0063570943	-0.0065555169	-0.0010726254	-0.0045858005	-0.0061152113	-0.0043109988	-0.0043393379	-0.0052393595	-0.0055562071	-0.0043599220	-0.0019605054	-0.0065453032	-0.0066433129	-0.0051251677	-0.0056623077	0.4355920802	-0.0053600487	-0.0064721697	-0.0056318712	-0.0054458944	-0.0049891576	-0.0032909393	-0.0036025290	-0.0021351285	-0.0024558096	-0.0019254815	-0.0019353308	-0.0033239484	-0.0056528585	-0.0027219738	-0.0020956752	-0.0038234967	-0.0054985515	-0.0037998269	-0.0030125822	-0.0038617328	-0.0052822408	-0.0050823418	-0.0035906370	-0.0050172474	-0.0064669259	-0.0026480178	-0.0058084913	-0.0024183116	-0.0053375290	-0.0045698201	-0.0053981014	-0.0041418934	-0.0044342573	-0.0060728872	-0.0040997217	-0.0046965861	-0.0025795918	-0.0014816454	-0.0018982954	-0.0043558854	-0.0061527841	-0.0058999811	-0.0033259640	-0.0069086097	-0.0055375032	-0.0047259233	-0.0074316922	-0.0040170039	-0.0079770951	-0.0049480128	-0.0066773264	-0.0042758457	-0.0070267873	-0.0039360672	-0.0018085580	-0.0057499006	-0.0030584402	-0.0072351183	-0.0054881975	-0.0038793624	-0.0032570697	-0.0042769370	-0.0005818497	-0.0040784543	-0.0043297773	-0.0027902038	-0.0025574373	-0.0046276384	-0.0047268989	-0.0065707944	-0.0041052935	-0.0053642288	-0.0059034284	-0.0052591361	-0.0047666411	-0.0055186059
-0.0041940541	-0.0043286002	-0.0057815166	-0.0061704185	-0.0059544111	-0.0062332631	-0.0072373908	-0.0064415760	-0.0069031687	-0.0042399698	-0.0071441131	-0.0051852152	-0.0036722221	-0.0036097932	-0.0072973316	-0.0066820499	-0.0073379107	-0.0040670273	-0.0071121300	-0.0061098630	-0.0057666257	-0.0061019994	-0.0053600487	0.5587042275	-0.0025222654	-0.0047698078	-0.0077701976	-0.0049673196	-0.0033137769	-0.0047510672	-0.0058242185	-0.0065361121	-0.0022122460	-0.0053298472	-0.0056963150	-0.0056024337	-0.0064909687	-0.0045666712	-0.0058516649	-0.0058237509	-0.0048285990	-0.0056701321	-0.0034321883	-0.0047577245	-0.0054934859	-0.0062784907	-0.0034626975	-0.0076860483	-0.0060815669	-0.0043549233	-0.0068909163	-0.0064206221	-0.0049528117	-0.0055179249	-0.0045160580	-0.0045867644	-0.0065573448	-0.0074207105	-0.0086850169	-0.0068018765	-0.0069599644	-0.0083217111	-0.0066676228	-0.0027929444	-0.0073508722	-0.0039512726	-0.0053107368	-0.0035437885	-0.0039020584	-0.0065106686	-0.0053947397	-0.0054623409	-0.0078063577	-0.0054740140	-0.0045563546	-0.0047273882	-0.0044029647	-0.0067489383	-0.0066827056	-0.0057356391	-0.0042271882	-0.0069907755	-0.0080733029	-0.0074290696	-0.0033633496	-0.0081890834	-0.0077263540	-0.0081073009	-0.0053770869	-0.0060955194	-0.0076274709	-0.0052402073	-0.0066829436	-0.0057293006	-0.0032238164	-0.0069166756	-0.0055019279	-0.0043738134	-0.0061706947
-0.0037459238	-0.0050855537	-0.0054786515	-0.0029686253	-0.0055571166	-0.0060095023	-0.0008810007	-0.0031774386	-0.0057280260	-0.0044880970	-0.0048517459	-0.0060615588	-0.0057449441	-0.0039740551	-0.0060776277	-0.0054166250	-0.0059347424	-0.0060308671	-0.0045918718	-0.0049170184	-0.0044781094	-0.0053728511	-0.0064721697	-0.0025222654	0.4772603602	-0.0056885915	-0.0065270199	-0.0059121105	-0.0038056134	-0.0025293996	-0.0064030575	-0.0057931548	-0.0052034443	-0.0050400116	-0.0035724464	-0.0029234508	-0.0053657879	-0.0068102515	-0.0043514324	-0.0053090208	-0.0036053673	-0.0042255229	-0.0060046774	-0.0020383291	-0.0042260037	-0.0048233206	-0.0048908711	-0.0034822645	-0.0050832425	-0.0054164283	-0.0024559339	-0.0041645950	-0.0040074013	-0.0078061386	-0.0048958012	-0.0048500418	-0.0040293892	-0.0045253211	-0.0059576983	-0.0054311923	-0.0043424691	-0.0049690290	-0.0055814346	-0.0020974730	-0.0068529654	-0.0035711297	-0.0016339672	-0.0042322285	-0.0072953620	-0.0063571323	-0.0046231885	-0.0051095198	-0.0055087761	-0.0053022201	-0.0066168436	-0.0068377390	-0.0053617091	-0.0047468937	-0.0056016494	-0.0062132870	-0.0071432496	-0.0071546336	-0.0031882748	-0.0045951520	-0.0038813827	-0.0049571680	-0.0074717768	-0.0057763972	-0.0034796147	-0.0047768911	-0.0035859758	-0.0042438020	-0.0042037852	-0.0064138286	-0.0029377327	-0.0054895654	-0.0027829840	-0.0047447573	-0.0048576512
-0.0029935736	-0.0048157188	-0.0016127675	-0.0053064175	-0.0036122366	-0.0053016232	-0.0056783764	-0.0050123380	-0.0070742469	-0.0054455456	-0.0051566915	-0.0074831869	-0.0058226716	-0.0049844113	-0.0052755476	-0.0050220390	-0.0041897349	-0.0047127331	-0.0050534968	-0.0043936064	-0.0056958742	-0.0054170778	-0.0056318712	-0.0047698078	-0.0056885915	0.4983707523	-0.0046932616	-0.0055858612	-0.0049914109	-0.0049468895	-0.0031481701	-0.0030761561	-0.0037978258	-0.0056458368	-0.0048705172	-0.0071661468	-0.0048961444	-0.0055924280	-0.0050403128	-0.0029002121	-0.0048733323	-0.0059522752	-0.0049495473	-0.0071757291	-0.0062735461	-0.0033046386	-0.0044290530	-0.0033225360	-0.0038909173	-0.0057252060	-0.0060138540	-0.0035732438	-0.0038324073	-0.0043838410	-0.0063594663	-0.0061690317	-0.0034054588	-0.0054173638	-0.0082829506	-0.0058973633	-0.0039139155	-0.0053946080	-0.0051755961	-0.0053973315	-0.0069785906	-0.0068631168	-0.0050546390	-0.0024822552	-0.0039915009	-0.0040317211	-0.0068898538	-0.0049457303	-0.0047361405	-0.0049637039	-0.0060531111	-0.0053903932	-0.0056580881	-0.0044351585	-0.0042036640	-0.0047141913	-0.0064552963	-0.0066033694	-0.0043889394	-0.0054543999	-0.0040535476	-0.0035216070	-0.0061810531	-0.0036524787	-0.0053773455	-0.0053211618	-0.0051088000	-0.0063315761	-0.0076530203	-0.0033668923	-0.0044202371	-0.0060983831	-0.0039818660	-0.0058424014	-0.0075519472
-0.0021593138	-0.0053937479	-0.0054142261	-0.0059412291	-0.0055522175	-0.0024299308	-0.0066951201	-0.0039011473	-0.0057532738	-0.0039163991	-0.0042812270	-0.0028623471	-0.0052601238	-0.0068287457	-0.0055614236	-0.0034601210	-0.0048859945	-0.0025745578	-0.0055511045	-0.0036187952	-0.0051107516	-0.0072802402	-0.0054458944	-0.0077701976	-0.0065270199	-0.0046932616	0.4826324907	-0.0056184059	-0.0054978924	-0.0043557555	-0.0049767171	-0.0043914166	-0.0041585695	-0.0053274433	-0.0026081110	-0.0055849642	-0.0033056647	-0.0057148037	-0.0062580704	-0.0060230557	-0.0046092640	-0.0067385170	-0.0049480882	-0.0073855327	-0.0046775430	-0.0058891738	-0.0050974669	-0.0030526014	-0.0005016444	-0.0031394901	-0.0041306195	-0.0046228321	-0.0038725025	-0.0052097942	-0.0061730894	-0.0055985291	-0.0046374949	-0.0039738172	-0.0074125033	-0.0066146747	-0.0031689873	-0.0072875426	-0.0043730388	-0.0060238305	-0.0034949087	-0.0030157750	-0.0041562473	-0.0051893982	-0.0032719893	-0.0037789160	-0.0062952993	-0.0058323981	-0.0024843281	-0.0036090241	-0.0052508415	-0.0058371591	-0.0039740673	-0.0040961139	-0.0049280683	-0.0063647550	-0.0057677941	-0.0043962311	-0.0065583346	-0.0041816562	-0.0031955710	-0.0069166907	-0.0037326923	-0.0050380420	-0.0031937720	-0.0063067404	-0.0063836667	-0.0056186624	-0.0066496487	-0.0049039854	-0.0056682293	-0.0056499636	-0.0036942253	-0.0066331865	-0.0047362500
-0.0044962538	-0.0045405649	-0.0036488782	-0.0045217424	-0.0055835411	-0.0052323856	-0.0039432902	-0.0041390001	-0.0073366317	-0.0061569762	-0.0052108694	-0.0057221444	-0.0058182625	-0.0071649873	-0.0075377774	-0.0059702515	-0.0052506053	-0.0074439136	-0.0050396314	-0.0058461261	-0.0064810954	-0.0072454228	-0.0049891576	-0.0049673196	-0.0059121105	-0.0055858612	-0.0056184059	0.5268689200	-0.0054516624	-0.0021196327	-0.0053881719	-0.0046577805	-0.0042833233	-0.0064510759	-0.0057349086	-0.0077242848	-0.0059808006	-0.0027197157	-0.0044689114	-0.0055697006	-0.0041439452	-0.0052608313	-0.0072152541	-0.0062457713	-0.0052016572	-0.0057391237	-0.0036771423	-0.0064480852	-0.0070057236	-0.0064792149	-0.0038475097	-0.0042954776	-0.0039730084	-0.0057600135	-0.0039186368	-0.0052203979	-0.0066629481	-0.0052829020	-0.0070471186	-0.0067070669	-0.0053154195	-0.0038943724	-0.0058989710	-0.0028720510	-0.0056964896	-0.0067073636	-0.0047118637	-0.0030971726	-0.0059810614	-0.0065624802	-0.0050185837	-0.0046177901	-0.0045950997	-0.0044899559	-0.0044972392	-0.0062494176	-0.0073511844	-0.0074867687	-0.0033411456	-0.0065023297	-0.0044500063	-0.0052806670	-0.0058589507	-0.0050810111	-0.0057568902	-0.0069497804	-0.0041987183	-0.0052889929	-0.0025991549	-0.0033505054	-0.0070498695	-0.0059259150	-0.0066823779	-0.0049679109	-0.0055172738	-0.0062157819	-0.0049154597	-0.0059420006	-0.0038658908
