1.0000000000	0.9032180375	0.9035145761	0.9024790085	0.9038122101	0.9028262763	0.9034770769	0.9040865862	0.9021105052	0.9031668026	0.9042752619	0.9036527753	0.9042836045	0.9035133963	0.9029042240	0.9035023572	0.9037524642	0.9041762472	0.9040554914	0.9018737125	0.9048086774	0.9037324927	0.9038558609	0.9029688575	0.9041145632	0.9041087487	0.9041127093	0.9036440957	0.9037049371	0.9038184459	0.9040135260	0.9037302175	0.9041840841	0.9038478554	0.9037918173	0.9029468636	0.9041478490	0.9035878891	0.9044790216	0.9030529568	0.9025273782	0.9038548496	0.9039919534	0.9031817181	0.9043837989	0.9030992198	0.9034102525	0.9040243123	0.9046103109	0.9039142585	0.9044487694	0.9046056762	0.9046682029	0.9033930618	0.9038227436	0.9034143816	0.9023923811	0.9028591407	0.9033007043	0.9026748469	0.9041505455	0.9030842202	0.9040866705	0.9031882067	0.9019510704	0.9037188413	0.9039307750	0.9033007885	0.9026817569	0.9027881029	0.9034909811	0.9031389943	0.9033023896	0.9038761694	0.9039620383	0.9028136361	0.9031206239	0.9027702381	0.9027234695	0.9031474210	0.9026948184	0.9028595621	0.9039257189	0.9034932563	0.9042177070	0.9035433114	0.9041015016	0.9027104080	0.9042497288	0.9044974763	0.9035481989	0.9023418204	0.9033403101	0.9031841618	0.9030943323	0.9037683908	0.9035363172	0.9028640283	0.9037907218
0.9032180375	1.0000000000	0.9043392212	0.9024727726	0.9046083728	0.9028227370	0.9040902097	0.9031914931	0.9020547198	0.9030855684	0.9031130398	0.9034375552	0.9044206240	0.9034759814	0.9027838895	0.9032498907	0.9037347680	0.9033446921	0.9024360319	0.9016650653	0.9035682547	0.9025176874	0.9044169162	0.9023589268	0.9035091829	0.9032182060	0.9023535336	0.9031882067	0.9040123463	0.9037026619	0.9035144918	0.9028351244	0.9045211555	0.9033424168	0.9034813745	0.9027656877	0.9030420862	0.9029214989	0.9031720273	0.9013729929	0.9032050603	0.9028657136	0.9034528077	0.9034439596	0.9036489833	0.9044111017	0.9027303795	0.9031059613	0.9030375358	0.9021331732	0.9033500852	0.9035856981	0.9036045741	0.9032922775	0.9027980465	0.9030717485	0.9025157492	0.9027130203	0.9027313907	0.9028877075	0.9033442707	0.9028005746	0.9033773037	0.9036629717	0.9012073223	0.9030305415	0.9039692011	0.9036381970	0.9030264124	0.9023455282	0.9038821524	0.9021613187	0.9033037379	0.9029856268	0.9027787492	0.9029390266	0.9036973530	0.9031416908	0.9032570535	0.9038577990	0.9031434605	0.9031309045	0.9031425335	0.9034391563	0.9036143492	0.9037514530	0.9040189191	0.9032493851	0.9046764612	0.9031014951	0.9028669776	0.9029881548	0.9024298803	0.9024493462	0.9031438818	0.9032919404	0.9023547134	0.9033558154	0.9028963028
0.9035145761	0.9043392212	1.0000000000	0.9022200534	0.9035360644	0.9023745163	0.9032796373	0.9027002958	0.9010063435	0.9023617919	0.9033817699	0.9028241696	0.9032414640	0.9027242279	0.9018172530	0.9030645857	0.9034832284	0.9027343400	0.9025336983	0.9018641902	0.9032796373	0.9020721633	0.9033533717	0.9017896974	0.9032345540	0.9034131176	0.9026381062	0.9032182903	0.9030335752	0.9021459819	0.9032273912	0.9022867935	0.9034127805	0.9030042500	0.9031760721	0.9018266910	0.9027755470	0.9033963483	0.9029464422	0.9022280588	0.9032769407	0.9033262374	0.9027630754	0.9031745553	0.9036713143	0.9027024025	0.9030752878	0.9030180699	0.9031564377	0.9027246492	0.9026625438	0.9030280978	0.9030404009	0.9031452301	0.9027644237	0.9031473368	0.9030526197	0.9022718781	0.9026242862	0.9025561135	0.9036800781	0.9022817374	0.9040773168	0.9030500917	0.9009783666	0.9024776602	0.9036456968	0.9037056955	0.9024999912	0.9020830338	0.9027629911	0.9020317990	0.9034949417	0.9024554977	0.9032166892	0.9020217711	0.9026398758	0.9024706659	0.9025381645	0.9027763897	0.9021031738	0.9025775176	0.9029897559	0.9032963223	0.9038048788	0.9029494759	0.9033504223	0.9026058316	0.9041562757	0.9037162290	0.9036333937	0.9023813420	0.9026355781	0.9024290376	0.9029098700	0.9025971520	0.9023060908	0.9029876492	0.9026033035
0.9024790085	0.9024727726	0.9022200534	1.0000000000	0.9014818670	0.9022043795	0.9024850757	0.9014897882	0.8998554975	0.9020745228	0.9017844728	0.9018900605	0.9023461181	0.9020717419	0.9009648837	0.9019894123	0.9022054750	0.9021012357	0.9021889585	0.9008662061	0.9022430585	0.9017611306	0.9032139084	0.9011358632	0.9026606057	0.9018977288	0.9015074844	0.9020671072	0.9021953629	0.9024032517	0.9023308656	0.9018582915	0.9029246168	0.9019914347	0.9012022663	0.9010794880	0.9014617270	0.9020068557	0.9027264189	0.9010483932	0.9015901512	0.9025775176	0.9024011450	0.9017407378	0.9026536114	0.9023438428	0.9022077502	0.9018830662	0.9028098440	0.9020748598	0.9025957194	0.9017660182	0.9020319675	0.9018494434	0.9018195283	0.9019369976	0.9019240204	0.9011850756	0.9011724354	0.9015793649	0.9023660895	0.9017076206	0.9026108034	0.9020817698	0.8999190354	0.9011048526	0.9017146991	0.9018719429	0.9008096624	0.8999110300	0.9016428186	0.9007752811	0.9018804539	0.9017286875	0.9011404137	0.9015465847	0.9017895289	0.9014935802	0.9010130007	0.9021704196	0.9015947859	0.9015478487	0.9019037961	0.9014258289	0.9029287460	0.9016366670	0.9029077633	0.9019359864	0.9034790150	0.9033170522	0.9017713271	0.9022555301	0.9014208571	0.9015040294	0.9014047619	0.9024371273	0.9018325898	0.9021234824	0.9023920440
0.9038122101	0.9046083728	0.9035360644	0.9014818670	1.0000000000	0.9020834552	0.9033007043	0.9030641644	0.9015331861	0.9025104404	0.9030329010	0.9028484387	0.9031676453	0.9030818607	0.9025906634	0.9032499750	0.9030507658	0.9023103042	0.9033099737	0.9024309758	0.9042999524	0.9034603918	0.9038835850	0.9018045286	0.9028996736	0.9031111016	0.9025754109	0.9029376784	0.9036071022	0.9032776991	0.9029199821	0.9029516668	0.9034308138	0.9033709836	0.9023404721	0.9018799483	0.9032772778	0.9031499491	0.9034611502	0.9018346965	0.9026575720	0.9039016183	0.9037950195	0.9030115813	0.9039335558	0.9035309240	0.9031229834	0.9027988049	0.9025357207	0.9025795400	0.9033232038	0.9031037703	0.9028546745	0.9028381580	0.9023966788	0.9031537411	0.9025239232	0.9026701279	0.9032443291	0.9024167345	0.9039404658	0.9025074067	0.9029311055	0.9031552580	0.9017155417	0.9034184264	0.9031464941	0.9027838053	0.9024561719	0.9018049499	0.9032166892	0.9020285968	0.9027067002	0.9023569043	0.9028797864	0.9021798576	0.9030443615	0.9027312221	0.9024279421	0.9039480499	0.9024823792	0.9027067845	0.9029963288	0.9040296212	0.9035928609	0.9029899244	0.9032457616	0.9024892049	0.9039483027	0.9042621162	0.9030064409	0.9025901578	0.9029645598	0.9030187440	0.9024207794	0.9026443420	0.9024451328	0.9033461246	0.9021954471
0.9028262763	0.9028227370	0.9023745163	0.9022043795	0.9020834552	1.0000000000	0.9018512972	0.9015935219	0.9007225294	0.9015390006	0.9020063501	0.9008940987	0.9022831700	0.9016046452	0.9018196125	0.9025441475	0.9020114062	0.9025482766	0.9018098375	0.9015006587	0.9018089948	0.9007080353	0.9025206368	0.9012485293	0.9019029534	0.9023584212	0.9024372116	0.9021265160	0.9025492036	0.9023301914	0.9015754043	0.9021721892	0.9024135323	0.9024718457	0.9022080031	0.9021504481	0.9014609686	0.9025017608	0.9021521335	0.9005853413	0.9014287782	0.9024309758	0.9027548171	0.9015732976	0.9028812189	0.9021838182	0.9019469413	0.9021917394	0.9023985327	0.9013033877	0.9022427214	0.9017109913	0.9018082364	0.9022784510	0.9016802335	0.9021182578	0.9013392858	0.9015392534	0.9016516667	0.9011511999	0.9027275143	0.9017929839	0.9028240853	0.9026331344	0.9004382097	0.9014656033	0.9024165660	0.9021888743	0.9016204033	0.9011636716	0.9019098634	0.9007603657	0.9019120544	0.9017646699	0.9014318962	0.9011967889	0.9027088069	0.9011088975	0.9016228471	0.9020660117	0.9018593027	0.9013736671	0.9026017867	0.9026129101	0.9031460728	0.9017002893	0.9023370171	0.9012674896	0.9030102330	0.9027174865	0.9023329723	0.9018410166	0.9014688055	0.9023206692	0.9033000301	0.9030105701	0.9025091763	0.9021373866	0.9014629910
0.9034770769	0.9040902097	0.9032796373	0.9024850757	0.9033007043	0.9018512972	1.0000000000	0.9029934637	0.9011791769	0.9036585898	0.9032316889	0.9022320194	0.9032767722	0.9036613707	0.9019105375	0.9026618697	0.9027274301	0.9020990447	0.9026359152	0.9025957194	0.9034694928	0.9020764609	0.9026882455	0.9013670942	0.9041642812	0.9024348521	0.9022273004	0.9032214082	0.9031662970	0.9031309888	0.9028315851	0.9022258678	0.9023113154	0.9030075364	0.9025674054	0.9024495147	0.9029579869	0.9035733950	0.9027699011	0.9015346187	0.9030562432	0.9035580583	0.9034179208	0.9025663942	0.9033329788	0.9030326482	0.9028235797	0.9024877723	0.9029928738	0.9017071150	0.9026056630	0.9028084115	0.9028864435	0.9030507658	0.9029084374	0.9024314814	0.9030484906	0.9029159373	0.9022562885	0.9026761952	0.9030378728	0.9021168252	0.9033082041	0.9031595556	0.9012186142	0.9024160604	0.9034015729	0.9030304573	0.9017927311	0.9020194116	0.9028112766	0.9018358762	0.9030564960	0.9022132277	0.9027018969	0.9020179791	0.9027503509	0.9026617012	0.9025212267	0.9023044055	0.9020021367	0.9027296210	0.9029905143	0.9025563663	0.9035649682	0.9023408092	0.9028666406	0.9023103042	0.9039123203	0.9028274560	0.9028502926	0.9027178235	0.9014127674	0.9018877852	0.9030484906	0.9024315657	0.9020978650	0.9023981956	0.9027806874
0.9040865862	0.9031914931	0.9027002958	0.9014897882	0.9030641644	0.9015935219	0.9029934637	1.0000000000	0.9008487626	0.9030613836	0.9030625633	0.9030441087	0.9035557830	0.9025513103	0.9022465135	0.9026181347	0.9026166179	0.9027921478	0.9026048204	0.9019905920	0.9028893086	0.9021677230	0.9024667054	0.9017082947	0.9032632051	0.9023503315	0.9024333353	0.9029816662	0.9029250382	0.9026340613	0.9027811087	0.9026016182	0.9035321038	0.9040356884	0.9026527688	0.9016566385	0.9032289081	0.9033442707	0.9026853804	0.9017141935	0.9022517381	0.9030092218	0.9025308332	0.9029645598	0.9033113220	0.9033251419	0.9033510122	0.9033074457	0.9035693502	0.9022571312	0.9029972557	0.9025890623	0.9032739914	0.9028629328	0.9029530151	0.9022370755	0.9021118534	0.9032660702	0.9023325509	0.9024106672	0.9029305999	0.9020451133	0.9022655580	0.9024088133	0.9011725197	0.9024501889	0.9035010932	0.9024851600	0.9027713336	0.9015956286	0.9023177198	0.9022478617	0.9026670943	0.9025915060	0.9030870853	0.9023049111	0.9025433048	0.9026090337	0.9018112700	0.9015536632	0.9021362068	0.9022530864	0.9022087615	0.9028889715	0.9033938202	0.9025825736	0.9024753849	0.9014838894	0.9032271384	0.9036781400	0.9023314555	0.9019667442	0.9024603010	0.9016834357	0.9028456579	0.9021159826	0.9024788399	0.9025902420	0.9028072317
0.9021105052	0.9020547198	0.9010063435	0.8998554975	0.9015331861	0.9007225294	0.9011791769	0.9008487626	1.0000000000	0.9006017736	0.9012501304	0.9001093965	0.9015207145	0.9008325832	0.9000317858	0.9013097920	0.9014208571	0.9013572348	0.9009378338	0.9002379893	0.9010084502	0.9004264122	0.9010722410	0.8997590108	0.9015411073	0.9010527751	0.9005674766	0.9009590693	0.9008201958	0.9013021237	0.9009513166	0.9008609815	0.9013992845	0.9008188475	0.9008327517	0.9007180632	0.9008148027	0.9012849330	0.9012486136	0.9000969249	0.9010954146	0.9019631207	0.9013943970	0.9005900603	0.9017245584	0.9002304894	0.9009117950	0.9010049110	0.9014849006	0.9005935153	0.9008064602	0.9010683647	0.9009333676	0.9010968472	0.9010893473	0.9008338472	0.9005791898	0.9001257445	0.9004061879	0.9004273391	0.9022357272	0.9003737448	0.9018192755	0.9009396876	0.8997018772	0.9003062462	0.9013526001	0.9017548948	0.9006041331	0.8999674052	0.9009328620	0.9005092475	0.9006665755	0.9012182772	0.9012181929	0.9001132728	0.9012204681	0.9006690193	0.9009234240	0.9008523862	0.9005201180	0.9004384625	0.9005225618	0.9014634966	0.9018308202	0.9007585118	0.9011675479	0.8999340351	0.9020723318	0.9017175642	0.9010718196	0.9001585247	0.9000131626	0.9008057018	0.9007463772	0.9014875129	0.9003355714	0.9009042109	0.9003862164
0.9031668026	0.9030855684	0.9023617919	0.9020745228	0.9025104404	0.9015390006	0.9036585898	0.9030613836	0.9006017736	1.0000000000	0.9038203841	0.9020146083	0.9026961667	0.9032823339	0.9019966593	0.9032146668	0.9027575980	0.9021334260	0.9025101876	0.9020444392	0.9030808494	0.9017665238	0.9040183293	0.9020789890	0.9031604826	0.9027184977	0.9026110562	0.9025700177	0.9033299452	0.9033558154	0.9030161317	0.9025781074	0.9027099024	0.9030912987	0.9021347743	0.9024055269	0.9035812319	0.9029230158	0.9022489572	0.9013755210	0.9031442189	0.9028326806	0.9033896068	0.9024669582	0.9034927507	0.9027889456	0.9020355068	0.9031725329	0.9032134870	0.9026372635	0.9027136944	0.9028970613	0.9036448542	0.9027674573	0.9021031738	0.9021491841	0.9015704325	0.9024507787	0.9022889845	0.9019353123	0.9026065900	0.9020357596	0.9029362458	0.9026547912	0.9003220043	0.9026198200	0.9038497093	0.9023847970	0.9019691880	0.9020521075	0.9020965167	0.9017099801	0.9024848229	0.9020895225	0.9026523474	0.9022621873	0.9025528271	0.9027695640	0.9019325315	0.9030023118	0.9020478099	0.9018840774	0.9027033295	0.9026423196	0.9031515502	0.9030864111	0.9032544412	0.9014258289	0.9036964261	0.9034441281	0.9028506297	0.9014785805	0.9021917394	0.9020645792	0.9027038351	0.9021683129	0.9024246557	0.9025053843	0.9026006912
0.9042752619	0.9031130398	0.9033817699	0.9017844728	0.9030329010	0.9020063501	0.9032316889	0.9030625633	0.9012501304	0.9038203841	1.0000000000	0.9020867416	0.9031325056	0.9025640347	0.9025587258	0.9028829885	0.9034298869	0.9034387350	0.9028580452	0.9019790473	0.9029133250	0.9025224064	0.9028368940	0.9013574876	0.9031852573	0.9029512455	0.9029036342	0.9025570405	0.9034297183	0.9034507010	0.9032933730	0.9030405694	0.9034290442	0.9032972493	0.9023085346	0.9026392859	0.9036285905	0.9029638014	0.9035780298	0.9019294978	0.9023086189	0.9029592509	0.9039975151	0.9019594972	0.9031334326	0.9029401221	0.9033949157	0.9030454569	0.9032866315	0.9028646181	0.9036010349	0.9033910394	0.9020262373	0.9028660507	0.9024181671	0.9022228342	0.9028978197	0.9022412889	0.9021580322	0.9027152955	0.9031978132	0.9022644625	0.9034273588	0.9037534754	0.9009063176	0.9030812708	0.9030129296	0.9031164105	0.9022794622	0.9023269893	0.9026668415	0.9020162094	0.9034505325	0.9027720920	0.9034640154	0.9020164622	0.9023699659	0.9033842137	0.9019215766	0.9021960370	0.9020135971	0.9027751257	0.9027999004	0.9030304573	0.9038841749	0.9029160215	0.9037367904	0.9021001402	0.9034343531	0.9034239039	0.9030543893	0.9020527817	0.9021538188	0.9021608131	0.9024026618	0.9035578897	0.9027158854	0.9028001532	0.9025256928
0.9036527753	0.9034375552	0.9028241696	0.9018900605	0.9028484387	0.9008940987	0.9022320194	0.9030441087	0.9001093965	0.9020146083	0.9020867416	1.0000000000	0.9024968732	0.9016924523	0.9017083790	0.9020644949	0.9024039258	0.9015309951	0.9012727142	0.9012151592	0.9025198784	0.9027358569	0.9021495212	0.9012207209	0.9025663099	0.9013193986	0.9022555301	0.9018342751	0.9027917264	0.9016654866	0.9025409453	0.9024108358	0.9026354939	0.9028320065	0.9018436289	0.9014677100	0.9028781853	0.9021598018	0.9023358374	0.9018948637	0.9021308980	0.9024786714	0.9029504871	0.9021377237	0.9023355003	0.9020151139	0.9027803503	0.9016387737	0.9016677619	0.9020321361	0.9020291867	0.9021019941	0.9022541818	0.9014428510	0.9023515112	0.9017247269	0.9020838765	0.9020441864	0.9013257187	0.9025859444	0.9014596203	0.9018642745	0.9025839219	0.9021934247	0.9011667895	0.9020721633	0.9024534753	0.9022369069	0.9008879472	0.9008712622	0.9023170457	0.9016020329	0.9024228861	0.9015044508	0.9022821588	0.9018117756	0.9027366153	0.9017013005	0.9017411592	0.9024807781	0.9022526650	0.9022975798	0.9023577470	0.9026112247	0.9027661933	0.9023085346	0.9029676777	0.9014732717	0.9029895031	0.9029686047	0.9023584212	0.9016837728	0.9024911430	0.9014333287	0.9018715215	0.9026089495	0.9014350983	0.9030720856	0.9027244807
0.9042836045	0.9044206240	0.9032414640	0.9023461181	0.9031676453	0.9022831700	0.9032767722	0.9035557830	0.9015207145	0.9026961667	0.9031325056	0.9024968732	1.0000000000	0.9027574294	0.9019252844	0.9032049760	0.9032867158	0.9025595685	0.9024253298	0.9014590304	0.9031025063	0.9028673147	0.9032385989	0.9026252974	0.9027840581	0.9025015080	0.9023972686	0.9028635227	0.9033603659	0.9024041786	0.9031768305	0.9032393573	0.9041647868	0.9036591797	0.9025755794	0.9035536763	0.9027457162	0.9033703938	0.9030848100	0.9025374903	0.9027056047	0.9034445495	0.9031893022	0.9026694538	0.9035289016	0.9024912273	0.9023826060	0.9026889197	0.9034146344	0.9028554329	0.9033616299	0.9029967501	0.9023664266	0.9030206822	0.9034598020	0.9024374644	0.9020122488	0.9019730643	0.9025717031	0.9021462347	0.9032238520	0.9024853285	0.9027254919	0.9030163845	0.9010565672	0.9024608066	0.9035342947	0.9036416520	0.9019384302	0.9014092281	0.9035502214	0.9019138240	0.9027257447	0.9025069011	0.9026231065	0.9027562497	0.9032760980	0.9029017803	0.9018502018	0.9031645274	0.9023403036	0.9024863398	0.9025615067	0.9029186338	0.9040989736	0.9031963807	0.9032464358	0.9025901578	0.9042872280	0.9037890364	0.9041307426	0.9019638791	0.9021550828	0.9035573841	0.9034040166	0.9039341457	0.9027850693	0.9028516409	0.9019524187
0.9035133963	0.9034759814	0.9027242279	0.9020717419	0.9030818607	0.9016046452	0.9036613707	0.9025513103	0.9008325832	0.9032823339	0.9025640347	0.9016924523	0.9027574294	1.0000000000	0.9025003282	0.9020848877	0.9026383590	0.9030557376	0.9026902680	0.9020376135	0.9027580193	0.9024156390	0.9027660248	0.9022922709	0.9034438753	0.9025399341	0.9017064408	0.9018994985	0.9031360449	0.9020596916	0.9031496963	0.9021120220	0.9030923941	0.9028839155	0.9022567099	0.9027034137	0.9019948897	0.9032670814	0.9036451912	0.9013017866	0.9021049435	0.9027031609	0.9033339058	0.9022915968	0.9032584018	0.9027462218	0.9018906503	0.9027344243	0.9029181282	0.9017567487	0.9031902291	0.9029097857	0.9019912661	0.9032141612	0.9022232555	0.9017897817	0.9013173761	0.9016467792	0.9021987336	0.9025947082	0.9023826903	0.9019928672	0.9031112701	0.9029580712	0.9005909030	0.9023453596	0.9034987337	0.9022957259	0.9019657330	0.9017326481	0.9017575071	0.9019035433	0.9026096236	0.9029110497	0.9028873705	0.9015158269	0.9028213887	0.9029710484	0.9014061102	0.9026897623	0.9027552385	0.9020703937	0.9029204877	0.9025077438	0.9028860222	0.9022397720	0.9029938008	0.9020115747	0.9039356625	0.9030513557	0.9025904948	0.9020875843	0.9021444651	0.9016563014	0.9019512389	0.9027493397	0.9021685657	0.9034686501	0.9024501046
0.9029042240	0.9027838895	0.9018172530	0.9009648837	0.9025906634	0.9018196125	0.9019105375	0.9022465135	0.9000317858	0.9019966593	0.9025587258	0.9017083790	0.9019252844	0.9025003282	1.0000000000	0.9025880511	0.9021953629	0.9021501110	0.9025892308	0.9013935543	0.9023836173	0.9013984418	0.9025448216	0.9008346899	0.9024622392	0.9021778352	0.9017607936	0.9014357725	0.9025034461	0.9026545384	0.9023276634	0.9014613899	0.9024323241	0.9021707567	0.9021752229	0.9017153732	0.9023054167	0.9025148223	0.9026134999	0.9008451391	0.9021672174	0.9021027525	0.9027961926	0.9019953953	0.9025546810	0.9018153149	0.9021177522	0.9023431687	0.9032716319	0.9016858795	0.9025830793	0.9016502342	0.9023744321	0.9017201765	0.9024542337	0.9014317276	0.9015006587	0.9014820355	0.9015617529	0.9018598083	0.9027983836	0.9011226331	0.9033285969	0.9024520427	0.9002247592	0.9014759682	0.9026584990	0.9023354160	0.9013215053	0.9009316822	0.9019500592	0.9011686434	0.9024671267	0.9016742505	0.9017987141	0.9009509795	0.9021908124	0.9019845247	0.9021823014	0.9020819383	0.9016686045	0.9024486720	0.9023362587	0.9028125406	0.9027406601	0.9020576692	0.9021294654	0.9013002698	0.9025950453	0.9024357791	0.9021004773	0.9019722216	0.9015448993	0.9012144851	0.9026778806	0.9013551281	0.9016101227	0.9019289922	0.9018181800
0.9035023572	0.9032498907	0.9030645857	0.9019894123	0.9032499750	0.9025441475	0.9026618697	0.9026181347	0.9013097920	0.9032146668	0.9028829885	0.9020644949	0.9032049760	0.9020848877	0.9025880511	1.0000000000	0.9033951685	0.9026317861	0.9033735960	0.9025687537	0.9030889392	0.9027413343	0.9031604826	0.9016704584	0.9033760397	0.9025620966	0.9029461051	0.9026416454	0.9033950000	0.9029639699	0.9034172467	0.9039697067	0.9030370302	0.9028716966	0.9033104793	0.9018136295	0.9022359800	0.9035041268	0.9034452236	0.9017275920	0.9021689028	0.9032250317	0.9031354550	0.9026189774	0.9037750480	0.9026354096	0.9025636976	0.9028577082	0.9032111275	0.9018919986	0.9032878955	0.9031183486	0.9033023896	0.9028205461	0.9028167540	0.9033314620	0.9020674443	0.9024293747	0.9024470709	0.9028656294	0.9036597696	0.9020244677	0.9040227955	0.9033446078	0.9003712167	0.9025234176	0.9031612410	0.9037083078	0.9018173373	0.9017841358	0.9032238520	0.9021087355	0.9028712753	0.9027587777	0.9033982864	0.9018662969	0.9032980920	0.9019727272	0.9024760591	0.9027392276	0.9020370236	0.9020264901	0.9025816467	0.9032952268	0.9032981762	0.9024906374	0.9027902939	0.9017763831	0.9036377757	0.9034004774	0.9026416454	0.9026950712	0.9018427019	0.9022369912	0.9029999523	0.9027057732	0.9025800456	0.9024795983	0.9029522567
0.9037524642	0.9037347680	0.9034832284	0.9022054750	0.9030507658	0.9020114062	0.9027274301	0.9026166179	0.9014208571	0.9027575980	0.9034298869	0.9024039258	0.9032867158	0.9026383590	0.9021953629	0.9033951685	1.0000000000	0.9025581360	0.9025755794	0.9017157945	0.9027759684	0.9023203321	0.9031330112	0.9011570987	0.9029182968	0.9031511288	0.9026868972	0.9028924265	0.9028671462	0.9033768824	0.9028612474	0.9026249604	0.9032118017	0.9029620318	0.9028286358	0.9013381903	0.9026662516	0.9034161512	0.9033929776	0.9018578701	0.9028770898	0.9031995828	0.9032118017	0.9025030248	0.9040677945	0.9028986623	0.9017090531	0.9027537216	0.9025998486	0.9027712494	0.9033441865	0.9035506427	0.9023892632	0.9029295886	0.9025565349	0.9024555820	0.9026311962	0.9026435836	0.9027718392	0.9028614160	0.9042577342	0.9021623299	0.9032992717	0.9032648904	0.9009015986	0.9016047295	0.9030830404	0.9031305675	0.9018097532	0.9018668868	0.9031766620	0.9025061427	0.9030522826	0.9017576757	0.9029245326	0.9017968602	0.9023146862	0.9022223286	0.9026619540	0.9023972686	0.9023174670	0.9024488406	0.9028969770	0.9040716708	0.9034876104	0.9023030572	0.9031383201	0.9023950777	0.9033687927	0.9028406018	0.9027988892	0.9024065381	0.9020444392	0.9026930488	0.9031295563	0.9029975085	0.9017215248	0.9028876233	0.9027250706
0.9041762472	0.9033446921	0.9027343400	0.9021012357	0.9023103042	0.9025482766	0.9020990447	0.9027921478	0.9013572348	0.9021334260	0.9034387350	0.9015309951	0.9025595685	0.9030557376	0.9021501110	0.9026317861	0.9025581360	1.0000000000	0.9025532484	0.9010968472	0.9030531253	0.9022017672	0.9038202156	0.9015800390	0.9026772064	0.9026540328	0.9027978780	0.9016918625	0.9029461051	0.9034590435	0.9030069465	0.9024158918	0.9033686241	0.9038019294	0.9021368810	0.9019972492	0.9025537540	0.9028720337	0.9029852054	0.9020305350	0.9025856073	0.9029097857	0.9037650201	0.9030580971	0.9027064474	0.9022417945	0.9022231713	0.9020422482	0.9032149196	0.9032619410	0.9034765713	0.9025792872	0.9032089366	0.9023969316	0.9027024025	0.9026597630	0.9015455735	0.9018690778	0.9025482766	0.9025530799	0.9036612021	0.9023071863	0.9027794233	0.9030568331	0.9003107967	0.9025046259	0.9026552125	0.9028491971	0.9022001661	0.9010600221	0.9032325316	0.9016889974	0.9029987726	0.9029442513	0.9025026035	0.9021608131	0.9026909421	0.9030271708	0.9015630169	0.9021145500	0.9015458263	0.9017321425	0.9019662386	0.9031443031	0.9030634903	0.9023526910	0.9026683583	0.9025812254	0.9040377951	0.9036076920	0.9028625114	0.9024116784	0.9022248566	0.9015496183	0.9025500463	0.9023084503	0.9028558543	0.9023347419	0.9027265031
0.9040554914	0.9024360319	0.9025336983	0.9021889585	0.9033099737	0.9018098375	0.9026359152	0.9026048204	0.9009378338	0.9025101876	0.9028580452	0.9012727142	0.9024253298	0.9026902680	0.9025892308	0.9033735960	0.9025755794	0.9025532484	1.0000000000	0.9018293876	0.9032294979	0.9027032452	0.9026380219	0.9014980464	0.9030590241	0.9026209155	0.9024184199	0.9026172077	0.9026618697	0.9026582462	0.9028127091	0.9020465459	0.9039525161	0.9030323112	0.9031148094	0.9025789501	0.9031880381	0.9027411657	0.9031361291	0.9025749895	0.9023714827	0.9033568266	0.9031255114	0.9023560617	0.9029551218	0.9022413731	0.9023506685	0.9029773685	0.9034175838	0.9025649617	0.9033866575	0.9029732394	0.9039450162	0.9028407703	0.9020010412	0.9023165400	0.9021759813	0.9025530799	0.9031223935	0.9027968668	0.9031083208	0.9024132795	0.9027147899	0.9032829237	0.9005682350	0.9023225231	0.9034288757	0.9030282663	0.9020340742	0.9016584081	0.9031092477	0.9013707177	0.9032068299	0.9018687407	0.9032132342	0.9015718651	0.9032246104	0.9029869751	0.9027785807	0.9028769212	0.9018841617	0.9022228342	0.9023576628	0.9019880640	0.9035568785	0.9027651821	0.9028743932	0.9017659339	0.9036239557	0.9037367061	0.9029200664	0.9022295756	0.9020501694	0.9024073808	0.9022636198	0.9031210452	0.9021224712	0.9023892632	0.9031459042
0.9018737125	0.9016650653	0.9018641902	0.9008662061	0.9024309758	0.9015006587	0.9025957194	0.9019905920	0.9002379893	0.9020444392	0.9019790473	0.9012151592	0.9014590304	0.9020376135	0.9013935543	0.9025687537	0.9017157945	0.9010968472	0.9018293876	1.0000000000	0.9018634318	0.9027528790	0.9020094680	0.9008118533	0.9022597435	0.9026299322	0.9023605279	0.9016804020	0.9027007172	0.9022127221	0.9022276375	0.9020375292	0.9029129036	0.9023680277	0.9015589721	0.9015298997	0.9009324406	0.9022260364	0.9025220693	0.9009471875	0.9017700630	0.9026809142	0.9020016311	0.9023783926	0.9028254336	0.9020071928	0.9019673341	0.9015716965	0.9016465264	0.9025766749	0.9022167669	0.9016235212	0.9024753007	0.9018378987	0.9013613640	0.9017314684	0.9017961861	0.9017893604	0.9011002179	0.9013394543	0.9021093254	0.9016369198	0.9018492748	0.9023346576	0.9003067518	0.9016627901	0.9026707178	0.9017724225	0.9010910327	0.9007162093	0.9021365439	0.9013802400	0.9013929644	0.9015400118	0.9017505972	0.9017197551	0.9023184782	0.9007516018	0.9012692592	0.9018560162	0.9013356623	0.9014914735	0.9014169807	0.9022291543	0.9030045028	0.9015088327	0.9019535984	0.9017461310	0.9031630949	0.9027237223	0.9013057472	0.9015186078	0.9018684036	0.9018661284	0.9016965815	0.9013900993	0.9017170586	0.9014895354	0.9015160797
0.9048086774	0.9035682547	0.9032796373	0.9022430585	0.9042999524	0.9018089948	0.9034694928	0.9028893086	0.9010084502	0.9030808494	0.9029133250	0.9025198784	0.9031025063	0.9027580193	0.9023836173	0.9030889392	0.9027759684	0.9030531253	0.9032294979	0.9018634318	1.0000000000	0.9024999912	0.9029093644	0.9018708474	0.9035009247	0.9024424362	0.9026840321	0.9023987855	0.9039113934	0.9026511677	0.9034863463	0.9027496768	0.9039250448	0.9026338928	0.9024588684	0.9029980984	0.9030757934	0.9033669388	0.9034487629	0.9027763897	0.9032537671	0.9031122813	0.9041389166	0.9029644755	0.9033088782	0.9037024091	0.9022335362	0.9032426437	0.9036360060	0.9033324732	0.9037503575	0.9031827293	0.9033743544	0.9031058770	0.9027865861	0.9025538383	0.9019809855	0.9027608844	0.9026732459	0.9025561978	0.9036997125	0.9027960241	0.9033505066	0.9033368552	0.9009919337	0.9024394868	0.9036938138	0.9028684945	0.9023251354	0.9008769081	0.9026198200	0.9021227240	0.9028399277	0.9032087680	0.9029953176	0.9017024802	0.9032776991	0.9029197293	0.9020169678	0.9040630755	0.9023786454	0.9023175513	0.9034828071	0.9032173634	0.9036886734	0.9031157363	0.9034298869	0.9019562107	0.9045276442	0.9039964196	0.9029306841	0.9027442836	0.9022990966	0.9027427668	0.9028813032	0.9026769536	0.9026617854	0.9028389164	0.9031917459
0.9037324927	0.9025176874	0.9020721633	0.9017611306	0.9034603918	0.9007080353	0.9020764609	0.9021677230	0.9004264122	0.9017665238	0.9025224064	0.9027358569	0.9028673147	0.9024156390	0.9013984418	0.9027413343	0.9023203321	0.9022017672	0.9027032452	0.9027528790	0.9024999912	1.0000000000	0.9020684555	0.9009242666	0.9027090597	0.9020159566	0.9012321814	0.9017395581	0.9018922514	0.9026955768	0.9020651690	0.9027703224	0.9038555238	0.9024416778	0.9022196320	0.9013819253	0.9031793586	0.9033082041	0.9026793131	0.9014991419	0.9016129878	0.9024896262	0.9027861648	0.9021911495	0.9024426890	0.9029501500	0.9017898660	0.9021067974	0.9025439790	0.9022719624	0.9033107321	0.9023397980	0.9022634513	0.9024486720	0.9016327064	0.9017232101	0.9020766295	0.9016917782	0.9019799743	0.9026599315	0.9026542013	0.9008783407	0.9023558931	0.9018850044	0.8992318311	0.9019907605	0.9032708734	0.9020358438	0.9015371467	0.9007591859	0.9020074456	0.9008771609	0.9029542791	0.9016945590	0.9018978974	0.9015780166	0.9019706205	0.9021705039	0.9007137655	0.9023786454	0.9016885760	0.9011694018	0.9022719624	0.9025625179	0.9025364791	0.9020500008	0.9032717161	0.9014891140	0.9034802790	0.9020743542	0.9030773945	0.9015116978	0.9021323305	0.9022758387	0.9016574812	0.9025122100	0.9015852636	0.9025681638	0.9019911819
0.9038558609	0.9044169162	0.9033533717	0.9032139084	0.9038835850	0.9025206368	0.9026882455	0.9024667054	0.9010722410	0.9040183293	0.9028368940	0.9021495212	0.9032385989	0.9027660248	0.9025448216	0.9031604826	0.9031330112	0.9038202156	0.9026380219	0.9020094680	0.9029093644	0.9020684555	1.0000000000	0.9020644106	0.9028196191	0.9027253234	0.9026065900	0.9032851990	0.9035498000	0.9037246558	0.9040141159	0.9033281756	0.9044737127	0.9038599057	0.9027860805	0.9020279227	0.9036045741	0.9039712235	0.9038422095	0.9020165465	0.9033067715	0.9037920701	0.9038346254	0.9028946175	0.9036512585	0.9035457552	0.9029227630	0.9027045935	0.9037447958	0.9025406083	0.9041566128	0.9027877659	0.9033001144	0.9029401221	0.9030982929	0.9032009311	0.9019419695	0.9029697844	0.9026123202	0.9030804281	0.9043815237	0.9031343595	0.9034387350	0.9025709447	0.9013562236	0.9032219138	0.9027313907	0.9029659924	0.9024870139	0.9013411397	0.9033259003	0.9015691685	0.9029429872	0.9020995503	0.9032659016	0.9016543633	0.9034748016	0.9036000237	0.9022251937	0.9032531772	0.9019501434	0.9026044833	0.9032831765	0.9040484972	0.9036907801	0.9039391175	0.9036500788	0.9025131369	0.9045115490	0.9041431300	0.9031817181	0.9026322917	0.9018763248	0.9026435836	0.9031716059	0.9027582721	0.9023890104	0.9028147316	0.9026868972
0.9029688575	0.9023589268	0.9017896974	0.9011358632	0.9018045286	0.9012485293	0.9013670942	0.9017082947	0.8997590108	0.9020789890	0.9013574876	0.9012207209	0.9026252974	0.9022922709	0.9008346899	0.9016704584	0.9011570987	0.9015800390	0.9014980464	0.9008118533	0.9018708474	0.9009242666	0.9020644106	1.0000000000	0.9028346188	0.9020516862	0.9009717937	0.9019606769	0.9025891465	0.9019417166	0.9021489313	0.9013864758	0.9033610400	0.9017955119	0.9013474598	0.9011788398	0.9013670942	0.9022354744	0.9022586480	0.9008204486	0.9017948378	0.9020556468	0.9027731875	0.9016602620	0.9023567358	0.9014690583	0.9020748598	0.9011291218	0.9018920829	0.9017784898	0.9015775110	0.9015994206	0.9018584600	0.9016555430	0.9022188736	0.9016099541	0.9005323369	0.9010282532	0.9005737124	0.9012186142	0.9017200079	0.9005121126	0.9015481015	0.9027115035	0.8998508628	0.9015938590	0.9023205006	0.9025419565	0.9014243963	0.9005473365	0.9013513361	0.9011631660	0.9011772387	0.9016023700	0.9018919986	0.9010766229	0.9022242667	0.9012090077	0.9006679238	0.9015452364	0.9016897558	0.9009953044	0.9007684554	0.9015091698	0.9028781010	0.9008095781	0.9012890622	0.9003570597	0.9027574294	0.9020089624	0.9015115293	0.9015711909	0.9009679174	0.9014764738	0.9019920246	0.9015431297	0.9015252649	0.9020178948	0.9013820939
0.9041145632	0.9035091829	0.9032345540	0.9026606057	0.9028996736	0.9019029534	0.9041642812	0.9032632051	0.9015411073	0.9031604826	0.9031852573	0.9025663099	0.9027840581	0.9034438753	0.9024622392	0.9033760397	0.9029182968	0.9026772064	0.9030590241	0.9022597435	0.9035009247	0.9027090597	0.9028196191	0.9028346188	1.0000000000	0.9027935803	0.9025604112	0.9028903198	0.9038668157	0.9037431947	0.9031104275	0.9028363884	0.9030903717	0.9029956546	0.9029611891	0.9029066678	0.9027853221	0.9029648969	0.9033799160	0.9020401415	0.9031751452	0.9035992653	0.9031153150	0.9037278580	0.9037402454	0.9032862102	0.9028690001	0.9033207600	0.9029002634	0.9029373413	0.9038968993	0.9031347809	0.9033987078	0.9022486202	0.9031003153	0.9028631856	0.9028958815	0.9030678722	0.9024977159	0.9024561719	0.9034279487	0.9023405564	0.9031330112	0.9040646766	0.9011802724	0.9028686630	0.9046601132	0.9036150233	0.9018755664	0.9013296793	0.9031642746	0.9024951036	0.9032178690	0.9026001014	0.9023765388	0.9022021043	0.9030814393	0.9028468376	0.9024355262	0.9025616752	0.9024810309	0.9018981502	0.9035238455	0.9034904755	0.9041837471	0.9031953694	0.9025316759	0.9022567941	0.9043564961	0.9035540977	0.9032907607	0.9030505973	0.9031344438	0.9024261725	0.9032877270	0.9028359671	0.9030685463	0.9032429808	0.9029686889
0.9041087487	0.9032182060	0.9034131176	0.9018977288	0.9031111016	0.9023584212	0.9024348521	0.9023503315	0.9010527751	0.9027184977	0.9029512455	0.9013193986	0.9025015080	0.9025399341	0.9021778352	0.9025620966	0.9031511288	0.9026540328	0.9026209155	0.9026299322	0.9024424362	0.9020159566	0.9027253234	0.9020516862	0.9027935803	1.0000000000	0.9024320713	0.9027218684	0.9031922515	0.9027147056	0.9037886994	0.9029274820	0.9035274690	0.9028304054	0.9023899373	0.9015212201	0.9028090014	0.9024030831	0.9028432141	0.9024138694	0.9025725458	0.9025967306	0.9030270866	0.9018684879	0.9024704131	0.9030130981	0.9025665628	0.9030009635	0.9031285450	0.9020458717	0.9026983577	0.9029112183	0.9028522308	0.9030101487	0.9024965362	0.9020443549	0.9027294525	0.9022379181	0.9012676581	0.9020907022	0.9033341586	0.9021872732	0.9027437780	0.9028149001	0.9005323369	0.9018258484	0.9028693371	0.9032873057	0.9024360319	0.9021062075	0.9019527557	0.9019363235	0.9028227370	0.9026170392	0.9024922385	0.9020484840	0.9023632244	0.9025240075	0.9023869037	0.9025845118	0.9019377561	0.9018272809	0.9028951231	0.9030580971	0.9036588426	0.9029686047	0.9022953045	0.9024176615	0.9032769407	0.9027180763	0.9025850174	0.9019895808	0.9013908577	0.9029696159	0.9026477127	0.9023560617	0.9026536957	0.9023225231	0.9017723383
0.9041127093	0.9023535336	0.9026381062	0.9015074844	0.9025754109	0.9024372116	0.9022273004	0.9024333353	0.9005674766	0.9026110562	0.9029036342	0.9022555301	0.9023972686	0.9017064408	0.9017607936	0.9029461051	0.9026868972	0.9027978780	0.9024184199	0.9023605279	0.9026840321	0.9012321814	0.9026065900	0.9009717937	0.9025604112	0.9024320713	1.0000000000	0.9023078605	0.9027249863	0.9027311379	0.9028690843	0.9024396554	0.9032900865	0.9025942026	0.9026586675	0.9016571441	0.9030438559	0.9028059677	0.9023102200	0.9015015014	0.9023137592	0.9023069335	0.9029558802	0.9016540262	0.9029376784	0.9022360642	0.9023649098	0.9031643589	0.9038995116	0.9027325704	0.9028809661	0.9026783862	0.9032741599	0.9024281107	0.9023413991	0.9023253882	0.9017784898	0.9023785612	0.9018099217	0.9019129813	0.9035241826	0.9014152954	0.9031626735	0.9021782565	0.9015136360	0.9026374320	0.9031394156	0.9027777380	0.9020179791	0.9020189903	0.9019230092	0.9016175382	0.9030880965	0.9025753266	0.9025413667	0.9016818346	0.9028545903	0.9021120220	0.9020765452	0.9018164104	0.9017617205	0.9026272356	0.9018073094	0.9029455995	0.9035097728	0.9015384950	0.9029656553	0.9016687731	0.9034029212	0.9024665368	0.9020339899	0.9019879797	0.9016368356	0.9025121257	0.9020879214	0.9024859184	0.9024132795	0.9022051379	0.9025198784
0.9036440957	0.9031882067	0.9032182903	0.9020671072	0.9029376784	0.9021265160	0.9032214082	0.9029816662	0.9009590693	0.9025700177	0.9025570405	0.9018342751	0.9028635227	0.9018994985	0.9014357725	0.9026416454	0.9028924265	0.9016918625	0.9026172077	0.9016804020	0.9023987855	0.9017395581	0.9032851990	0.9019606769	0.9028903198	0.9027218684	0.9023078605	1.0000000000	0.9027862490	0.9035551932	0.9029022016	0.9025983317	0.9036567359	0.9024503574	0.9024736996	0.9009411202	0.9023371014	0.9034645210	0.9031278709	0.9017125924	0.9025787816	0.9029668350	0.9024803567	0.9020623039	0.9033828654	0.9024535596	0.9029629587	0.9023898531	0.9024282792	0.9019897493	0.9031687408	0.9024634189	0.9028502083	0.9025298220	0.9029790539	0.9020445234	0.9016525094	0.9020230351	0.9017889390	0.9020248047	0.9026883298	0.9025671526	0.9026256345	0.9032687667	0.9009538446	0.9018816337	0.9031986559	0.9034143816	0.9017248112	0.9010961730	0.9025320129	0.9022642940	0.9028449837	0.9026534429	0.9029285774	0.9016263021	0.9023227759	0.9014772323	0.9027519520	0.9019636263	0.9022434798	0.9023180569	0.9025484452	0.9029751776	0.9030725069	0.9019808169	0.9031809596	0.9020792418	0.9041192822	0.9035327779	0.9021689028	0.9017687990	0.9019367448	0.9024828848	0.9023558089	0.9021998291	0.9022374125	0.9023806679	0.9026526002
0.9037049371	0.9040123463	0.9030335752	0.9021953629	0.9036071022	0.9025492036	0.9031662970	0.9029250382	0.9008201958	0.9033299452	0.9034297183	0.9027917264	0.9033603659	0.9031360449	0.9025034461	0.9033950000	0.9028671462	0.9029461051	0.9026618697	0.9027007172	0.9039113934	0.9018922514	0.9035498000	0.9025891465	0.9038668157	0.9031922515	0.9027249863	0.9027862490	1.0000000000	0.9041639441	0.9031356235	0.9025063112	0.9032028693	0.9037649358	0.9021475830	0.9021542402	0.9033518548	0.9036428317	0.9030788270	0.9022075817	0.9026583304	0.9033632310	0.9045432337	0.9028670619	0.9035315139	0.9035271320	0.9028549273	0.9034762342	0.9035901643	0.9028536633	0.9035371598	0.9029489703	0.9035639570	0.9034434540	0.9031282080	0.9028103496	0.9024041786	0.9023206692	0.9020884270	0.9028150686	0.9040543116	0.9018389099	0.9029273134	0.9034032582	0.9006403682	0.9038214796	0.9041463321	0.9031319158	0.9025848489	0.9023035628	0.9027728504	0.9016437455	0.9029858796	0.9029596723	0.9027578508	0.9016659080	0.9034969641	0.9030117498	0.9026476284	0.9028042824	0.9023181411	0.9034674703	0.9034919080	0.9038224065	0.9036008663	0.9029812448	0.9040270089	0.9020039063	0.9042323696	0.9036692918	0.9041751517	0.9023824375	0.9024644301	0.9029524252	0.9027886085	0.9023538707	0.9027034137	0.9026944813	0.9025524900
0.9038184459	0.9037026619	0.9021459819	0.9024032517	0.9032776991	0.9023301914	0.9031309888	0.9026340613	0.9013021237	0.9033558154	0.9034507010	0.9016654866	0.9024041786	0.9020596916	0.9026545384	0.9029639699	0.9033768824	0.9034590435	0.9026582462	0.9022127221	0.9026511677	0.9026955768	0.9037246558	0.9019417166	0.9037431947	0.9027147056	0.9027311379	0.9035551932	0.9041639441	1.0000000000	0.9034343531	0.9022942091	0.9034247465	0.9029764416	0.9018336853	0.9016504027	0.9032090208	0.9030997254	0.9035203063	0.9020792418	0.9022891530	0.9034223028	0.9038438948	0.9027247335	0.9035122166	0.9027495925	0.9035372441	0.9031191913	0.9032378404	0.9024806095	0.9036370172	0.9027267559	0.9029379312	0.9023932238	0.9023828588	0.9026725717	0.9023137592	0.9022772712	0.9028135518	0.9022805577	0.9034586222	0.9023772972	0.9023004449	0.9031864371	0.9012505517	0.9024419306	0.9031309888	0.9032068299	0.9020139342	0.9009922708	0.9028459107	0.9018204552	0.9035274690	0.9020877528	0.9029177069	0.9015882973	0.9022967371	0.9025906634	0.9017544735	0.9027079642	0.9011838116	0.9024278579	0.9020587647	0.9029666665	0.9035465136	0.9025475182	0.9029343076	0.9023909486	0.9042493074	0.9040489185	0.9030229574	0.9018578701	0.9029369200	0.9019025321	0.9027656034	0.9027008014	0.9018063825	0.9028898985	0.9033136815
0.9040135260	0.9035144918	0.9032273912	0.9023308656	0.9029199821	0.9015754043	0.9028315851	0.9027811087	0.9009513166	0.9030161317	0.9032933730	0.9025409453	0.9031768305	0.9031496963	0.9023276634	0.9034172467	0.9028612474	0.9030069465	0.9028127091	0.9022276375	0.9034863463	0.9020651690	0.9040141159	0.9021489313	0.9031104275	0.9037886994	0.9028690843	0.9029022016	0.9031356235	0.9034343531	1.0000000000	0.9037005552	0.9037032518	0.9038620124	0.9028856008	0.9021699140	0.9029680991	0.9034940147	0.9030041657	0.9021420213	0.9027166438	0.9037776603	0.9032355652	0.9029750933	0.9038839220	0.9032315204	0.9031502019	0.9030085476	0.9042907672	0.9028614160	0.9028647024	0.9033507594	0.9031185172	0.9031667184	0.9034253364	0.9025647931	0.9028509667	0.9027057732	0.9030418334	0.9026900152	0.9033778093	0.9018191912	0.9036001079	0.9032268014	0.9011860868	0.9024288691	0.9040364469	0.9031138824	0.9021131175	0.9016604306	0.9030002051	0.9025521530	0.9031314944	0.9025497935	0.9029186338	0.9021962898	0.9030056825	0.9027178235	0.9021438752	0.9025993429	0.9021482571	0.9028968085	0.9035412890	0.9030993884	0.9037360320	0.9021803632	0.9033306193	0.9026674314	0.9034104210	0.9032123916	0.9036208378	0.9024707502	0.9022990966	0.9025996800	0.9026097922	0.9027851536	0.9030339122	0.9033615456	0.9024383914
