0.4434820324	-0.0070517587	-0.0062387795	-0.0065472722	-0.0048404602	-0.0064354521	-0.0053467970	-0.0020775086	-0.0052903351	-0.0059703387	-0.0035204375	-0.0029576681	-0.0029168856	-0.0039276500	-0.0054736747	-0.0054182595	-0.0043258751	-0.0019295123	-0.0026045489	-0.0074637278	-0.0007854581	-0.0021855678	-0.0041810219	-0.0040469324	-0.0036735876	-0.0030441075	-0.0022692047	-0.0045607221	-0.0046539871	-0.0038234380	-0.0052755224	-0.0047845580	-0.0040234842	-0.0049479252	-0.0030556612	-0.0046459632	-0.0037419313	-0.0050903864	-0.0018293670	-0.0046014385	-0.0076653519	-0.0045709786	-0.0047949458	-0.0052465817	-0.0037449059	-0.0060052490	-0.0048102491	-0.0034859937	-0.0014915052	-0.0025304964	-0.0022843971	-0.0005119153	-0.0013467092	-0.0050456253	-0.0041118922	-0.0051398341	-0.0065859064	-0.0053891365	-0.0049031242	-0.0066128355	-0.0042448061	-0.0058083013	-0.0030800554	-0.0063857303	-0.0056287436	-0.0025384056	-0.0047796295	-0.0059520187	-0.0058833136	-0.0041249791	-0.0040516396	-0.0042702850	-0.0054018226	-0.0034833847	-0.0033783055	-0.0053223230	-0.0062228594	-0.0061180919	-0.0054030928	-0.0055155499	-0.0062625659	-0.0064857404	-0.0036504763	-0.0054833005	-0.0045912133	-0.0028826539	-0.0042343383	-0.0059900204	-0.0049115330	-0.0027432107	-0.0050701195	-0.0069194651	-0.0049194295	-0.0056005691	-0.0055027840	-0.0039219642	-0.0037085008	-0.0069747550	-0.0042012156
-0.0070517587	0.4717894704	-0.0033351569	-0.0049503950	-0.0023365990	-0.0051389692	-0.0018523202	-0.0050514772	-0.0052910534	-0.0051523331	-0.0044665120	-0.0033245002	-0.0030741499	-0.0025010924	-0.0045407085	-0.0057428326	-0.0040576111	-0.0046319445	-0.0076883879	-0.0074847689	-0.0051465565	-0.0058816365	-0.0016849777	-0.0042612972	-0.0051971558	-0.0048257523	-0.0053788644	-0.0045698297	-0.0017926249	-0.0036112725	-0.0057090244	-0.0061665715	-0.0027588735	-0.0062182472	-0.0033170210	-0.0035259271	-0.0057590304	-0.0069113748	-0.0049426818	-0.0083533505	-0.0030799274	-0.0069649267	-0.0055109657	-0.0040462730	-0.0058472328	-0.0017432532	-0.0048992825	-0.0053682016	-0.0059831430	-0.0072793956	-0.0053048811	-0.0034845018	-0.0038105986	-0.0045804111	-0.0069364950	-0.0050940191	-0.0058229277	-0.0052134212	-0.0061854650	-0.0047315562	-0.0054264321	-0.0047157142	-0.0060197929	-0.0034857769	-0.0059777097	-0.0047266272	-0.0039369322	-0.0045162943	-0.0045808678	-0.0050482553	-0.0026629912	-0.0062488489	-0.0045902950	-0.0047551820	-0.0062908907	-0.0044027380	-0.0038085085	-0.0038795750	-0.0033796677	-0.0017237944	-0.0043616923	-0.0037530047	-0.0058692997	-0.0055216805	-0.0056209890	-0.0035685937	-0.0040724982	-0.0028005659	-0.0038236772	-0.0068384198	-0.0064280197	-0.0046470493	-0.0059568149	-0.0060862843	-0.0054130952	-0.0053915065	-0.0059914311	-0.0046743517	-0.0052220844
-0.0062387795	-0.0033351569	0.4983141326	-0.0054271995	-0.0045316836	-0.0049335421	-0.0038194227	-0.0047213115	-0.0070751226	-0.0058747051	-0.0037200147	-0.0047248664	-0.0046659914	-0.0048426942	-0.0076936473	-0.0054188514	-0.0039657903	-0.0059038692	-0.0062262058	-0.0062360604	-0.0049245635	-0.0061400109	-0.0046548172	-0.0059870557	-0.0055077683	-0.0019112376	-0.0050959266	-0.0039405402	-0.0057298697	-0.0068660146	-0.0050744178	-0.0075313152	-0.0047929582	-0.0057252634	-0.0037645307	-0.0072700755	-0.0063685040	-0.0030173871	-0.0055180645	-0.0051968636	-0.0027800351	-0.0050769262	-0.0064623599	-0.0050334557	-0.0044763315	-0.0054840254	-0.0032580345	-0.0046103813	-0.0051387050	-0.0048338848	-0.0062889624	-0.0059582737	-0.0040569437	-0.0044770771	-0.0055125196	-0.0039931022	-0.0038160803	-0.0064399276	-0.0054327930	-0.0058204582	-0.0033902540	-0.0068033021	-0.0021820423	-0.0044948440	-0.0063461129	-0.0057399643	-0.0045346951	-0.0026850489	-0.0049685576	-0.0056217139	-0.0050017961	-0.0054976453	-0.0025450525	-0.0057788276	-0.0040692119	-0.0058543165	-0.0066486913	-0.0054666641	-0.0049411942	-0.0057654621	-0.0067689567	-0.0051050591	-0.0054436678	-0.0050191286	-0.0053048936	-0.0048014519	-0.0045523506	-0.0043228070	-0.0041908378	-0.0042373564	-0.0045873470	-0.0053536879	-0.0048081619	-0.0048384492	-0.0046797412	-0.0059284738	-0.0059148406	-0.0049996862	-0.0057994625
-0.0065472722	-0.0049503950	-0.0054271995	0.5307401486	-0.0073592004	-0.0033414820	-0.0042813850	-0.0065814921	-0.0084642134	-0.0046420689	-0.0069676233	-0.0043757173	-0.0046452081	-0.0043508024	-0.0077165536	-0.0058220502	-0.0058078651	-0.0043358275	-0.0045511524	-0.0073006291	-0.0048725314	-0.0053242328	-0.0021041159	-0.0057944407	-0.0030050149	-0.0051997784	-0.0059543256	-0.0044913332	-0.0061107884	-0.0051880591	-0.0049330790	-0.0052353759	-0.0040259817	-0.0058499865	-0.0066951143	-0.0049450522	-0.0065965755	-0.0063402968	-0.0038389674	-0.0063306826	-0.0062035754	-0.0042096257	-0.0059891749	-0.0058817115	-0.0051903045	-0.0049549322	-0.0028563700	-0.0056477781	-0.0040849761	-0.0038580908	-0.0029205173	-0.0064596815	-0.0051722749	-0.0056400475	-0.0059024611	-0.0055502968	-0.0036550449	-0.0064744544	-0.0070107081	-0.0048998941	-0.0053282683	-0.0055052187	-0.0050734344	-0.0049006899	-0.0074321331	-0.0074785863	-0.0078058369	-0.0063382679	-0.0073407275	-0.0090586198	-0.0058430068	-0.0077167006	-0.0056543013	-0.0053573892	-0.0078705948	-0.0039361216	-0.0063074923	-0.0054373185	-0.0062598504	-0.0042659606	-0.0047885756	-0.0055929278	-0.0055285533	-0.0076059586	-0.0050490342	-0.0057348061	-0.0025991308	-0.0042810507	-0.0033661370	-0.0021814977	-0.0062896591	-0.0041868353	-0.0053455486	-0.0059100466	-0.0074135980	-0.0040941730	-0.0049200398	-0.0045230459	-0.0035532217
-0.0048404602	-0.0023365990	-0.0045316836	-0.0073592004	0.4632353673	-0.0052396171	-0.0032551109	-0.0053128656	-0.0058875986	-0.0067434045	-0.0043027676	-0.0042035168	-0.0045855095	-0.0042147650	-0.0040590763	-0.0046431509	-0.0045166840	-0.0069802814	-0.0039912922	-0.0053105202	-0.0015199931	-0.0020323345	-0.0026161929	-0.0061298399	-0.0053048421	-0.0038815599	-0.0054734778	-0.0054466738	-0.0040061162	-0.0045043874	-0.0058492455	-0.0050700600	-0.0054694112	-0.0045195087	-0.0051920077	-0.0064907147	-0.0030200059	-0.0053588323	-0.0052469518	-0.0061749772	-0.0053195843	-0.0034530565	-0.0031555062	-0.0039709393	-0.0040658829	-0.0035031092	-0.0039653401	-0.0057260865	-0.0074438830	-0.0060350867	-0.0040735105	-0.0049164352	-0.0057393657	-0.0056496723	-0.0061505123	-0.0040216443	-0.0051076003	-0.0048045258	-0.0030696293	-0.0056563469	-0.0021373766	-0.0055692135	-0.0051626647	-0.0040138004	-0.0039724192	-0.0031853020	-0.0057823571	-0.0067518107	-0.0047536470	-0.0063126055	-0.0034907955	-0.0057079938	-0.0057697923	-0.0059826910	-0.0055594180	-0.0051815195	-0.0049653847	-0.0051771589	-0.0064727171	-0.0015877627	-0.0051841834	-0.0034241706	-0.0042484351	-0.0028287077	-0.0044534134	-0.0047276082	-0.0041094579	-0.0045549712	-0.0037560285	-0.0025734307	-0.0055062168	-0.0051952336	-0.0031810972	-0.0035993980	-0.0057896190	-0.0052512372	-0.0057954341	-0.0027480466	-0.0073232946
-0.0064354521	-0.0051389692	-0.0049335421	-0.0033414820	-0.0052396171	0.5298158498	-0.0063657056	-0.0076109125	-0.0051454239	-0.0065391708	-0.0061992633	-0.0074049930	-0.0048997091	-0.0060830688	-0.0050433745	-0.0053424211	-0.0061762401	-0.0042977166	-0.0060929720	-0.0051557886	-0.0059870861	-0.0080526924	-0.0039982553	-0.0059187064	-0.0065435397	-0.0049124600	-0.0026820921	-0.0052658827	-0.0048344515	-0.0037222529	-0.0072837951	-0.0046993884	-0.0057714210	-0.0058297937	-0.0031612370	-0.0038615166	-0.0066657497	-0.0044052402	-0.0063697579	-0.0068972064	-0.0075030504	-0.0045957509	-0.0042378108	-0.0067204478	-0.0043978041	-0.0049837554	-0.0057077679	-0.0045763629	-0.0050991616	-0.0056278691	-0.0060066521	-0.0064148645	-0.0061808565	-0.0048732344	-0.0052902387	-0.0049210383	-0.0065238280	-0.0068541601	-0.0059509528	-0.0079863757	-0.0039550901	-0.0045481249	-0.0026445422	-0.0042726239	-0.0063456983	-0.0060763870	-0.0057956345	-0.0057479712	-0.0048120236	-0.0056466696	-0.0054879248	-0.0070415373	-0.0062217755	-0.0055495021	-0.0078118341	-0.0064472074	-0.0024309564	-0.0070998293	-0.0056980029	-0.0048026651	-0.0055379184	-0.0071457313	-0.0035311216	-0.0046475558	-0.0045141579	-0.0059480064	-0.0054252180	-0.0059207155	-0.0056991539	-0.0042829374	-0.0042463424	-0.0045400821	-0.0062980734	-0.0042665406	-0.0010045935	-0.0032384490	-0.0031720692	-0.0053171291	-0.0078837248
-0.0053467970	-0.0018523202	-0.0038194227	-0.0042813850	-0.0032551109	-0.0063657056	0.4911709254	-0.0044608903	-0.0061114350	-0.0018597758	-0.0035619587	-0.0054939478	-0.0038373409	-0.0009391061	-0.0063402853	-0.0058737048	-0.0048070254	-0.0073738958	-0.0056097219	-0.0039058580	-0.0032066100	-0.0059878096	-0.0056759411	-0.0073019681	-0.0009969015	-0.0055314193	-0.0068276360	-0.0037508845	-0.0060492592	-0.0038447455	-0.0051181805	-0.0065800075	-0.0080932534	-0.0057839469	-0.0059229106	-0.0031174098	-0.0048787677	-0.0037645320	-0.0064110916	-0.0064972667	-0.0034473567	-0.0032191531	-0.0048560046	-0.0047682971	-0.0048349357	-0.0034020310	-0.0045502959	-0.0044749758	-0.0059794313	-0.0068892450	-0.0064141804	-0.0045604469	-0.0048974860	-0.0032454371	-0.0045422192	-0.0053050318	-0.0026289562	-0.0039717827	-0.0053428110	-0.0046725495	-0.0046426602	-0.0065237448	-0.0038191715	-0.0035813037	-0.0059335587	-0.0052423160	-0.0032652881	-0.0048120321	-0.0067211522	-0.0050684438	-0.0045952343	-0.0064540320	-0.0050696452	-0.0058883312	-0.0057124681	-0.0061450873	-0.0053112094	-0.0048866164	-0.0041772725	-0.0058891612	-0.0055918436	-0.0045068914	-0.0048794247	-0.0063686622	-0.0046647451	-0.0061886771	-0.0056950130	-0.0049988061	-0.0041555888	-0.0057106456	-0.0057937192	-0.0047115793	-0.0083363305	-0.0064925952	-0.0033762178	-0.0051601765	-0.0065214546	-0.0064415361	-0.0053994344
-0.0020775086	-0.0050514772	-0.0047213115	-0.0065814921	-0.0053128656	-0.0076109125	-0.0044608903	0.4777834828	-0.0071009799	-0.0034932503	-0.0030322678	-0.0028664894	-0.0020250229	-0.0039132667	-0.0046579296	-0.0059232003	-0.0048091207	-0.0036225020	-0.0039744471	-0.0050979648	-0.0047217773	-0.0054238142	-0.0062987948	-0.0057868549	-0.0029861235	-0.0052444435	-0.0042529449	-0.0041358537	-0.0050953875	-0.0050264742	-0.0056170705	-0.0052752080	-0.0038235633	-0.0020449072	-0.0043263538	-0.0064417344	-0.0035759014	-0.0037871320	-0.0053682186	-0.0059799544	-0.0055265871	-0.0056424762	-0.0071506940	-0.0031453996	-0.0036695645	-0.0042555816	-0.0025218105	-0.0037028561	-0.0026705360	-0.0053179673	-0.0046575028	-0.0054870563	-0.0016568220	-0.0045518678	-0.0036012570	-0.0059389257	-0.0052046912	-0.0022172861	-0.0050993608	-0.0046118391	-0.0052191752	-0.0054096781	-0.0067065552	-0.0060409358	-0.0053048596	-0.0046055694	-0.0041188614	-0.0065774688	-0.0044502792	-0.0054938990	-0.0039662926	-0.0040154271	-0.0047274740	-0.0041671712	-0.0037662838	-0.0046478384	-0.0051986661	-0.0050451335	-0.0065167004	-0.0086204967	-0.0058548550	-0.0052332866	-0.0064472371	-0.0055138098	-0.0042583633	-0.0051448945	-0.0057803087	-0.0070607032	-0.0062309519	-0.0037013442	-0.0069382475	-0.0065364939	-0.0054890437	-0.0070422094	-0.0043892460	-0.0065356482	-0.0041898365	-0.0043091690	-0.0043535759
-0.0052903351	-0.0052910534	-0.0070751226	-0.0084642134	-0.0058875986	-0.0051454239	-0.0061114350	-0.0071009799	0.6359109662	-0.0066025959	-0.0069546582	-0.0072515358	-0.0050979156	-0.0061302915	-0.0074928278	-0.0068214960	-0.0057600326	-0.0052658214	-0.0057926176	-0.0071207252	-0.0081363955	-0.0071538994	-0.0066768019	-0.0069842741	-0.0057314493	-0.0069520482	-0.0058095049	-0.0070309531	-0.0077301137	-0.0062359736	-0.0068557839	-0.0074196865	-0.0065571758	-0.0076670251	-0.0058854224	-0.0061146350	-0.0067952458	-0.0061629309	-0.0060300397	-0.0070813225	-0.0061852697	-0.0043298704	-0.0068834027	-0.0071373960	-0.0055442839	-0.0088739385	-0.0059190708	-0.0063117380	-0.0059250711	-0.0069696858	-0.0074967985	-0.0064315329	-0.0055072927	-0.0061748043	-0.0054084436	-0.0062882741	-0.0064081230	-0.0073869462	-0.0072944690	-0.0065422350	-0.0033754293	-0.0065805221	-0.0045221988	-0.0071484327	-0.0067191074	-0.0074550718	-0.0069939613	-0.0031009921	-0.0054639499	-0.0069560581	-0.0071532400	-0.0054392264	-0.0073138665	-0.0051036439	-0.0062007687	-0.0072410276	-0.0053024385	-0.0069658561	-0.0058200566	-0.0065641421	-0.0061687500	-0.0075476029	-0.0085768272	-0.0068153393	-0.0062543889	-0.0062480232	-0.0069300464	-0.0077500759	-0.0057636317	-0.0065494431	-0.0067801029	-0.0072573879	-0.0086250604	-0.0059648403	-0.0064810195	-0.0050713700	-0.0077655440	-0.0066560355	-0.0065994802
-0.0059703387	-0.0051523331	-0.0058747051	-0.0046420689	-0.0067434045	-0.0065391708	-0.0018597758	-0.0034932503	-0.0066025959	0.4829635058	-0.0026207119	-0.0059326469	-0.0051313672	-0.0021012435	-0.0061127450	-0.0027815802	-0.0050866421	-0.0063236450	-0.0058237593	-0.0049657968	-0.0041883002	-0.0057088719	-0.0009891790	-0.0043201335	-0.0046399237	-0.0051269353	-0.0039886658	-0.0060242242	-0.0040141616	-0.0033009737	-0.0055668088	-0.0048521946	-0.0061950353	-0.0047018045	-0.0051836031	-0.0030118991	-0.0020390493	-0.0050320224	-0.0068928522	-0.0062741100	-0.0029628532	-0.0051479648	-0.0036066328	-0.0037484933	-0.0041644933	-0.0049215715	-0.0061959083	-0.0034651085	-0.0041556748	-0.0039663680	-0.0064535107	-0.0044807686	-0.0020920466	-0.0046358268	-0.0068372166	-0.0050552687	-0.0066213641	-0.0050599940	-0.0057157662	-0.0066436194	-0.0059939076	-0.0058465452	-0.0039777065	-0.0049432325	-0.0071242373	-0.0041592584	-0.0030123151	-0.0072842703	-0.0051935222	-0.0042477129	-0.0064504813	-0.0060460779	-0.0060433602	-0.0058651495	-0.0054951747	-0.0045513499	-0.0058082233	-0.0029706991	-0.0062279198	-0.0035589514	-0.0056606203	-0.0060177030	-0.0043182500	-0.0064079594	-0.0048674399	-0.0034065844	-0.0041544023	-0.0060441926	-0.0038071047	-0.0035064344	-0.0052334430	-0.0071989074	-0.0049832865	-0.0054148332	-0.0048349822	-0.0063458844	-0.0038014702	-0.0055441960	-0.0048767376
-0.0035204375	-0.0044665120	-0.0037200147	-0.0069676233	-0.0043027676	-0.0061992633	-0.0035619587	-0.0030322678	-0.0069546582	-0.0026207119	0.4704983044	-0.0057943343	-0.0040694292	-0.0053114372	-0.0054510379	-0.0056137467	-0.0026242508	-0.0030997096	-0.0054696588	-0.0051959763	-0.0054460637	-0.0037808448	-0.0049422619	-0.0070771280	-0.0049992655	-0.0046220712	-0.0042740644	-0.0054841509	-0.0041195245	-0.0037275869	-0.0045652063	-0.0045106831	-0.0045996135	-0.0049769058	-0.0046624410	-0.0032188745	-0.0014640091	-0.0051406551	-0.0036355902	-0.0058054690	-0.0065824924	-0.0047866186	-0.0033335208	-0.0069576829	-0.0052908654	-0.0058688442	-0.0031877574	-0.0050106630	-0.0045688764	-0.0036914389	-0.0031742534	-0.0035066270	-0.0069844116	-0.0047652557	-0.0065593505	-0.0064840307	-0.0021968932	-0.0061237276	-0.0071531074	-0.0044189963	-0.0054739704	-0.0060619316	-0.0041581630	-0.0038043042	-0.0059220777	-0.0031752423	-0.0063373627	-0.0045817756	-0.0057812254	-0.0031731475	-0.0050538404	-0.0067576265	-0.0023766136	-0.0042273162	-0.0025941202	-0.0060627215	-0.0068894818	-0.0019243203	-0.0065666785	-0.0059022920	-0.0067041978	-0.0040820550	-0.0046961004	-0.0051682710	-0.0038053418	-0.0033777094	-0.0024611497	-0.0054300668	-0.0061205613	-0.0036362259	-0.0046113234	-0.0064242310	-0.0058602592	-0.0068006675	-0.0054225842	-0.0025173190	-0.0046869530	-0.0060064635	-0.0061889949
-0.0029576681	-0.0033245002	-0.0047248664	-0.0043757173	-0.0042035168	-0.0074049930	-0.0054939478	-0.0028664894	-0.0072515358	-0.0059326469	-0.0057943343	0.5245110539	-0.0046957586	-0.0067930380	-0.0060707880	-0.0059933559	-0.0058676773	-0.0065384027	-0.0084577757	-0.0057847349	-0.0049163304	-0.0031940458	-0.0060641024	-0.0053390905	-0.0057539659	-0.0076336753	-0.0025940455	-0.0058133507	-0.0040375897	-0.0072822203	-0.0040504843	-0.0048039999	-0.0057054526	-0.0060411944	-0.0058557995	-0.0067032573	-0.0031686760	-0.0066447050	-0.0058752267	-0.0036510549	-0.0049271915	-0.0062959309	-0.0032434337	-0.0049930915	-0.0073609122	-0.0063731849	-0.0021804889	-0.0072836155	-0.0081575733	-0.0047823961	-0.0071387364	-0.0045627171	-0.0048635455	-0.0068989782	-0.0049738896	-0.0069753499	-0.0050035666	-0.0049803293	-0.0065261345	-0.0037720122	-0.0082246693	-0.0051570560	-0.0046931619	-0.0047503475	-0.0041540977	-0.0040821060	-0.0059852463	-0.0064582483	-0.0073758089	-0.0060431548	-0.0046092287	-0.0052889538	-0.0048221295	-0.0069533911	-0.0064066696	-0.0052942100	-0.0042922661	-0.0063724903	-0.0056840487	-0.0039997222	-0.0045901180	-0.0048980293	-0.0045501866	-0.0052421427	-0.0057023164	-0.0040896512	-0.0040114358	-0.0055464035	-0.0056567705	-0.0045792017	-0.0057564124	-0.0063090622	-0.0032132482	-0.0064153301	-0.0068505749	-0.0047526380	-0.0054283532	-0.0029447583	-0.0023743225
-0.0029168856	-0.0030741499	-0.0046659914	-0.0046452081	-0.0045855095	-0.0048997091	-0.0038373409	-0.0020250229	-0.0050979156	-0.0051313672	-0.0040694292	-0.0046957586	0.4596250747	-0.0048549948	-0.0066568079	-0.0040427796	-0.0039797378	-0.0056397709	-0.0058720762	-0.0061529757	-0.0058685310	-0.0035292776	-0.0044780989	-0.0036929907	-0.0059335142	-0.0062578273	-0.0052246615	-0.0055906195	-0.0046267500	-0.0056671424	-0.0050251512	-0.0024248846	-0.0019649418	-0.0033897421	-0.0059017835	0.0001968375	-0.0046251280	-0.0041871218	-0.0046631347	-0.0031519869	-0.0046257681	-0.0049424508	-0.0048770376	-0.0049639684	-0.0045702150	-0.0065858298	-0.0053368992	-0.0049960219	-0.0038876875	-0.0036042734	-0.0037231796	-0.0045168524	-0.0064630392	-0.0046842813	-0.0030471503	-0.0063114180	-0.0066059300	-0.0064681913	-0.0061990876	-0.0069050152	-0.0041726531	-0.0053050194	-0.0061975837	-0.0051145767	-0.0065406127	-0.0058854543	-0.0043858352	-0.0040756743	-0.0062839596	-0.0065502573	-0.0029855979	-0.0066076153	-0.0052254129	-0.0050846151	-0.0061991945	-0.0051961339	-0.0035273830	-0.0043594644	-0.0065281059	-0.0047958686	-0.0053562626	-0.0042228527	-0.0050816937	-0.0054895158	-0.0030783158	-0.0033871968	-0.0036648361	-0.0039723171	-0.0028125905	-0.0037922742	-0.0013572952	-0.0073007083	-0.0044714255	-0.0017862482	-0.0039338065	-0.0019247164	-0.0037183025	-0.0055654091	-0.0075241124
-0.0039276500	-0.0025010924	-0.0048426942	-0.0043508024	-0.0042147650	-0.0060830688	-0.0009391061	-0.0039132667	-0.0061302915	-0.0021012435	-0.0053114372	-0.0067930380	-0.0048549948	0.4592646133	-0.0042530563	-0.0064706094	-0.0036555439	-0.0031648387	-0.0042924146	-0.0035286353	-0.0046257924	-0.0041130094	-0.0044736585	-0.0035358768	-0.0037319550	-0.0047694816	-0.0065977289	-0.0069910811	-0.0036248620	-0.0061624874	-0.0038869609	-0.0054995151	-0.0053163606	-0.0042895769	-0.0035005410	-0.0019860488	-0.0073463448	-0.0034907447	-0.0028077352	-0.0060219909	-0.0052698555	-0.0046848917	-0.0035814690	-0.0048744978	-0.0044354566	-0.0035770827	-0.0061166416	-0.0036179747	-0.0045740163	-0.0057832288	-0.0028389837	-0.0041283770	-0.0066739983	-0.0025657819	-0.0058754119	-0.0063990827	-0.0081459203	-0.0074193272	-0.0059591169	-0.0039754239	-0.0065551806	-0.0058698293	-0.0025005427	-0.0040992633	-0.0064626834	-0.0043435322	-0.0034209041	-0.0068605200	-0.0045952726	-0.0049864662	-0.0070853535	-0.0059671190	-0.0043425762	-0.0023011704	-0.0036537282	-0.0067120772	-0.0037556963	-0.0032211369	-0.0070440369	-0.0038164530	-0.0034190053	-0.0062120848	-0.0032774737	-0.0058122439	-0.0059823553	-0.0042830243	-0.0034493097	-0.0047391466	-0.0034096367	-0.0044317428	-0.0048917073	-0.0055088833	-0.0043487929	-0.0066561030	-0.0051660489	-0.0047897653	-0.0042232305	-0.0012809434	-0.0051927341
-0.0054736747	-0.0045407085	-0.0076936473	-0.0077165536	-0.0040590763	-0.0050433745	-0.0063402853	-0.0046579296	-0.0074928278	-0.0061127450	-0.0054510379	-0.0060707880	-0.0066568079	-0.0042530563	0.5380877654	-0.0043859465	-0.0051191082	-0.0038589507	-0.0043548699	-0.0047615413	-0.0055226795	-0.0055137129	-0.0049086133	-0.0072714179	-0.0057906079	-0.0051284896	-0.0057725399	-0.0074269226	-0.0054353190	-0.0036977432	-0.0054575978	-0.0077887554	-0.0056583664	-0.0051315517	-0.0042946265	-0.0053868122	-0.0053643198	-0.0038321642	-0.0047474160	-0.0068197437	-0.0051622968	-0.0067879317	-0.0050152278	-0.0054539838	-0.0053652193	-0.0070373656	-0.0038632185	-0.0044790776	-0.0028498514	-0.0059219903	-0.0041124271	-0.0062719390	-0.0052027982	-0.0067846602	-0.0050663329	-0.0069108420	-0.0052912131	-0.0062184268	-0.0069315554	-0.0062287144	-0.0046463275	-0.0076777515	-0.0015146137	-0.0039026586	-0.0063163226	-0.0070095185	-0.0050316695	-0.0055642703	-0.0056394390	-0.0060559512	-0.0049005759	-0.0067084241	-0.0047823352	-0.0059943348	-0.0058689403	-0.0067986616	-0.0060156923	-0.0043823438	-0.0040020809	-0.0052314273	-0.0050643869	-0.0037191001	-0.0051918339	-0.0035620376	-0.0049740751	-0.0041005452	-0.0057419722	-0.0059078010	-0.0061922107	-0.0063685497	-0.0057131717	-0.0048915002	-0.0059180496	-0.0070932743	-0.0041864861	-0.0079736603	-0.0064007948	-0.0058529471	-0.0052446300
-0.0054182595	-0.0057428326	-0.0054188514	-0.0058220502	-0.0046431509	-0.0053424211	-0.0058737048	-0.0059232003	-0.0068214960	-0.0027815802	-0.0056137467	-0.0059933559	-0.0040427796	-0.0064706094	-0.0043859465	0.5001049514	-0.0031528481	-0.0057464813	-0.0036289739	-0.0039509333	-0.0056051363	-0.0044991415	-0.0052198943	-0.0065469872	-0.0055627022	-0.0053021968	-0.0037534944	-0.0058312764	-0.0042909175	-0.0053822463	-0.0038980415	-0.0005069133	-0.0049917573	-0.0053241067	-0.0023695171	-0.0062154272	-0.0075344772	-0.0036788754	-0.0042730410	-0.0055307432	-0.0067296950	-0.0050039692	-0.0063874881	-0.0054788706	-0.0041475042	-0.0057259016	-0.0045656278	-0.0059209757	-0.0060156067	-0.0069215128	-0.0040856995	-0.0041848499	-0.0039834057	-0.0054852957	-0.0047550208	-0.0017903648	-0.0053137637	-0.0048448977	-0.0055885189	-0.0036997729	-0.0046183487	-0.0067068392	-0.0018539728	-0.0036657493	-0.0087262180	-0.0045057760	-0.0055559690	-0.0034361955	-0.0063533197	-0.0053337363	-0.0035203637	-0.0045851709	-0.0062094195	-0.0050769894	-0.0026350311	-0.0065979462	-0.0033837804	-0.0067594114	-0.0049562550	-0.0045899434	-0.0067021123	-0.0070406729	-0.0063968966	-0.0049598951	-0.0056430596	-0.0055861572	-0.0048867713	-0.0072054037	-0.0054944434	-0.0049124242	-0.0063766275	-0.0044030764	-0.0068404322	-0.0054178132	-0.0041222023	-0.0057029760	-0.0049619540	-0.0055212336	-0.0051415085
-0.0043258751	-0.0040576111	-0.0039657903	-0.0058078651	-0.0045166840	-0.0061762401	-0.0048070254	-0.0048091207	-0.0057600326	-0.0050866421	-0.0026242508	-0.0058676773	-0.0039797378	-0.0036555439	-0.0051191082	-0.0031528481	0.4868943277	-0.0054349674	-0.0056646744	-0.0058692925	-0.0054587908	-0.0050914608	-0.0044947015	-0.0072733499	-0.0057274049	-0.0037729463	-0.0048882332	-0.0051854636	-0.0054544909	-0.0037833115	-0.0056028374	-0.0058026992	-0.0049074156	-0.0060504398	-0.0045970290	-0.0075770282	-0.0058052868	-0.0041829429	-0.0040965459	-0.0060712411	-0.0040840026	-0.0043975865	-0.0042619065	-0.0056818770	-0.0019616186	-0.0045812016	-0.0073025449	-0.0055140035	-0.0061628265	-0.0047715095	-0.0033917601	-0.0037658995	-0.0072041591	-0.0040986681	-0.0063095213	-0.0046408323	-0.0044571831	-0.0043205514	-0.0040507858	-0.0043888865	-0.0020201526	-0.0065196323	-0.0043611975	-0.0035405621	-0.0062015085	-0.0069098112	-0.0054820105	-0.0041778492	-0.0052959202	-0.0047288329	-0.0036205018	-0.0039296736	-0.0043829343	-0.0065206571	-0.0036684805	-0.0073636780	-0.0071484285	-0.0057817528	-0.0034015035	-0.0051031643	-0.0046827222	-0.0058135700	-0.0040308264	-0.0029050626	-0.0040123272	-0.0064361237	-0.0046886644	-0.0041801371	-0.0059350317	-0.0059767567	-0.0054635983	-0.0053900342	-0.0068605293	-0.0046901071	-0.0037259391	-0.0036653545	-0.0067131123	-0.0046086663	-0.0051055828
-0.0019295123	-0.0046319445	-0.0059038692	-0.0043358275	-0.0069802814	-0.0042977166	-0.0073738958	-0.0036225020	-0.0052658214	-0.0063236450	-0.0030997096	-0.0065384027	-0.0056397709	-0.0031648387	-0.0038589507	-0.0057464813	-0.0054349674	0.4779495771	-0.0053561456	-0.0070395395	-0.0046319707	-0.0049968904	-0.0019676071	-0.0039814294	-0.0060487617	-0.0048468180	-0.0028617859	-0.0073148745	-0.0050941946	-0.0025216709	-0.0057180777	-0.0060255245	-0.0038963843	-0.0023679577	-0.0058057259	-0.0059076276	-0.0053843137	-0.0047054662	-0.0054263568	-0.0044751369	-0.0053066182	-0.0052841076	-0.0032202772	-0.0032607113	-0.0056782180	-0.0051540986	-0.0052502868	-0.0067767400	-0.0049275072	-0.0016020054	-0.0035813864	-0.0050306671	-0.0031152930	-0.0064784021	-0.0046161992	-0.0043626663	-0.0063452318	-0.0065608540	-0.0044538369	-0.0040314373	-0.0034731469	-0.0048296920	-0.0055929682	-0.0036766712	-0.0081648795	-0.0048216692	-0.0063217364	-0.0051269853	-0.0042466845	-0.0073095189	-0.0026105314	-0.0061390264	-0.0035635633	-0.0022135621	-0.0059902310	-0.0043739564	-0.0051497127	-0.0031931773	-0.0062695330	-0.0060075537	-0.0071695628	-0.0069081021	-0.0078287667	-0.0044611410	-0.0055579463	-0.0053350502	-0.0059098279	-0.0034014050	-0.0020234813	-0.0022604493	-0.0039961401	-0.0042673248	-0.0047687418	-0.0074475654	-0.0045233572	-0.0045779555	-0.0029665152	-0.0056284345	-0.0042840701
-0.0026045489	-0.0076883879	-0.0062262058	-0.0045511524	-0.0039912922	-0.0060929720	-0.0056097219	-0.0039744471	-0.0057926176	-0.0058237593	-0.0054696588	-0.0084577757	-0.0058720762	-0.0042924146	-0.0043548699	-0.0036289739	-0.0056646744	-0.0053561456	0.4816262781	-0.0059926494	-0.0042479200	-0.0031609153	-0.0065000285	-0.0070604091	-0.0046716590	-0.0056042289	-0.0060101341	-0.0051547168	-0.0058370623	-0.0054051181	-0.0060026167	-0.0069026204	-0.0024159832	-0.0050490877	-0.0020592309	-0.0031160586	-0.0030122532	-0.0054204907	-0.0045568735	-0.0026125985	-0.0055078362	-0.0043765756	-0.0048351833	-0.0052704663	-0.0051695222	-0.0060406240	-0.0063873722	-0.0033366203	-0.0030719315	-0.0037452474	-0.0037853465	-0.0044391322	-0.0012792865	-0.0041187902	-0.0079722198	-0.0055418256	-0.0054814179	-0.0051375933	-0.0021327950	-0.0038563406	-0.0055463214	-0.0047476733	-0.0048312097	-0.0044227223	-0.0067712418	-0.0055435891	-0.0035421706	-0.0057849933	-0.0050130954	-0.0062837931	-0.0034541219	-0.0067033999	-0.0042938779	-0.0054815373	-0.0036573250	-0.0056233313	-0.0034439944	-0.0021368128	-0.0028990257	-0.0042249293	-0.0065382311	-0.0065183629	-0.0066688385	-0.0081801218	-0.0040114374	-0.0037391330	-0.0050752820	-0.0059873287	-0.0046369598	-0.0027765311	-0.0050976083	-0.0062611343	-0.0052842803	-0.0051648536	-0.0059229291	-0.0030816228	-0.0051500375	-0.0055955179	-0.0038004265
-0.0074637278	-0.0074847689	-0.0062360604	-0.0073006291	-0.0053105202	-0.0051557886	-0.0039058580	-0.0050979648	-0.0071207252	-0.0049657968	-0.0051959763	-0.0057847349	-0.0061529757	-0.0035286353	-0.0047615413	-0.0039509333	-0.0058692925	-0.0070395395	-0.0059926494	0.5392455791	-0.0065710373	-0.0018005566	-0.0064750767	-0.0060801474	-0.0050336083	-0.0041457096	-0.0038175888	-0.0059627700	-0.0027410750	-0.0045894399	-0.0055113805	-0.0041856240	-0.0052904998	-0.0047418579	-0.0050940864	-0.0047610634	-0.0085846814	-0.0054445222	-0.0042070491	-0.0067035496	-0.0051344974	-0.0042243472	-0.0063707664	-0.0041350383	-0.0054765846	-0.0050301471	-0.0047837440	-0.0060792943	-0.0072529292	-0.0039856935	-0.0057962657	-0.0055102810	-0.0033327957	-0.0054189900	-0.0068979247	-0.0055161136	-0.0046300589	-0.0045007175	-0.0080874037	-0.0069082274	-0.0054447328	-0.0047725246	-0.0063223412	-0.0043946272	-0.0067477002	-0.0062437162	-0.0049848474	-0.0060237940	-0.0061979387	-0.0068794749	-0.0040202763	-0.0061800212	-0.0072452655	-0.0065788673	-0.0062777928	-0.0041845536	-0.0049301256	-0.0081911009	-0.0066390820	-0.0059713083	-0.0057498598	-0.0050465774	-0.0059178886	-0.0054357164	-0.0030926372	-0.0061135967	-0.0072063222	-0.0037334836	-0.0043807187	-0.0042705120	-0.0068445145	-0.0045599719	-0.0045971736	-0.0048137267	-0.0052339649	-0.0066120377	-0.0055520086	-0.0070749893	-0.0056485263
-0.0007854581	-0.0051465565	-0.0049245635	-0.0048725314	-0.0015199931	-0.0059870861	-0.0032066100	-0.0047217773	-0.0081363955	-0.0041883002	-0.0054460637	-0.0049163304	-0.0058685310	-0.0046257924	-0.0055226795	-0.0056051363	-0.0054587908	-0.0046319707	-0.0042479200	-0.0065710373	0.4558450521	-0.0045884020	-0.0051306268	-0.0059238080	-0.0042900893	-0.0059896610	-0.0047518816	-0.0063614396	-0.0024880539	-0.0055993741	-0.0042763909	-0.0051294031	-0.0039079387	-0.0047581964	-0.0056835291	-0.0025223110	-0.0046622316	-0.0039033505	-0.0034957970	-0.0035848844	-0.0024010429	-0.0046709039	-0.0023460269	-0.0045630369	-0.0057443536	-0.0023547266	-0.0061486675	-0.0027436213	-0.0037485151	-0.0031708053	-0.0030366687	-0.0048464176	-0.0034899155	-0.0034823899	-0.0057197780	-0.0047087856	-0.0071130350	-0.0046625417	-0.0044921520	-0.0055980721	-0.0037439676	-0.0036095928	-0.0037056585	-0.0042406272	-0.0067238428	-0.0067714553	-0.0046346318	-0.0062101026	-0.0040205816	-0.0084014048	-0.0057860144	-0.0059810094	-0.0052668269	-0.0040577647	-0.0048146252	-0.0066042130	-0.0039163455	-0.0041728866	-0.0071954080	-0.0005587292	-0.0051960587	-0.0061635264	-0.0025922910	-0.0049411761	-0.0037992563	-0.0034993412	-0.0033662677	-0.0060339391	-0.0026634182	-0.0026862601	-0.0047636017	-0.0056103626	-0.0055876830	-0.0045065807	-0.0050216567	-0.0051819026	-0.0050895658	-0.0049820951	-0.0052720325
-0.0021855678	-0.0058816365	-0.0061400109	-0.0053242328	-0.0020323345	-0.0080526924	-0.0059878096	-0.0054238142	-0.0071538994	-0.0057088719	-0.0037808448	-0.0031940458	-0.0035292776	-0.0041130094	-0.0055137129	-0.0044991415	-0.0050914608	-0.0049968904	-0.0031609153	-0.0018005566	-0.0045884020	0.4955396891	-0.0062104715	-0.0061174638	-0.0051091151	-0.0055233093	-0.0072454333	-0.0069207094	-0.0067539716	-0.0035942198	-0.0057376675	-0.0042639558	-0.0011455576	-0.0041197015	-0.0037153209	-0.0060248882	-0.0029161551	-0.0025777510	-0.0045817259	-0.0052935918	-0.0065440719	-0.0052394193	-0.0053232360	-0.0049997127	-0.0066006993	-0.0031974928	-0.0056290439	-0.0048935461	-0.0055201330	-0.0032404095	-0.0025422939	-0.0046494289	-0.0050213103	-0.0026858585	-0.0056232411	-0.0068514456	-0.0040053384	-0.0059979357	-0.0054093769	-0.0030930070	-0.0050025254	-0.0093885940	-0.0051645067	-0.0059266135	-0.0098104683	-0.0041740251	-0.0039296750	-0.0071459762	-0.0063928609	-0.0075847217	-0.0045616662	-0.0079537432	-0.0026352374	-0.0063246976	-0.0048093146	-0.0049802264	-0.0058624684	-0.0035392439	-0.0081367056	-0.0036347305	-0.0055340162	-0.0075055140	-0.0040040012	-0.0047269922	-0.0067377292	-0.0042846016	-0.0036987312	-0.0058342978	-0.0036151447	-0.0075224928	-0.0039350686	-0.0062194352	-0.0041336830	-0.0035078083	-0.0059608158	-0.0043909836	-0.0058882393	-0.0038229355	-0.0041820620
-0.0041810219	-0.0016849777	-0.0046548172	-0.0021041159	-0.0026161929	-0.0039982553	-0.0056759411	-0.0062987948	-0.0066768019	-0.0009891790	-0.0049422619	-0.0060641024	-0.0044780989	-0.0044736585	-0.0049086133	-0.0052198943	-0.0044947015	-0.0019676071	-0.0065000285	-0.0064750767	-0.0051306268	-0.0062104715	0.4372866641	-0.0053053054	-0.0065124891	-0.0054327459	-0.0055615839	-0.0048921629	-0.0035069942	-0.0039402595	-0.0024603582	-0.0025877712	-0.0020565695	-0.0021223153	-0.0031902598	-0.0055217689	-0.0025932335	-0.0020111314	-0.0036144068	-0.0056456473	-0.0040121060	-0.0029219639	-0.0038400354	-0.0049704186	-0.0051028533	-0.0033617547	-0.0051710827	-0.0066667391	-0.0028793768	-0.0059205698	-0.0026095417	-0.0055459964	-0.0046871487	-0.0053354179	-0.0041356820	-0.0042352445	-0.0061577546	-0.0039040742	-0.0047813794	-0.0029680272	-0.0012625974	-0.0024824448	-0.0043912653	-0.0060919143	-0.0057876978	-0.0034932007	-0.0068441468	-0.0055677406	-0.0039638414	-0.0070446742	-0.0039882434	-0.0075291866	-0.0049526132	-0.0065852412	-0.0044351410	-0.0067764873	-0.0037409967	-0.0017465078	-0.0057091121	-0.0030103242	-0.0071231388	-0.0054967669	-0.0040322899	-0.0033129273	-0.0045547972	-0.0006783355	-0.0040669459	-0.0043527404	-0.0031942574	-0.0022365759	-0.0046325348	-0.0049185666	-0.0065554732	-0.0043403064	-0.0047670356	-0.0058505668	-0.0054485989	-0.0047901457	-0.0056238753
-0.0040469324	-0.0042612972	-0.0059870557	-0.0057944407	-0.0061298399	-0.0059187064	-0.0073019681	-0.0057868549	-0.0069842741	-0.0043201335	-0.0070771280	-0.0053390905	-0.0036929907	-0.0035358768	-0.0072714179	-0.0065469872	-0.0072733499	-0.0039814294	-0.0070604091	-0.0060801474	-0.0059238080	-0.0061174638	-0.0053053054	0.5575179126	-0.0022802020	-0.0050880525	-0.0075371103	-0.0048923653	-0.0034833925	-0.0049216475	-0.0056936756	-0.0066762828	-0.0020726215	-0.0052301081	-0.0053548541	-0.0054999860	-0.0065700697	-0.0046228625	-0.0055883733	-0.0061807801	-0.0048093772	-0.0057060119	-0.0034491730	-0.0046784337	-0.0056446050	-0.0064266862	-0.0033656891	-0.0075701985	-0.0061453567	-0.0044890771	-0.0069040109	-0.0062211592	-0.0049089054	-0.0054881160	-0.0047027176	-0.0048482322	-0.0068248807	-0.0075142339	-0.0089172449	-0.0064087560	-0.0065978232	-0.0080933782	-0.0067271097	-0.0026720832	-0.0071878819	-0.0040970135	-0.0053406244	-0.0036753653	-0.0042464616	-0.0063898798	-0.0056730538	-0.0054988480	-0.0075696092	-0.0055159125	-0.0049610078	-0.0046155668	-0.0043688527	-0.0065273981	-0.0068113825	-0.0060261184	-0.0041273771	-0.0068675537	-0.0077898717	-0.0074480138	-0.0037501657	-0.0083039241	-0.0077810129	-0.0078767032	-0.0052159900	-0.0061461154	-0.0074060138	-0.0051610637	-0.0069144314	-0.0057523423	-0.0031417754	-0.0067737966	-0.0052888366	-0.0046009749	-0.0061244243
-0.0036735876	-0.0051971558	-0.0055077683	-0.0030050149	-0.0053048421	-0.0065435397	-0.0009969015	-0.0029861235	-0.0057314493	-0.0046399237	-0.0049992655	-0.0057539659	-0.0059335142	-0.0037319550	-0.0057906079	-0.0055627022	-0.0057274049	-0.0060487617	-0.0046716590	-0.0050336083	-0.0042900893	-0.0051091151	-0.0065124891	-0.0022802020	0.4769490985	-0.0053585855	-0.0065955764	-0.0058925833	-0.0037474822	-0.0024884721	-0.0062175627	-0.0061650420	-0.0049366685	-0.0052534112	-0.0038094397	-0.0031144579	-0.0053250046	-0.0067760284	-0.0043640993	-0.0053103432	-0.0034284472	-0.0042684964	-0.0058947497	-0.0018842916	-0.0043799110	-0.0046980341	-0.0051771996	-0.0032330641	-0.0055379249	-0.0052250513	-0.0021762357	-0.0041851728	-0.0039375551	-0.0076788806	-0.0048183951	-0.0049200825	-0.0040587188	-0.0041231728	-0.0060853029	-0.0056222369	-0.0045091540	-0.0049899020	-0.0053705438	-0.0022710369	-0.0070108080	-0.0037259776	-0.0014328715	-0.0041238254	-0.0072025612	-0.0067124410	-0.0042167813	-0.0052884963	-0.0055344249	-0.0050689298	-0.0065640522	-0.0069305999	-0.0054550170	-0.0046903658	-0.0055998983	-0.0060037090	-0.0068462147	-0.0069805443	-0.0031018800	-0.0047805576	-0.0038315288	-0.0050760830	-0.0074996999	-0.0056201623	-0.0038518660	-0.0049282866	-0.0037512619	-0.0043351048	-0.0042286525	-0.0063786778	-0.0033605819	-0.0056407310	-0.0026064012	-0.0049006611	-0.0048094807
-0.0030441075	-0.0048257523	-0.0019112376	-0.0051997784	-0.0038815599	-0.0049124600	-0.0055314193	-0.0052444435	-0.0069520482	-0.0051269353	-0.0046220712	-0.0076336753	-0.0062578273	-0.0047694816	-0.0051284896	-0.0053021968	-0.0037729463	-0.0048468180	-0.0056042289	-0.0041457096	-0.0059896610	-0.0055233093	-0.0054327459	-0.0050880525	-0.0053585855	0.4973434312	-0.0048533569	-0.0053463121	-0.0050973252	-0.0049781205	-0.0033720241	-0.0032575195	-0.0040980847	-0.0055070645	-0.0048601043	-0.0066289294	-0.0045066617	-0.0055381418	-0.0052159404	-0.0031493429	-0.0045908109	-0.0058206635	-0.0050185504	-0.0067123814	-0.0066323878	-0.0035313877	-0.0047275362	-0.0037467990	-0.0037290301	-0.0058882694	-0.0058952301	-0.0035282352	-0.0039709619	-0.0042752305	-0.0061609098	-0.0062032312	-0.0036548504	-0.0051527365	-0.0081615466	-0.0057655664	-0.0040238133	-0.0057026811	-0.0052779069	-0.0051496634	-0.0068179101	-0.0066364951	-0.0048591051	-0.0029705161	-0.0039120519	-0.0038853500	-0.0068496948	-0.0049692758	-0.0047415084	-0.0048196490	-0.0057772088	-0.0054236675	-0.0061141359	-0.0045663909	-0.0043206614	-0.0047542958	-0.0062125923	-0.0066943447	-0.0043087092	-0.0054503266	-0.0037026299	-0.0034660794	-0.0059834620	-0.0036045450	-0.0054238949	-0.0053843145	-0.0051246994	-0.0065508514	-0.0072997233	-0.0034826997	-0.0041038124	-0.0058710039	-0.0042288965	-0.0057987196	-0.0073993612
-0.0022692047	-0.0053788644	-0.0050959266	-0.0059543256	-0.0054734778	-0.0026820921	-0.0068276360	-0.0042529449	-0.0058095049	-0.0039886658	-0.0042740644	-0.0025940455	-0.0052246615	-0.0065977289	-0.0057725399	-0.0037534944	-0.0048882332	-0.0028617859	-0.0060101341	-0.0038175888	-0.0047518816	-0.0072454333	-0.0055615839	-0.0075371103	-0.0065955764	-0.0048533569	0.4832909549	-0.0055508129	-0.0054813036	-0.0043534602	-0.0051536901	-0.0042145976	-0.0042960600	-0.0055965310	-0.0029920824	-0.0056535734	-0.0032593393	-0.0057030795	-0.0061397036	-0.0064534415	-0.0046879123	-0.0066242756	-0.0048031891	-0.0069238246	-0.0050018855	-0.0057369612	-0.0052421431	-0.0035950389	-0.0007056423	-0.0030379899	-0.0043515073	-0.0046562082	-0.0039930012	-0.0049588510	-0.0060023359	-0.0054238965	-0.0047385684	-0.0038404069	-0.0071955653	-0.0066852731	-0.0033387997	-0.0072518571	-0.0043195932	-0.0062003413	-0.0035367616	-0.0029767375	-0.0041001664	-0.0050196267	-0.0032277853	-0.0037553627	-0.0062554989	-0.0059005809	-0.0027130623	-0.0035667297	-0.0053598139	-0.0055334927	-0.0039232806	-0.0041053718	-0.0045754576	-0.0061066830	-0.0056244681	-0.0041311854	-0.0064958644	-0.0044581902	-0.0035231422	-0.0067425212	-0.0034316191	-0.0049831097	-0.0030848502	-0.0062761299	-0.0068081387	-0.0059378377	-0.0064817010	-0.0047437696	-0.0054524375	-0.0055529712	-0.0038573065	-0.0064557674	-0.0043589288
-0.0045607221	-0.0045698297	-0.0039405402	-0.0044913332	-0.0054466738	-0.0052658827	-0.0037508845	-0.0041358537	-0.0070309531	-0.0060242242	-0.0054841509	-0.0058133507	-0.0055906195	-0.0069910811	-0.0074269226	-0.0058312764	-0.0051854636	-0.0073148745	-0.0051547168	-0.0059627700	-0.0063614396	-0.0069207094	-0.0048921629	-0.0048923653	-0.0058925833	-0.0053463121	-0.0055508129	0.5258019583	-0.0055635179	-0.0025429546	-0.0053793561	-0.0046331448	-0.0043225520	-0.0070193455	-0.0059787054	-0.0080175468	-0.0059657301	-0.0029459223	-0.0045697159	-0.0056385613	-0.0044630027	-0.0051331401	-0.0070267712	-0.0060450214	-0.0046650346	-0.0055792406	-0.0043127924	-0.0064725830	-0.0070727739	-0.0065181273	-0.0041423274	-0.0046021906	-0.0037402865	-0.0057721752	-0.0037048783	-0.0053828894	-0.0064448621	-0.0054922858	-0.0067342042	-0.0067757274	-0.0056892162	-0.0036074612	-0.0058211219	-0.0025399144	-0.0055644027	-0.0065793343	-0.0048963423	-0.0028369573	-0.0062442207	-0.0065165844	-0.0052852874	-0.0040678998	-0.0047232656	-0.0046701361	-0.0045891676	-0.0064927635	-0.0068937458	-0.0076012520	-0.0030551360	-0.0065460425	-0.0048189096	-0.0051636452	-0.0056648483	-0.0049769965	-0.0057130804	-0.0070593094	-0.0044191223	-0.0053160640	-0.0023872977	-0.0034578998	-0.0072678068	-0.0056960075	-0.0065622713	-0.0047011330	-0.0052825986	-0.0061448050	-0.0049684267	-0.0059619425	-0.0035336662
