1.0000000000	0.9114905765	0.9120728054	0.9110279103	0.9118110660	0.9119877745	0.9112802528	0.9108540285	0.9112824684	0.9114357227	0.9119630215	0.9121751023	0.9125895613	0.9113448091	0.9122257542	0.9120780769	0.9123096392	0.9115363389	0.9121419456	0.9114376327	0.9118829565	0.9107832840	0.9122086410	0.9122396586	0.9116338991	0.9114814087	0.9119748632	0.9109595341	0.9120137498	0.9113523725	0.9119770788	0.9112475545	0.9112953032	0.9112156965	0.9115220524	0.9123786265	0.9131681232	0.9117557538	0.9110538092	0.9106794592	0.9105244477	0.9116922671	0.9118493414	0.9104893046	0.9120947317	0.9116452824	0.9109981151	0.9114348059	0.9113473303	0.9114705602	0.9113486290	0.9114325904	0.9105155855	0.9110730615	0.9112703211	0.9111800951	0.9121942018	0.9115601750	0.9114893541	0.9114644484	0.9105190998	0.9113095133	0.9118542308	0.9110667969	0.9111580925	0.9112950740	0.9111634403	0.9113325091	0.9115243444	0.9116672850	0.9112830796	0.9110988840	0.9112580210	0.9114843882	0.9109529639	0.9111706217	0.9112844547	0.9115774410	0.9109784808	0.9108806150	0.9105339210	0.9110421967	0.9112934697	0.9123288915	0.9110728323	0.9117828751	0.9120792229	0.9116131952	0.9113917175	0.9117932652	0.9111334923
0.9114905765	1.0000000000	0.9102688200	0.9104232203	0.9113220425	0.9109667155	0.9105450751	0.9108191147	0.9106750281	0.9110495309	0.9114032536	0.9114924864	0.9104920549	0.9110727559	0.9115373320	0.9107138382	0.9113574912	0.9117506352	0.9113286892	0.9105071817	0.9108024599	0.9109266830	0.9109764181	0.9112965256	0.9114706366	0.9108796218	0.9116270232	0.9099973016	0.9110087344	0.9112034729	0.9111424309	0.9107065804	0.9105659318	0.9106991698	0.9107381328	0.9116501718	0.9119534718	0.9106152085	0.9106341552	0.9105843437	0.9097124136	0.9118624054	0.9102368093	0.9103289452	0.9112428178	0.9105919835	0.9106867934	0.9110476974	0.9113240289	0.9109783280	0.9108663286	0.9105799126	0.9109298917	0.9104489665	0.9107061220	0.9110414328	0.9112027853	0.9107890902	0.9107922226	0.9108978046	0.9097368609	0.9105398037	0.9102297807	0.9104037389	0.9104299434	0.9106605889	0.9102513249	0.9109843635	0.9107324793	0.9105962618	0.9106331620	0.9102688200	0.9102682852	0.9101702666	0.9102588883	0.9106070339	0.9106736529	0.9106185700	0.9110337166	0.9108021543	0.9101138085	0.9107582255	0.9114507731	0.9106946623	0.9106542478	0.9113759031	0.9106581441	0.9107174289	0.9109653404	0.9109257662	0.9103517118
0.9120728054	0.9102688200	1.0000000000	0.9125694687	0.9120223828	0.9116678198	0.9112307469	0.9111573285	0.9118418544	0.9114479464	0.9114005796	0.9126345598	0.9107433279	0.9108888660	0.9120122982	0.9111392986	0.9123482965	0.9119331499	0.9115008138	0.9112327333	0.9113157779	0.9108580012	0.9122963459	0.9113844597	0.9112050008	0.9112482421	0.9122042100	0.9109314197	0.9120103883	0.9114275481	0.9112690223	0.9114512315	0.9111501471	0.9104511056	0.9108612099	0.9119245170	0.9130275509	0.9116513942	0.9108032239	0.9110625186	0.9102905171	0.9124062826	0.9112155437	0.9107631149	0.9119514091	0.9109882598	0.9109955176	0.9120307102	0.9112869759	0.9110175202	0.9112195164	0.9110836044	0.9108766423	0.9111945343	0.9114802627	0.9114184568	0.9118850956	0.9115256431	0.9113414476	0.9114603229	0.9107987164	0.9110818473	0.9117410090	0.9111401389	0.9118757751	0.9112701683	0.9111455632	0.9106417186	0.9115092176	0.9117409326	0.9107681572	0.9116296972	0.9112381575	0.9108573136	0.9113635266	0.9108998673	0.9109941424	0.9111282209	0.9110645050	0.9114574197	0.9107913822	0.9108490627	0.9123900862	0.9113820149	0.9106792300	0.9121780055	0.9119930460	0.9114403830	0.9113532129	0.9112687167	0.9111047667
0.9110279103	0.9104232203	0.9125694687	1.0000000000	0.9126654245	0.9116390177	0.9100333615	0.9100858469	0.9103077066	0.9114385494	0.9102383372	0.9116182375	0.9103565249	0.9111350967	0.9119072510	0.9106365235	0.9117799720	0.9102986152	0.9114102822	0.9106156668	0.9113594011	0.9105437763	0.9117243543	0.9110858200	0.9113528309	0.9114877497	0.9119628688	0.9107495161	0.9108295048	0.9103744020	0.9109670211	0.9102763070	0.9104450702	0.9101009737	0.9103839518	0.9116825646	0.9127385374	0.9107383620	0.9099071520	0.9105988593	0.9092905439	0.9109916213	0.9110351681	0.9105579864	0.9116550613	0.9103666094	0.9107596770	0.9103005252	0.9110861256	0.9101281714	0.9106901549	0.9106440869	0.9106249110	0.9104217688	0.9104439242	0.9109074307	0.9113458023	0.9107247632	0.9104129830	0.9106166600	0.9095255441	0.9104834219	0.9101886786	0.9106226955	0.9103431553	0.9106754101	0.9103773816	0.9101441385	0.9103604212	0.9103059494	0.9102672157	0.9099711735	0.9100621635	0.9103105333	0.9103219930	0.9099361068	0.9101448261	0.9102579715	0.9104286446	0.9104148166	0.9100872220	0.9106905369	0.9109480744	0.9105035146	0.9104812828	0.9114278537	0.9108677802	0.9103860145	0.9111251649	0.9109275998	0.9105975605
0.9118110660	0.9113220425	0.9120223828	0.9126654245	1.0000000000	0.9115952417	0.9111607664	0.9115654465	0.9121372089	0.9124189647	0.9119867049	0.9122354567	0.9108041406	0.9127531294	0.9119736409	0.9119161132	0.9121991677	0.9117025808	0.9122753365	0.9114790404	0.9114794224	0.9109140773	0.9119473600	0.9119916708	0.9117119778	0.9112924001	0.9125023149	0.9112929349	0.9121462239	0.9114174636	0.9119295592	0.9116468103	0.9109593049	0.9111556477	0.9108393601	0.9122640296	0.9127537406	0.9115361861	0.9106044363	0.9109485328	0.9110650397	0.9121874788	0.9112135574	0.9103808195	0.9117107554	0.9112982828	0.9114175400	0.9114898125	0.9111473204	0.9121450015	0.9116187723	0.9113207438	0.9111260053	0.9114009616	0.9111923952	0.9116786683	0.9123903918	0.9108148364	0.9114215127	0.9114832423	0.9103154228	0.9112531316	0.9113069157	0.9111914784	0.9108992561	0.9118326102	0.9110211873	0.9110017058	0.9112247115	0.9114964591	0.9112095847	0.9111082046	0.9113163891	0.9109635068	0.9104469037	0.9105055010	0.9109799324	0.9107694560	0.9112680292	0.9111932355	0.9106200979	0.9107850412	0.9116575824	0.9119012156	0.9108767951	0.9118171014	0.9116880652	0.9116002076	0.9117567470	0.9117501768	0.9108563205
0.9119877745	0.9109667155	0.9116678198	0.9116390177	0.9115952417	1.0000000000	0.9115663633	0.9115782049	0.9114264786	0.9128262423	0.9113383153	0.9123912322	0.9115099815	0.9120251331	0.9129040918	0.9116306140	0.9122554730	0.9114010380	0.9127723053	0.9120013733	0.9115120443	0.9115138778	0.9127037763	0.9125816924	0.9118694340	0.9117850907	0.9136031333	0.9113758267	0.9119354419	0.9120181809	0.9122236150	0.9114239574	0.9114515371	0.9120885434	0.9115890535	0.9124069702	0.9132581964	0.9119054175	0.9115986032	0.9112520620	0.9112260103	0.9121154355	0.9113179934	0.9108499794	0.9123082640	0.9116728620	0.9115562023	0.9116847037	0.9114094418	0.9111748236	0.9117296257	0.9116876832	0.9119838782	0.9114190680	0.9115781285	0.9116428376	0.9118158026	0.9119708141	0.9117739366	0.9116098337	0.9107894722	0.9112541247	0.9117997591	0.9113840777	0.9117618657	0.9112716199	0.9113040890	0.9112824684	0.9117345152	0.9122996310	0.9115931789	0.9116180083	0.9113215077	0.9112794125	0.9117737074	0.9108177395	0.9122491320	0.9113159307	0.9110272991	0.9113580260	0.9114050871	0.9109156053	0.9123473798	0.9122411102	0.9107994040	0.9123463102	0.9120186393	0.9114904237	0.9116969274	0.9117623241	0.9117459749
0.9112802528	0.9105450751	0.9112307469	0.9100333615	0.9111607664	0.9115663633	1.0000000000	0.9120522544	0.9124906260	0.9116775987	0.9105120712	0.9116077710	0.9107129215	0.9111341035	0.9117012057	0.9107676988	0.9121695253	0.9106307172	0.9111944579	0.9109188904	0.9105991649	0.9106332384	0.9118506401	0.9110342514	0.9114447377	0.9103050327	0.9122231567	0.9110600739	0.9117161033	0.9112021741	0.9112402967	0.9109369203	0.9110673317	0.9113475595	0.9110593863	0.9124744296	0.9121200958	0.9117112902	0.9106423297	0.9110296675	0.9104750946	0.9116985318	0.9103093110	0.9111134761	0.9116219810	0.9104799076	0.9111266165	0.9117712626	0.9113563452	0.9110202705	0.9111590092	0.9117482668	0.9118251996	0.9111569465	0.9117184716	0.9117075467	0.9115958529	0.9113375513	0.9113063045	0.9109101046	0.9105334626	0.9111638987	0.9105168079	0.9105566112	0.9111003356	0.9109389067	0.9111388402	0.9108010847	0.9119208499	0.9120029777	0.9108382905	0.9111505291	0.9108486807	0.9110340986	0.9104847971	0.9102153414	0.9114195263	0.9110823821	0.9103089290	0.9110560248	0.9106274321	0.9108348526	0.9116983790	0.9116944827	0.9106187228	0.9116316071	0.9111008704	0.9117152629	0.9113202090	0.9114154009	0.9105149743
0.9108540285	0.9108191147	0.9111573285	0.9100858469	0.9115654465	0.9115782049	0.9120522544	1.0000000000	0.9120668464	0.9113671937	0.9113181462	0.9110221805	0.9106066519	0.9115841640	0.9111865125	0.9109835231	0.9119339903	0.9110790970	0.9114437445	0.9111533558	0.9112333445	0.9108567025	0.9115802677	0.9112111127	0.9105870176	0.9105523329	0.9116479563	0.9107715187	0.9114280065	0.9109243147	0.9111520570	0.9113254040	0.9112315109	0.9108463123	0.9106071867	0.9122381307	0.9124167491	0.9112056120	0.9106150557	0.9108628907	0.9112186761	0.9125056764	0.9107795405	0.9111144692	0.9118891447	0.9111064474	0.9110626714	0.9114741509	0.9113735348	0.9119021324	0.9109989555	0.9108508198	0.9114131853	0.9112661192	0.9108679330	0.9114015728	0.9123088752	0.9112291426	0.9111949927	0.9115358805	0.9103805903	0.9105492770	0.9109789392	0.9109380663	0.9111734485	0.9110601503	0.9112561111	0.9111935411	0.9111648919	0.9111454104	0.9106461496	0.9113794938	0.9106950443	0.9114514607	0.9107100947	0.9104027457	0.9109881070	0.9111878877	0.9112100431	0.9114886665	0.9108577720	0.9103186315	0.9115175449	0.9110334110	0.9099885159	0.9114035592	0.9115370264	0.9113739932	0.9114692614	0.9114063095	0.9110843684
0.9112824684	0.9106750281	0.9118418544	0.9103077066	0.9121372089	0.9114264786	0.9124906260	0.9120668464	1.0000000000	0.9113581788	0.9116431432	0.9121898471	0.9110023934	0.9114574961	0.9120478233	0.9111671838	0.9119096958	0.9114157064	0.9117345152	0.9115168574	0.9113841541	0.9105833505	0.9122658631	0.9115191493	0.9116191543	0.9110868132	0.9120649364	0.9116986845	0.9120323145	0.9108010083	0.9116788975	0.9112415191	0.9111247066	0.9113685689	0.9113604707	0.9128022533	0.9134380373	0.9109574714	0.9105285731	0.9112001114	0.9113210494	0.9124958974	0.9111789491	0.9108852753	0.9121033646	0.9108266781	0.9115221288	0.9119675290	0.9115960057	0.9112308997	0.9117195412	0.9113214313	0.9112113419	0.9109787100	0.9118548420	0.9114468004	0.9120666936	0.9110390644	0.9112351780	0.9107413415	0.9110752007	0.9113421352	0.9115173922	0.9110797081	0.9108097941	0.9114869094	0.9113326618	0.9111747472	0.9115986796	0.9119532426	0.9109250022	0.9115185381	0.9111673366	0.9114158592	0.9106815219	0.9108816082	0.9108854281	0.9115999784	0.9113168475	0.9115962349	0.9110805485	0.9110245488	0.9119087026	0.9117240487	0.9109992611	0.9123840508	0.9119584377	0.9120374332	0.9112645149	0.9116041803	0.9115661341
0.9114357227	0.9110495309	0.9114479464	0.9114385494	0.9124189647	0.9128262423	0.9116775987	0.9113671937	0.9113581788	1.0000000000	0.9120005330	0.9120854875	0.9112256283	0.9114894305	0.9125849011	0.9110978145	0.9127027067	0.9113669645	0.9121007671	0.9106136805	0.9126914762	0.9106573037	0.9118985417	0.9124644979	0.9117461277	0.9111459452	0.9128600866	0.9113507682	0.9120040473	0.9113228065	0.9117941056	0.9109625137	0.9108924567	0.9109042220	0.9106695274	0.9120911410	0.9120411767	0.9116809602	0.9108275948	0.9117000597	0.9113626099	0.9121753315	0.9112322749	0.9107772486	0.9123938297	0.9111781087	0.9110270699	0.9117071647	0.9120774657	0.9119024380	0.9116332115	0.9112843019	0.9118868528	0.9114592533	0.9113935510	0.9115745378	0.9124894800	0.9112520620	0.9113427464	0.9115792745	0.9108695373	0.9111705453	0.9111804771	0.9114140257	0.9110371545	0.9114468768	0.9110956753	0.9108893244	0.9116669794	0.9113674229	0.9113821677	0.9111383818	0.9108866505	0.9118485774	0.9109802380	0.9114098238	0.9114341184	0.9116754596	0.9112074456	0.9112121058	0.9112156201	0.9108957418	0.9116472687	0.9119540066	0.9110641994	0.9118591967	0.9116754596	0.9114840062	0.9114302985	0.9119957963	0.9113821677
0.9119630215	0.9114032536	0.9114005796	0.9102383372	0.9119867049	0.9113383153	0.9105120712	0.9113181462	0.9116431432	0.9120005330	1.0000000000	0.9122257542	0.9114331252	0.9120202436	0.9119514091	0.9117739366	0.9119063342	0.9122554730	0.9118086212	0.9113464899	0.9113603179	0.9113164655	0.9121283468	0.9121917571	0.9113807926	0.9118096908	0.9121364450	0.9117611781	0.9117821875	0.9111883461	0.9119744048	0.9112668832	0.9111421253	0.9107763318	0.9107266731	0.9119985466	0.9127512195	0.9109571658	0.9106790772	0.9114855342	0.9104197060	0.9124088037	0.9112542775	0.9108327135	0.9122127665	0.9113228065	0.9112215792	0.9121239921	0.9111050723	0.9121802210	0.9112217320	0.9116971566	0.9111983542	0.9112074456	0.9118270331	0.9113024082	0.9122126137	0.9114034828	0.9113473303	0.9109923853	0.9103255837	0.9105842673	0.9110663385	0.9110716100	0.9110269171	0.9117523159	0.9111951455	0.9105462975	0.9113005747	0.9121650178	0.9106866406	0.9108630435	0.9111019400	0.9116571241	0.9100145676	0.9112313581	0.9113302171	0.9110586223	0.9112942337	0.9113083673	0.9108194202	0.9111872765	0.9119187871	0.9114607813	0.9107884027	0.9118251232	0.9118145039	0.9115885187	0.9115959293	0.9112625285	0.9113684161
0.9121751023	0.9114924864	0.9126345598	0.9116182375	0.9122354567	0.9123912322	0.9116077710	0.9110221805	0.9121898471	0.9120854875	0.9122257542	1.0000000000	0.9118310058	0.9122329356	0.9120745626	0.9117478084	0.9125525083	0.9115434439	0.9127704718	0.9125764973	0.9124628935	0.9114860690	0.9129571120	0.9121194846	0.9119696682	0.9110336402	0.9128267771	0.9119838018	0.9118854776	0.9112813988	0.9120035889	0.9113290711	0.9112118002	0.9112744466	0.9112840727	0.9125134690	0.9134088532	0.9123631941	0.9107247632	0.9113712428	0.9103575181	0.9122236150	0.9112532080	0.9111673366	0.9125816160	0.9118005994	0.9112900318	0.9115008902	0.9114244158	0.9122165864	0.9119505687	0.9114947020	0.9115892062	0.9110097276	0.9109107158	0.9120860987	0.9126682513	0.9113021791	0.9118026622	0.9117831043	0.9108363806	0.9118407084	0.9118234424	0.9114433625	0.9112823920	0.9119411717	0.9112883510	0.9113260152	0.9115754546	0.9121737272	0.9108819138	0.9116222866	0.9114049343	0.9116815714	0.9114785056	0.9111427365	0.9116928019	0.9116635415	0.9114138729	0.9112374700	0.9111601552	0.9114552806	0.9119744048	0.9118831093	0.9112093555	0.9129548965	0.9119932751	0.9119265033	0.9116918851	0.9120619569	0.9108178923
0.9125895613	0.9104920549	0.9107433279	0.9103565249	0.9108041406	0.9115099815	0.9107129215	0.9106066519	0.9110023934	0.9112256283	0.9114331252	0.9118310058	1.0000000000	0.9105860244	0.9114049343	0.9111253941	0.9116038747	0.9110322650	0.9115235804	0.9113043946	0.9105090153	0.9104090867	0.9114437445	0.9110197357	0.9114997442	0.9110917790	0.9121203250	0.9107037537	0.9111778031	0.9108357694	0.9110107972	0.9106079506	0.9102443727	0.9105513397	0.9103754716	0.9124336331	0.9122884769	0.9113433576	0.9106568454	0.9109479216	0.9102674449	0.9114561974	0.9105760927	0.9104526336	0.9112367824	0.9109703826	0.9108196494	0.9113330438	0.9114406886	0.9108986449	0.9107744218	0.9108854281	0.9105246005	0.9105894623	0.9107854995	0.9104588982	0.9110282159	0.9109104866	0.9109849747	0.9113170003	0.9099832444	0.9103314664	0.9104961804	0.9102398652	0.9108034531	0.9110816181	0.9099193757	0.9098717797	0.9111313532	0.9113120344	0.9102313850	0.9103290980	0.9105763983	0.9106866406	0.9102623262	0.9105782318	0.9110259240	0.9104806716	0.9102251968	0.9107947437	0.9107893958	0.9104206228	0.9110971269	0.9109335588	0.9106913008	0.9114869094	0.9117766869	0.9106027556	0.9107374452	0.9106336968	0.9101954780
0.9113448091	0.9110727559	0.9108888660	0.9111350967	0.9127531294	0.9120251331	0.9111341035	0.9115841640	0.9114574961	0.9114894305	0.9120202436	0.9122329356	0.9105860244	1.0000000000	0.9122417214	0.9119527078	0.9127934675	0.9115026473	0.9120708191	0.9112152382	0.9112391507	0.9112712379	0.9120611165	0.9117790552	0.9117887578	0.9111549602	0.9122663215	0.9112120294	0.9114703310	0.9114953131	0.9114979871	0.9113558104	0.9116350450	0.9108846641	0.9109483800	0.9125865054	0.9127868209	0.9113871336	0.9106480596	0.9109409694	0.9111534322	0.9117759229	0.9116825646	0.9109361564	0.9121930559	0.9109486092	0.9108851225	0.9114309096	0.9119200859	0.9119586669	0.9112235655	0.9114916460	0.9117954808	0.9115756838	0.9117457457	0.9115467290	0.9125041484	0.9111625236	0.9109037636	0.9108198786	0.9102523945	0.9110724503	0.9112915597	0.9110438011	0.9109013189	0.9113377805	0.9112863647	0.9105887748	0.9108638839	0.9116913503	0.9109360036	0.9115046337	0.9111095798	0.9115532228	0.9105806766	0.9105912959	0.9113781950	0.9112766621	0.9111041555	0.9112651260	0.9106730417	0.9114529887	0.9116348922	0.9116606384	0.9110718392	0.9116604092	0.9116820298	0.9118666073	0.9115262543	0.9116362674	0.9111013288
0.9122257542	0.9115373320	0.9120122982	0.9119072510	0.9119736409	0.9129040918	0.9117012057	0.9111865125	0.9120478233	0.9125849011	0.9119514091	0.9120745626	0.9114049343	0.9122417214	1.0000000000	0.9131562051	0.9122311020	0.9118650029	0.9125236299	0.9116032635	0.9113782714	0.9121181094	0.9129050850	0.9126972825	0.9116751540	0.9181912901	0.9138521143	0.9119158840	0.9125442573	0.9121718172	0.9117657620	0.9118448339	0.9112022505	0.9118924298	0.9113373221	0.9127590885	0.9129427492	0.9117418494	0.9111615304	0.9116177791	0.9105756343	0.9117996827	0.9122599041	0.9116592632	0.9124386753	0.9111101909	0.9120224592	0.9116206058	0.9122689954	0.9122000081	0.9116832522	0.9119166480	0.9122970335	0.9121388133	0.9117879938	0.9119274201	0.9124042963	0.9118708092	0.9118973193	0.9117300077	0.9106197923	0.9116930311	0.9113678813	0.9114072263	0.9117659148	0.9118391804	0.9115384016	0.9116787447	0.9120511848	0.9121305623	0.9115205245	0.9114515371	0.9121150535	0.9119478183	0.9117250419	0.9112065288	0.9116765291	0.9114629968	0.9112773497	0.9117706514	0.9117174785	0.9117844795	0.9123726675	0.9120303282	0.9115173158	0.9124029211	0.9122443953	0.9121443139	0.9122502779	0.9121576836	0.9113790354
0.9120780769	0.9107138382	0.9111392986	0.9106365235	0.9119161132	0.9116306140	0.9107676988	0.9109835231	0.9111671838	0.9110978145	0.9117739366	0.9117478084	0.9111253941	0.9119527078	0.9131562051	1.0000000000	0.9116173971	0.9122197187	0.9118779906	0.9112833852	0.9111436533	0.9114130325	0.9125812340	0.9115840876	0.9111141636	0.9113193686	0.9133339068	0.9107441682	0.9115812609	0.9114707130	0.9117534619	0.9113070685	0.9112023269	0.9115974572	0.9105908375	0.9122804551	0.9128500784	0.9118172542	0.9104514112	0.9110164506	0.9104583634	0.9115743850	0.9107725119	0.9108617447	0.9121301039	0.9104825816	0.9111195115	0.9115636893	0.9111645099	0.9117636992	0.9115687316	0.9114010380	0.9109757305	0.9108926859	0.9113752155	0.9118301655	0.9122048211	0.9108980338	0.9118737123	0.9114937088	0.9101115166	0.9114364103	0.9111318880	0.9101183160	0.9108608279	0.9110181314	0.9105466795	0.9110826113	0.9113305227	0.9115235804	0.9110189718	0.9109004785	0.9111046903	0.9115608626	0.9109307321	0.9110585459	0.9116075418	0.9109386775	0.9109817659	0.9110212637	0.9107853467	0.9108242333	0.9115969988	0.9121139839	0.9108707597	0.9121346878	0.9116099101	0.9116097573	0.9111862833	0.9117794372	0.9112770441
0.9123096392	0.9113574912	0.9123482965	0.9117799720	0.9121991677	0.9122554730	0.9121695253	0.9119339903	0.9119096958	0.9127027067	0.9119063342	0.9125525083	0.9116038747	0.9127934675	0.9122311020	0.9116173971	1.0000000000	0.9112831560	0.9122872546	0.9112000350	0.9117750825	0.9110685540	0.9136458398	0.9120478997	0.9116892112	0.9116853913	0.9125913949	0.9113870572	0.9120655476	0.9115682732	0.9116117437	0.9109216407	0.9114786584	0.9110358557	0.9113891200	0.9127963707	0.9130043260	0.9119409425	0.9106032140	0.9113005747	0.9108198022	0.9126576319	0.9120088603	0.9117865422	0.9121993969	0.9109989555	0.9119477420	0.9119151964	0.9120692911	0.9118189350	0.9119384214	0.9120174933	0.9120580606	0.9119186343	0.9117821875	0.9120177225	0.9121608923	0.9114987510	0.9117653036	0.9113235705	0.9105446167	0.9114123449	0.9110100332	0.9117317649	0.9109336352	0.9114814851	0.9114675043	0.9109661044	0.9121469879	0.9116976914	0.9111829982	0.9114196027	0.9112827740	0.9115175449	0.9112229544	0.9111580925	0.9113976765	0.9112376228	0.9114689558	0.9117032684	0.9108518894	0.9118909783	0.9118855540	0.9116617843	0.9111426601	0.9126959837	0.9116865373	0.9118191642	0.9113244873	0.9121317083	0.9108138432
0.9115363389	0.9117506352	0.9119331499	0.9102986152	0.9117025808	0.9114010380	0.9106307172	0.9110790970	0.9114157064	0.9113669645	0.9122554730	0.9115434439	0.9110322650	0.9115026473	0.9118650029	0.9122197187	0.9112831560	1.0000000000	0.9133516312	0.9105717380	0.9106925232	0.9102653057	0.9132209142	0.9121018367	0.9112907194	0.9107929101	0.9124387517	0.9109471577	0.9116201474	0.9109913157	0.9111735249	0.9112124114	0.9109829883	0.9104960276	0.9104025165	0.9124036851	0.9123893223	0.9116668266	0.9108527298	0.9101914289	0.9100295416	0.9117507880	0.9110011710	0.9109582354	0.9113570328	0.9102993028	0.9110801665	0.9116322183	0.9116069306	0.9108592236	0.9116082293	0.9107204085	0.9107681572	0.9111933119	0.9116024995	0.9109295097	0.9122661687	0.9102811201	0.9112581738	0.9113953846	0.9106069575	0.9108133848	0.9108537229	0.9102907462	0.9109428030	0.9110704640	0.9107753386	0.9106291893	0.9114111226	0.9116170151	0.9104715803	0.9107906946	0.9105638690	0.9110365433	0.9109046804	0.9112499228	0.9109325656	0.9110586987	0.9113539005	0.9110396756	0.9103728741	0.9109175152	0.9114286941	0.9114005032	0.9104475913	0.9111590092	0.9109774113	0.9107858051	0.9111512167	0.9110763466	0.9106854946
0.9121419456	0.9113286892	0.9115008138	0.9114102822	0.9122753365	0.9127723053	0.9111944579	0.9114437445	0.9117345152	0.9121007671	0.9118086212	0.9127704718	0.9115235804	0.9120708191	0.9125236299	0.9118779906	0.9122872546	0.9133516312	1.0000000000	0.9113053878	0.9110125543	0.9110655745	0.9233541126	0.9114934796	0.9110927722	0.9111519042	0.9122016888	0.9112936225	0.9119505687	0.9111282973	0.9117795900	0.9116687365	0.9112295246	0.9109376843	0.9113629154	0.9128060732	0.9125310405	0.9117559830	0.9108042170	0.9111872765	0.9106467608	0.9122300325	0.9113216605	0.9109341700	0.9122670091	0.9114111226	0.9112501520	0.9111230258	0.9117339804	0.9114290761	0.9115479513	0.9118905963	0.9119834198	0.9111194351	0.9114315972	0.9118958677	0.9121110044	0.9108528062	0.9111783379	0.9117293201	0.9101941792	0.9113314395	0.9107540236	0.9113930926	0.9112145506	0.9112241003	0.9112012573	0.9108848933	0.9117458221	0.9119845658	0.9107356881	0.9111150040	0.9112551943	0.9113252512	0.9111819286	0.9108817610	0.9112169953	0.9114215127	0.9108862685	0.9107132271	0.9110946058	0.9116429140	0.9120543171	0.9117460513	0.9111515986	0.9118324574	0.9118646210	0.9115955473	0.9113609291	0.9114380911	0.9107777069
0.9114376327	0.9105071817	0.9112327333	0.9106156668	0.9114790404	0.9120013733	0.9109188904	0.9111533558	0.9115168574	0.9106136805	0.9113464899	0.9125764973	0.9113043946	0.9112152382	0.9116032635	0.9112833852	0.9112000350	0.9105717380	0.9113053878	1.0000000000	0.9105024450	0.9107353061	0.9117160269	0.9111699342	0.9117338276	0.9107706019	0.9116932603	0.9107575379	0.9113915647	0.9113797230	0.9112274618	0.9111830746	0.9105624938	0.9111400625	0.9104194768	0.9118780670	0.9126913998	0.9112044660	0.9105216209	0.9114121157	0.9105389633	0.9112390743	0.9106074159	0.9105854132	0.9121174983	0.9107123103	0.9109363855	0.9116722508	0.9109838287	0.9108517366	0.9111953747	0.9110318066	0.9108367626	0.9106085618	0.9107738870	0.9111851374	0.9112578682	0.9108897064	0.9108876436	0.9108772535	0.9097898047	0.9110499129	0.9100963134	0.9099041725	0.9105667721	0.9107812213	0.9106529491	0.9105595143	0.9114438209	0.9110208053	0.9107287358	0.9110602267	0.9112448806	0.9108107109	0.9106661659	0.9096710823	0.9102274123	0.9115293102	0.9111305128	0.9106582969	0.9108966586	0.9106869462	0.9121932850	0.9115636893	0.9098214335	0.9117086163	0.9116029579	0.9116825646	0.9108738920	0.9114847702	0.9107324029
0.9118829565	0.9108024599	0.9113157779	0.9113594011	0.9114794224	0.9115120443	0.9105991649	0.9112333445	0.9113841541	0.9126914762	0.9113603179	0.9124628935	0.9105090153	0.9112391507	0.9113782714	0.9111436533	0.9117750825	0.9106925232	0.9110125543	0.9105024450	1.0000000000	0.9108605224	0.9109782516	0.9116054790	0.9116535333	0.9104682951	0.9117219095	0.9111255469	0.9113543589	0.9105814405	0.9112043132	0.9108416521	0.9106560814	0.9104299434	0.9105943518	0.9112587086	0.9124810762	0.9107706019	0.9105287259	0.9105537845	0.9101026544	0.9117365015	0.9106527199	0.9106334676	0.9117352792	0.9110983493	0.9110426551	0.9112509160	0.9112150854	0.9114043231	0.9113746807	0.9110375365	0.9110260004	0.9104925133	0.9107829784	0.9111589328	0.9117416966	0.9106145973	0.9113111176	0.9113152431	0.9092609015	0.9106386626	0.9107696088	0.9106150557	0.9107799989	0.9110937654	0.9110741311	0.9110567888	0.9110513645	0.9115836292	0.9106586789	0.9111180599	0.9100834021	0.9111020164	0.9104295614	0.9103562957	0.9109321837	0.9107631149	0.9106876337	0.9104180253	0.9108122388	0.9105100848	0.9106748753	0.9118198517	0.9103075538	0.9111963679	0.9111695522	0.9113898839	0.9115668980	0.9117823403	0.9107989456
0.9107832840	0.9109266830	0.9108580012	0.9105437763	0.9109140773	0.9115138778	0.9106332384	0.9108567025	0.9105833505	0.9106573037	0.9113164655	0.9114860690	0.9104090867	0.9112712379	0.9121181094	0.9114130325	0.9110685540	0.9102653057	0.9110655745	0.9107353061	0.9108605224	1.0000000000	0.9114238046	0.9119300176	0.9109415042	0.9117123598	0.9115075368	0.9108256085	0.9113700969	0.9109573186	0.9103130545	0.9110997244	0.9112032437	0.9107364520	0.9110023170	0.9116756888	0.9128786513	0.9111565645	0.9103621784	0.9099163198	0.9104171085	0.9120116871	0.9103784511	0.9105294135	0.9115322134	0.9097810954	0.9105792250	0.9114411470	0.9106887033	0.9104131358	0.9112782665	0.9109559434	0.9105619591	0.9103678318	0.9107162066	0.9108617447	0.9112310525	0.9106254458	0.9104707399	0.9113123400	0.9097704760	0.9107815268	0.9103394882	0.9104121426	0.9102740915	0.9107965772	0.9108825250	0.9103221458	0.9105544721	0.9115862267	0.9104462925	0.9107139146	0.9102099172	0.9106379751	0.9104656212	0.9104533211	0.9104543907	0.9112733006	0.9109912393	0.9108910815	0.9107920698	0.9106003872	0.9109274470	0.9108054394	0.9108152948	0.9112136338	0.9109770293	0.9111466328	0.9105816697	0.9110000251	0.9107749566
0.9122086410	0.9109764181	0.9122963459	0.9117243543	0.9119473600	0.9127037763	0.9118506401	0.9115802677	0.9122658631	0.9118985417	0.9121283468	0.9129571120	0.9114437445	0.9120611165	0.9129050850	0.9125812340	0.9136458398	0.9132209142	0.9233541126	0.9117160269	0.9109782516	0.9114238046	1.0000000000	0.9119123697	0.9111021692	0.9117960156	0.9124410437	0.9112750578	0.9124162143	0.9113390793	0.9114849230	0.9111092742	0.9115128847	0.9114549750	0.9109163693	0.9122261362	0.9128758246	0.9118544600	0.9113464135	0.9114119629	0.9108170519	0.9123306486	0.9112509924	0.9109819187	0.9123581519	0.9112050772	0.9108581540	0.9118325338	0.9115452010	0.9114259438	0.9115957001	0.9112778081	0.9120126802	0.9113615403	0.9116371842	0.9114283885	0.9123745010	0.9112826976	0.9110302023	0.9113791882	0.9102705008	0.9116056318	0.9112433526	0.9108814554	0.9117245071	0.9112901846	0.9108829070	0.9104436950	0.9119977062	0.9117255002	0.9109255370	0.9111005648	0.9116962398	0.9115856919	0.9114182276	0.9109476924	0.9113599359	0.9110160686	0.9112900318	0.9111014052	0.9110820001	0.9112301358	0.9121338474	0.9117681303	0.9113015679	0.9121448487	0.9121977925	0.9116775223	0.9123366076	0.9120210840	0.9109719870
0.9122396586	0.9112965256	0.9113844597	0.9110858200	0.9119916708	0.9125816924	0.9110342514	0.9112111127	0.9115191493	0.9124644979	0.9121917571	0.9121194846	0.9110197357	0.9117790552	0.9126972825	0.9115840876	0.9120478997	0.9121018367	0.9114934796	0.9111699342	0.9116054790	0.9119300176	0.9119123697	1.0000000000	0.9117107554	0.9111388402	0.9126288299	0.9110576291	0.9120273486	0.9112729186	0.9116615551	0.9119138976	0.9113993573	0.9111003356	0.9107802281	0.9126509089	0.9133146545	0.9115005846	0.9105483602	0.9116012771	0.9110135475	0.9120904534	0.9121757135	0.9109059792	0.9117246599	0.9117108318	0.9111206575	0.9111917076	0.9117125126	0.9116808074	0.9114667403	0.9114688030	0.9117011293	0.9111329575	0.9116472687	0.9120308629	0.9121158175	0.9115827888	0.9112234891	0.9115993672	0.9107756442	0.9107432515	0.9112668832	0.9111720733	0.9108552509	0.9112304414	0.9112601602	0.9105700572	0.9115594874	0.9118694340	0.9119245170	0.9114060039	0.9116129660	0.9116359618	0.9111490011	0.9110260768	0.9115157878	0.9111575577	0.9113428992	0.9109483036	0.9112603130	0.9116645347	0.9117384115	0.9122601333	0.9113681869	0.9119015976	0.9115801913	0.9118443755	0.9117770689	0.9121141367	0.9114661291
0.9116338991	0.9114706366	0.9112050008	0.9113528309	0.9117119778	0.9118694340	0.9114447377	0.9105870176	0.9116191543	0.9117461277	0.9113807926	0.9119696682	0.9114997442	0.9117887578	0.9116751540	0.9111141636	0.9116892112	0.9112907194	0.9110927722	0.9117338276	0.9116535333	0.9109415042	0.9111021692	0.9117107554	1.0000000000	0.9116524638	0.9121284996	0.9112543539	0.9116432960	0.9111312004	0.9116987609	0.9112734534	0.9111852138	0.9116824118	0.9112750578	0.9119954907	0.9124010111	0.9115150238	0.9110977381	0.9110604559	0.9109439489	0.9117889106	0.9116553669	0.9108114749	0.9123632705	0.9117031156	0.9115589527	0.9117180132	0.9121404176	0.9115809553	0.9121863328	0.9117185480	0.9115569663	0.9107666292	0.9117591917	0.9119365114	0.9118303183	0.9115668216	0.9115092940	0.9113840013	0.9104954928	0.9111665726	0.9112415955	0.9108746560	0.9110218749	0.9112028617	0.9107731231	0.9108613627	0.9116714105	0.9122273585	0.9111746708	0.9109524291	0.9108001680	0.9110010182	0.9106631864	0.9111600024	0.9107699144	0.9120912173	0.9111628291	0.9108331719	0.9116478799	0.9116291624	0.9114457309	0.9115668216	0.9112261631	0.9117594209	0.9119847186	0.9117614837	0.9112319693	0.9113917939	0.9111635167
0.9114814087	0.9108796218	0.9112482421	0.9114877497	0.9112924001	0.9117850907	0.9103050327	0.9105523329	0.9110868132	0.9111459452	0.9118096908	0.9110336402	0.9110917790	0.9111549602	0.9181912901	0.9113193686	0.9116853913	0.9107929101	0.9111519042	0.9107706019	0.9104682951	0.9117123598	0.9117960156	0.9111388402	0.9116524638	1.0000000000	0.9130952396	0.9108366098	0.9110434191	0.9106037488	0.9111888809	0.9109137717	0.9107063512	0.9112807112	0.9107081848	0.9122480624	0.9122349219	0.9111295196	0.9108431800	0.9102883779	0.9100033371	0.9118743235	0.9107557043	0.9110382240	0.9116915795	0.9104720386	0.9104204700	0.9112830032	0.9109107158	0.9110863548	0.9111708509	0.9113047766	0.9106657075	0.9110809305	0.9116123548	0.9109075835	0.9120347592	0.9109056736	0.9108967350	0.9108994853	0.9101544523	0.9102933438	0.9104851027	0.9105079457	0.9103300148	0.9111796367	0.9105850313	0.9106747989	0.9115040989	0.9108162879	0.9104479733	0.9102177862	0.9107014618	0.9108199550	0.9106193339	0.9106298005	0.9105046606	0.9108748088	0.9109545683	0.9104180253	0.9107908474	0.9107828256	0.9111007176	0.9113217369	0.9110507533	0.9111633639	0.9111946107	0.9116452060	0.9114655943	0.9117635464	0.9107990984
0.9119748632	0.9116270232	0.9122042100	0.9119628688	0.9125023149	0.9136031333	0.9122231567	0.9116479563	0.9120649364	0.9128600866	0.9121364450	0.9128267771	0.9121203250	0.9122663215	0.9138521143	0.9133339068	0.9125913949	0.9124387517	0.9122016888	0.9116932603	0.9117219095	0.9115075368	0.9124410437	0.9126288299	0.9121284996	0.9130952396	1.0000000000	0.9121764011	0.9129146347	0.9118923534	0.9123540264	0.9119296356	0.9113290711	0.9118692048	0.9118015162	0.9130889749	0.9131436759	0.9120356760	0.9115829416	0.9115899702	0.9111799423	0.9124721377	0.9117932652	0.9117107554	0.9126423523	0.9117977727	0.9118828037	0.9125557170	0.9126269964	0.9123595270	0.9122515003	0.9113630682	0.9118024330	0.9120504972	0.9118784490	0.9123534152	0.9123274399	0.9122535630	0.9120235287	0.9120747154	0.9111869709	0.9114933268	0.9120534767	0.9116316835	0.9119151964	0.9119365114	0.9117206872	0.9114073791	0.9124533438	0.9127250914	0.9113504626	0.9118569048	0.9111901796	0.9120822788	0.9116443656	0.9118251996	0.9118826509	0.9119754744	0.9117004417	0.9127896476	0.9117776801	0.9116338227	0.9124670954	0.9124489891	0.9121324723	0.9125107950	0.9123032217	0.9122749545	0.9116502482	0.9125228659	0.9116707229
0.9109595341	0.9099973016	0.9109314197	0.9107495161	0.9112929349	0.9113758267	0.9110600739	0.9107715187	0.9116986845	0.9113507682	0.9117611781	0.9119838018	0.9107037537	0.9112120294	0.9119158840	0.9107441682	0.9113870572	0.9109471577	0.9112936225	0.9107575379	0.9111255469	0.9108256085	0.9112750578	0.9110576291	0.9112543539	0.9108366098	0.9121764011	1.0000000000	0.9114306804	0.9113129512	0.9115795037	0.9109355452	0.9112020977	0.9110353973	0.9108317203	0.9119255865	0.9120433922	0.9117455165	0.9112900318	0.9113372457	0.9107855759	0.9120232232	0.9110742075	0.9111085866	0.9117891398	0.9111850610	0.9112940809	0.9119471308	0.9112975188	0.9118754695	0.9112872051	0.9109887182	0.9112885802	0.9105405676	0.9117120542	0.9114239574	0.9117021989	0.9114643720	0.9110871951	0.9108211774	0.9100452796	0.9104368956	0.9111817758	0.9106599013	0.9105137519	0.9110666441	0.9111049195	0.9106883213	0.9110463986	0.9114669695	0.9104162681	0.9112073692	0.9107681572	0.9112261631	0.9106362179	0.9106220843	0.9108029947	0.9108299632	0.9107216308	0.9111797895	0.9112558819	0.9107888611	0.9117828751	0.9115529936	0.9106066519	0.9113426700	0.9118859360	0.9115823304	0.9112302122	0.9117000597	0.9110595391
0.9120137498	0.9110087344	0.9120103883	0.9108295048	0.9121462239	0.9119354419	0.9117161033	0.9114280065	0.9120323145	0.9120040473	0.9117821875	0.9118854776	0.9111778031	0.9114703310	0.9125442573	0.9115812609	0.9120655476	0.9116201474	0.9119505687	0.9113915647	0.9113543589	0.9113700969	0.9124162143	0.9120273486	0.9116432960	0.9110434191	0.9129146347	0.9114306804	1.0000000000	0.9118166430	0.9117685887	0.9115455830	0.9108660230	0.9122824415	0.9116526166	0.9130384759	0.9130589505	0.9119619520	0.9112846075	0.9119512563	0.9113876684	0.9124141516	0.9117442941	0.9113005747	0.9124428772	0.9118563700	0.9116738552	0.9122048211	0.9120640197	0.9118951037	0.9117595737	0.9115643769	0.9117942584	0.9120744098	0.9119613408	0.9121068789	0.9125536543	0.9113788826	0.9116594924	0.9116813422	0.9106478304	0.9117022753	0.9113945442	0.9116233561	0.9116973858	0.9113885088	0.9116960106	0.9106899257	0.9115901230	0.9121644066	0.9110496837	0.9116681254	0.9113671937	0.9114062331	0.9112566459	0.9117238195	0.9117666023	0.9113562688	0.9108761839	0.9113514557	0.9113291475	0.9115843932	0.9120405655	0.9121530997	0.9112509160	0.9122379779	0.9119246698	0.9120331549	0.9119945739	0.9124199578	0.9116283220
0.9113523725	0.9112034729	0.9114275481	0.9103744020	0.9114174636	0.9120181809	0.9112021741	0.9109243147	0.9108010083	0.9113228065	0.9111883461	0.9112813988	0.9108357694	0.9114953131	0.9121718172	0.9114707130	0.9115682732	0.9109913157	0.9111282973	0.9113797230	0.9105814405	0.9109573186	0.9113390793	0.9112729186	0.9111312004	0.9106037488	0.9118923534	0.9113129512	0.9118166430	1.0000000000	0.9117397867	0.9110862020	0.9113706316	0.9107875623	0.9112121822	0.9127416697	0.9128257075	0.9115743850	0.9109054444	0.9110887995	0.9110043797	0.9117462041	0.9115623906	0.9108659466	0.9120001510	0.9112866703	0.9116827938	0.9114448905	0.9121117684	0.9116449004	0.9114762136	0.9119502631	0.9115932553	0.9116746192	0.9114055455	0.9121401121	0.9126325734	0.9113288419	0.9114569614	0.9112901082	0.9103343695	0.9111272277	0.9109292041	0.9107653305	0.9113371693	0.9112180649	0.9106285017	0.9110930778	0.9118452159	0.9122540214	0.9113202090	0.9108032239	0.9115472638	0.9112745994	0.9109474633	0.9106634920	0.9113258624	0.9111302072	0.9111065238	0.9111502999	0.9107214016	0.9105469851	0.9114589477	0.9113647490	0.9110470098	0.9118427711	0.9115681204	0.9116593396	0.9115697248	0.9115535284	0.9113823969
0.9119770788	0.9111424309	0.9112690223	0.9109670211	0.9119295592	0.9122236150	0.9112402967	0.9111520570	0.9116788975	0.9117941056	0.9119744048	0.9120035889	0.9110107972	0.9114979871	0.9117657620	0.9117534619	0.9116117437	0.9111735249	0.9117795900	0.9112274618	0.9112043132	0.9103130545	0.9114849230	0.9116615551	0.9116987609	0.9111888809	0.9123540264	0.9115795037	0.9117685887	0.9117397867	1.0000000000	0.9115408463	0.9112859063	0.9113647490	0.9114278537	0.9120804452	0.9132047179	0.9118145039	0.9114711714	0.9118377289	0.9114558154	0.9120709719	0.9116083057	0.9109841343	0.9118766154	0.9116581936	0.9113774311	0.9120776949	0.9122100926	0.9116564365	0.9115924150	0.9115153294	0.9115690372	0.9111825398	0.9111143928	0.9121375909	0.9123797725	0.9117747769	0.9117950224	0.9120993919	0.9108628143	0.9114199083	0.9110975089	0.9109383719	0.9112953796	0.9122114678	0.9112362476	0.9110254656	0.9118816577	0.9119781483	0.9109086531	0.9113373221	0.9110941474	0.9115083008	0.9103806667	0.9114869858	0.9115661341	0.9117300077	0.9113857584	0.9109260718	0.9112897262	0.9115634601	0.9113361762	0.9118042666	0.9109523527	0.9119566805	0.9120181809	0.9112636745	0.9117898273	0.9114478700	0.9110609906
0.9112475545	0.9107065804	0.9114512315	0.9102763070	0.9116468103	0.9114239574	0.9109369203	0.9113254040	0.9112415191	0.9109625137	0.9112668832	0.9113290711	0.9106079506	0.9113558104	0.9118448339	0.9113070685	0.9109216407	0.9112124114	0.9116687365	0.9111830746	0.9108416521	0.9110997244	0.9111092742	0.9119138976	0.9112734534	0.9109137717	0.9119296356	0.9109355452	0.9115455830	0.9110862020	0.9115408463	1.0000000000	0.9110424259	0.9107704491	0.9109509012	0.9117495656	0.9129962278	0.9116966218	0.9113025610	0.9117284034	0.9108320259	0.9122032168	0.9112951504	0.9112251699	0.9120139026	0.9111069822	0.9106275849	0.9121789222	0.9113343426	0.9113166947	0.9115475694	0.9110215693	0.9115469582	0.9109777168	0.9110269171	0.9113750627	0.9118779142	0.9113485526	0.9110680957	0.9114490160	0.9101757673	0.9104815120	0.9112658136	0.9109198072	0.9109750429	0.9115694956	0.9113338078	0.9109135425	0.9114377091	0.9120746390	0.9105168079	0.9108722876	0.9108564733	0.9113690273	0.9106117705	0.9108667106	0.9108120096	0.9111250121	0.9107349241	0.9109484564	0.9110137003	0.9110353209	0.9113749099	0.9116353506	0.9105945810	0.9116821826	0.9114807211	0.9114151717	0.9110535800	0.9115960057	0.9112885802
0.9112953032	0.9105659318	0.9111501471	0.9104450702	0.9109593049	0.9114515371	0.9110673317	0.9112315109	0.9111247066	0.9108924567	0.9111421253	0.9112118002	0.9102443727	0.9116350450	0.9112022505	0.9112023269	0.9114786584	0.9109829883	0.9112295246	0.9105624938	0.9106560814	0.9112032437	0.9115128847	0.9113993573	0.9111852138	0.9107063512	0.9113290711	0.9112020977	0.9108660230	0.9113706316	0.9112859063	0.9110424259	1.0000000000	0.9106600541	0.9115649117	0.9120034361	0.9121246033	0.9117431482	0.9106977183	0.9109369967	0.9103659219	0.9120922105	0.9117566706	0.9112316637	0.9120940441	0.9112060704	0.9115743850	0.9119331499	0.9111603844	0.9110052201	0.9112553471	0.9112968312	0.9113193686	0.9109151469	0.9112575626	0.9116478799	0.9115834000	0.9108580012	0.9119407897	0.9108000152	0.9099559703	0.9110441831	0.9107659417	0.9108761839	0.9109295861	0.9110248544	0.9108976518	0.9112580210	0.9115380196	0.9115238860	0.9110351681	0.9106483652	0.9109848983	0.9110152283	0.9109748901	0.9108013903	0.9109693131	0.9113104300	0.9115113567	0.9101058631	0.9110354737	0.9110509825	0.9113054642	0.9113839249	0.9107942089	0.9114544402	0.9118151151	0.9117565942	0.9111262345	0.9120130622	0.9109312669
