1.0000000000	0.9042921819	0.9047646081	0.9036510377	0.9046021095	0.9048732861	0.9040215634	0.9036807786	0.9040615900	0.9042119691	0.9044506141	0.9050545224	0.9052202902	0.9042410721	0.9049849940	0.9047287277	0.9050981371	0.9043066935	0.9048946549	0.9041640487	0.9047362227	0.9033793826	0.9049796518	0.9049898578	0.9045132056	0.9043676106	0.9047059236	0.9034983463	0.9048114122	0.9042081418	0.9044152918	0.9038707059	0.9039435034	0.9038624933	0.9042878762	0.9051128082	0.9058308164	0.9043430524	0.9036404330	0.9032776415	0.9033295486	0.9044915976	0.9045103352	0.9030883521	0.9048134056	0.9043556505	0.9038699086	0.9039691779	0.9040334438	0.9041464274	0.9038981345	0.9041050453	0.9031243123	0.9039336163	0.9039010847	0.9039348124	0.9048956915	0.9042735240	0.9042180289	0.9039987593	0.9032941465	0.9042380422	0.9048627612	0.9036811773	0.9038012573	0.9041390121	0.9038077157	0.9039638357	0.9042161950	0.9043507069	0.9040115966	0.9036928982	0.9038759684	0.9042921819	0.9036647520	0.9038746926	0.9038726195	0.9042763147	0.9037703203	0.9036430642	0.9030301460	0.9037090843	0.9040313707	0.9050042100	0.9037673701	0.9044364214	0.9046747475	0.9046316909	0.9039291512	0.9043033447	0.9036386788
0.9042921819	1.0000000000	0.9028271422	0.9032706249	0.9039440615	0.9036408317	0.9032340268	0.9034971503	0.9033022794	0.9036867587	0.9040268258	0.9042039956	0.9029539996	0.9036007253	0.9042747998	0.9034168578	0.9041460287	0.9042565406	0.9042094973	0.9030564583	0.9031741463	0.9036893102	0.9035566321	0.9038911976	0.9042833314	0.9036282336	0.9041215503	0.9025258260	0.9035738548	0.9039041146	0.9037907323	0.9033785055	0.9030736810	0.9034042597	0.9031995816	0.9042938563	0.9043755841	0.9030928969	0.9033718078	0.9030924185	0.9022611875	0.9046292989	0.9029707439	0.9029283252	0.9039676629	0.9030995946	0.9034421336	0.9036181074	0.9036742404	0.9035237816	0.9036113299	0.9031908905	0.9035701073	0.9031419336	0.9032395285	0.9036829314	0.9036224130	0.9033652696	0.9032761266	0.9035925126	0.9022713935	0.9031873822	0.9027281918	0.9029410029	0.9031671297	0.9031143455	0.9030826909	0.9035646056	0.9033092163	0.9032892030	0.9032232627	0.9029721791	0.9026186368	0.9027431819	0.9029904383	0.9030748770	0.9032780402	0.9033294689	0.9036806191	0.9033964458	0.9024444969	0.9032934289	0.9041492979	0.9033277945	0.9031214419	0.9039912643	0.9030736012	0.9034088046	0.9036627586	0.9034799277	0.9029881260
0.9047646081	0.9028271422	1.0000000000	0.9052275460	0.9048315850	0.9042087797	0.9039563406	0.9036798218	0.9047079170	0.9042180289	0.9040643807	0.9054273604	0.9032101862	0.9034810439	0.9046167806	0.9038385729	0.9048836516	0.9046916512	0.9039346529	0.9038650448	0.9040662944	0.9035530441	0.9049542962	0.9040426132	0.9040733907	0.9040918891	0.9048504023	0.9033401533	0.9045240495	0.9039260416	0.9036750377	0.9040674904	0.9036019213	0.9030627573	0.9034930838	0.9045642356	0.9057378461	0.9043149859	0.9033200602	0.9037281408	0.9028294545	0.9049698445	0.9038951046	0.9035463464	0.9047497775	0.9036560609	0.9036565393	0.9046515448	0.9042823746	0.9035650043	0.9039813772	0.9036035160	0.9034402199	0.9037111574	0.9041304008	0.9040467594	0.9045646343	0.9041618959	0.9039523539	0.9041633311	0.9034308113	0.9039686995	0.9044679165	0.9035457883	0.9046587209	0.9039956497	0.9038300414	0.9031972693	0.9043617900	0.9044245410	0.9034550505	0.9043422551	0.9037617887	0.9035997685	0.9039843274	0.9035504926	0.9035498547	0.9037395428	0.9037419349	0.9040546531	0.9033101732	0.9036515161	0.9050545224	0.9040743475	0.9035461869	0.9047719437	0.9045473319	0.9041489789	0.9040477960	0.9037157023	0.9035514494
0.9036510377	0.9032706249	0.9052275460	1.0000000000	0.9054659518	0.9044248599	0.9026632083	0.9028722719	0.9028158199	0.9040080085	0.9030035944	0.9044155310	0.9029536010	0.9036376423	0.9048465751	0.9034277814	0.9042135638	0.9030814949	0.9039131246	0.9032035683	0.9041589457	0.9031771762	0.9043357169	0.9036826922	0.9039847261	0.9042349326	0.9047872527	0.9034701203	0.9034683662	0.9030244051	0.9037152238	0.9028721124	0.9031187309	0.9026856137	0.9029909167	0.9042999959	0.9055069353	0.9035665989	0.9026569890	0.9031076478	0.9019613065	0.9038645664	0.9037900147	0.9030932956	0.9042646735	0.9030255214	0.9034624658	0.9030699334	0.9037519814	0.9029138932	0.9033661467	0.9031850699	0.9033099339	0.9028503449	0.9029024912	0.9034380671	0.9040447661	0.9033412696	0.9029620528	0.9031199269	0.9022977856	0.9031319668	0.9030488038	0.9030785448	0.9030938538	0.9034695622	0.9031977477	0.9029708236	0.9030385181	0.9030808570	0.9029200328	0.9025906500	0.9025866633	0.9030248835	0.9030291094	0.9024849222	0.9027859993	0.9030751959	0.9030511161	0.9031627443	0.9027533082	0.9034049773	0.9035392501	0.9030124449	0.9030165911	0.9042080621	0.9035917950	0.9032844987	0.9038325131	0.9036493632	0.9031540532
0.9046021095	0.9039440615	0.9048315850	0.9054659518	1.0000000000	0.9043682485	0.9037896958	0.9044698301	0.9049976718	0.9052121573	0.9046655780	0.9049523029	0.9034631037	0.9054273604	0.9047343091	0.9046789734	0.9048053524	0.9043551721	0.9046771395	0.9040031447	0.9041981750	0.9036625991	0.9047520898	0.9046683687	0.9045388801	0.9041368593	0.9053214731	0.9039306662	0.9047453921	0.9039665466	0.9046883023	0.9041968196	0.9035432368	0.9038317158	0.9035758481	0.9048844489	0.9055830019	0.9044218300	0.9033372828	0.9036866789	0.9038873704	0.9049639441	0.9040008324	0.9029389298	0.9046650996	0.9041110254	0.9042612449	0.9041763278	0.9037645794	0.9049814059	0.9042685805	0.9041946667	0.9037100411	0.9042059890	0.9036591706	0.9043444876	0.9051340973	0.9035402866	0.9040697229	0.9041679557	0.9030619600	0.9039530715	0.9041351051	0.9038046061	0.9037428917	0.9046609534	0.9039110515	0.9036803002	0.9040528990	0.9041984142	0.9038843405	0.9037684864	0.9037881011	0.9036546257	0.9032069171	0.9031999802	0.9037346790	0.9035368580	0.9042000887	0.9039178289	0.9031795682	0.9035260141	0.9044345078	0.9047549603	0.9036767919	0.9046091261	0.9043039826	0.9044578699	0.9045705346	0.9043151454	0.9035128580
0.9048732861	0.9036408317	0.9042087797	0.9044248599	0.9043682485	1.0000000000	0.9043877834	0.9043158630	0.9042519160	0.9057128095	0.9037782140	0.9052188550	0.9042458562	0.9046937243	0.9056455934	0.9045332987	0.9050518114	0.9040369521	0.9057434275	0.9046232391	0.9043653781	0.9041080752	0.9056238259	0.9053358253	0.9044967006	0.9046009932	0.9063306713	0.9040147859	0.9045660695	0.9046859900	0.9049685687	0.9041858959	0.9043223215	0.9046270663	0.9041197164	0.9052806491	0.9060138068	0.9046593587	0.9044279695	0.9037845130	0.9040148657	0.9049166616	0.9040729920	0.9034237947	0.9050979776	0.9045123285	0.9041254573	0.9043301355	0.9039461346	0.9038958222	0.9045067471	0.9043309328	0.9047575118	0.9038836229	0.9041312779	0.9044730992	0.9042409924	0.9046831196	0.9045494848	0.9044306805	0.9035050440	0.9038236626	0.9045151990	0.9041084739	0.9045717307	0.9039638357	0.9040007527	0.9038843405	0.9045065079	0.9051537120	0.9041575902	0.9043278232	0.9038864136	0.9040929256	0.9046098437	0.9034209242	0.9050009409	0.9040544139	0.9038131377	0.9041099091	0.9039053904	0.9036201805	0.9050632134	0.9049094058	0.9036106921	0.9051144029	0.9047271330	0.9042198628	0.9043333248	0.9046237972	0.9041512912
0.9040215634	0.9032340268	0.9039563406	0.9026632083	0.9037896958	0.9043877834	1.0000000000	0.9047690733	0.9052883036	0.9044013383	0.9029323916	0.9043883416	0.9032274886	0.9037893768	0.9043145075	0.9035410839	0.9048138840	0.9031909702	0.9037559681	0.9035401271	0.9032489371	0.9033788245	0.9044018167	0.9037186524	0.9043386670	0.9030026376	0.9049617913	0.9036148383	0.9042818961	0.9039879952	0.9037759017	0.9035279278	0.9037423335	0.9038855365	0.9035875691	0.9052115991	0.9048775918	0.9046110397	0.9032813890	0.9036167519	0.9029971359	0.9043071719	0.9031271827	0.9039026794	0.9043693648	0.9032687910	0.9037323667	0.9043497501	0.9039486861	0.9038135363	0.9038210314	0.9044160891	0.9044152918	0.9038238221	0.9043235972	0.9043865077	0.9043025474	0.9040237162	0.9039797028	0.9036134030	0.9034082464	0.9038930315	0.9033845653	0.9032071563	0.9037954366	0.9034320073	0.9037928054	0.9033419872	0.9046442889	0.9049178576	0.9033897481	0.9038007788	0.9032982927	0.9036700144	0.9031916878	0.9027484444	0.9040012311	0.9038502939	0.9029770429	0.9038815498	0.9030385181	0.9037495096	0.9044559563	0.9043432916	0.9033290702	0.9042194641	0.9037242338	0.9044388134	0.9040671714	0.9040903741	0.9029664382
0.9036807786	0.9034971503	0.9036798218	0.9028722719	0.9044698301	0.9043158630	0.9047690733	1.0000000000	0.9050540440	0.9040602345	0.9039367260	0.9037214431	0.9034443661	0.9043365142	0.9040301747	0.9038338686	0.9046874252	0.9037896160	0.9041093509	0.9037595562	0.9043015905	0.9034923662	0.9042310256	0.9038559550	0.9034105587	0.9033620802	0.9044028532	0.9033623992	0.9042346934	0.9035588647	0.9040232378	0.9040997828	0.9040024271	0.9033956484	0.9032804322	0.9050521303	0.9050509343	0.9039317027	0.9032018141	0.9035622136	0.9039702144	0.9053864566	0.9035998482	0.9039055498	0.9047715450	0.9037266259	0.9036677819	0.9042968065	0.9039616031	0.9046928472	0.9036140409	0.9033848045	0.9040073706	0.9038080347	0.9035689910	0.9042233711	0.9049129938	0.9040994639	0.9037542140	0.9041291251	0.9031639403	0.9032738143	0.9038176825	0.9033929374	0.9040281016	0.9037727921	0.9040232378	0.9041240221	0.9038721411	0.9039881547	0.9032339471	0.9041123808	0.9031955948	0.9040844738	0.9035339078	0.9030225712	0.9036717686	0.9041671584	0.9039121678	0.9042081418	0.9036826125	0.9030883521	0.9043416172	0.9036921806	0.9028393416	0.9041529656	0.9040897363	0.9041925936	0.9043312517	0.9039677427	0.9036460941
0.9040615900	0.9033022794	0.9047079170	0.9028158199	0.9049976718	0.9042519160	0.9052883036	0.9050540440	1.0000000000	0.9040222810	0.9044467071	0.9049748677	0.9036500809	0.9040418159	0.9049125154	0.9039660682	0.9045738835	0.9038722209	0.9043074112	0.9042926603	0.9042940955	0.9032233424	0.9052902172	0.9043925675	0.9045290728	0.9039317027	0.9046906944	0.9043228796	0.9047132592	0.9033477280	0.9043890592	0.9039447792	0.9037587588	0.9040052976	0.9041667597	0.9056715071	0.9062628970	0.9036829314	0.9032751698	0.9039388788	0.9042006468	0.9054075065	0.9038506926	0.9037403402	0.9049830006	0.9036191439	0.9042077432	0.9046922890	0.9043435308	0.9040037826	0.9044396108	0.9038582673	0.9040223607	0.9036659480	0.9045891127	0.9042045538	0.9047878108	0.9038709451	0.9039235698	0.9033300270	0.9039867992	0.9040874240	0.9042327798	0.9036825327	0.9037286192	0.9042059093	0.9040136697	0.9036692171	0.9045761958	0.9048467346	0.9036444197	0.9042699360	0.9036676224	0.9041957830	0.9033945321	0.9036073432	0.9036454563	0.9045479698	0.9038176028	0.9044205542	0.9037033434	0.9037526990	0.9046924485	0.9043774179	0.9037039813	0.9053051276	0.9047091130	0.9050282100	0.9039947726	0.9042921021	0.9041878096
0.9042119691	0.9036867587	0.9042180289	0.9040080085	0.9052121573	0.9057128095	0.9044013383	0.9040602345	0.9040222810	1.0000000000	0.9046144683	0.9049021500	0.9038039682	0.9041078360	0.9054060713	0.9038957425	0.9055031080	0.9040650186	0.9045525147	0.9031129103	0.9054306295	0.9033761135	0.9045475711	0.9050012598	0.9044893650	0.9038829053	0.9056500585	0.9040793708	0.9045590529	0.9038926329	0.9045770729	0.9036537486	0.9035461869	0.9034544924	0.9032635285	0.9048312661	0.9046080895	0.9043026271	0.9033909441	0.9042503213	0.9039257226	0.9048651532	0.9039417492	0.9033785055	0.9051512402	0.9038435165	0.9037829183	0.9042671453	0.9047007409	0.9047660434	0.9042378828	0.9036308649	0.9045253252	0.9042293512	0.9038767657	0.9041852581	0.9052580843	0.9038854568	0.9038369783	0.9041125403	0.9036936956	0.9038959020	0.9040428524	0.9039260416	0.9037222405	0.9041183609	0.9037928054	0.9034303329	0.9043857901	0.9040513043	0.9040735502	0.9039117691	0.9033432629	0.9045574582	0.9035696289	0.9040513043	0.9040696432	0.9043132318	0.9037482339	0.9040694040	0.9037674499	0.9034705987	0.9044223084	0.9045136043	0.9039187857	0.9047666015	0.9042482482	0.9041640487	0.9041100685	0.9045321027	0.9038623338
0.9044506141	0.9040268258	0.9040643807	0.9030035944	0.9046655780	0.9037782140	0.9029323916	0.9039367260	0.9044467071	0.9046144683	1.0000000000	0.9050990142	0.9040620684	0.9044641690	0.9046379899	0.9044930328	0.9045127272	0.9049246351	0.9043264677	0.9038610580	0.9040224404	0.9040820020	0.9047847809	0.9047739371	0.9041921950	0.9044188001	0.9048199438	0.9043664943	0.9044888069	0.9039003671	0.9047262559	0.9038815498	0.9036272768	0.9032472627	0.9032982130	0.9047241828	0.9054474534	0.9033848045	0.9032089105	0.9039453373	0.9030954484	0.9050540440	0.9040209255	0.9034849509	0.9049833993	0.9039485267	0.9038581079	0.9046746677	0.9036570975	0.9048705751	0.9039480483	0.9041803145	0.9037786127	0.9037328451	0.9043231986	0.9038504534	0.9050267748	0.9039576164	0.9038920747	0.9035874894	0.9029533618	0.9030707308	0.9039024402	0.9036041538	0.9038411244	0.9044180825	0.9039965268	0.9032012560	0.9039718888	0.9048029604	0.9033813760	0.9035546388	0.9036265592	0.9044020559	0.9026816270	0.9035991306	0.9040051381	0.9036669845	0.9040084072	0.9041307197	0.9033605653	0.9039427061	0.9046561694	0.9040593575	0.9033159140	0.9044485410	0.9042591718	0.9043291786	0.9042849261	0.9036981607	0.9037770977
0.9050545224	0.9042039956	0.9054273604	0.9044155310	0.9049523029	0.9052188550	0.9043883416	0.9037214431	0.9049748677	0.9049021500	0.9050990142	1.0000000000	0.9047127011	0.9049492730	0.9048492861	0.9047843823	0.9052666956	0.9043483149	0.9054551877	0.9053570346	0.9054134866	0.9043650591	0.9056999723	0.9048836516	0.9049555720	0.9037643402	0.9055310151	0.9046780963	0.9046533787	0.9039056296	0.9047068007	0.9040239554	0.9037814831	0.9039401546	0.9038652840	0.9053893271	0.9060948967	0.9052399048	0.9035080739	0.9042542283	0.9030743986	0.9050449542	0.9041223476	0.9037750246	0.9055369154	0.9047227476	0.9041719424	0.9040942014	0.9040254704	0.9049357979	0.9049246351	0.9040881416	0.9043994246	0.9037277421	0.9032729372	0.9050067615	0.9054342175	0.9039271579	0.9044213516	0.9044988534	0.9036527918	0.9047660434	0.9046854319	0.9042104541	0.9041838228	0.9047856580	0.9042631586	0.9040229986	0.9044341888	0.9049975123	0.9037259880	0.9043633050	0.9039689387	0.9045273983	0.9044233450	0.9038051642	0.9045476509	0.9046403820	0.9042669061	0.9040321680	0.9037804466	0.9043034244	0.9047311197	0.9046007540	0.9040021082	0.9055689687	0.9047791995	0.9048533525	0.9043048597	0.9046152656	0.9033627978
0.9052202902	0.9029539996	0.9032101862	0.9029536010	0.9034631037	0.9042458562	0.9032274886	0.9034443661	0.9036500809	0.9038039682	0.9040620684	0.9047127011	1.0000000000	0.9031310897	0.9040182145	0.9037152238	0.9042436236	0.9038489384	0.9040151049	0.9037949582	0.9033522729	0.9031445648	0.9042359691	0.9035186786	0.9043254311	0.9037411375	0.9047527277	0.9032010168	0.9037575628	0.9033808976	0.9035622136	0.9030300662	0.9029091092	0.9031127508	0.9030324583	0.9049979110	0.9051596920	0.9039894304	0.9032051630	0.9034633429	0.9029752887	0.9040392644	0.9033802597	0.9029492156	0.9038833039	0.9037027055	0.9035477019	0.9039713307	0.9040308126	0.9035175623	0.9032313158	0.9034659741	0.9030867574	0.9030360463	0.9032535617	0.9031517409	0.9036921009	0.9036417885	0.9036373233	0.9038766860	0.9025603510	0.9029878868	0.9033314622	0.9027030755	0.9035067982	0.9036972039	0.9025468758	0.9024696930	0.9038794767	0.9040489123	0.9027322583	0.9028980261	0.9029835014	0.9031584386	0.9029488169	0.9032270102	0.9036759148	0.9031113156	0.9028878998	0.9035125390	0.9033161532	0.9030842059	0.9038601810	0.9035566321	0.9034611103	0.9040301747	0.9045743619	0.9033054688	0.9035452301	0.9031161794	0.9026113012
0.9042410721	0.9036007253	0.9034810439	0.9036376423	0.9054273604	0.9046937243	0.9037893768	0.9043365142	0.9040418159	0.9041078360	0.9044641690	0.9049492730	0.9031310897	1.0000000000	0.9050154525	0.9046572857	0.9053937922	0.9040445269	0.9047854188	0.9038420813	0.9038899219	0.9039933374	0.9047032924	0.9044840228	0.9045248468	0.9039033970	0.9048923426	0.9036964065	0.9041666800	0.9040647794	0.9041494573	0.9039124867	0.9043802884	0.9033875952	0.9036181074	0.9053559981	0.9054378853	0.9038965398	0.9032604189	0.9033163924	0.9038408055	0.9043737502	0.9043827601	0.9035528846	0.9048314256	0.9034822400	0.9034875024	0.9041200353	0.9044758102	0.9044911989	0.9036122070	0.9039119286	0.9042144409	0.9043437700	0.9045131259	0.9042106933	0.9052969149	0.9034439675	0.9035879678	0.9032809904	0.9030131626	0.9037148252	0.9038617757	0.9034966719	0.9035551969	0.9039012442	0.9042067066	0.9031680865	0.9033914225	0.9042532715	0.9036901075	0.9040470784	0.9036889115	0.9039440615	0.9033202994	0.9029689100	0.9039810583	0.9039966065	0.9038266128	0.9038336294	0.9031966314	0.9040540153	0.9043066138	0.9043487933	0.9036114097	0.9041211516	0.9043899362	0.9044565942	0.9043665741	0.9040717960	0.9034667715
0.9049849940	0.9042747998	0.9046167806	0.9048465751	0.9047343091	0.9056455934	0.9043145075	0.9040301747	0.9049125154	0.9054060713	0.9046379899	0.9048492861	0.9040182145	0.9050154525	1.0000000000	0.9061323718	0.9049273460	0.9045618436	0.9053622174	0.9043783748	0.9043279826	0.9049260703	0.9058473214	0.9055368357	0.9045065079	0.9112981237	0.9066120539	0.9044722221	0.9052186955	0.9049582830	0.9043816439	0.9045267605	0.9039071445	0.9046196510	0.9040835967	0.9054650747	0.9057290753	0.9045894317	0.9039537891	0.9042818164	0.9033084987	0.9045019631	0.9052212470	0.9042778297	0.9051318647	0.9036633965	0.9050276519	0.9042244874	0.9048784688	0.9049906551	0.9043735110	0.9044884082	0.9049851535	0.9049408211	0.9045986011	0.9047087143	0.9049223228	0.9044961425	0.9046104816	0.9044601025	0.9033557015	0.9044475842	0.9041563145	0.9041554374	0.9046467607	0.9044821889	0.9042288728	0.9044462287	0.9048071863	0.9048214588	0.9041069589	0.9040869456	0.9046355182	0.9048256049	0.9045698968	0.9039370449	0.9043430524	0.9044546008	0.9040304139	0.9044131390	0.9043937635	0.9044597038	0.9051106554	0.9048994390	0.9042881952	0.9050967816	0.9048989606	0.9049424956	0.9050736586	0.9048922629	0.9040489920
0.9047287277	0.9034168578	0.9038385729	0.9034277814	0.9046789734	0.9045332987	0.9035410839	0.9038338686	0.9039660682	0.9038957425	0.9044930328	0.9047843823	0.9037152238	0.9046572857	0.9061323718	1.0000000000	0.9043382684	0.9049271866	0.9045980430	0.9040288192	0.9038235829	0.9041091117	0.9053709882	0.9044152918	0.9041430786	0.9040373508	0.9061487971	0.9033246848	0.9042953713	0.9042001684	0.9042869194	0.9039820151	0.9038814700	0.9043345208	0.9030972823	0.9049656185	0.9058451686	0.9046481162	0.9029422787	0.9037144265	0.9031860267	0.9041524075	0.9036212967	0.9036000874	0.9049007945	0.9032124188	0.9039703739	0.9041015370	0.9039462144	0.9046380697	0.9044186406	0.9040691648	0.9036712902	0.9035174028	0.9038969385	0.9046133520	0.9049172198	0.9037587588	0.9045387206	0.9040167793	0.9028358333	0.9041673976	0.9038732574	0.9027269161	0.9036985594	0.9037052570	0.9033942132	0.9039482077	0.9041429988	0.9041944275	0.9038339484	0.9037874632	0.9037922473	0.9041858162	0.9037515030	0.9037654565	0.9043365142	0.9036094163	0.9036620410	0.9036642736	0.9033816152	0.9035462667	0.9042715307	0.9047450732	0.9036375626	0.9048733658	0.9044798766	0.9044540427	0.9040822412	0.9042452981	0.9038978156
0.9050981371	0.9041460287	0.9048836516	0.9042135638	0.9048053524	0.9050518114	0.9048138840	0.9046874252	0.9045738835	0.9055031080	0.9045127272	0.9052666956	0.9042436236	0.9053937922	0.9049273460	0.9043382684	1.0000000000	0.9039553041	0.9049918511	0.9037211242	0.9044406473	0.9036588516	0.9062868971	0.9045883951	0.9044176041	0.9043893781	0.9051898316	0.9039055498	0.9047550400	0.9043775774	0.9042236900	0.9035413231	0.9041102280	0.9036120475	0.9040524206	0.9057539524	0.9055538989	0.9046920498	0.9033159938	0.9037953569	0.9036460144	0.9054736861	0.9048357312	0.9044590660	0.9047493789	0.9037671309	0.9045392788	0.9043867469	0.9046965947	0.9044825079	0.9045612854	0.9044864149	0.9048144421	0.9046736312	0.9042736835	0.9047628540	0.9047858972	0.9041584673	0.9045555446	0.9040763409	0.9031580399	0.9041524872	0.9036719281	0.9044342686	0.9034540140	0.9040466000	0.9042447399	0.9036118083	0.9047721829	0.9045266807	0.9038008586	0.9041283277	0.9039438223	0.9041063210	0.9039756364	0.9038559550	0.9038935897	0.9040920486	0.9042287133	0.9044066805	0.9032856947	0.9044205542	0.9046254716	0.9043608332	0.9035465856	0.9053504167	0.9042511187	0.9044257370	0.9040754638	0.9046599966	0.9032998874
0.9043066935	0.9042565406	0.9046916512	0.9030814949	0.9043551721	0.9040369521	0.9031909702	0.9037896160	0.9038722209	0.9040650186	0.9049246351	0.9043483149	0.9038489384	0.9040445269	0.9045618436	0.9049271866	0.9039553041	1.0000000000	0.9060129297	0.9033388775	0.9034218013	0.9029941858	0.9059084777	0.9047698706	0.9041704275	0.9035355823	0.9051364096	0.9033440603	0.9041243410	0.9033711700	0.9038656826	0.9039503606	0.9034589575	0.9029665179	0.9030986378	0.9050237449	0.9049310138	0.9042728064	0.9033659075	0.9024768691	0.9026006966	0.9044234247	0.9036996756	0.9036676224	0.9041263344	0.9028855875	0.9037175361	0.9042883546	0.9043597966	0.9032949439	0.9042630788	0.9032924721	0.9033243659	0.9036803002	0.9040408591	0.9034993829	0.9049013526	0.9029463451	0.9037012703	0.9040387063	0.9032482993	0.9034540140	0.9033491633	0.9027459726	0.9035669179	0.9037522206	0.9033743593	0.9031585981	0.9042403545	0.9042528728	0.9032135351	0.9034888579	0.9028119130	0.9036181871	0.9033463726	0.9038404866	0.9035060805	0.9037326059	0.9039949321	0.9036233698	0.9028509828	0.9037200079	0.9041199556	0.9039812975	0.9031123521	0.9037314897	0.9036719281	0.9035202733	0.9037480744	0.9036298283	0.9032292427
0.9048946549	0.9042094973	0.9039346529	0.9039131246	0.9046771395	0.9057434275	0.9037559681	0.9041093509	0.9043074112	0.9045525147	0.9043264677	0.9054551877	0.9040151049	0.9047854188	0.9053622174	0.9045980430	0.9049918511	0.9060129297	1.0000000000	0.9039402343	0.9036050309	0.9035977751	0.9166636899	0.9041651650	0.9038026925	0.9036572569	0.9049306949	0.9038307590	0.9046386278	0.9038669584	0.9042898696	0.9042059890	0.9038466261	0.9032618541	0.9038047656	0.9054838123	0.9051660708	0.9044979763	0.9034920473	0.9036786258	0.9031743058	0.9049421766	0.9040074504	0.9035130972	0.9049461633	0.9041278493	0.9039037957	0.9035731372	0.9042877168	0.9037027055	0.9041262546	0.9043510259	0.9046061759	0.9037724731	0.9039883939	0.9046236377	0.9045340960	0.9033588909	0.9038065197	0.9043054975	0.9028440459	0.9037222405	0.9033981202	0.9039005266	0.9038541212	0.9038250978	0.9039227725	0.9035054427	0.9045895912	0.9046584019	0.9033712497	0.9035794362	0.9037302936	0.9038302806	0.9039646330	0.9033440603	0.9035850176	0.9040620684	0.9036278350	0.9032581863	0.9034564858	0.9042497632	0.9046621494	0.9042399559	0.9035800741	0.9044932720	0.9044652852	0.9044268533	0.9042403545	0.9039731646	0.9030031160
0.9041640487	0.9030564583	0.9038650448	0.9032035683	0.9040031447	0.9046232391	0.9035401271	0.9037595562	0.9042926603	0.9031129103	0.9038610580	0.9053570346	0.9037949582	0.9038420813	0.9043783748	0.9040288192	0.9037211242	0.9033388775	0.9039402343	1.0000000000	0.9032640069	0.9033816152	0.9041344673	0.9038989319	0.9045707738	0.9035603797	0.9042868397	0.9033243659	0.9039435831	0.9038997292	0.9039416695	0.9037283003	0.9031777343	0.9036800610	0.9030990365	0.9044537238	0.9053704300	0.9037694432	0.9032055616	0.9039942942	0.9030565381	0.9040216431	0.9033640736	0.9032518076	0.9046989070	0.9033206981	0.9034736286	0.9042536702	0.9035591836	0.9033567380	0.9038067589	0.9033812165	0.9034143860	0.9030763122	0.9033249240	0.9037711974	0.9038876893	0.9034484326	0.9034908513	0.9034125521	0.9023764037	0.9035073563	0.9027075406	0.9022753005	0.9031118737	0.9034591967	0.9032854555	0.9032194354	0.9041779225	0.9036640344	0.9032558740	0.9036366057	0.9035843000	0.9033730038	0.9034083262	0.9021273932	0.9026099457	0.9043817236	0.9037806858	0.9032252560	0.9034080870	0.9033962066	0.9047676380	0.9041870920	0.9024189022	0.9041268925	0.9042505605	0.9043865874	0.9033895089	0.9036217751	0.9031290166
0.9047362227	0.9031741463	0.9040662944	0.9041589457	0.9041981750	0.9043653781	0.9032489371	0.9043015905	0.9042940955	0.9054306295	0.9040224404	0.9054134866	0.9033522729	0.9038899219	0.9043279826	0.9038235829	0.9044406473	0.9034218013	0.9036050309	0.9032640069	1.0000000000	0.9034227581	0.9037888984	0.9043473581	0.9045478103	0.9032564322	0.9045314648	0.9038536427	0.9040520219	0.9034324857	0.9037267056	0.9037464797	0.9033164722	0.9030495214	0.9032482993	0.9040389455	0.9052395062	0.9034587981	0.9032363391	0.9032210301	0.9027621587	0.9045435844	0.9034462000	0.9034787316	0.9044872919	0.9038445530	0.9038045264	0.9039557825	0.9038835431	0.9043164211	0.9041064008	0.9036872371	0.9035422800	0.9031034219	0.9033584125	0.9039144003	0.9047099103	0.9034887782	0.9041783212	0.9041548793	0.9019219177	0.9033767514	0.9036686590	0.9031786911	0.9036371639	0.9038081144	0.9038022938	0.9037158617	0.9039458954	0.9041102280	0.9034853496	0.9038759684	0.9027182250	0.9039751580	0.9032825053	0.9029488169	0.9037724731	0.9037975895	0.9033112097	0.9032356215	0.9036249645	0.9032257344	0.9035537617	0.9046683687	0.9030802192	0.9039886331	0.9037881011	0.9043263082	0.9042736038	0.9044074778	0.9032089105
0.9033793826	0.9036893102	0.9035530441	0.9031771762	0.9036625991	0.9041080752	0.9033788245	0.9034923662	0.9032233424	0.9033761135	0.9040820020	0.9043650591	0.9031445648	0.9039933374	0.9049260703	0.9041091117	0.9036588516	0.9029941858	0.9035977751	0.9033816152	0.9034227581	1.0000000000	0.9042311851	0.9045526741	0.9038323537	0.9045215777	0.9042572582	0.9032317942	0.9040690053	0.9035639677	0.9027722052	0.9036197818	0.9036973633	0.9032433557	0.9035925126	0.9041662813	0.9056679190	0.9036996756	0.9030707308	0.9022789683	0.9029764050	0.9045425479	0.9032219072	0.9031273422	0.9041977764	0.9024583707	0.9033260403	0.9041528062	0.9035670774	0.9028423715	0.9038758886	0.9034788911	0.9032290035	0.9030106908	0.9032682329	0.9034789709	0.9039190249	0.9032946249	0.9031855483	0.9039822543	0.9025421715	0.9032860934	0.9028937204	0.9031065315	0.9029765645	0.9034123926	0.9036462536	0.9028514612	0.9033246848	0.9042688197	0.9029237803	0.9033537879	0.9026900788	0.9032252560	0.9030851627	0.9030177871	0.9029316740	0.9039852045	0.9036643533	0.9036166721	0.9033536284	0.9032892827	0.9037109182	0.9033423061	0.9035014559	0.9038093104	0.9036132436	0.9037449648	0.9032296414	0.9035068779	0.9032974954
0.9049796518	0.9035566321	0.9049542962	0.9043357169	0.9047520898	0.9056238259	0.9044018167	0.9042310256	0.9052902172	0.9045475711	0.9047847809	0.9056999723	0.9042359691	0.9047032924	0.9058473214	0.9053709882	0.9062868971	0.9059084777	0.9166636899	0.9041344673	0.9037888984	0.9042311851	1.0000000000	0.9047673191	0.9038926329	0.9044922355	0.9050262167	0.9039159153	0.9051640774	0.9041654839	0.9041721816	0.9036542270	0.9041107064	0.9041901219	0.9033801002	0.9050975789	0.9056172080	0.9045340163	0.9039717294	0.9039876763	0.9035345457	0.9050783630	0.9042243279	0.9034236352	0.9052097652	0.9040675701	0.9037133900	0.9043837170	0.9040872645	0.9040493907	0.9041131782	0.9038756494	0.9048134853	0.9042057498	0.9043310923	0.9041594241	0.9049871468	0.9040849522	0.9036972836	0.9039081013	0.9029740130	0.9042185073	0.9038956628	0.9035552767	0.9045868802	0.9039276363	0.9035748116	0.9031153820	0.9047225881	0.9044317968	0.9035008978	0.9036696955	0.9043035839	0.9042603679	0.9043003148	0.9036897886	0.9038549982	0.9038408852	0.9039906264	0.9037467987	0.9036572569	0.9038171244	0.9046967542	0.9044550792	0.9040173374	0.9048999174	0.9048968078	0.9044113848	0.9050466287	0.9047744952	0.9034612698
0.9049898578	0.9038911976	0.9040426132	0.9036826922	0.9046683687	0.9053358253	0.9037186524	0.9038559550	0.9043925675	0.9050012598	0.9047739371	0.9048836516	0.9035186786	0.9044840228	0.9055368357	0.9044152918	0.9045883951	0.9047698706	0.9041651650	0.9038989319	0.9043473581	0.9045526741	0.9047673191	1.0000000000	0.9046261892	0.9039208588	0.9053615795	0.9035875691	0.9048637977	0.9038806727	0.9044191988	0.9044726208	0.9041500952	0.9037475960	0.9033810570	0.9054273604	0.9058412616	0.9041766468	0.9031968706	0.9042059890	0.9037259083	0.9050003827	0.9049556517	0.9034494691	0.9043575641	0.9044502952	0.9039970849	0.9037051773	0.9041328726	0.9042742416	0.9039407924	0.9040532977	0.9042481685	0.9036696158	0.9042934576	0.9048403558	0.9047426812	0.9045831327	0.9040643807	0.9042822151	0.9035219477	0.9034642200	0.9039838490	0.9039244469	0.9034792101	0.9038440746	0.9039297891	0.9031770965	0.9041110254	0.9046612724	0.9046074517	0.9040165401	0.9041426799	0.9044901624	0.9037986260	0.9036593300	0.9042115704	0.9040824804	0.9039277957	0.9038225463	0.9039246861	0.9042752782	0.9045495645	0.9049454457	0.9041428394	0.9045887938	0.9041098293	0.9046855116	0.9045029996	0.9049078111	0.9038825863
0.9045132056	0.9042833314	0.9040733907	0.9039847261	0.9045388801	0.9044967006	0.9043386670	0.9034105587	0.9045290728	0.9044893650	0.9041921950	0.9049555720	0.9043254311	0.9045248468	0.9045065079	0.9041430786	0.9044176041	0.9041704275	0.9038026925	0.9045707738	0.9045478103	0.9038323537	0.9038926329	0.9046261892	1.0000000000	0.9045954118	0.9049078908	0.9040465202	0.9044879298	0.9039584935	0.9044517304	0.9041524075	0.9037834765	0.9044977371	0.9039959686	0.9049516650	0.9052057785	0.9041331118	0.9038652042	0.9036776689	0.9036429845	0.9046289799	0.9046263487	0.9034347980	0.9052496324	0.9045459764	0.9043541355	0.9044256573	0.9049107613	0.9042220954	0.9049132330	0.9044199164	0.9044038100	0.9034870240	0.9044495776	0.9046115181	0.9045251658	0.9042841287	0.9042952915	0.9043279826	0.9034961137	0.9038231842	0.9041578294	0.9035665989	0.9038826661	0.9039726065	0.9035036885	0.9035041669	0.9044264546	0.9052136722	0.9040296963	0.9037369913	0.9034743463	0.9039498822	0.9034922865	0.9037706392	0.9036449778	0.9049627481	0.9038080347	0.9036901872	0.9042254442	0.9045210196	0.9043888200	0.9043869861	0.9042134840	0.9044355443	0.9048398774	0.9047432393	0.9041574308	0.9039894304	0.9037397023
0.9043676106	0.9036282336	0.9040918891	0.9042349326	0.9041368593	0.9046009932	0.9030026376	0.9033620802	0.9039317027	0.9038829053	0.9044188001	0.9037643402	0.9037411375	0.9039033970	0.9112981237	0.9040373508	0.9043893781	0.9035355823	0.9036572569	0.9035603797	0.9032564322	0.9045215777	0.9044922355	0.9039208588	0.9045954118	1.0000000000	0.9057712548	0.9036858019	0.9038310779	0.9034960340	0.9039221346	0.9036134030	0.9036005658	0.9039985999	0.9033630371	0.9049428942	0.9050251004	0.9038977359	0.9035990508	0.9029506508	0.9027681388	0.9046296178	0.9036355692	0.9037191308	0.9046182955	0.9032373757	0.9031917676	0.9040046597	0.9036292702	0.9038050845	0.9038572308	0.9040925270	0.9033639141	0.9036980012	0.9043907336	0.9037481541	0.9047865351	0.9036052701	0.9035896422	0.9035709843	0.9029913951	0.9030594882	0.9034182132	0.9030875547	0.9031505449	0.9039115299	0.9034512233	0.9033445387	0.9043438498	0.9035044859	0.9032148108	0.9028288166	0.9033137612	0.9036121273	0.9034253096	0.9033718078	0.9032021331	0.9036045525	0.9037822007	0.9032763658	0.9033295486	0.9035777618	0.9039399154	0.9042303877	0.9038186393	0.9039333771	0.9038451112	0.9045646343	0.9042950523	0.9046740299	0.9035210706
0.9047059236	0.9041215503	0.9048504023	0.9047872527	0.9053214731	0.9063306713	0.9049617913	0.9044028532	0.9046906944	0.9056500585	0.9048199438	0.9055310151	0.9047527277	0.9048923426	0.9066120539	0.9061487971	0.9051898316	0.9051364096	0.9049306949	0.9042868397	0.9045314648	0.9042572582	0.9050262167	0.9053615795	0.9049078908	0.9057712548	1.0000000000	0.9047785617	0.9056121050	0.9045184681	0.9051431073	0.9045084215	0.9038505331	0.9046826412	0.9045109730	0.9057943778	0.9059111886	0.9046484351	0.9043470391	0.9041306400	0.9036977620	0.9049644225	0.9043258298	0.9043958366	0.9053946693	0.9044709464	0.9046261095	0.9054010480	0.9054812608	0.9049590803	0.9046331261	0.9039382409	0.9043788532	0.9047290466	0.9045718104	0.9048871599	0.9049424158	0.9049380304	0.9046792126	0.9049965555	0.9040749057	0.9042723280	0.9048168342	0.9040363142	0.9046938040	0.9046681295	0.9043117965	0.9041022546	0.9049381102	0.9054193072	0.9039337758	0.9044798766	0.9036844464	0.9046050596	0.9043495109	0.9043591588	0.9044355443	0.9048247279	0.9042061485	0.9056129820	0.9043457634	0.9041889259	0.9052367952	0.9051155192	0.9049630670	0.9052760245	0.9048267212	0.9049423361	0.9043881024	0.9050064425	0.9040725934
0.9034983463	0.9025258260	0.9033401533	0.9034701203	0.9039306662	0.9040147859	0.9036148383	0.9033623992	0.9043228796	0.9040793708	0.9043664943	0.9046780963	0.9032010168	0.9036964065	0.9044722221	0.9033246848	0.9039055498	0.9033440603	0.9038307590	0.9033243659	0.9038536427	0.9032317942	0.9039159153	0.9035875691	0.9040465202	0.9036858019	0.9047785617	1.0000000000	0.9039390383	0.9041058426	0.9040993044	0.9033919009	0.9038236626	0.9036632370	0.9033668643	0.9045418303	0.9047259370	0.9043290989	0.9039959686	0.9039332974	0.9034246717	0.9046090463	0.9037760612	0.9036740012	0.9043920093	0.9038502142	0.9038675963	0.9046792126	0.9037354764	0.9044351456	0.9039031578	0.9034479542	0.9039912643	0.9031446446	0.9041049655	0.9040911715	0.9041906003	0.9043203281	0.9037116358	0.9033608045	0.9028099196	0.9030476875	0.9037956758	0.9032226248	0.9032800336	0.9036699347	0.9036626789	0.9029874881	0.9036037552	0.9040868658	0.9029669963	0.9038709451	0.9032124985	0.9036956889	0.9033138409	0.9031662526	0.9033504390	0.9034922865	0.9032894422	0.9037370711	0.9036397154	0.9033612032	0.9044028532	0.9041182812	0.9032974954	0.9037751841	0.9043595574	0.9041479424	0.9039078621	0.9042546270	0.9034279408
0.9048114122	0.9035738548	0.9045240495	0.9034683662	0.9047453921	0.9045660695	0.9042818961	0.9042346934	0.9047132592	0.9045590529	0.9044888069	0.9046533787	0.9037575628	0.9041666800	0.9052186955	0.9042953713	0.9047550400	0.9041243410	0.9046386278	0.9039435831	0.9040520219	0.9040690053	0.9051640774	0.9048637977	0.9044879298	0.9038310779	0.9056121050	0.9039390383	1.0000000000	0.9042472914	0.9043501488	0.9040564073	0.9036426656	0.9048251265	0.9042139624	0.9057585770	0.9057092214	0.9045938171	0.9038231045	0.9044062818	0.9039064269	0.9049665753	0.9044695909	0.9039026794	0.9050080372	0.9044780427	0.9043182550	0.9046053786	0.9046517840	0.9045285943	0.9043694445	0.9041802348	0.9045096973	0.9047654852	0.9045723685	0.9049272663	0.9050317981	0.9042000887	0.9043924080	0.9042981620	0.9032781199	0.9042875573	0.9042557433	0.9040923675	0.9044827471	0.9040598359	0.9042008860	0.9031450432	0.9042454575	0.9047209137	0.9036423466	0.9043109195	0.9039731646	0.9041380553	0.9039801015	0.9042080621	0.9043871455	0.9041261749	0.9036611639	0.9038659218	0.9038524467	0.9043582020	0.9048283159	0.9046576046	0.9039339353	0.9048327810	0.9047349469	0.9048405153	0.9047970600	0.9051505226	0.9041739358
0.9042081418	0.9039041146	0.9039260416	0.9030244051	0.9039665466	0.9046859900	0.9039879952	0.9035588647	0.9033477280	0.9038926329	0.9039003671	0.9039056296	0.9033808976	0.9040647794	0.9049582830	0.9042001684	0.9043775774	0.9033711700	0.9038669584	0.9038997292	0.9034324857	0.9035639677	0.9041654839	0.9038806727	0.9039584935	0.9034960340	0.9045184681	0.9041058426	0.9042472914	1.0000000000	0.9043054975	0.9035690707	0.9038906395	0.9034621469	0.9038624933	0.9053288087	0.9054531146	0.9041374174	0.9034408578	0.9035791172	0.9037190511	0.9043875442	0.9043884213	0.9034241136	0.9046972326	0.9038132174	0.9044802753	0.9040384671	0.9046902160	0.9041087131	0.9040103208	0.9045519565	0.9042373246	0.9043926472	0.9039657493	0.9047915584	0.9052981109	0.9038467059	0.9043837967	0.9039081013	0.9029261723	0.9038496560	0.9034965124	0.9032821066	0.9040456432	0.9037585994	0.9033786650	0.9037542140	0.9043344411	0.9047929936	0.9038789983	0.9033273160	0.9041418826	0.9039476496	0.9036826922	0.9031003920	0.9038149716	0.9037477555	0.9037204863	0.9036964065	0.9032117012	0.9030862790	0.9040521814	0.9039801812	0.9036236090	0.9042899493	0.9043558897	0.9042251253	0.9043405009	0.9040927662	0.9039782676
0.9044152918	0.9037907323	0.9036750377	0.9037152238	0.9046883023	0.9049685687	0.9037759017	0.9040232378	0.9043890592	0.9045770729	0.9047262559	0.9047068007	0.9035622136	0.9041494573	0.9043816439	0.9042869194	0.9042236900	0.9038656826	0.9042898696	0.9039416695	0.9037267056	0.9027722052	0.9041721816	0.9044191988	0.9044517304	0.9039221346	0.9051431073	0.9040993044	0.9043501488	0.9043054975	1.0000000000	0.9041398095	0.9038180812	0.9039706928	0.9041077562	0.9047360632	0.9060460195	0.9045426276	0.9040289787	0.9043198497	0.9041465869	0.9047532061	0.9043450458	0.9035499345	0.9044057237	0.9043313315	0.9042189060	0.9046859103	0.9048718509	0.9042847666	0.9040937230	0.9041103875	0.9041480221	0.9038785199	0.9036759945	0.9048366880	0.9050818713	0.9043359561	0.9044104280	0.9047590267	0.9034570439	0.9039531513	0.9037513435	0.9034109574	0.9039126462	0.9048956117	0.9039417492	0.9035633298	0.9045986809	0.9047258572	0.9036697752	0.9038404866	0.9035223464	0.9042007265	0.9030038336	0.9040930851	0.9042264010	0.9044931125	0.9042185073	0.9037750246	0.9037585196	0.9042623612	0.9041231450	0.9043353182	0.9036283931	0.9045285146	0.9046510664	0.9038701478	0.9045210196	0.9037577223	0.9036537486
0.9038707059	0.9033785055	0.9040674904	0.9028721124	0.9041968196	0.9041858959	0.9035279278	0.9040997828	0.9039447792	0.9036537486	0.9038815498	0.9040239554	0.9030300662	0.9039124867	0.9045267605	0.9039820151	0.9035413231	0.9039503606	0.9042059890	0.9037283003	0.9037464797	0.9036197818	0.9036542270	0.9044726208	0.9041524075	0.9036134030	0.9045084215	0.9033919009	0.9040564073	0.9035690707	0.9041398095	1.0000000000	0.9035335889	0.9030972823	0.9035158081	0.9045100960	0.9055229619	0.9040819223	0.9040010716	0.9041616567	0.9032495750	0.9047681962	0.9039122475	0.9038715830	0.9045910264	0.9037331641	0.9032254155	0.9047766480	0.9038440746	0.9037982273	0.9040715568	0.9035608581	0.9040802479	0.9034321668	0.9034446053	0.9040218026	0.9043822817	0.9040828791	0.9037011109	0.9040642213	0.9028875809	0.9031148239	0.9039151180	0.9033578543	0.9036847653	0.9041325536	0.9039136827	0.9034800871	0.9041741750	0.9047738573	0.9030272755	0.9034344791	0.9032987711	0.9040385468	0.9029941060	0.9033217346	0.9033475686	0.9038246194	0.9033014024	0.9036500011	0.9036724065	0.9037295760	0.9039829719	0.9042064674	0.9031418539	0.9042256834	0.9041772846	0.9040843143	0.9034970706	0.9040927662	0.9038420813
0.9039435034	0.9030736810	0.9036019213	0.9031187309	0.9035432368	0.9043223215	0.9037423335	0.9040024271	0.9037587588	0.9035461869	0.9036272768	0.9037814831	0.9029091092	0.9043802884	0.9039071445	0.9038814700	0.9041102280	0.9034589575	0.9038466261	0.9031777343	0.9033164722	0.9036973633	0.9041107064	0.9041500952	0.9037834765	0.9036005658	0.9038505331	0.9038236626	0.9036426656	0.9038906395	0.9038180812	0.9035335889	1.0000000000	0.9031193688	0.9041236234	0.9045321824	0.9048209006	0.9044404878	0.9031773357	0.9034538545	0.9029233816	0.9048979240	0.9046041028	0.9036397951	0.9047344685	0.9037885795	0.9042102149	0.9043711987	0.9036548649	0.9035838216	0.9038869717	0.9039390383	0.9040824007	0.9035567916	0.9036795826	0.9044272519	0.9040324870	0.9032396880	0.9045368070	0.9033608842	0.9025808427	0.9037601143	0.9032293225	0.9033995554	0.9036778284	0.9036539081	0.9035791970	0.9036466523	0.9040878226	0.9040981084	0.9037253501	0.9032546780	0.9034489110	0.9037562073	0.9034850307	0.9032195949	0.9034093627	0.9040991449	0.9041024938	0.9026634475	0.9036021605	0.9036373233	0.9038778023	0.9038735763	0.9033828909	0.9039728457	0.9043569262	0.9044313981	0.9039706131	0.9044090725	0.9034277016
