0.4830005691	-0.0034661920	-0.0040126870	-0.0047224834	-0.0039081975	-0.0047101231	-0.0056866450	-0.0061037944	-0.0067766971	-0.0047583179	-0.0034202250	-0.0039269288	0.0020543849	-0.0053517359	-0.0044059792	-0.0034010781	-0.0032752351	-0.0036838957	-0.0026235620	-0.0041903649	-0.0027790460	-0.0061781969	-0.0046950523	-0.0036455683	-0.0062747193	-0.0040417234	-0.0054843455	-0.0068482042	-0.0045534754	-0.0058529232	-0.0045328871	-0.0056823073	-0.0065142147	-0.0062163823	-0.0043789370	-0.0041057056	-0.0032948599	-0.0051794457	-0.0062704350	-0.0081159819	-0.0064657340	-0.0064863179	-0.0037945547	-0.0076557005	-0.0057020441	-0.0045990295	-0.0068217712	-0.0060417981	-0.0055213906	-0.0065629223	-0.0068742273	-0.0060536691	-0.0075371488	-0.0061963115	-0.0063142901	-0.0073162052	-0.0048416301	-0.0051195725	-0.0050442305	-0.0061214325	-0.0062008774	-0.0057526022	-0.0044431078	-0.0060911580	-0.0063910107	-0.0062868139	-0.0055634536	-0.0050547052	-0.0055591228	-0.0056300021	-0.0055868473	-0.0060194189	-0.0057074582	-0.0047318350	-0.0060085598	-0.0054429515	-0.0062119558	-0.0052559035	-0.0063158974	-0.0075355321	-0.0078085864	-0.0067115131	-0.0062960430	-0.0046632554	-0.0062816147	-0.0057075017	-0.0049589815	-0.0055384312	-0.0061328524	-0.0052426440	-0.0057857837
-0.0034661920	0.5108712239	-0.0073995049	-0.0040229837	-0.0046492870	-0.0061725337	-0.0064817347	-0.0050203793	-0.0064148634	-0.0046368515	-0.0033641833	-0.0042781141	-0.0039407541	-0.0045776545	-0.0051318461	-0.0059462310	-0.0045934950	-0.0007003170	-0.0045848143	-0.0047434774	-0.0046186965	-0.0044834479	-0.0064447400	-0.0040828803	-0.0040465373	-0.0043245845	-0.0044350250	-0.0077092168	-0.0064744173	-0.0050349154	-0.0055993361	-0.0057073091	-0.0055051515	-0.0064889294	-0.0053972740	-0.0052911279	-0.0058144467	-0.0064838664	-0.0049256625	-0.0066008047	-0.0076241925	-0.0047985326	-0.0070716058	-0.0067563333	-0.0064804591	-0.0059851434	-0.0059032115	-0.0060532483	-0.0044341553	-0.0056337269	-0.0057509301	-0.0068193984	-0.0052302388	-0.0065611503	-0.0054300114	-0.0058809053	-0.0058304687	-0.0061245562	-0.0055832302	-0.0058265104	-0.0064515296	-0.0055697073	-0.0075003581	-0.0056859936	-0.0076781536	-0.0065579942	-0.0072275107	-0.0042871171	-0.0062901589	-0.0076734401	-0.0061115131	-0.0063679552	-0.0069620163	-0.0069925723	-0.0052753051	-0.0058050711	-0.0062557769	-0.0059444577	-0.0057406608	-0.0060858581	-0.0072449749	-0.0056831001	-0.0043629547	-0.0067565079	-0.0055032669	-0.0049723882	-0.0072096317	-0.0059843642	-0.0050583423	-0.0058441934	-0.0064167552
-0.0040126870	-0.0073995049	0.4982624591	0.0027566914	-0.0022421845	-0.0056661641	-0.0056014790	-0.0057190032	-0.0053521299	-0.0064451802	-0.0062670697	-0.0031565749	-0.0049580682	-0.0066865102	-0.0046699812	-0.0060432730	-0.0020918362	-0.0012527300	-0.0064871747	-0.0050181561	-0.0048843812	-0.0050166775	-0.0034882191	-0.0057959564	-0.0060077900	-0.0053273606	-0.0035214371	-0.0064107815	-0.0051774701	-0.0051976358	-0.0068328408	-0.0051304310	-0.0058159690	-0.0081368473	-0.0063874701	-0.0058242685	-0.0041820427	-0.0048864295	-0.0061258688	-0.0064776005	-0.0074019226	-0.0049027662	-0.0058039734	-0.0069443498	-0.0055330828	-0.0063276909	-0.0062091790	-0.0040345535	-0.0071228700	-0.0075910786	-0.0064191264	-0.0067924422	-0.0069981675	-0.0055727321	-0.0051179985	-0.0063321107	-0.0054966052	-0.0048520154	-0.0060133048	-0.0051805894	-0.0052372029	-0.0062358877	-0.0036187372	-0.0058951343	-0.0048105041	-0.0059550969	-0.0058741379	-0.0062971231	-0.0060115891	-0.0064821841	-0.0073063729	-0.0050350035	-0.0053006433	-0.0072271578	-0.0052817357	-0.0060060064	-0.0063150007	-0.0061802752	-0.0067878697	-0.0049138774	-0.0068113046	-0.0067220366	-0.0028750005	-0.0060913441	-0.0070607664	-0.0049121554	-0.0041420901	-0.0065757706	-0.0062183433	-0.0063103319	-0.0061847240
-0.0047224834	-0.0040229837	0.0027566914	0.5275531260	0.0036308695	-0.0030364515	-0.0076179533	-0.0070641992	-0.0069490706	-0.0038265168	-0.0068010432	-0.0031298197	-0.0048722171	-0.0039218036	-0.0034285692	-0.0063113094	-0.0031931224	-0.0059686682	-0.0037235136	-0.0051142441	-0.0023482874	-0.0051816219	-0.0035868439	-0.0058817016	-0.0035164761	-0.0025086322	-0.0032981142	-0.0058130669	-0.0059841031	-0.0071673980	-0.0062459959	-0.0061534977	-0.0058719948	-0.0070402453	-0.0062009899	-0.0051681772	-0.0037958924	-0.0061763458	-0.0069186993	-0.0060881992	-0.0088646799	-0.0068136136	-0.0049169900	-0.0058172115	-0.0056039456	-0.0065347631	-0.0058143933	-0.0077885506	-0.0053195527	-0.0081775912	-0.0066684249	-0.0065453610	-0.0069620669	-0.0075644277	-0.0072887188	-0.0064637131	-0.0063531241	-0.0049722882	-0.0067378996	-0.0064823079	-0.0081541039	-0.0066648702	-0.0060929876	-0.0067573205	-0.0076457388	-0.0065281734	-0.0070307273	-0.0078201843	-0.0075363542	-0.0073656967	-0.0067207420	-0.0081198165	-0.0075444413	-0.0076994468	-0.0070194411	-0.0073698400	-0.0082241096	-0.0075919492	-0.0063793415	-0.0066441770	-0.0079015864	-0.0062735317	-0.0065100502	-0.0069991305	-0.0056057479	-0.0044252976	-0.0064731616	-0.0081835369	-0.0042584929	-0.0061199362	-0.0059408778
-0.0039081975	-0.0046492870	-0.0022421845	0.0036308695	0.4853575941	-0.0062622928	-0.0058711919	-0.0049123759	-0.0040548077	-0.0028407321	-0.0037546019	-0.0037952319	-0.0050704992	-0.0001157888	-0.0050867435	-0.0038100843	-0.0021816623	-0.0040418660	-0.0021279102	-0.0045534345	-0.0038736567	-0.0051883459	-0.0036972060	-0.0040665527	-0.0047856613	-0.0050764120	-0.0031440676	-0.0062022192	-0.0053460766	-0.0060966025	-0.0052833580	-0.0046047094	-0.0062483043	-0.0063431296	-0.0066720471	-0.0056077486	-0.0051667906	-0.0059796820	-0.0070024616	-0.0069189442	-0.0058638610	-0.0043713753	-0.0061605905	-0.0081369952	-0.0065489504	-0.0066437133	-0.0059948828	-0.0061203093	-0.0074268548	-0.0042576595	-0.0051003705	-0.0057753477	-0.0059697803	-0.0059873863	-0.0060587877	-0.0063749106	-0.0047860049	-0.0075655718	-0.0059049011	-0.0064314468	-0.0068853667	-0.0053579855	-0.0058907420	-0.0057562445	-0.0076858578	-0.0045254129	-0.0063366445	-0.0054803025	-0.0063972278	-0.0064801953	-0.0049870989	-0.0058821032	-0.0056630482	-0.0069565754	-0.0069401613	-0.0073946020	-0.0068819006	-0.0075829254	-0.0062022781	-0.0061966655	-0.0074154762	-0.0073175024	-0.0055364467	-0.0049386888	-0.0063374491	-0.0061540469	-0.0053906798	-0.0059746484	-0.0043717769	-0.0053187041	-0.0066871379
-0.0047101231	-0.0061725337	-0.0056661641	-0.0030364515	-0.0062622928	0.4831566011	-0.0046092907	-0.0057838858	-0.0059953586	-0.0010557882	-0.0056612853	-0.0049127664	-0.0039895908	-0.0043773418	-0.0027211915	-0.0051997669	-0.0046028586	-0.0062255391	-0.0030192401	-0.0030145133	-0.0045092702	-0.0049222097	-0.0026800767	-0.0023446332	-0.0042203685	-0.0038362408	-0.0006805667	-0.0062959758	-0.0057326463	-0.0055264703	-0.0047892446	-0.0055343616	-0.0064372695	-0.0043413864	-0.0053696341	-0.0061362732	-0.0035480503	-0.0055761456	-0.0057048073	-0.0069470402	-0.0054760555	-0.0058818643	-0.0063260878	-0.0072799285	-0.0053036492	-0.0052283196	-0.0058971537	-0.0060203869	-0.0066157864	-0.0071138992	-0.0062346238	-0.0056903823	-0.0056458603	-0.0059898019	-0.0060757967	-0.0065461071	-0.0062954640	-0.0047590662	-0.0053820920	-0.0054193133	-0.0067709470	-0.0063781624	-0.0051460517	-0.0064277457	-0.0051866470	-0.0068280727	-0.0067073142	-0.0061631531	-0.0056457575	-0.0043618319	-0.0062177235	-0.0055183336	-0.0050723311	-0.0064625618	-0.0048544126	-0.0076004979	-0.0046078835	-0.0061162968	-0.0073345931	-0.0071099206	-0.0059667322	-0.0062976989	-0.0042029631	-0.0050617917	-0.0075624484	-0.0041056783	-0.0052869001	-0.0063096780	-0.0050931777	-0.0059603292	-0.0054686738
-0.0056866450	-0.0064817347	-0.0056014790	-0.0076179533	-0.0058711919	-0.0046092907	0.4993546563	-0.0010304645	0.0020207484	-0.0040087422	-0.0074700293	-0.0052591549	-0.0062832777	-0.0057758073	-0.0053861688	-0.0072926873	-0.0039883985	-0.0065000388	-0.0066677084	-0.0055166341	-0.0066704224	-0.0051629731	-0.0055990147	-0.0058998076	-0.0049919098	-0.0077323824	-0.0039291529	-0.0054997050	-0.0050963194	-0.0057180355	-0.0057119422	-0.0061520747	-0.0053934698	-0.0045588791	-0.0050588466	-0.0036757446	-0.0054092936	-0.0052045415	-0.0061578245	-0.0057904220	-0.0063545308	-0.0060368137	-0.0072778843	-0.0052995981	-0.0060750843	-0.0067464330	-0.0064181779	-0.0043303682	-0.0055964774	-0.0060516622	-0.0062166488	-0.0043884680	-0.0047409966	-0.0055443252	-0.0047677296	-0.0044021917	-0.0056436223	-0.0046138061	-0.0052691103	-0.0067043473	-0.0051140012	-0.0053879095	-0.0068741556	-0.0063858346	-0.0048878339	-0.0067068459	-0.0054646214	-0.0056053274	-0.0045301574	-0.0045461904	-0.0054220395	-0.0051534727	-0.0063511127	-0.0062555576	-0.0071133721	-0.0074041712	-0.0050793313	-0.0059022581	-0.0078683619	-0.0053618889	-0.0066333989	-0.0058575613	-0.0045382246	-0.0048837283	-0.0062348430	-0.0056944649	-0.0063229296	-0.0038809973	-0.0047722343	-0.0055634274	-0.0066407085
-0.0061037944	-0.0050203793	-0.0057190032	-0.0070641992	-0.0049123759	-0.0057838858	-0.0010304645	0.5112074737	-0.0031251362	-0.0054181162	-0.0053736671	-0.0075092670	-0.0057853718	-0.0047178884	-0.0067583445	-0.0067227610	-0.0044619682	-0.0059667084	-0.0057068558	-0.0054914684	-0.0055913676	-0.0053866762	-0.0064570971	-0.0062017095	-0.0077223668	-0.0065815550	-0.0064576385	-0.0062507708	-0.0046954133	-0.0066268000	-0.0066556141	-0.0046057741	-0.0047820650	-0.0062206680	-0.0063437521	-0.0049420900	-0.0053261362	-0.0062535300	-0.0062920195	-0.0058168731	-0.0048794317	-0.0032824753	-0.0066326515	-0.0056726206	-0.0054728197	-0.0051448555	-0.0054372644	-0.0056902211	-0.0054730065	-0.0044269856	-0.0072114032	-0.0072341825	-0.0057050694	-0.0050283078	-0.0064459124	-0.0047808776	-0.0041250563	-0.0057398129	-0.0058299679	-0.0046587334	-0.0059770756	-0.0071790319	-0.0050628536	-0.0057057411	-0.0058706456	-0.0055909106	-0.0046950049	-0.0049808381	-0.0055846720	-0.0065254976	-0.0069627643	-0.0046207368	-0.0062613690	-0.0049405559	-0.0060281376	-0.0070532403	-0.0065297549	-0.0051729880	-0.0057471791	-0.0046761250	-0.0058853625	-0.0073765625	-0.0055376226	-0.0062227151	-0.0076232467	-0.0060447512	-0.0044882237	-0.0057086137	-0.0052462814	-0.0056495826	-0.0055061625
-0.0067766971	-0.0064148634	-0.0053521299	-0.0069490706	-0.0040548077	-0.0059953586	0.0020207484	-0.0031251362	0.5025309659	-0.0061375050	-0.0048618477	-0.0051062801	-0.0054874990	-0.0065303824	-0.0057598146	-0.0063887958	-0.0053458271	-0.0055557281	-0.0059241306	-0.0049960305	-0.0051588754	-0.0068182505	-0.0049633426	-0.0052686347	-0.0051538366	-0.0061460546	-0.0050671419	-0.0054814598	-0.0047282144	-0.0078716432	-0.0058455173	-0.0061027053	-0.0059954259	-0.0060712893	-0.0053979797	-0.0035510174	-0.0037147450	-0.0071759064	-0.0072787104	-0.0062284208	-0.0048011210	-0.0049179238	-0.0064837417	-0.0057515775	-0.0055217820	-0.0061978640	-0.0060070015	-0.0048466675	-0.0056170050	-0.0069394033	-0.0050439363	-0.0057477578	-0.0057343290	-0.0070925354	-0.0039908912	-0.0066528915	-0.0052859867	-0.0066706040	-0.0061668485	-0.0074556326	-0.0048902095	-0.0055885418	-0.0045483313	-0.0060205820	-0.0069992949	-0.0057394042	-0.0052957638	-0.0058833754	-0.0057088665	-0.0048550934	-0.0063720636	-0.0057700407	-0.0060405707	-0.0060984108	-0.0067850038	-0.0059176653	-0.0071047368	-0.0046769510	-0.0060053932	-0.0044368930	-0.0064237421	-0.0062759115	-0.0055085508	-0.0053167050	-0.0053277488	-0.0040771786	-0.0049121154	-0.0046182622	-0.0064149088	-0.0055724656	-0.0036603581
-0.0047583179	-0.0046368515	-0.0064451802	-0.0038265168	-0.0028407321	-0.0010557882	-0.0040087422	-0.0054181162	-0.0061375050	0.4884371798	-0.0027851405	-0.0032660878	-0.0051360591	-0.0049415808	-0.0026033007	-0.0059112886	-0.0021264432	-0.0056657017	-0.0032939988	-0.0070350099	0.0026888336	-0.0062559263	-0.0040767617	-0.0020542227	-0.0056723986	-0.0054543197	-0.0019669643	-0.0058425823	-0.0049894936	-0.0063427375	-0.0055433531	-0.0071921632	-0.0075372448	-0.0067380748	-0.0075654987	-0.0065003309	-0.0071830204	-0.0060928060	-0.0067392730	-0.0046664275	-0.0047009978	-0.0047027799	-0.0065926733	-0.0066443321	-0.0043238769	-0.0069001431	-0.0063761423	-0.0053805783	-0.0051916256	-0.0045986822	-0.0060386545	-0.0065112063	-0.0048775625	-0.0055324678	-0.0066968630	-0.0064320306	-0.0038769386	-0.0063052211	-0.0065417400	-0.0054974365	-0.0061216445	-0.0062937608	-0.0066424735	-0.0054069235	-0.0075919176	-0.0056609314	-0.0065284126	-0.0069942836	-0.0059206894	-0.0076427583	-0.0060217271	-0.0060562060	-0.0066527008	-0.0054163598	-0.0059947762	-0.0057581226	-0.0065693743	-0.0049657412	-0.0056853985	-0.0059362977	-0.0058557896	-0.0066117498	-0.0058309901	-0.0050879760	-0.0061339572	-0.0056612117	-0.0059209984	-0.0058537609	-0.0062625879	-0.0047533258	-0.0052652543
-0.0034202250	-0.0033641833	-0.0062670697	-0.0068010432	-0.0037546019	-0.0056612853	-0.0074700293	-0.0053736671	-0.0048618477	-0.0027851405	0.4722342165	-0.0039137557	-0.0030795606	-0.0034900809	-0.0046640122	-0.0039103963	-0.0035045706	0.0002596215	-0.0043813528	-0.0036292776	-0.0058291166	-0.0037657397	-0.0029047905	-0.0016000278	-0.0056141747	-0.0026735609	-0.0040046573	-0.0038241942	-0.0051489823	-0.0059502504	-0.0040380893	-0.0062548636	-0.0054353815	-0.0065962491	-0.0064605343	-0.0055288345	-0.0044667682	-0.0077245144	-0.0072853172	-0.0055099964	-0.0063816059	-0.0042802551	-0.0058756867	-0.0062037122	-0.0044697758	-0.0053574931	-0.0056313565	-0.0032089642	-0.0073424427	-0.0037661146	-0.0064433672	-0.0049428550	-0.0064503300	-0.0060636547	-0.0046822944	-0.0063357740	-0.0043451336	-0.0055929515	-0.0054307327	-0.0069030240	-0.0068715355	-0.0073265826	-0.0058134899	-0.0047861058	-0.0064109530	-0.0045712197	-0.0060361316	-0.0070155244	-0.0060722399	-0.0040683708	-0.0071383185	-0.0060497244	-0.0059633384	-0.0056657306	-0.0085012892	-0.0055121742	-0.0056879541	-0.0068570623	-0.0060768705	-0.0059130438	-0.0066510718	-0.0058083721	-0.0038529760	-0.0058417111	-0.0061040331	-0.0057539219	-0.0044455654	-0.0052770656	-0.0047611000	-0.0063615315	-0.0046431633
-0.0039269288	-0.0042781141	-0.0031565749	-0.0031298197	-0.0037952319	-0.0049127664	-0.0052591549	-0.0075092670	-0.0051062801	-0.0032660878	-0.0039137557	0.4867046725	-0.0019219163	-0.0023772864	-0.0053684759	-0.0052867024	-0.0035472564	-0.0050950597	-0.0024295219	-0.0004869882	-0.0014135098	-0.0036909462	-0.0020986530	-0.0049300096	-0.0052152096	-0.0060441743	-0.0036875656	-0.0049810142	-0.0068051813	-0.0064316705	-0.0054152784	-0.0065152514	-0.0061735347	-0.0062877247	-0.0064327836	-0.0053640707	-0.0044881032	-0.0046311067	-0.0073841739	-0.0057551112	-0.0075710889	-0.0056429722	-0.0067280761	-0.0066721804	-0.0055745628	-0.0050782278	-0.0061670047	-0.0068505827	-0.0064865360	-0.0048725857	-0.0053483392	-0.0063286194	-0.0055005573	-0.0072716747	-0.0077175716	-0.0049739369	-0.0040950926	-0.0066051592	-0.0057821234	-0.0064768928	-0.0068419235	-0.0048234254	-0.0048738515	-0.0057379919	-0.0065860818	-0.0054121886	-0.0066181877	-0.0066365380	-0.0070791960	-0.0049696449	-0.0081087556	-0.0055663551	-0.0063802645	-0.0063416174	-0.0049602691	-0.0066581174	-0.0059207408	-0.0061307041	-0.0065766227	-0.0063994499	-0.0071967185	-0.0061373565	-0.0054634069	-0.0060396490	-0.0065725290	-0.0031413936	-0.0052169486	-0.0051862868	-0.0058522510	-0.0055488107	-0.0074713504
0.0020543849	-0.0039407541	-0.0049580682	-0.0048722171	-0.0050704992	-0.0039895908	-0.0062832777	-0.0057853718	-0.0054874990	-0.0051360591	-0.0030795606	-0.0019219163	0.5041142531	-0.0059728175	-0.0056373843	-0.0050639531	-0.0035593249	-0.0049912978	-0.0047698777	-0.0035153234	-0.0052221574	-0.0046312158	-0.0042977125	-0.0053508316	-0.0044219456	-0.0034225878	-0.0036424630	-0.0063463180	-0.0055792143	-0.0059695794	-0.0055766829	-0.0059765223	-0.0067473897	-0.0065846411	-0.0061075882	-0.0033784025	-0.0047554424	-0.0056634244	-0.0054734904	-0.0057166975	-0.0059251116	-0.0061274992	-0.0068003623	-0.0062850183	-0.0065472821	-0.0046963749	-0.0060793490	-0.0052047841	-0.0045473899	-0.0057748792	-0.0062094268	-0.0064419186	-0.0062780539	-0.0062476484	-0.0070590005	-0.0075941393	-0.0069007547	-0.0054882678	-0.0061965320	-0.0043364991	-0.0066283252	-0.0068340946	-0.0067818418	-0.0065706440	-0.0068596761	-0.0045316463	-0.0080693472	-0.0081719226	-0.0057660783	-0.0053972047	-0.0071923821	-0.0064109227	-0.0059440626	-0.0066920983	-0.0069819099	-0.0055233548	-0.0057309069	-0.0070132403	-0.0071232941	-0.0062232445	-0.0056313136	-0.0070790972	-0.0056968004	-0.0056482933	-0.0058191494	-0.0057410061	-0.0037725147	-0.0070970990	-0.0062915579	-0.0063307068	-0.0069755116
-0.0053517359	-0.0045776545	-0.0066865102	-0.0039218036	-0.0001157888	-0.0043773418	-0.0057758073	-0.0047178884	-0.0065303824	-0.0049415808	-0.0034900809	-0.0023772864	-0.0059728175	0.4727675319	-0.0036341147	-0.0028433200	0.0003728984	-0.0041322938	-0.0029008304	-0.0036353001	-0.0039048151	-0.0041843276	-0.0030035015	-0.0043656610	-0.0039442503	-0.0051894871	-0.0041044815	-0.0055653549	-0.0063568954	-0.0059260013	-0.0057638743	-0.0050545534	-0.0050791450	-0.0065555087	-0.0056861841	-0.0039283247	-0.0051274008	-0.0059630399	-0.0067473997	-0.0071369721	-0.0048347249	-0.0059462224	-0.0047960818	-0.0057509956	-0.0049287103	-0.0060827652	-0.0067391896	-0.0057287284	-0.0035514350	-0.0041060074	-0.0066495575	-0.0057556882	-0.0045641491	-0.0049630457	-0.0046469568	-0.0059020529	-0.0040092700	-0.0058390323	-0.0067996122	-0.0072295923	-0.0066529547	-0.0058978138	-0.0058310290	-0.0061449952	-0.0068807495	-0.0058062670	-0.0053494048	-0.0067463383	-0.0077024015	-0.0048989663	-0.0067428371	-0.0049945698	-0.0055950878	-0.0056912786	-0.0077100412	-0.0071935137	-0.0058099740	-0.0058120823	-0.0067372842	-0.0058512319	-0.0067666565	-0.0056781532	-0.0048548555	-0.0049067005	-0.0061148056	-0.0059563056	-0.0053075441	-0.0048105542	-0.0051930606	-0.0051328460	-0.0059765944
-0.0044059792	-0.0051318461	-0.0046699812	-0.0034285692	-0.0050867435	-0.0027211915	-0.0053861688	-0.0067583445	-0.0057598146	-0.0026033007	-0.0046640122	-0.0053684759	-0.0056373843	-0.0036341147	0.4422702376	-0.0007396267	-0.0048177575	-0.0048628126	-0.0034555290	-0.0050500056	-0.0052201631	-0.0015162313	-0.0024473887	-0.0030533334	-0.0064439997	0.0261942634	0.0009419985	-0.0052101707	-0.0045964502	-0.0048323727	-0.0068653851	-0.0055516196	-0.0069659237	-0.0051135604	-0.0064993035	-0.0049367534	-0.0050602313	-0.0058970476	-0.0065772345	-0.0056526415	-0.0075706192	-0.0066722458	-0.0040299806	-0.0049487598	-0.0058731412	-0.0077400587	-0.0047626023	-0.0072552177	-0.0048546427	-0.0039323071	-0.0059691846	-0.0059068501	-0.0050318634	-0.0046322904	-0.0051413631	-0.0063171918	-0.0058749847	-0.0054552562	-0.0061899756	-0.0060903194	-0.0073056492	-0.0049537846	-0.0064952527	-0.0060862114	-0.0048805977	-0.0058857439	-0.0059941271	-0.0056725220	-0.0064704416	-0.0048804050	-0.0056450288	-0.0063664074	-0.0050506343	-0.0058420953	-0.0053510081	-0.0063903237	-0.0063532306	-0.0061642857	-0.0074012967	-0.0055367795	-0.0053768511	-0.0058662962	-0.0044997848	-0.0062179637	-0.0062497565	-0.0048976196	-0.0049863451	-0.0051153498	-0.0048878359	-0.0050636636	-0.0066488849
-0.0034010781	-0.0059462310	-0.0060432730	-0.0063113094	-0.0038100843	-0.0051997669	-0.0072926873	-0.0067227610	-0.0063887958	-0.0059112886	-0.0039103963	-0.0052867024	-0.0050639531	-0.0028433200	-0.0007396267	0.5046825345	-0.0059249221	-0.0020785764	-0.0050663020	-0.0044484925	-0.0049876848	-0.0033357488	-0.0022998213	-0.0062750157	-0.0059968906	-0.0036218768	0.0022524342	-0.0066772037	-0.0058570544	-0.0054291762	-0.0059457408	-0.0056794619	-0.0060097327	-0.0039863899	-0.0064998098	-0.0053234767	-0.0042528962	-0.0046162303	-0.0069722769	-0.0065925003	-0.0070157627	-0.0066511939	-0.0078569315	-0.0059519173	-0.0056255020	-0.0076683666	-0.0060163417	-0.0057012904	-0.0065965737	-0.0048353087	-0.0061967997	-0.0050066453	-0.0069443172	-0.0063286490	-0.0057036034	-0.0047765559	-0.0049925244	-0.0068515346	-0.0050116681	-0.0052355477	-0.0074153432	-0.0049797709	-0.0064086656	-0.0082940990	-0.0068951545	-0.0068913558	-0.0070460400	-0.0065863846	-0.0066367188	-0.0065581591	-0.0059963089	-0.0064771153	-0.0061624754	-0.0054150772	-0.0066231645	-0.0053517215	-0.0050263415	-0.0068279186	-0.0070502565	-0.0066384905	-0.0068016127	-0.0073011097	-0.0058393497	-0.0039145477	-0.0059838192	-0.0049946670	-0.0055891182	-0.0058546779	-0.0064607645	-0.0052892612	-0.0059098915
-0.0032752351	-0.0045934950	-0.0020918362	-0.0031931224	-0.0021816623	-0.0046028586	-0.0039883985	-0.0044619682	-0.0053458271	-0.0021264432	-0.0035045706	-0.0035472564	-0.0035593249	0.0003728984	-0.0048177575	-0.0059249221	0.4552760683	-0.0059179945	-0.0029181590	-0.0049912022	-0.0040392784	-0.0047576703	0.0022036454	-0.0046310013	-0.0054978634	-0.0038974272	-0.0039271355	-0.0059507009	-0.0052491522	-0.0061609381	-0.0059984631	-0.0071729997	-0.0053815053	-0.0065650538	-0.0048593467	-0.0036379702	-0.0046853555	-0.0052340327	-0.0071217730	-0.0055957158	-0.0064910801	-0.0045817214	-0.0039900100	-0.0047962742	-0.0058270058	-0.0069677429	-0.0046645546	-0.0044678456	-0.0052597182	-0.0053849345	-0.0052545192	-0.0049039478	-0.0046838493	-0.0037558467	-0.0058004511	-0.0049326361	-0.0057366593	-0.0054003891	-0.0052451526	-0.0063953465	-0.0068263970	-0.0056377376	-0.0072984776	-0.0049493843	-0.0071869244	-0.0059099296	-0.0059923037	-0.0066047113	-0.0046795608	-0.0058462442	-0.0063528181	-0.0062187775	-0.0055374380	-0.0058375748	-0.0062807991	-0.0059624614	-0.0060036695	-0.0060501797	-0.0055639202	-0.0054018680	-0.0073682526	-0.0043286146	-0.0055308442	-0.0060188936	-0.0061908765	-0.0035491504	-0.0059466658	-0.0053848779	-0.0059899219	-0.0040578330	-0.0074004028
-0.0036838957	-0.0007003170	-0.0012527300	-0.0059686682	-0.0040418660	-0.0062255391	-0.0065000388	-0.0059667084	-0.0055557281	-0.0056657017	0.0002596215	-0.0050950597	-0.0049912978	-0.0041322938	-0.0048628126	-0.0020785764	-0.0059179945	0.5052112112	0.0048433245	-0.0070475755	-0.0062601275	-0.0067698501	0.0032746887	-0.0027682663	-0.0054974090	-0.0058603209	-0.0014087396	-0.0061539829	-0.0064144559	-0.0063375446	-0.0068755580	-0.0029130531	-0.0063844882	-0.0074481071	-0.0073953725	-0.0049062828	-0.0051813832	-0.0054591922	-0.0064594259	-0.0082705528	-0.0076723214	-0.0060605599	-0.0070834385	-0.0056884443	-0.0073210867	-0.0084343264	-0.0055388954	-0.0036890309	-0.0049048062	-0.0064683287	-0.0055502827	-0.0077637382	-0.0069233083	-0.0056489846	-0.0046061873	-0.0070981757	-0.0044213496	-0.0080139118	-0.0060540316	-0.0051175574	-0.0057191428	-0.0059729939	-0.0068704323	-0.0076134664	-0.0065971032	-0.0065048600	-0.0069692563	-0.0072287930	-0.0050981571	-0.0053861971	-0.0075354381	-0.0069220823	-0.0069019108	-0.0068205332	-0.0063092966	-0.0047352216	-0.0069726170	-0.0065797274	-0.0053818679	-0.0041633148	-0.0074585598	-0.0065834991	-0.0037116605	-0.0058000358	-0.0081768886	-0.0070954194	-0.0079272228	-0.0075126148	-0.0062212882	-0.0072850478	-0.0070245159
-0.0026235620	-0.0045848143	-0.0064871747	-0.0037235136	-0.0021279102	-0.0030192401	-0.0066677084	-0.0057068558	-0.0059241306	-0.0032939988	-0.0043813528	-0.0024295219	-0.0047698777	-0.0029008304	-0.0034555290	-0.0050663020	-0.0029181590	0.0048433245	0.4635888545	-0.0052348021	-0.0062518631	-0.0063075393	0.0507058103	-0.0050636728	-0.0069443186	-0.0062327740	-0.0054552610	-0.0065652019	-0.0060938253	-0.0071753649	-0.0065074290	-0.0051051624	-0.0062697757	-0.0074702176	-0.0059423140	-0.0048833715	-0.0063974311	-0.0053898824	-0.0072507819	-0.0069544961	-0.0072687629	-0.0055240078	-0.0063418637	-0.0067629522	-0.0050844249	-0.0056942063	-0.0064276638	-0.0067380308	-0.0052490074	-0.0068674130	-0.0065297600	-0.0050032560	-0.0047195152	-0.0068900478	-0.0060237559	-0.0051413635	-0.0058797238	-0.0082231240	-0.0065848777	-0.0059319305	-0.0076185970	-0.0060347644	-0.0078848865	-0.0065859170	-0.0068876644	-0.0067182360	-0.0060561923	-0.0068040061	-0.0060570123	-0.0055707308	-0.0070795277	-0.0073901158	-0.0059692943	-0.0065655193	-0.0050506547	-0.0067156251	-0.0065822404	-0.0064620945	-0.0075586098	-0.0081261379	-0.0068554362	-0.0043220702	-0.0053628216	-0.0059485129	-0.0067172251	-0.0066101164	-0.0061161925	-0.0060782813	-0.0071041552	-0.0061655045	-0.0076781940
-0.0041903649	-0.0047434774	-0.0050181561	-0.0051142441	-0.0045534345	-0.0030145133	-0.0055166341	-0.0054914684	-0.0049960305	-0.0070350099	-0.0036292776	-0.0004869882	-0.0035153234	-0.0036353001	-0.0050500056	-0.0044484925	-0.0049912022	-0.0070475755	-0.0052348021	0.4982350049	-0.0058459998	-0.0054626827	-0.0039313452	-0.0059376409	-0.0033713483	-0.0056813940	-0.0048735070	-0.0059512918	-0.0058732093	-0.0041399537	-0.0066475872	-0.0043473307	-0.0064306718	-0.0055579472	-0.0067069094	-0.0053588572	-0.0033343703	-0.0057998733	-0.0055462514	-0.0040995425	-0.0060965408	-0.0065858300	-0.0066658154	-0.0063680148	-0.0027200976	-0.0063689361	-0.0058467993	-0.0047817589	-0.0059111609	-0.0061946609	-0.0057926648	-0.0067966960	-0.0067245614	-0.0066893791	-0.0066229037	-0.0064540642	-0.0059633075	-0.0059061619	-0.0059920015	-0.0056424657	-0.0066518350	-0.0050849769	-0.0080702947	-0.0082858125	-0.0067997717	-0.0065838435	-0.0060837096	-0.0061213751	-0.0051709172	-0.0066792463	-0.0065957907	-0.0062072804	-0.0044220462	-0.0063341308	-0.0056677856	-0.0081831420	-0.0083020578	-0.0049321924	-0.0050522026	-0.0064056022	-0.0049720990	-0.0063989435	-0.0031264110	-0.0050967411	-0.0075166240	-0.0044073576	-0.0048200659	-0.0040214460	-0.0060332701	-0.0051412478	-0.0063329514
-0.0027790460	-0.0046186965	-0.0048843812	-0.0023482874	-0.0038736567	-0.0045092702	-0.0066704224	-0.0055913676	-0.0051588754	0.0026888336	-0.0058291166	-0.0014135098	-0.0052221574	-0.0039048151	-0.0052201631	-0.0049876848	-0.0040392784	-0.0062601275	-0.0062518631	-0.0058459998	0.5154584053	-0.0043096802	-0.0065284971	-0.0032992094	-0.0035874186	-0.0061860930	-0.0050521881	-0.0048702550	-0.0054881275	-0.0074355521	-0.0066097299	-0.0062701056	-0.0067320999	-0.0070457787	-0.0071763023	-0.0064842417	-0.0046358256	-0.0075330703	-0.0066055173	-0.0077762803	-0.0066293613	-0.0056826049	-0.0068995657	-0.0058580944	-0.0056627601	-0.0050127664	-0.0052564206	-0.0061900428	-0.0057174633	-0.0051717318	-0.0059304448	-0.0068610769	-0.0065727738	-0.0076933760	-0.0072199513	-0.0063222543	-0.0047791355	-0.0065391294	-0.0056430056	-0.0055718439	-0.0092355512	-0.0070974132	-0.0058929410	-0.0064612991	-0.0070945941	-0.0062612439	-0.0048394456	-0.0054794074	-0.0063175860	-0.0048116305	-0.0073509588	-0.0052684371	-0.0082493614	-0.0056399125	-0.0063215372	-0.0058422269	-0.0066889216	-0.0063711001	-0.0072842596	-0.0075918713	-0.0063160488	-0.0068453921	-0.0074754580	-0.0050151683	-0.0071451293	-0.0065972589	-0.0054691735	-0.0049790742	-0.0042719067	-0.0038343494	-0.0058500868
-0.0061781969	-0.0044834479	-0.0050166775	-0.0051816219	-0.0051883459	-0.0049222097	-0.0051629731	-0.0053866762	-0.0068182505	-0.0062559263	-0.0037657397	-0.0036909462	-0.0046312158	-0.0041843276	-0.0015162313	-0.0033357488	-0.0047576703	-0.0067698501	-0.0063075393	-0.0054626827	-0.0043096802	0.5107799811	-0.0052213461	-0.0022195437	-0.0054151537	-0.0024370029	-0.0045028111	-0.0055402260	-0.0058632268	-0.0058585515	-0.0082384348	-0.0049227938	-0.0046100521	-0.0059655812	-0.0048301372	-0.0055338826	-0.0030917239	-0.0062621001	-0.0060298738	-0.0069867741	-0.0058615175	-0.0048002738	-0.0069852181	-0.0058104120	-0.0057625177	-0.0084525775	-0.0062212818	-0.0046348132	-0.0066161149	-0.0075032566	-0.0054972536	-0.0054382650	-0.0067656199	-0.0065849680	-0.0063953407	-0.0066063504	-0.0068394102	-0.0064309029	-0.0069986892	-0.0047330601	-0.0066313115	-0.0052180349	-0.0070670376	-0.0061761651	-0.0075789241	-0.0060785965	-0.0053652606	-0.0069306331	-0.0069744307	-0.0039573387	-0.0069029085	-0.0060681664	-0.0067901262	-0.0071254510	-0.0059211277	-0.0065556705	-0.0075457038	-0.0047350367	-0.0056566307	-0.0056353163	-0.0054815400	-0.0060410720	-0.0055417809	-0.0063567845	-0.0043751856	-0.0063485941	-0.0062160534	-0.0059561651	-0.0068294797	-0.0056588421	-0.0052675966
-0.0046950523	-0.0064447400	-0.0034882191	-0.0035868439	-0.0036972060	-0.0026800767	-0.0055990147	-0.0064570971	-0.0049633426	-0.0040767617	-0.0029047905	-0.0020986530	-0.0042977125	-0.0030035015	-0.0024473887	-0.0022998213	0.0022036454	0.0032746887	0.0507058103	-0.0039313452	-0.0065284971	-0.0052213461	0.4589999358	-0.0059763517	-0.0075238717	-0.0040731706	-0.0050725238	-0.0071639228	-0.0049402084	-0.0067897318	-0.0072899468	-0.0076553252	-0.0060407536	-0.0061265195	-0.0077758102	-0.0059416072	-0.0050570867	-0.0056204293	-0.0055510241	-0.0061855107	-0.0067779654	-0.0055760706	-0.0070327002	-0.0066837025	-0.0055571213	-0.0069256946	-0.0080728268	-0.0064626877	-0.0059605751	-0.0070909515	-0.0068685396	-0.0068634943	-0.0052587550	-0.0070586868	-0.0063795543	-0.0067762153	-0.0053685156	-0.0073684073	-0.0079489915	-0.0064220910	-0.0075000633	-0.0057066634	-0.0069500763	-0.0077713327	-0.0051827428	-0.0071446409	-0.0075425537	-0.0081701675	-0.0061788608	-0.0067881481	-0.0069037129	-0.0068672501	-0.0042548741	-0.0059060164	-0.0066464430	-0.0070258125	-0.0068577006	-0.0078874184	-0.0071391861	-0.0072909675	-0.0066183410	-0.0060104863	-0.0052650527	-0.0060216353	-0.0066944540	-0.0057005702	-0.0057958106	-0.0061131658	-0.0041403049	-0.0046255808	-0.0068252966
-0.0036455683	-0.0040828803	-0.0057959564	-0.0058817016	-0.0040665527	-0.0023446332	-0.0058998076	-0.0062017095	-0.0052686347	-0.0020542227	-0.0016000278	-0.0049300096	-0.0053508316	-0.0043656610	-0.0030533334	-0.0062750157	-0.0046310013	-0.0027682663	-0.0050636728	-0.0059376409	-0.0032992094	-0.0022195437	-0.0059763517	0.4831960783	-0.0048255404	-0.0057156942	-0.0028998896	-0.0068683640	-0.0050691278	-0.0061604887	-0.0055981365	-0.0041848525	-0.0059495390	-0.0064944957	-0.0071030988	-0.0044614478	-0.0036278962	-0.0062578036	-0.0069696576	-0.0046059634	-0.0051236123	-0.0057741627	-0.0039951848	-0.0068459161	-0.0066139847	-0.0053560650	-0.0062824093	-0.0076516567	-0.0049310040	-0.0052826043	-0.0059377827	-0.0060967113	-0.0051345484	-0.0066846527	-0.0048568382	-0.0045956300	-0.0052341708	-0.0061026722	-0.0067037732	-0.0064999422	-0.0061076843	-0.0071403951	-0.0057123894	-0.0062974677	-0.0083606836	-0.0064670446	-0.0059690900	-0.0077462294	-0.0057182609	-0.0054326941	-0.0039932814	-0.0053113329	-0.0047368215	-0.0054790603	-0.0060014494	-0.0063834431	-0.0059578031	-0.0066704185	-0.0059400151	-0.0076687339	-0.0053456252	-0.0049456678	-0.0062002730	-0.0047682140	-0.0050662277	-0.0057846714	-0.0053635204	-0.0053193005	-0.0046097218	-0.0044517561	-0.0050392520
-0.0062747193	-0.0040465373	-0.0060077900	-0.0035164761	-0.0047856613	-0.0042203685	-0.0049919098	-0.0077223668	-0.0051538366	-0.0056723986	-0.0056141747	-0.0052152096	-0.0044219456	-0.0039442503	-0.0064439997	-0.0059968906	-0.0054978634	-0.0054974090	-0.0069443186	-0.0033713483	-0.0035874186	-0.0054151537	-0.0075238717	-0.0048255404	0.5060463521	-0.0035338308	-0.0053844844	-0.0052710218	-0.0063105577	-0.0062346127	-0.0054916447	-0.0051210637	-0.0060767449	-0.0054014695	-0.0060134175	-0.0053395594	-0.0058870942	-0.0060310131	-0.0053337358	-0.0064821089	-0.0060988946	-0.0061711953	-0.0044600952	-0.0066115075	-0.0050159683	-0.0043387629	-0.0049530707	-0.0056935141	-0.0043940572	-0.0061510499	-0.0031868271	-0.0053017891	-0.0057894600	-0.0072414662	-0.0051055856	-0.0043641786	-0.0059384906	-0.0052564033	-0.0054429590	-0.0059792858	-0.0056962260	-0.0060314215	-0.0049734733	-0.0068476016	-0.0069380994	-0.0063009284	-0.0075513352	-0.0070893083	-0.0054961450	-0.0046787331	-0.0055740992	-0.0065731120	-0.0074749959	-0.0071668142	-0.0064987387	-0.0064680068	-0.0072218731	-0.0039325002	-0.0067352117	-0.0074288435	-0.0053358115	-0.0048928987	-0.0062595623	-0.0058678451	-0.0049375848	-0.0057036435	-0.0049433734	-0.0049721004	-0.0057246824	-0.0067322546	-0.0059007497
-0.0040417234	-0.0043245845	-0.0053273606	-0.0025086322	-0.0050764120	-0.0038362408	-0.0077323824	-0.0065815550	-0.0061460546	-0.0054543197	-0.0026735609	-0.0060441743	-0.0034225878	-0.0051894871	0.0261942634	-0.0036218768	-0.0038974272	-0.0058603209	-0.0062327740	-0.0056813940	-0.0061860930	-0.0024370029	-0.0040731706	-0.0057156942	-0.0035338308	0.4874359550	0.0000138844	-0.0062828033	-0.0067441917	-0.0075311128	-0.0060083846	-0.0063612131	-0.0063159460	-0.0046061570	-0.0066374426	-0.0042919819	-0.0058621831	-0.0057981716	-0.0054051629	-0.0075391508	-0.0076591705	-0.0052899910	-0.0066154435	-0.0054463760	-0.0061624891	-0.0071222999	-0.0067396748	-0.0055166260	-0.0066021156	-0.0060145069	-0.0057404766	-0.0054656024	-0.0068703544	-0.0056413260	-0.0039369151	-0.0068274413	-0.0049352997	-0.0064881438	-0.0065744704	-0.0061395370	-0.0068869231	-0.0074573443	-0.0062716102	-0.0073874821	-0.0076711878	-0.0054560735	-0.0059471219	-0.0064300387	-0.0053572636	-0.0075020982	-0.0063189055	-0.0077653787	-0.0059009593	-0.0070637838	-0.0066712115	-0.0067030739	-0.0071596006	-0.0062619068	-0.0066288658	-0.0073749350	-0.0060444001	-0.0051708148	-0.0069968616	-0.0053426229	-0.0053322199	-0.0069236994	-0.0061664499	-0.0047042366	-0.0047842384	-0.0045863774	-0.0066055964
-0.0054843455	-0.0044350250	-0.0035214371	-0.0032981142	-0.0031440676	-0.0006805667	-0.0039291529	-0.0064576385	-0.0050671419	-0.0019669643	-0.0040046573	-0.0036875656	-0.0036424630	-0.0041044815	0.0009419985	0.0022524342	-0.0039271355	-0.0014087396	-0.0054552610	-0.0048735070	-0.0050521881	-0.0045028111	-0.0050725238	-0.0028998896	-0.0053844844	0.0000138844	0.4318876304	-0.0043245926	-0.0038809351	-0.0059909708	-0.0048329212	-0.0046490438	-0.0071058283	-0.0045686534	-0.0056035933	-0.0043955159	-0.0048058480	-0.0051413465	-0.0049642201	-0.0059459351	-0.0066652637	-0.0055723357	-0.0060395557	-0.0051539533	-0.0052606791	-0.0057086980	-0.0055256445	-0.0040245621	-0.0041207427	-0.0040265415	-0.0051424379	-0.0079327801	-0.0059933689	-0.0045916595	-0.0059358114	-0.0050371610	-0.0057641159	-0.0051143749	-0.0053061617	-0.0060751219	-0.0062765412	-0.0066892546	-0.0046289972	-0.0059614680	-0.0055307670	-0.0057494397	-0.0059180572	-0.0068086707	-0.0049470974	-0.0041694154	-0.0073557843	-0.0054343788	-0.0067455747	-0.0049610887	-0.0055922489	-0.0057489169	-0.0054312375	-0.0051282266	-0.0059575075	-0.0028741612	-0.0056849454	-0.0058065600	-0.0044306071	-0.0054579887	-0.0043069074	-0.0046792746	-0.0052868736	-0.0050637843	-0.0064496040	-0.0033485930	-0.0054714409
-0.0068482042	-0.0077092168	-0.0064107815	-0.0058130669	-0.0062022192	-0.0062959758	-0.0054997050	-0.0062507708	-0.0054814598	-0.0058425823	-0.0038241942	-0.0049810142	-0.0063463180	-0.0055653549	-0.0052101707	-0.0066772037	-0.0059507009	-0.0061539829	-0.0065652019	-0.0059512918	-0.0048702550	-0.0055402260	-0.0071639228	-0.0068683640	-0.0052710218	-0.0062828033	-0.0043245926	0.5160557458	-0.0055731055	-0.0054965904	-0.0055540891	-0.0057774496	-0.0050634128	-0.0056211193	-0.0059975516	-0.0055910781	-0.0054222364	-0.0049189306	-0.0036477558	-0.0050322801	-0.0052718733	-0.0051020630	-0.0058738483	-0.0045573295	-0.0055040964	-0.0047646395	-0.0052990476	-0.0041690278	-0.0057259020	-0.0036129100	-0.0056198814	-0.0067952143	-0.0057858637	-0.0070977180	-0.0044153718	-0.0052124572	-0.0054058593	-0.0044133081	-0.0060569362	-0.0060422485	-0.0076593867	-0.0072314761	-0.0045354813	-0.0068338227	-0.0076590678	-0.0058493815	-0.0052313078	-0.0062732378	-0.0063573621	-0.0061813383	-0.0074500255	-0.0053752309	-0.0060299010	-0.0058208303	-0.0068657714	-0.0060629533	-0.0066333269	-0.0058934094	-0.0069151246	-0.0054982786	-0.0047909974	-0.0061133410	-0.0045739593	-0.0059637823	-0.0066352220	-0.0064941275	-0.0040819415	-0.0049598647	-0.0051603695	-0.0046767176	-0.0059269128
-0.0045534754	-0.0064744173	-0.0051774701	-0.0059841031	-0.0053460766	-0.0057326463	-0.0050963194	-0.0046954133	-0.0047282144	-0.0049894936	-0.0051489823	-0.0068051813	-0.0055792143	-0.0063568954	-0.0045964502	-0.0058570544	-0.0052491522	-0.0064144559	-0.0060938253	-0.0058732093	-0.0054881275	-0.0058632268	-0.0049402084	-0.0050691278	-0.0063105577	-0.0067441917	-0.0038809351	-0.0055731055	0.4843373307	-0.0049435822	-0.0056490063	-0.0053500152	-0.0073167539	-0.0028736998	-0.0050576139	-0.0039868101	-0.0046461774	-0.0049989026	-0.0058897287	-0.0039513278	-0.0055630937	-0.0046855329	-0.0048318277	-0.0060565374	-0.0047206535	-0.0040181470	-0.0053822493	-0.0048255686	-0.0049123058	-0.0051426147	-0.0052913119	-0.0064274916	-0.0052698485	-0.0037582438	-0.0049294264	-0.0050067134	-0.0042980291	-0.0061675131	-0.0051239966	-0.0051359735	-0.0070221825	-0.0048795358	-0.0053394767	-0.0049562772	-0.0051918261	-0.0059337933	-0.0050400250	-0.0074291915	-0.0056837152	-0.0048147652	-0.0061618570	-0.0054703803	-0.0064012791	-0.0064181338	-0.0059648729	-0.0048453711	-0.0050821641	-0.0061632488	-0.0079736241	-0.0066060069	-0.0056061974	-0.0051527220	-0.0053127525	-0.0044465895	-0.0063364092	-0.0052845359	-0.0059071498	-0.0052995373	-0.0044436927	-0.0035425364	-0.0047952547
-0.0058529232	-0.0050349154	-0.0051976358	-0.0071673980	-0.0060966025	-0.0055264703	-0.0057180355	-0.0066268000	-0.0078716432	-0.0063427375	-0.0059502504	-0.0064316705	-0.0059695794	-0.0059260013	-0.0048323727	-0.0054291762	-0.0061609381	-0.0063375446	-0.0071753649	-0.0041399537	-0.0074355521	-0.0058585515	-0.0067897318	-0.0061604887	-0.0062346127	-0.0075311128	-0.0059909708	-0.0054965904	-0.0049435822	0.5101327206	-0.0057340547	-0.0053336550	-0.0051624689	-0.0063669456	-0.0056090931	-0.0033701614	-0.0049269679	-0.0054547809	-0.0063542968	-0.0060325561	-0.0055139110	-0.0059141264	-0.0051258760	-0.0064694152	-0.0047182271	-0.0054203101	-0.0044480787	-0.0052529305	-0.0032590385	-0.0048107567	-0.0061953875	-0.0045734020	-0.0046981420	-0.0049466124	-0.0054216715	-0.0043695997	-0.0029594137	-0.0054618317	-0.0057217172	-0.0066658824	-0.0062815992	-0.0055489109	-0.0060730997	-0.0071150429	-0.0054806476	-0.0063528454	-0.0074878418	-0.0058272067	-0.0044307855	-0.0041867040	-0.0047194752	-0.0066825053	-0.0052214390	-0.0061213813	-0.0055924647	-0.0060884251	-0.0059907814	-0.0058649493	-0.0058403986	-0.0061404902	-0.0072756248	-0.0066754487	-0.0058294356	-0.0059866315	-0.0055609409	-0.0053671462	-0.0047579436	-0.0053034547	-0.0047260003	-0.0044819886	-0.0046005952
-0.0045328871	-0.0055993361	-0.0068328408	-0.0062459959	-0.0052833580	-0.0047892446	-0.0057119422	-0.0066556141	-0.0058455173	-0.0055433531	-0.0040380893	-0.0054152784	-0.0055766829	-0.0057638743	-0.0068653851	-0.0059457408	-0.0059984631	-0.0068755580	-0.0065074290	-0.0066475872	-0.0066097299	-0.0082384348	-0.0072899468	-0.0055981365	-0.0054916447	-0.0060083846	-0.0048329212	-0.0055540891	-0.0056490063	-0.0057340547	0.5072296977	-0.0051629628	-0.0057873402	-0.0054963972	-0.0051692765	-0.0054050157	-0.0040511944	-0.0055651256	-0.0043611897	-0.0050034483	-0.0050488865	-0.0052312516	-0.0055695452	-0.0066295447	-0.0057359204	-0.0048781172	-0.0058514402	-0.0039490700	-0.0043357047	-0.0049373634	-0.0056252322	-0.0052241101	-0.0053448090	-0.0068496691	-0.0062333552	-0.0045289769	-0.0047738948	-0.0043098620	-0.0044602835	-0.0048994086	-0.0052990309	-0.0054510419	-0.0069119066	-0.0062703993	-0.0065609528	-0.0032419179	-0.0062667611	-0.0066393430	-0.0055052901	-0.0049262935	-0.0071659488	-0.0056859251	-0.0061608083	-0.0054522662	-0.0073258393	-0.0043630796	-0.0049965506	-0.0045150117	-0.0054671046	-0.0068581216	-0.0057899659	-0.0047456624	-0.0074735635	-0.0054449840	-0.0064327248	-0.0059933023	-0.0042814379	-0.0059955892	-0.0047700210	-0.0061679902	-0.0069719424
