0.4823650098	-0.0031307302	-0.0039948526	-0.0048627766	-0.0038351397	-0.0045706100	-0.0055672480	-0.0062048006	-0.0067963923	-0.0045333156	-0.0037599375	-0.0039328881	0.0016949457	-0.0051071950	-0.0043688055	-0.0036112071	-0.0029972434	-0.0034352639	-0.0025380689	-0.0039044406	-0.0027295791	-0.0064714286	-0.0047372589	-0.0035891458	-0.0062456129	-0.0038662248	-0.0052211025	-0.0070186908	-0.0042789583	-0.0055909246	-0.0049016533	-0.0055965687	-0.0063694130	-0.0062549862	-0.0041824315	-0.0039050054	-0.0035257769	-0.0054416002	-0.0066463994	-0.0081640621	-0.0064489844	-0.0062683669	-0.0040888289	-0.0077780454	-0.0057681363	-0.0046425460	-0.0065847458	-0.0061083939	-0.0053762565	-0.0064555223	-0.0072890088	-0.0058463321	-0.0076199442	-0.0060622516	-0.0063033117	-0.0069825858	-0.0048528399	-0.0054337258	-0.0049894751	-0.0063853361	-0.0058510407	-0.0054352294	-0.0041608263	-0.0060786638	-0.0066346938	-0.0060224152	-0.0057985677	-0.0051333277	-0.0056335128	-0.0057747958	-0.0055105828	-0.0061250732	-0.0056771726	-0.0047080739	-0.0061054821	-0.0052228010	-0.0063175496	-0.0053890710	-0.0060964095	-0.0074139045	-0.0080087682	-0.0066564715	-0.0064080942	-0.0047510913	-0.0062517493	-0.0059025390	-0.0051652731	-0.0049482521	-0.0062936964	-0.0054602512	-0.0059522003
-0.0031307302	0.5109970566	-0.0074698860	-0.0037549783	-0.0047146563	-0.0061585262	-0.0063693647	-0.0049520024	-0.0062390758	-0.0045884892	-0.0034491356	-0.0040813965	-0.0042823394	-0.0048396699	-0.0050120544	-0.0059573352	-0.0042628890	-0.0011513011	-0.0039898479	-0.0046369269	-0.0053706462	-0.0041555294	-0.0064517754	-0.0042317381	-0.0040907685	-0.0041548385	-0.0046903266	-0.0077846809	-0.0066519321	-0.0050948053	-0.0054675614	-0.0055721953	-0.0056727580	-0.0061795829	-0.0054666032	-0.0053406808	-0.0063254854	-0.0067975403	-0.0047044022	-0.0067964008	-0.0076329605	-0.0044946969	-0.0068052552	-0.0066495739	-0.0061407401	-0.0060692972	-0.0056171182	-0.0061886325	-0.0047922342	-0.0057174434	-0.0054138835	-0.0066709261	-0.0051116404	-0.0062516914	-0.0055019757	-0.0057769922	-0.0062223507	-0.0062146271	-0.0056906830	-0.0054423913	-0.0067965043	-0.0055900110	-0.0078698932	-0.0057431485	-0.0073295163	-0.0067721732	-0.0070198925	-0.0042304127	-0.0063243838	-0.0075683267	-0.0061284778	-0.0062340318	-0.0071674015	-0.0071464240	-0.0051571960	-0.0058269731	-0.0061170587	-0.0060332444	-0.0056824423	-0.0062221238	-0.0074327859	-0.0058775065	-0.0045151251	-0.0065039429	-0.0059173184	-0.0049646519	-0.0074858524	-0.0059222305	-0.0050372403	-0.0057119677	-0.0062228296
-0.0039948526	-0.0074698860	0.4991244597	0.0024357482	-0.0021029990	-0.0060863060	-0.0054586196	-0.0060704330	-0.0053827150	-0.0062734284	-0.0061960925	-0.0030816012	-0.0050231676	-0.0066583583	-0.0049831804	-0.0061088360	-0.0023084249	-0.0009673685	-0.0066563454	-0.0050154541	-0.0049387104	-0.0049102248	-0.0035124432	-0.0059236734	-0.0059057104	-0.0051444603	-0.0035103363	-0.0067547321	-0.0055425539	-0.0051493513	-0.0072621547	-0.0051006459	-0.0061282168	-0.0081376851	-0.0061940922	-0.0057222970	-0.0042443154	-0.0047683954	-0.0063821980	-0.0062216863	-0.0074978366	-0.0052659850	-0.0057443221	-0.0068970124	-0.0053620996	-0.0061501425	-0.0063282447	-0.0038960228	-0.0063104943	-0.0076500837	-0.0062215121	-0.0069481442	-0.0072262400	-0.0060464081	-0.0049103943	-0.0063015336	-0.0054741085	-0.0048600998	-0.0060710626	-0.0050026418	-0.0053294368	-0.0057569010	-0.0035713897	-0.0061268201	-0.0045769074	-0.0055199741	-0.0056279357	-0.0063559844	-0.0057010739	-0.0064021611	-0.0072132270	-0.0049067185	-0.0053529058	-0.0071376691	-0.0053158299	-0.0058333774	-0.0065931112	-0.0064782294	-0.0066990592	-0.0052189951	-0.0069736664	-0.0066125549	-0.0030200508	-0.0059907478	-0.0063138864	-0.0052483767	-0.0045948063	-0.0065829466	-0.0061506120	-0.0065581178	-0.0063403958
-0.0048627766	-0.0037549783	0.0024357482	0.5273934735	0.0036510234	-0.0029673701	-0.0077006009	-0.0070064157	-0.0072951490	-0.0038961530	-0.0063739106	-0.0032674643	-0.0050459529	-0.0040367649	-0.0029709495	-0.0062706074	-0.0038959077	-0.0054666239	-0.0040362241	-0.0053526867	-0.0022013596	-0.0053663396	-0.0040310642	-0.0060712241	-0.0039725022	-0.0027455885	-0.0030996182	-0.0055070577	-0.0060239661	-0.0071162666	-0.0061140858	-0.0062006163	-0.0059110364	-0.0070109825	-0.0061970821	-0.0053624177	-0.0038763487	-0.0059127248	-0.0067607164	-0.0061691758	-0.0087910557	-0.0065901086	-0.0051219041	-0.0059342200	-0.0057517668	-0.0066203427	-0.0061281278	-0.0073499948	-0.0054085887	-0.0078157819	-0.0066121885	-0.0067205133	-0.0066880208	-0.0078077870	-0.0075330463	-0.0066823653	-0.0061900920	-0.0050799622	-0.0068424414	-0.0069460650	-0.0080470051	-0.0065692737	-0.0058993987	-0.0071013396	-0.0074963109	-0.0062645119	-0.0066949700	-0.0074962502	-0.0073396839	-0.0072503884	-0.0067591192	-0.0080928080	-0.0074587578	-0.0076595232	-0.0071871816	-0.0072852964	-0.0080932205	-0.0074816681	-0.0065805732	-0.0066344611	-0.0076131228	-0.0062027539	-0.0065831797	-0.0073485539	-0.0057014877	-0.0041541218	-0.0063378084	-0.0077334212	-0.0042718112	-0.0057292715	-0.0059478892
-0.0038351397	-0.0047146563	-0.0021029990	0.0036510234	0.4849900950	-0.0062287242	-0.0059607889	-0.0046510128	-0.0040516954	-0.0027752721	-0.0037562482	-0.0040843205	-0.0049226859	-0.0005147081	-0.0054396951	-0.0037945288	-0.0025048740	-0.0041377614	-0.0026570337	-0.0049353837	-0.0040670608	-0.0051239153	-0.0036325943	-0.0041088741	-0.0049420121	-0.0050940723	-0.0030858943	-0.0061143015	-0.0055400094	-0.0062063248	-0.0051466594	-0.0047701818	-0.0064596439	-0.0063217062	-0.0065422735	-0.0058389655	-0.0051310089	-0.0056822617	-0.0067230672	-0.0065554986	-0.0056937747	-0.0044307058	-0.0062672664	-0.0081695689	-0.0062888820	-0.0063873631	-0.0057065347	-0.0060416784	-0.0074850772	-0.0038968069	-0.0053147760	-0.0052269895	-0.0062144301	-0.0058001603	-0.0062852451	-0.0067864343	-0.0046928465	-0.0073857658	-0.0062259084	-0.0063105808	-0.0068913342	-0.0055254534	-0.0057778241	-0.0057154179	-0.0076116620	-0.0044230966	-0.0060195652	-0.0055733378	-0.0062304021	-0.0066998361	-0.0052523477	-0.0059451683	-0.0060009207	-0.0071338901	-0.0067589722	-0.0071733247	-0.0067420947	-0.0077979606	-0.0058056844	-0.0060912001	-0.0074696505	-0.0070683644	-0.0055031676	-0.0048235905	-0.0060522751	-0.0060879877	-0.0056480618	-0.0056506452	-0.0043143640	-0.0054845350	-0.0066043353
-0.0045706100	-0.0061585262	-0.0060863060	-0.0029673701	-0.0062287242	0.4832847958	-0.0044581917	-0.0058815237	-0.0060563447	-0.0010911620	-0.0063111677	-0.0049104848	-0.0038827497	-0.0042754265	-0.0028803984	-0.0049417268	-0.0045956992	-0.0063006174	-0.0022893366	-0.0030251087	-0.0044347668	-0.0051085331	-0.0026041225	-0.0023892993	-0.0047478763	-0.0038909944	-0.0007727987	-0.0063911722	-0.0056588930	-0.0055366975	-0.0048284735	-0.0055238076	-0.0060128561	-0.0044239431	-0.0056358263	-0.0057590846	-0.0036615094	-0.0056140013	-0.0055812163	-0.0071873349	-0.0055630604	-0.0055635005	-0.0064497302	-0.0073194008	-0.0052957332	-0.0049151296	-0.0061759548	-0.0059950918	-0.0067686994	-0.0069750279	-0.0059101634	-0.0056989689	-0.0054804745	-0.0064623203	-0.0062854994	-0.0064379659	-0.0066632482	-0.0048056902	-0.0053083613	-0.0051435297	-0.0068296578	-0.0066804628	-0.0052331896	-0.0061474377	-0.0052104027	-0.0068081028	-0.0067418641	-0.0063681806	-0.0054370394	-0.0040357495	-0.0064505156	-0.0054736916	-0.0050587795	-0.0064042517	-0.0047817963	-0.0076178235	-0.0044986568	-0.0060427300	-0.0070823761	-0.0070977491	-0.0060006335	-0.0061407397	-0.0043585217	-0.0050591656	-0.0074286629	-0.0038663847	-0.0051222372	-0.0063704881	-0.0053687750	-0.0057335729	-0.0059429251
-0.0055672480	-0.0063693647	-0.0054586196	-0.0077006009	-0.0059607889	-0.0044581917	0.4991789815	-0.0010597200	0.0018604642	-0.0038980376	-0.0076938867	-0.0053013532	-0.0064139286	-0.0057185663	-0.0055668976	-0.0071896234	-0.0039971532	-0.0065735335	-0.0066199927	-0.0056074151	-0.0067772474	-0.0049932894	-0.0057590497	-0.0060584565	-0.0047787129	-0.0076615641	-0.0038855536	-0.0055518445	-0.0052172831	-0.0053716224	-0.0057635449	-0.0062170596	-0.0053177316	-0.0047653260	-0.0053128803	-0.0037840973	-0.0054723347	-0.0049090803	-0.0059802336	-0.0057649951	-0.0068019943	-0.0062440579	-0.0071698443	-0.0051578169	-0.0058759461	-0.0065821678	-0.0065865998	-0.0044248082	-0.0057662669	-0.0057646103	-0.0062512696	-0.0042696332	-0.0049510918	-0.0055989743	-0.0046393212	-0.0043429267	-0.0055479487	-0.0047268225	-0.0052628311	-0.0064285362	-0.0046352310	-0.0052595846	-0.0066077464	-0.0063489243	-0.0049895960	-0.0069775436	-0.0056127029	-0.0057305573	-0.0045459030	-0.0041412765	-0.0055056873	-0.0053842916	-0.0063314293	-0.0064583914	-0.0070757217	-0.0076391384	-0.0051204725	-0.0058694237	-0.0079500073	-0.0050711390	-0.0069130821	-0.0054008139	-0.0045401954	-0.0049502284	-0.0063673316	-0.0057177649	-0.0061892228	-0.0041095588	-0.0049151974	-0.0053125200	-0.0064784658
-0.0062048006	-0.0049520024	-0.0060704330	-0.0070064157	-0.0046510128	-0.0058815237	-0.0010597200	0.5107925606	-0.0029850623	-0.0053288705	-0.0056440663	-0.0078625559	-0.0055528070	-0.0045759937	-0.0066770732	-0.0066906421	-0.0044250021	-0.0057690542	-0.0057395027	-0.0055584119	-0.0050371355	-0.0055174038	-0.0065746592	-0.0064619027	-0.0075741063	-0.0067298637	-0.0062282141	-0.0063690252	-0.0045466130	-0.0066623404	-0.0064107858	-0.0044515780	-0.0045937663	-0.0063491866	-0.0063604411	-0.0048901984	-0.0054724084	-0.0062537506	-0.0063668866	-0.0056064837	-0.0048150463	-0.0031511904	-0.0067234802	-0.0054158399	-0.0053394218	-0.0054852805	-0.0056451892	-0.0053637792	-0.0056320629	-0.0042680549	-0.0072449825	-0.0071441873	-0.0059711711	-0.0054635200	-0.0062617992	-0.0045775848	-0.0044674557	-0.0056583269	-0.0060040690	-0.0048467150	-0.0061351957	-0.0071734696	-0.0051625571	-0.0058525155	-0.0059163541	-0.0055693496	-0.0046362450	-0.0047676755	-0.0055059486	-0.0066285285	-0.0072418079	-0.0045526957	-0.0062417323	-0.0051781655	-0.0060656271	-0.0071194460	-0.0066646325	-0.0048213667	-0.0056464643	-0.0048774599	-0.0054388390	-0.0072717707	-0.0055911755	-0.0063517158	-0.0072947071	-0.0060108940	-0.0048955194	-0.0056153472	-0.0048869575	-0.0056722423	-0.0054352989
-0.0067963923	-0.0062390758	-0.0053827150	-0.0072951490	-0.0040516954	-0.0060563447	0.0018604642	-0.0029850623	0.5020591865	-0.0062460283	-0.0048968703	-0.0053194489	-0.0054747291	-0.0065833109	-0.0056717713	-0.0067706969	-0.0053539000	-0.0059202031	-0.0059201397	-0.0047449020	-0.0049728827	-0.0068862669	-0.0047160927	-0.0050022758	-0.0052412230	-0.0060571603	-0.0053587368	-0.0054783103	-0.0047043308	-0.0080476433	-0.0058165194	-0.0060509840	-0.0060684817	-0.0062331638	-0.0053089993	-0.0035280624	-0.0035884499	-0.0072992544	-0.0071535019	-0.0060640333	-0.0046467813	-0.0045334459	-0.0068001930	-0.0055694117	-0.0053842844	-0.0060585248	-0.0061033087	-0.0048857044	-0.0055319412	-0.0069291760	-0.0049694031	-0.0057883375	-0.0056836254	-0.0070031382	-0.0037760546	-0.0067017208	-0.0053115407	-0.0067143312	-0.0062077922	-0.0076495330	-0.0047258546	-0.0053778016	-0.0047416225	-0.0058564601	-0.0068462462	-0.0056563801	-0.0053310500	-0.0064531604	-0.0054133557	-0.0047445990	-0.0064915257	-0.0059710202	-0.0063171497	-0.0060752672	-0.0068342352	-0.0058437885	-0.0069649712	-0.0046013797	-0.0065149075	-0.0043022687	-0.0064929286	-0.0062563531	-0.0055033416	-0.0055769534	-0.0053494756	-0.0038394521	-0.0047782118	-0.0043214292	-0.0062798452	-0.0053163659	-0.0036091947
-0.0045333156	-0.0045884892	-0.0062734284	-0.0038961530	-0.0027752721	-0.0010911620	-0.0038980376	-0.0053288705	-0.0062460283	0.4881266004	-0.0027959455	-0.0032421803	-0.0052123396	-0.0049384310	-0.0025018836	-0.0059095731	-0.0018152293	-0.0055429756	-0.0036384369	-0.0070069645	0.0023603148	-0.0059767939	-0.0043807306	-0.0023523528	-0.0057574872	-0.0055740226	-0.0019659379	-0.0056819751	-0.0051145815	-0.0064339714	-0.0053673514	-0.0070559996	-0.0074092446	-0.0067333014	-0.0075857405	-0.0063910570	-0.0073993851	-0.0061720044	-0.0066262799	-0.0045987962	-0.0048676296	-0.0045673275	-0.0066797896	-0.0066412840	-0.0042556367	-0.0068813743	-0.0062318903	-0.0053166508	-0.0051538719	-0.0041419097	-0.0062622921	-0.0068714424	-0.0049863969	-0.0054304710	-0.0066473288	-0.0064424248	-0.0037797982	-0.0063379450	-0.0067165858	-0.0057412207	-0.0059170608	-0.0062619433	-0.0061068268	-0.0054702525	-0.0077253554	-0.0056575443	-0.0064512407	-0.0071176668	-0.0057882530	-0.0075775534	-0.0060959646	-0.0058740613	-0.0068609209	-0.0052855693	-0.0061475696	-0.0055245013	-0.0065189361	-0.0052450934	-0.0059002749	-0.0057388944	-0.0059955205	-0.0067641699	-0.0057325850	-0.0054488331	-0.0058822510	-0.0051253917	-0.0059846866	-0.0057995288	-0.0064752274	-0.0048172741	-0.0054309653
-0.0037599375	-0.0034491356	-0.0061960925	-0.0063739106	-0.0037562482	-0.0063111677	-0.0076938867	-0.0056440663	-0.0048968703	-0.0027959455	0.4716406204	-0.0037414357	-0.0030111498	-0.0039644413	-0.0048661731	-0.0038826974	-0.0034789163	0.0004304302	-0.0046589113	-0.0036930008	-0.0058455709	-0.0034218440	-0.0028411610	-0.0018044473	-0.0055979347	-0.0029248638	-0.0039257999	-0.0036584840	-0.0051092851	-0.0059157887	-0.0038019035	-0.0058759642	-0.0055509363	-0.0067133548	-0.0064525783	-0.0053824028	-0.0044771835	-0.0079967394	-0.0074464660	-0.0055140633	-0.0062186732	-0.0043266975	-0.0058814169	-0.0060866083	-0.0042451468	-0.0054736123	-0.0055703955	-0.0033633344	-0.0073138307	-0.0035122113	-0.0061453374	-0.0049505891	-0.0065460631	-0.0060399232	-0.0047647180	-0.0064507652	-0.0038179514	-0.0057731985	-0.0055823219	-0.0069920083	-0.0067892825	-0.0075638573	-0.0055914941	-0.0047925025	-0.0061932590	-0.0044380688	-0.0058641703	-0.0069378735	-0.0060859037	-0.0040997768	-0.0069664315	-0.0057994517	-0.0059219646	-0.0054951105	-0.0084885674	-0.0058793155	-0.0055420394	-0.0071255102	-0.0060744689	-0.0058067426	-0.0064886608	-0.0056067849	-0.0039366275	-0.0058598163	-0.0062785353	-0.0055630426	-0.0046753989	-0.0050695467	-0.0045591885	-0.0063938350	-0.0046982624
-0.0039328881	-0.0040813965	-0.0030816012	-0.0032674643	-0.0040843205	-0.0049104848	-0.0053013532	-0.0078625559	-0.0053194489	-0.0032421803	-0.0037414357	0.4868289151	-0.0016521745	-0.0025153489	-0.0053949483	-0.0048959488	-0.0035180294	-0.0049357314	-0.0024808413	-0.0003951849	-0.0012867420	-0.0034302375	-0.0023531890	-0.0049357938	-0.0052334906	-0.0061861439	-0.0037705802	-0.0049642922	-0.0065964472	-0.0067073483	-0.0054339767	-0.0064409884	-0.0064215552	-0.0063276081	-0.0066458308	-0.0053217353	-0.0047597608	-0.0044812554	-0.0072703542	-0.0054590759	-0.0077246553	-0.0058447760	-0.0066643003	-0.0068920609	-0.0053516557	-0.0046991934	-0.0061468029	-0.0071760276	-0.0065771541	-0.0050923526	-0.0049024249	-0.0062829234	-0.0052692653	-0.0072735962	-0.0082231644	-0.0049452318	-0.0042645594	-0.0067545135	-0.0059942153	-0.0064937303	-0.0067976684	-0.0045065092	-0.0048546150	-0.0055303704	-0.0064055580	-0.0053009951	-0.0065087738	-0.0067485080	-0.0068377081	-0.0048365142	-0.0080230059	-0.0056439642	-0.0063894200	-0.0061613015	-0.0049316344	-0.0067278479	-0.0058960300	-0.0059944673	-0.0066472224	-0.0063486387	-0.0071127668	-0.0059591268	-0.0056549603	-0.0059971421	-0.0066063782	-0.0037354923	-0.0049822756	-0.0049197177	-0.0062957796	-0.0057549022	-0.0075072754
0.0016949457	-0.0042823394	-0.0050231676	-0.0050459529	-0.0049226859	-0.0038827497	-0.0064139286	-0.0055528070	-0.0054747291	-0.0052123396	-0.0030111498	-0.0016521745	0.5028460855	-0.0060416478	-0.0057294358	-0.0050780307	-0.0035880452	-0.0046821590	-0.0048435256	-0.0036730078	-0.0047970402	-0.0044841100	-0.0040001949	-0.0054942871	-0.0044206628	-0.0036362807	-0.0034229706	-0.0062616785	-0.0056648490	-0.0060720969	-0.0057460601	-0.0061511535	-0.0067070040	-0.0065150576	-0.0060586237	-0.0036262148	-0.0043493320	-0.0055899158	-0.0055711475	-0.0057146458	-0.0056784542	-0.0063745357	-0.0067356514	-0.0062177465	-0.0065228285	-0.0044448594	-0.0060190196	-0.0050795690	-0.0044821444	-0.0058368795	-0.0063869168	-0.0066140113	-0.0063241296	-0.0067059572	-0.0071931259	-0.0073787944	-0.0066934191	-0.0052419494	-0.0059212807	-0.0045169115	-0.0066956442	-0.0067333970	-0.0066161335	-0.0067196266	-0.0068782111	-0.0046397274	-0.0081562448	-0.0080788938	-0.0057613877	-0.0052088655	-0.0074636131	-0.0065356034	-0.0059876307	-0.0070564211	-0.0069468556	-0.0054002865	-0.0056184622	-0.0070752025	-0.0070782726	-0.0063570444	-0.0057003513	-0.0069141796	-0.0056127501	-0.0056855236	-0.0055538316	-0.0058679284	-0.0034531814	-0.0069723230	-0.0058072394	-0.0062286358	-0.0069761775
-0.0051071950	-0.0048396699	-0.0066583583	-0.0040367649	-0.0005147081	-0.0042754265	-0.0057185663	-0.0045759937	-0.0065833109	-0.0049384310	-0.0039644413	-0.0025153489	-0.0060416478	0.4720720180	-0.0033586080	-0.0026230033	0.0001915672	-0.0042581613	-0.0026907842	-0.0035329806	-0.0041008156	-0.0040669889	-0.0032521027	-0.0042003072	-0.0041205846	-0.0051175335	-0.0041055216	-0.0055400620	-0.0061113199	-0.0059008313	-0.0057323611	-0.0050965069	-0.0048258026	-0.0064645230	-0.0053102785	-0.0035272670	-0.0049062304	-0.0061478490	-0.0064294270	-0.0072828577	-0.0045297670	-0.0060483165	-0.0047714055	-0.0056478758	-0.0049562016	-0.0061246700	-0.0068263052	-0.0055256506	-0.0036615293	-0.0044874118	-0.0069323444	-0.0058197557	-0.0049016330	-0.0047827419	-0.0041669696	-0.0058805549	-0.0038383397	-0.0063247261	-0.0067146901	-0.0075173187	-0.0063808732	-0.0058234573	-0.0059690449	-0.0063286329	-0.0067803249	-0.0058347657	-0.0051034557	-0.0065063083	-0.0076841894	-0.0050701033	-0.0063408443	-0.0053273838	-0.0055378984	-0.0061373553	-0.0074233041	-0.0072322033	-0.0057048314	-0.0059694920	-0.0064213353	-0.0061618371	-0.0067029603	-0.0057586333	-0.0048886103	-0.0046332122	-0.0061321027	-0.0060777519	-0.0050686280	-0.0050074280	-0.0049285893	-0.0053120135	-0.0060852366
-0.0043688055	-0.0050120544	-0.0049831804	-0.0029709495	-0.0054396951	-0.0028803984	-0.0055668976	-0.0066770732	-0.0056717713	-0.0025018836	-0.0048661731	-0.0053949483	-0.0057294358	-0.0033586080	0.4405115298	-0.0006417814	-0.0049614382	-0.0048761698	-0.0032937297	-0.0047956673	-0.0049618044	-0.0015573809	-0.0022363506	-0.0030214277	-0.0063388878	0.0256915517	0.0009368103	-0.0054164707	-0.0046797721	-0.0045882965	-0.0069068047	-0.0055147490	-0.0067703374	-0.0049001353	-0.0063589249	-0.0050043808	-0.0049414632	-0.0055132225	-0.0064643249	-0.0055423014	-0.0074698197	-0.0066995649	-0.0040864022	-0.0050118561	-0.0062481617	-0.0080377295	-0.0042157513	-0.0075413496	-0.0049979245	-0.0041003698	-0.0060790621	-0.0059942824	-0.0050702835	-0.0044665110	-0.0049452142	-0.0062519198	-0.0059751336	-0.0056963480	-0.0061665741	-0.0061435845	-0.0073563885	-0.0048563873	-0.0065382323	-0.0058227377	-0.0048889334	-0.0060573933	-0.0058855005	-0.0059998972	-0.0064009296	-0.0050232814	-0.0058332790	-0.0064720845	-0.0050989136	-0.0055337767	-0.0051836150	-0.0063880610	-0.0063212109	-0.0059906433	-0.0071534106	-0.0057114900	-0.0051959077	-0.0057354729	-0.0049218725	-0.0057314460	-0.0062125774	-0.0047853680	-0.0051222514	-0.0050080507	-0.0047684880	-0.0048695579	-0.0063671953
-0.0036112071	-0.0059573352	-0.0061088360	-0.0062706074	-0.0037945288	-0.0049417268	-0.0071896234	-0.0066906421	-0.0067706969	-0.0059095731	-0.0038826974	-0.0048959488	-0.0050780307	-0.0026230033	-0.0006417814	0.5045380384	-0.0058153974	-0.0020165147	-0.0049231706	-0.0042838044	-0.0052913668	-0.0036287265	-0.0023863406	-0.0061440057	-0.0056222013	-0.0039668479	0.0023773238	-0.0067168111	-0.0056391227	-0.0053797623	-0.0061916901	-0.0057424071	-0.0058332744	-0.0040420229	-0.0066809158	-0.0053691984	-0.0039649314	-0.0045852268	-0.0075790992	-0.0065244027	-0.0067522022	-0.0070563149	-0.0077630299	-0.0059354356	-0.0057293299	-0.0075918569	-0.0059997286	-0.0060670726	-0.0063607438	-0.0045783342	-0.0059809923	-0.0050006814	-0.0068406704	-0.0063692343	-0.0057000389	-0.0048014699	-0.0049297701	-0.0066675708	-0.0051903892	-0.0056898886	-0.0077042554	-0.0049977827	-0.0064440439	-0.0082006218	-0.0069308332	-0.0068326561	-0.0069113935	-0.0062763218	-0.0065276358	-0.0068746893	-0.0058800588	-0.0061818584	-0.0057568902	-0.0057934555	-0.0065179138	-0.0053936017	-0.0049921788	-0.0070880429	-0.0072340135	-0.0067251332	-0.0069081057	-0.0072815840	-0.0060846750	-0.0042491553	-0.0057765427	-0.0049889492	-0.0053400620	-0.0056553410	-0.0061917984	-0.0054949781	-0.0059825565
-0.0029972434	-0.0042628890	-0.0023084249	-0.0038959077	-0.0025048740	-0.0045956992	-0.0039971532	-0.0044250021	-0.0053539000	-0.0018152293	-0.0034789163	-0.0035180294	-0.0035880452	0.0001915672	-0.0049614382	-0.0058153974	0.4546991916	-0.0059935085	-0.0027433295	-0.0048942034	-0.0042485801	-0.0048932753	0.0019158646	-0.0048319803	-0.0055769611	-0.0041312096	-0.0041724021	-0.0060319215	-0.0050747651	-0.0057936191	-0.0061938818	-0.0070569400	-0.0052424697	-0.0065055765	-0.0047435787	-0.0031873666	-0.0049844832	-0.0048601579	-0.0068456931	-0.0059417926	-0.0059876274	-0.0044016525	-0.0039429116	-0.0048347233	-0.0059982228	-0.0065868860	-0.0049436386	-0.0045167834	-0.0053563566	-0.0053182984	-0.0051957836	-0.0052136044	-0.0045332765	-0.0036568714	-0.0059684512	-0.0047893472	-0.0058322134	-0.0054699946	-0.0051031321	-0.0061529971	-0.0070317593	-0.0054758360	-0.0072353933	-0.0046350003	-0.0075076630	-0.0061331320	-0.0057834721	-0.0066533379	-0.0046537602	-0.0054665747	-0.0062613446	-0.0059430134	-0.0052279083	-0.0061519697	-0.0060151958	-0.0058275345	-0.0062296286	-0.0059118683	-0.0054190115	-0.0054230253	-0.0075367500	-0.0044636458	-0.0053983187	-0.0057875749	-0.0066046325	-0.0035623765	-0.0059962449	-0.0057815415	-0.0058418764	-0.0041610726	-0.0074175438
-0.0034352639	-0.0011513011	-0.0009673685	-0.0054666239	-0.0041377614	-0.0063006174	-0.0065735335	-0.0057690542	-0.0059202031	-0.0055429756	0.0004304302	-0.0049357314	-0.0046821590	-0.0042581613	-0.0048761698	-0.0020165147	-0.0059935085	0.5049067619	0.0048372760	-0.0068825893	-0.0062973316	-0.0064761136	0.0030177039	-0.0029678170	-0.0052359772	-0.0056871828	-0.0012320408	-0.0062746232	-0.0065083774	-0.0068438168	-0.0066544146	-0.0022731918	-0.0065938597	-0.0077680428	-0.0071833985	-0.0048700116	-0.0053826341	-0.0056242365	-0.0064908467	-0.0088142259	-0.0078031865	-0.0060472992	-0.0069643564	-0.0053708391	-0.0070468811	-0.0084157744	-0.0056830230	-0.0034500285	-0.0046428928	-0.0066891525	-0.0054738395	-0.0074916181	-0.0069744222	-0.0059959101	-0.0049272431	-0.0072315786	-0.0045449372	-0.0080571070	-0.0062425305	-0.0050263936	-0.0057437154	-0.0059625065	-0.0070839062	-0.0077746254	-0.0066499771	-0.0063510892	-0.0071175402	-0.0072816140	-0.0048993444	-0.0055513337	-0.0073282624	-0.0068341500	-0.0072998024	-0.0068465249	-0.0066966578	-0.0046948911	-0.0068444196	-0.0066907170	-0.0054619192	-0.0042530130	-0.0074407909	-0.0062617521	-0.0035438789	-0.0057332289	-0.0080171528	-0.0069963055	-0.0076493733	-0.0073415915	-0.0062774520	-0.0073740765	-0.0070238676
-0.0025380689	-0.0039898479	-0.0066563454	-0.0040362241	-0.0026570337	-0.0022893366	-0.0066199927	-0.0057395027	-0.0059201397	-0.0036384369	-0.0046589113	-0.0024808413	-0.0048435256	-0.0026907842	-0.0032937297	-0.0049231706	-0.0027433295	0.0048372760	0.4636674746	-0.0050016777	-0.0064825234	-0.0064729585	0.0508912336	-0.0049771792	-0.0071864525	-0.0064463571	-0.0052500754	-0.0064298369	-0.0059012813	-0.0069108462	-0.0066397691	-0.0053392810	-0.0061889979	-0.0078896340	-0.0059978856	-0.0047360592	-0.0064323780	-0.0052307212	-0.0069071963	-0.0069681010	-0.0073855973	-0.0054275209	-0.0062285117	-0.0068015980	-0.0048992098	-0.0054704766	-0.0064035002	-0.0069189313	-0.0053687655	-0.0074210870	-0.0065594804	-0.0050820078	-0.0046514454	-0.0066316242	-0.0060725637	-0.0051291861	-0.0061820670	-0.0081092615	-0.0064408706	-0.0059276108	-0.0075593677	-0.0064770383	-0.0080984490	-0.0065865546	-0.0068431016	-0.0065429819	-0.0057791817	-0.0066390984	-0.0058538396	-0.0052564268	-0.0071529246	-0.0075843545	-0.0059632922	-0.0068934321	-0.0048467642	-0.0068564087	-0.0067272041	-0.0065885220	-0.0073862626	-0.0081451061	-0.0070487396	-0.0043602191	-0.0055126322	-0.0058771462	-0.0072205709	-0.0064830041	-0.0060790066	-0.0058184422	-0.0066177320	-0.0061923906	-0.0081860420
-0.0039044406	-0.0046369269	-0.0050154541	-0.0053526867	-0.0049353837	-0.0030251087	-0.0056074151	-0.0055584119	-0.0047449020	-0.0070069645	-0.0036930008	-0.0003951849	-0.0036730078	-0.0035329806	-0.0047956673	-0.0042838044	-0.0048942034	-0.0068825893	-0.0050016777	0.4980617079	-0.0058051491	-0.0054569615	-0.0042973738	-0.0056842559	-0.0030593271	-0.0055387531	-0.0048781611	-0.0059754114	-0.0060094747	-0.0043945032	-0.0061101030	-0.0041409613	-0.0062546476	-0.0055737221	-0.0064211228	-0.0053839728	-0.0032570840	-0.0055990807	-0.0052184147	-0.0039315550	-0.0061515984	-0.0061628250	-0.0064412350	-0.0061343100	-0.0030595912	-0.0063054044	-0.0059367846	-0.0047921027	-0.0059673204	-0.0061078393	-0.0055848693	-0.0071875887	-0.0067211011	-0.0068629872	-0.0065829606	-0.0066587615	-0.0059001836	-0.0062242712	-0.0059386865	-0.0058141841	-0.0067696322	-0.0052774958	-0.0080975915	-0.0084848962	-0.0069494652	-0.0063986576	-0.0059796008	-0.0059737889	-0.0049379356	-0.0065310272	-0.0067368857	-0.0063275560	-0.0045624709	-0.0064156765	-0.0056699570	-0.0083244396	-0.0084393220	-0.0047266725	-0.0050201022	-0.0066661971	-0.0048101081	-0.0063290397	-0.0033968093	-0.0049902467	-0.0074810185	-0.0049345099	-0.0047862041	-0.0042279637	-0.0062035352	-0.0057892816	-0.0063591707
-0.0027295791	-0.0053706462	-0.0049387104	-0.0022013596	-0.0040670608	-0.0044347668	-0.0067772474	-0.0050371355	-0.0049728827	0.0023603148	-0.0058455709	-0.0012867420	-0.0047970402	-0.0041008156	-0.0049618044	-0.0052913668	-0.0042485801	-0.0062973316	-0.0064825234	-0.0058051491	0.5155493782	-0.0047564087	-0.0065955577	-0.0034232340	-0.0035995478	-0.0062021995	-0.0049420366	-0.0047807497	-0.0054379550	-0.0071755021	-0.0069552665	-0.0059102301	-0.0067466790	-0.0072753655	-0.0069770006	-0.0063738307	-0.0046907411	-0.0077292321	-0.0065875863	-0.0078426299	-0.0066855855	-0.0058186132	-0.0070595119	-0.0057292674	-0.0056343137	-0.0050542854	-0.0053328966	-0.0062338822	-0.0056135821	-0.0047382641	-0.0058636959	-0.0068437000	-0.0065710815	-0.0078880188	-0.0073390336	-0.0065475413	-0.0042321917	-0.0062823712	-0.0055916958	-0.0055531007	-0.0094177823	-0.0069145804	-0.0057959575	-0.0066471925	-0.0069871363	-0.0063756482	-0.0049700638	-0.0057014837	-0.0061507494	-0.0052788804	-0.0072705349	-0.0051525913	-0.0081609703	-0.0054810745	-0.0062011681	-0.0058931348	-0.0066036685	-0.0060414430	-0.0075158131	-0.0075640669	-0.0060206647	-0.0068073989	-0.0072809463	-0.0049397683	-0.0071707157	-0.0064302441	-0.0054801617	-0.0047801496	-0.0044790304	-0.0038201796	-0.0063157958
-0.0064714286	-0.0041555294	-0.0049102248	-0.0053663396	-0.0051239153	-0.0051085331	-0.0049932894	-0.0055174038	-0.0068862669	-0.0059767939	-0.0034218440	-0.0034302375	-0.0044841100	-0.0040669889	-0.0015573809	-0.0036287265	-0.0048932753	-0.0064761136	-0.0064729585	-0.0054569615	-0.0047564087	0.5109125220	-0.0050281837	-0.0024492251	-0.0052834125	-0.0023461936	-0.0041289011	-0.0055696322	-0.0057723883	-0.0059577210	-0.0084494692	-0.0052072499	-0.0047548203	-0.0062244633	-0.0048326952	-0.0058291729	-0.0029945625	-0.0062626559	-0.0057588421	-0.0073635841	-0.0061209539	-0.0052291140	-0.0067199959	-0.0057530118	-0.0057757953	-0.0084012128	-0.0060377760	-0.0044791048	-0.0061359914	-0.0077875933	-0.0054400121	-0.0053876933	-0.0065524297	-0.0064222968	-0.0062675840	-0.0067475885	-0.0067932082	-0.0064325641	-0.0067338719	-0.0047569046	-0.0064112916	-0.0054896247	-0.0074282493	-0.0058618926	-0.0076000768	-0.0059015361	-0.0053436365	-0.0070601479	-0.0069057587	-0.0040823652	-0.0071503549	-0.0059718323	-0.0068524263	-0.0070786786	-0.0061925209	-0.0064601751	-0.0077775600	-0.0047911730	-0.0057327564	-0.0055669887	-0.0052865166	-0.0058808926	-0.0051653927	-0.0066868626	-0.0043038928	-0.0063746316	-0.0061620852	-0.0061673226	-0.0069416305	-0.0057854286	-0.0051562149
-0.0047372589	-0.0064517754	-0.0035124432	-0.0040310642	-0.0036325943	-0.0026041225	-0.0057590497	-0.0065746592	-0.0047160927	-0.0043807306	-0.0028411610	-0.0023531890	-0.0040001949	-0.0032521027	-0.0022363506	-0.0023863406	0.0019158646	0.0030177039	0.0508912336	-0.0042973738	-0.0065955577	-0.0050281837	0.4589237439	-0.0055463077	-0.0074412225	-0.0043455729	-0.0050847784	-0.0070304867	-0.0048477808	-0.0065285644	-0.0074574197	-0.0077479077	-0.0059455144	-0.0058645200	-0.0081207353	-0.0057247536	-0.0052138342	-0.0055695759	-0.0057310228	-0.0060220425	-0.0065955189	-0.0056331470	-0.0067306490	-0.0070964626	-0.0052499095	-0.0063911026	-0.0077882873	-0.0067394099	-0.0060223777	-0.0071083770	-0.0071062051	-0.0069235004	-0.0052797355	-0.0066819274	-0.0062597763	-0.0066930815	-0.0053841035	-0.0072163791	-0.0078549689	-0.0067163250	-0.0073850673	-0.0057718219	-0.0071236137	-0.0076790653	-0.0049959710	-0.0071252811	-0.0076243225	-0.0080850734	-0.0060764966	-0.0069729240	-0.0069958123	-0.0071318123	-0.0041455105	-0.0062531235	-0.0062200688	-0.0066365258	-0.0071475441	-0.0077816043	-0.0073360936	-0.0072668787	-0.0065454293	-0.0062497554	-0.0055979844	-0.0060621741	-0.0065852174	-0.0055064345	-0.0056249745	-0.0060568225	-0.0041411712	-0.0044413874	-0.0070990560
-0.0035891458	-0.0042317381	-0.0059236734	-0.0060712241	-0.0041088741	-0.0023892993	-0.0060584565	-0.0064619027	-0.0050022758	-0.0023523528	-0.0018044473	-0.0049357938	-0.0054942871	-0.0042003072	-0.0030214277	-0.0061440057	-0.0048319803	-0.0029678170	-0.0049771792	-0.0056842559	-0.0034232340	-0.0024492251	-0.0055463077	0.4828625515	-0.0047358660	-0.0056654073	-0.0028176176	-0.0068796940	-0.0046595994	-0.0061584523	-0.0055228838	-0.0044839144	-0.0056321371	-0.0064757773	-0.0072299782	-0.0044788313	-0.0040871468	-0.0063747028	-0.0068771271	-0.0046849579	-0.0049567299	-0.0053952890	-0.0040763288	-0.0071126922	-0.0068415053	-0.0053088649	-0.0058774993	-0.0077757682	-0.0052074046	-0.0052917683	-0.0063047323	-0.0060477336	-0.0052507101	-0.0068109230	-0.0048384042	-0.0045376666	-0.0053786501	-0.0055658695	-0.0063114791	-0.0063845445	-0.0060490213	-0.0072025445	-0.0058442151	-0.0058800366	-0.0084776730	-0.0064264658	-0.0060101032	-0.0077202716	-0.0061728220	-0.0053901904	-0.0039306562	-0.0053568672	-0.0047965493	-0.0052965208	-0.0060596680	-0.0062383346	-0.0059499102	-0.0063952254	-0.0062617043	-0.0074493797	-0.0052098919	-0.0050457138	-0.0060843338	-0.0048818264	-0.0048120564	-0.0057091545	-0.0057135724	-0.0049624038	-0.0044885250	-0.0040668171	-0.0052722298
-0.0062456129	-0.0040907685	-0.0059057104	-0.0039725022	-0.0049420121	-0.0047478763	-0.0047787129	-0.0075741063	-0.0052412230	-0.0057574872	-0.0055979347	-0.0052334906	-0.0044206628	-0.0041205846	-0.0063388878	-0.0056222013	-0.0055769611	-0.0052359772	-0.0071864525	-0.0030593271	-0.0035995478	-0.0052834125	-0.0074412225	-0.0047358660	0.5056460522	-0.0034935144	-0.0054908252	-0.0052632564	-0.0062483488	-0.0059373042	-0.0057145725	-0.0048827048	-0.0063215659	-0.0050239706	-0.0060900565	-0.0051057747	-0.0060598942	-0.0063346377	-0.0054198737	-0.0066025670	-0.0064819888	-0.0062111483	-0.0043110802	-0.0068352090	-0.0048701840	-0.0041880647	-0.0049009775	-0.0058247738	-0.0042882520	-0.0062565107	-0.0034510857	-0.0053975186	-0.0057305233	-0.0072222139	-0.0049781403	-0.0046485607	-0.0059983047	-0.0053635873	-0.0053857107	-0.0056371252	-0.0053758215	-0.0062414869	-0.0047939196	-0.0067889194	-0.0068000958	-0.0061366306	-0.0078232245	-0.0072568587	-0.0057099664	-0.0045390555	-0.0054864593	-0.0064046950	-0.0075050101	-0.0069591144	-0.0065920296	-0.0065931996	-0.0069394913	-0.0040189410	-0.0071642782	-0.0073938362	-0.0054124614	-0.0047381496	-0.0059133567	-0.0055207536	-0.0046487295	-0.0060115093	-0.0048136987	-0.0046811538	-0.0056197790	-0.0069832345	-0.0061018262
-0.0038662248	-0.0041548385	-0.0051444603	-0.0027455885	-0.0050940723	-0.0038909944	-0.0076615641	-0.0067298637	-0.0060571603	-0.0055740226	-0.0029248638	-0.0061861439	-0.0036362807	-0.0051175335	0.0256915517	-0.0039668479	-0.0041312096	-0.0056871828	-0.0064463571	-0.0055387531	-0.0062021995	-0.0023461936	-0.0043455729	-0.0056654073	-0.0034935144	0.4869943476	-0.0003906054	-0.0059165008	-0.0066791196	-0.0072699327	-0.0061956194	-0.0062514794	-0.0058954886	-0.0044890116	-0.0066601508	-0.0043918396	-0.0058905580	-0.0056331913	-0.0057957147	-0.0075717482	-0.0076374658	-0.0054372742	-0.0063604867	-0.0055708424	-0.0058163755	-0.0072198020	-0.0067748676	-0.0055620200	-0.0064767658	-0.0060230742	-0.0058231011	-0.0053000194	-0.0068072153	-0.0059377023	-0.0038639133	-0.0065178222	-0.0049359130	-0.0065508972	-0.0064866878	-0.0061542140	-0.0068881127	-0.0073003278	-0.0060649752	-0.0074433184	-0.0074543320	-0.0055168311	-0.0059302938	-0.0066903952	-0.0052564156	-0.0078227840	-0.0060865165	-0.0077744284	-0.0058729438	-0.0069894882	-0.0066857570	-0.0068051388	-0.0071835530	-0.0066234633	-0.0063522231	-0.0071904791	-0.0062073100	-0.0052722408	-0.0067665463	-0.0051635508	-0.0051452804	-0.0067825028	-0.0065897181	-0.0045758434	-0.0044984418	-0.0042668705	-0.0065915478
-0.0052211025	-0.0046903266	-0.0035103363	-0.0030996182	-0.0030858943	-0.0007727987	-0.0038855536	-0.0062282141	-0.0053587368	-0.0019659379	-0.0039257999	-0.0037705802	-0.0034229706	-0.0041055216	0.0009368103	0.0023773238	-0.0041724021	-0.0012320408	-0.0052500754	-0.0048781611	-0.0049420366	-0.0041289011	-0.0050847784	-0.0028176176	-0.0054908252	-0.0003906054	0.4310925508	-0.0042892281	-0.0039941672	-0.0059552028	-0.0047004507	-0.0045367265	-0.0072717463	-0.0043032559	-0.0053798040	-0.0046058094	-0.0048184214	-0.0051127817	-0.0048640840	-0.0058486674	-0.0069185691	-0.0060024035	-0.0062072693	-0.0049326068	-0.0050803297	-0.0057765154	-0.0053332639	-0.0036664129	-0.0036294008	-0.0039746465	-0.0054563456	-0.0079682060	-0.0060988191	-0.0048769716	-0.0056125848	-0.0054146931	-0.0058677020	-0.0050143028	-0.0053349748	-0.0054486678	-0.0059853660	-0.0063685397	-0.0044932816	-0.0063891341	-0.0054987477	-0.0056394342	-0.0060347353	-0.0065353446	-0.0054014372	-0.0042470190	-0.0074878461	-0.0055839135	-0.0068030809	-0.0051918334	-0.0054481181	-0.0057319627	-0.0054377787	-0.0049379585	-0.0062705459	-0.0027290184	-0.0057407338	-0.0061503471	-0.0041024097	-0.0054015992	-0.0040502544	-0.0043629242	-0.0054744753	-0.0052593018	-0.0063892448	-0.0036791245	-0.0058553089
-0.0070186908	-0.0077846809	-0.0067547321	-0.0055070577	-0.0061143015	-0.0063911722	-0.0055518445	-0.0063690252	-0.0054783103	-0.0056819751	-0.0036584840	-0.0049642922	-0.0062616785	-0.0055400620	-0.0054164707	-0.0067168111	-0.0060319215	-0.0062746232	-0.0064298369	-0.0059754114	-0.0047807497	-0.0055696322	-0.0070304867	-0.0068796940	-0.0052632564	-0.0059165008	-0.0042892281	0.5162101338	-0.0055823663	-0.0050106596	-0.0056968116	-0.0060537913	-0.0049731964	-0.0055916217	-0.0058523094	-0.0056997014	-0.0054341015	-0.0049980721	-0.0035857421	-0.0049318560	-0.0051144238	-0.0051495859	-0.0056413412	-0.0046648067	-0.0056713783	-0.0044937112	-0.0056262282	-0.0038414548	-0.0058880918	-0.0036589753	-0.0054378078	-0.0068854767	-0.0055361242	-0.0069653899	-0.0043876808	-0.0052331116	-0.0054888420	-0.0041476661	-0.0058529748	-0.0061821445	-0.0073255570	-0.0073464352	-0.0046465936	-0.0068246884	-0.0074070223	-0.0058257060	-0.0054498079	-0.0068118461	-0.0065176269	-0.0061481679	-0.0073046773	-0.0051398099	-0.0060038242	-0.0062053420	-0.0067139589	-0.0061742010	-0.0069480762	-0.0058677759	-0.0069738938	-0.0056094765	-0.0050681929	-0.0060894688	-0.0044975221	-0.0060569046	-0.0063432635	-0.0067675648	-0.0042873516	-0.0050908327	-0.0050944848	-0.0046642282	-0.0060774583
-0.0042789583	-0.0066519321	-0.0055425539	-0.0060239661	-0.0055400094	-0.0056588930	-0.0052172831	-0.0045466130	-0.0047043308	-0.0051145815	-0.0051092851	-0.0065964472	-0.0056648490	-0.0061113199	-0.0046797721	-0.0056391227	-0.0050747651	-0.0065083774	-0.0059012813	-0.0060094747	-0.0054379550	-0.0057723883	-0.0048477808	-0.0046595994	-0.0062483488	-0.0066791196	-0.0039941672	-0.0055823663	0.4844281275	-0.0053295696	-0.0057037299	-0.0054208100	-0.0069056714	-0.0031224902	-0.0052468013	-0.0039391642	-0.0047294238	-0.0049872977	-0.0058902818	-0.0040467734	-0.0058748728	-0.0049226229	-0.0047526900	-0.0061380766	-0.0048507359	-0.0042004773	-0.0052104759	-0.0054124156	-0.0049986582	-0.0050607719	-0.0053981015	-0.0062740225	-0.0048963149	-0.0037657600	-0.0049796753	-0.0046670626	-0.0047940642	-0.0059096083	-0.0052138684	-0.0051854374	-0.0070951740	-0.0049227439	-0.0050799702	-0.0050800294	-0.0050223864	-0.0060795407	-0.0054856878	-0.0075340612	-0.0057486257	-0.0052232352	-0.0062262341	-0.0054226166	-0.0061950110	-0.0064652701	-0.0058610199	-0.0050046194	-0.0049093281	-0.0061344956	-0.0075518847	-0.0070357832	-0.0056845105	-0.0047904837	-0.0051476247	-0.0046709617	-0.0064330472	-0.0052838788	-0.0055706847	-0.0050321499	-0.0042590597	-0.0032492280	-0.0046055147
-0.0055909246	-0.0050948053	-0.0051493513	-0.0071162666	-0.0062063248	-0.0055366975	-0.0053716224	-0.0066623404	-0.0080476433	-0.0064339714	-0.0059157887	-0.0067073483	-0.0060720969	-0.0059008313	-0.0045882965	-0.0053797623	-0.0057936191	-0.0068438168	-0.0069108462	-0.0043945032	-0.0071755021	-0.0059577210	-0.0065285644	-0.0061584523	-0.0059373042	-0.0072699327	-0.0059552028	-0.0050106596	-0.0053295696	0.5104931508	-0.0057688369	-0.0054421779	-0.0054048246	-0.0060291648	-0.0053559888	-0.0035648612	-0.0048760393	-0.0054980944	-0.0064445644	-0.0060094215	-0.0055662091	-0.0058856819	-0.0051088690	-0.0065331065	-0.0046039986	-0.0055006754	-0.0041547177	-0.0052637984	-0.0032807658	-0.0050024998	-0.0061931402	-0.0044989056	-0.0046958973	-0.0047764681	-0.0056042397	-0.0043760529	-0.0028566547	-0.0057238141	-0.0050430118	-0.0065890978	-0.0062700794	-0.0052254514	-0.0063719988	-0.0071107297	-0.0053997826	-0.0064810270	-0.0071927551	-0.0055972647	-0.0047442963	-0.0045294132	-0.0049105903	-0.0068426226	-0.0051396974	-0.0065314152	-0.0053951103	-0.0062169170	-0.0062760905	-0.0061332629	-0.0058161222	-0.0062957624	-0.0070658655	-0.0068419670	-0.0060748134	-0.0061022701	-0.0057533710	-0.0056289228	-0.0044808705	-0.0056361410	-0.0045946485	-0.0045949928	-0.0045475553
-0.0049016533	-0.0054675614	-0.0072621547	-0.0061140858	-0.0051466594	-0.0048284735	-0.0057635449	-0.0064107858	-0.0058165194	-0.0053673514	-0.0038019035	-0.0054339767	-0.0057460601	-0.0057323611	-0.0069068047	-0.0061916901	-0.0061938818	-0.0066544146	-0.0066397691	-0.0061101030	-0.0069552665	-0.0084494692	-0.0074574197	-0.0055228838	-0.0057145725	-0.0061956194	-0.0047004507	-0.0056968116	-0.0057037299	-0.0057688369	0.5080122150	-0.0051379712	-0.0057735090	-0.0056167533	-0.0051304050	-0.0052776424	-0.0037877250	-0.0053555600	-0.0045951167	-0.0049345387	-0.0049495150	-0.0053021534	-0.0056967036	-0.0067810482	-0.0059318900	-0.0048121561	-0.0055326323	-0.0040362912	-0.0040844085	-0.0048843458	-0.0057581997	-0.0052783755	-0.0054652476	-0.0068217938	-0.0062188708	-0.0045204275	-0.0045803951	-0.0046922091	-0.0044953387	-0.0046764735	-0.0054008505	-0.0055422783	-0.0069252363	-0.0064605158	-0.0066249514	-0.0032731800	-0.0062271252	-0.0068760832	-0.0053611036	-0.0051437103	-0.0067870022	-0.0058343131	-0.0062133928	-0.0052357726	-0.0072793499	-0.0044462835	-0.0050853500	-0.0044608225	-0.0052398687	-0.0064483895	-0.0057996108	-0.0049336106	-0.0072308829	-0.0055683008	-0.0062965571	-0.0060290565	-0.0041820702	-0.0061312884	-0.0046871267	-0.0067268077	-0.0067788119
