0.5863168076	-0.0044180825	-0.0065979623	-0.0067999759	-0.0037886592	-0.0043318906	-0.0029608592	-0.0040349026	-0.0043110429	-0.0065003413	-0.0042059193	-0.0060294854	-0.0067935768	-0.0028973521	-0.0072272820	-0.0032490717	-0.0048053919	-0.0057403479	-0.0060999011	-0.0067689066	-0.0042820507	-0.0044697836	-0.0040535457	-0.0070596135	-0.0045132541	-0.0058396747	-0.0063364266	-0.0009437628	-0.0009633859	-0.0045437782	-0.0011995974	-0.0055468592	-0.0054786827	-0.0075482951	-0.0062975235	-0.0024228712	-0.0037060264	-0.0065670627	-0.0043426541	-0.0046869001	-0.0056500563	-0.0058123124	-0.0072617467	-0.0050064192	-0.0042401371	-0.0069279452	-0.0051575085	-0.0041193127	-0.0026659582	-0.0042909169	-0.0041978460	-0.0042526149	-0.0071216170	-0.0076200831	-0.0057071216	-0.0069725674	-0.0072878802	-0.0072120382	-0.0079341808	-0.0034348784	-0.0072430477	-0.0060051391	-0.0035111411	-0.0052833177	-0.0069584625	-0.0057380473	-0.0074071320	-0.0058767623	-0.0072214323	-0.0053265262	-0.0073401773	-0.0065058145	-0.0065101516	-0.0082442117	-0.0040063843	-0.0070160008	-0.0077195785	-0.0065747103	-0.0070531879	-0.0061335123	-0.0063105006	-0.0074580705	-0.0043785839	-0.0066335756	-0.0081980671	-0.0070827295	-0.0055457630	-0.0062741466	-0.0062911455	-0.0063367395	-0.0070500509	-0.0071395739	-0.0088950365	-0.0067784283	-0.0071093746	-0.0069262616	-0.0075977373	-0.0085073056	-0.0053621721	-0.0060054559	-0.0073019960	-0.0071427031	-0.0070808128
-0.0044180825	0.5202127700	-0.0070852299	-0.0055896664	-0.0022985280	-0.0054358239	0.0063110071	-0.0068177221	-0.0040464873	-0.0044942406	-0.0030606163	-0.0048845967	-0.0065868588	-0.0024676526	-0.0063669309	-0.0054482444	0.0033275778	-0.0069008008	-0.0072300564	-0.0060693484	-0.0025017162	-0.0028582448	-0.0033307678	-0.0053611047	-0.0054902537	-0.0050046510	-0.0067967845	-0.0025918655	-0.0058264972	-0.0048223669	-0.0027621965	-0.0030672475	-0.0037751578	-0.0076398365	-0.0050496963	-0.0044070055	-0.0072021529	-0.0062562174	-0.0060124930	0.0028265570	-0.0062726601	-0.0050030291	-0.0037077209	-0.0080298865	-0.0049713916	-0.0081885303	0.0027195325	-0.0046514018	-0.0043263772	-0.0049755165	-0.0049653454	-0.0030987690	-0.0059674816	-0.0056999272	-0.0064321806	-0.0055149545	-0.0053691971	-0.0049613730	-0.0058554983	-0.0051146810	-0.0066861238	-0.0077483410	-0.0045867488	-0.0039579908	-0.0027989646	-0.0055456353	-0.0058599374	-0.0065258270	-0.0068043809	-0.0073052177	-0.0055579118	-0.0058933547	-0.0072910900	-0.0060740039	-0.0036370788	-0.0054799167	-0.0053932653	-0.0040689932	-0.0060651081	-0.0062221506	-0.0065638795	-0.0065503537	-0.0051384314	-0.0042430286	-0.0072832274	-0.0066722847	-0.0032455061	-0.0061627943	-0.0051227684	-0.0068537926	-0.0062235825	-0.0077431389	-0.0061074649	-0.0036753963	-0.0059522306	-0.0067618239	-0.0054753278	-0.0059075243	-0.0056954240	-0.0059581381	-0.0079595622	-0.0068482153	-0.0066884449
-0.0065979623	-0.0070852299	0.4215904156	-0.0021447341	-0.0042689368	-0.0015179278	-0.0052473501	-0.0049919437	-0.0054145774	-0.0018844707	-0.0060172076	-0.0055516919	-0.0030527035	-0.0060180478	-0.0042860957	-0.0061418655	-0.0049496650	-0.0039339010	-0.0032257475	-0.0020253353	-0.0050282078	-0.0065660595	-0.0055273048	-0.0025118775	-0.0016874517	-0.0021547162	-0.0037808819	-0.0073414049	-0.0074491151	-0.0035990159	-0.0075728314	-0.0066508769	-0.0059253596	-0.0043364004	-0.0031453300	-0.0067524076	-0.0081970940	-0.0026507362	-0.0057360756	-0.0054731927	-0.0028721234	-0.0059298093	-0.0034656954	-0.0094656046	-0.0061452079	-0.0020699478	-0.0051315089	-0.0067783466	-0.0070367307	-0.0069081591	-0.0058419517	-0.0077566431	-0.0044937055	-0.0031933886	-0.0032526680	-0.0035770883	-0.0018179684	-0.0010171300	-0.0026977830	-0.0063171091	-0.0029906705	-0.0034439852	-0.0070136485	-0.0058537314	-0.0018885961	-0.0001325747	-0.0041352597	-0.0043730656	-0.0008014867	-0.0013152636	-0.0023951334	-0.0047830700	-0.0024025795	-0.0043177396	-0.0055634945	-0.0028928348	-0.0021777653	-0.0044614054	-0.0044616768	-0.0042552892	-0.0026698776	-0.0027332429	-0.0068407704	-0.0023761417	-0.0017683063	-0.0030303708	-0.0069645228	-0.0017389515	-0.0015203714	-0.0029151310	-0.0041255813	-0.0041681914	0.0008367259	-0.0036850659	-0.0034846916	-0.0046056040	-0.0029410169	-0.0038882941	-0.0032528632	0.0000293278	-0.0037998259	-0.0034535851	-0.0006244902
-0.0067999759	-0.0055896664	-0.0021447341	0.4874300989	-0.0058346004	-0.0020381834	-0.0049227234	-0.0049977167	-0.0060229539	-0.0023706938	-0.0041786550	-0.0019126153	-0.0029049607	-0.0061070225	-0.0036171405	-0.0082826108	-0.0075478322	-0.0048808442	-0.0024214623	-0.0037164866	-0.0069944396	-0.0060065231	-0.0057588256	-0.0031476534	-0.0049867835	-0.0038308353	-0.0028078189	-0.0075210662	-0.0101482428	-0.0039298530	-0.0079932906	-0.0074694585	-0.0065367723	-0.0037379112	-0.0027724902	-0.0084370999	-0.0093576308	-0.0022902322	-0.0071035617	-0.0066042390	-0.0031166533	-0.0067215687	-0.0040834840	-0.0110488261	-0.0058504721	-0.0021458787	-0.0070175207	-0.0072901639	-0.0066630094	-0.0060533988	-0.0062600113	-0.0068160216	-0.0034317528	-0.0034182241	-0.0037391414	-0.0030158989	-0.0042272296	-0.0042209057	-0.0044042865	-0.0051925652	-0.0042085499	-0.0049532728	-0.0065950297	-0.0066171981	-0.0038177938	-0.0039921505	-0.0030645243	-0.0032184567	-0.0034499679	-0.0036840314	-0.0016250791	-0.0036280164	-0.0032342513	-0.0027059820	-0.0055443021	-0.0034847095	-0.0052145405	-0.0054128361	-0.0036936627	-0.0057635751	-0.0051754132	-0.0043072580	-0.0065272433	-0.0035127577	-0.0040044004	-0.0031865773	-0.0075609408	-0.0030836548	-0.0022697189	-0.0036846552	-0.0019591619	-0.0038476043	-0.0057279798	-0.0049404373	-0.0035036022	-0.0040502725	-0.0061780499	-0.0058234614	-0.0046863758	-0.0033746534	-0.0038208852	-0.0031422272	-0.0007122199
-0.0037886592	-0.0022985280	-0.0042689368	-0.0058346004	0.5236766121	-0.0055228369	-0.0033437146	-0.0058067817	-0.0030745379	-0.0049950624	-0.0010810490	-0.0052646089	-0.0067109496	0.0049717648	-0.0053605184	-0.0051333134	-0.0051415940	-0.0053928681	-0.0061017432	-0.0045105625	-0.0014854340	-0.0020270301	-0.0035753604	-0.0056766876	-0.0068358158	-0.0047065149	-0.0043936757	-0.0018272478	-0.0054837212	-0.0056879388	-0.0030131191	-0.0034634610	-0.0030680811	-0.0055847916	-0.0063796163	-0.0027890793	-0.0057562120	-0.0064050546	-0.0035495919	-0.0045061860	-0.0065571169	-0.0048362788	-0.0076409240	-0.0071915724	-0.0032469876	-0.0063458934	-0.0045916837	-0.0037226243	-0.0047275102	-0.0056971843	-0.0037389206	0.0047251546	-0.0048180619	-0.0055311681	-0.0065472614	-0.0043341556	-0.0068770120	-0.0065194936	-0.0061359198	-0.0022426805	-0.0071895863	-0.0058625306	-0.0036266142	-0.0043169480	-0.0056951963	-0.0044535142	-0.0077105706	-0.0062761130	-0.0066760005	-0.0046737640	-0.0066814196	-0.0046562489	-0.0063872793	-0.0062165228	-0.0055186618	-0.0065046172	-0.0076669187	-0.0070475185	-0.0074410032	-0.0059378057	-0.0053340345	-0.0059733123	-0.0049410183	-0.0056460525	-0.0068994898	-0.0075423622	-0.0028488080	-0.0052884734	-0.0060940669	-0.0062602116	-0.0072471348	-0.0064198584	-0.0055915683	-0.0047981144	-0.0064813375	-0.0060665737	-0.0062190168	-0.0072353879	-0.0054479803	-0.0071980592	-0.0083352600	-0.0074876470	-0.0063309974
-0.0043318906	-0.0054358239	-0.0015179278	-0.0020381834	-0.0055228369	0.4170239797	-0.0041390859	-0.0034845610	-0.0040391932	-0.0027211095	-0.0036162966	-0.0011989723	-0.0038837200	-0.0067648108	-0.0023613722	-0.0072135111	-0.0057751208	-0.0028408173	-0.0042675370	-0.0036621997	-0.0074689667	-0.0037409934	-0.0048587714	-0.0008800782	-0.0032696929	-0.0016844377	-0.0033959219	-0.0058127059	-0.0077956170	-0.0028392181	-0.0071421579	-0.0053344106	-0.0060725686	-0.0029730963	-0.0027609025	-0.0066789668	-0.0085361255	-0.0033640385	-0.0044797511	-0.0055937107	-0.0027329390	-0.0063190873	-0.0034882907	-0.0095412278	-0.0053110220	-0.0018701569	-0.0057641002	-0.0063000391	-0.0052209621	-0.0044700308	-0.0066446599	-0.0072435275	-0.0017354369	-0.0034165557	-0.0033434524	-0.0029203144	-0.0033272618	-0.0029904220	0.0003334379	-0.0048323759	-0.0017113362	-0.0038461269	-0.0065544406	-0.0058464565	-0.0035281160	-0.0021762397	-0.0020980789	-0.0033956686	-0.0030386577	-0.0044403307	-0.0029770095	-0.0044418979	-0.0031820225	-0.0036807141	-0.0066752817	-0.0049673470	-0.0034811286	-0.0044647779	-0.0039899592	-0.0032556206	-0.0043202122	-0.0033876916	-0.0065536453	-0.0031182418	-0.0023026402	-0.0021845148	-0.0068409488	-0.0033759924	-0.0032434195	-0.0030976984	-0.0034301202	-0.0036496847	-0.0036311604	-0.0028282488	-0.0032156250	-0.0044505341	-0.0035115749	-0.0054598638	-0.0034374544	-0.0028381139	-0.0020558608	-0.0021015165	-0.0036024805
-0.0029608592	0.0063110071	-0.0052473501	-0.0049227234	-0.0033437146	-0.0041390859	0.4885696348	-0.0059293355	-0.0033049836	-0.0042260709	-0.0035382249	-0.0055315435	-0.0035694908	-0.0034098974	-0.0072899579	-0.0062973642	0.0029334017	-0.0069964212	-0.0057092356	-0.0050421146	-0.0040031300	-0.0026124061	-0.0028074175	-0.0059481980	-0.0046500366	-0.0049194992	-0.0047984421	-0.0044612244	-0.0053963877	-0.0045510675	-0.0032322859	-0.0052286160	-0.0035691562	-0.0046273202	-0.0052372005	-0.0039063620	-0.0057567209	-0.0063003065	-0.0024972836	0.0021997772	-0.0058356090	-0.0042438910	-0.0050444119	-0.0066625513	-0.0038035120	-0.0046706568	0.0046108577	-0.0034297231	-0.0042468187	-0.0051113003	-0.0043865268	-0.0039905391	-0.0051599999	-0.0064476193	-0.0050990298	-0.0057607232	-0.0061769565	-0.0067195054	-0.0054030097	-0.0055937363	-0.0054747185	-0.0062821586	-0.0050018877	-0.0043406737	-0.0048619205	-0.0069129030	-0.0056220659	-0.0044898411	-0.0062512226	-0.0058638245	-0.0058994098	-0.0034591757	-0.0078273777	-0.0048467822	-0.0035217314	-0.0071227538	-0.0046285950	-0.0051481832	-0.0041801478	-0.0065279593	-0.0062648287	-0.0061898855	-0.0044274328	-0.0061926954	-0.0046088700	-0.0041397540	-0.0032417394	-0.0064650912	-0.0053132866	-0.0061156291	-0.0071103779	-0.0056392324	-0.0049272967	-0.0063422268	-0.0060241543	-0.0047623974	-0.0061744200	-0.0072306806	-0.0070744058	-0.0063766546	-0.0065014285	-0.0054488782	-0.0060424261
-0.0040349026	-0.0068177221	-0.0049919437	-0.0049977167	-0.0058067817	-0.0034845610	-0.0059293355	0.4698771260	-0.0061240845	-0.0037171546	-0.0064994612	-0.0021723891	-0.0034109736	-0.0042075245	-0.0050273956	-0.0083081899	-0.0048369979	0.0013188123	-0.0028342852	-0.0016290374	-0.0057691929	-0.0082028230	-0.0053691549	-0.0043611986	-0.0018116235	-0.0036461255	-0.0034303846	-0.0064826543	-0.0088232342	-0.0032673862	-0.0050849350	-0.0042046451	-0.0052536865	-0.0023407301	-0.0033198568	-0.0072935251	-0.0084566331	-0.0048298090	-0.0057149206	-0.0062664624	-0.0045663690	-0.0061083374	-0.0046117427	-0.0093475774	-0.0062883678	-0.0039013020	-0.0070266396	-0.0082145275	-0.0065091394	-0.0069699738	-0.0073424127	-0.0074106312	-0.0035386287	-0.0042572033	-0.0055816822	-0.0033696430	-0.0023981467	-0.0046717955	-0.0030465541	-0.0054569864	-0.0034035806	-0.0036195191	-0.0054310459	-0.0066106496	-0.0032621731	-0.0033906154	-0.0048258110	-0.0035778109	-0.0041333831	-0.0020259680	-0.0037076636	-0.0040506846	-0.0021007962	-0.0022732132	-0.0078643749	-0.0017936922	-0.0037066571	-0.0031797401	-0.0045043441	-0.0019092567	-0.0025755052	-0.0047282888	-0.0061688902	-0.0036913218	-0.0036132966	-0.0024957260	-0.0079324032	-0.0016604843	-0.0028981383	-0.0057936122	-0.0031914404	-0.0048784239	-0.0064223102	-0.0030850795	-0.0052984295	-0.0063538029	-0.0047506744	-0.0036390269	-0.0018800468	-0.0025869281	-0.0057351649	-0.0021602209	-0.0049086460
-0.0043110429	-0.0040464873	-0.0054145774	-0.0060229539	-0.0030745379	-0.0040391932	-0.0033049836	-0.0061240845	0.5244925600	-0.0044769386	-0.0034428039	-0.0075111117	-0.0044474472	-0.0035006916	-0.0054457767	-0.0053403464	-0.0027589785	-0.0059264854	-0.0067688728	-0.0060307642	-0.0029353606	-0.0027022306	-0.0029327856	-0.0043223131	-0.0053623768	-0.0042819037	-0.0053880193	-0.0017230289	-0.0049817527	-0.0049099444	-0.0051450273	-0.0039194757	-0.0032812572	-0.0055808728	-0.0074122244	-0.0032367372	-0.0042097292	-0.0053516914	-0.0037718672	-0.0034059601	-0.0064042774	-0.0043232976	-0.0048706892	-0.0053918381	-0.0029837331	-0.0053827832	-0.0051625462	-0.0045974008	-0.0046036147	-0.0041740014	-0.0024355776	-0.0042741881	-0.0055173438	-0.0049660154	-0.0041280651	-0.0054890006	-0.0062087627	-0.0054950944	-0.0044407612	-0.0056877530	-0.0058284586	-0.0084081221	-0.0059543013	-0.0036280720	-0.0059707583	-0.0055051799	-0.0061015558	-0.0045343923	-0.0054686646	-0.0049150167	-0.0058859241	-0.0057738367	-0.0048525911	-0.0065614584	-0.0036581661	-0.0062011027	-0.0064635597	-0.0055879689	-0.0069839720	-0.0056971175	-0.0052338116	-0.0046800417	-0.0035552759	-0.0058731036	-0.0063986988	-0.0063460843	-0.0045375590	-0.0056803561	-0.0050305604	-0.0059850301	-0.0070581859	-0.0060619874	-0.0074499604	-0.0049886528	-0.0065288779	-0.0066386468	-0.0055916415	-0.0074247263	-0.0058120174	-0.0066198535	-0.0072021431	-0.0056858950	-0.0067498521
-0.0065003413	-0.0044942406	-0.0018844707	-0.0023706938	-0.0049950624	-0.0027211095	-0.0042260709	-0.0037171546	-0.0044769386	0.4072733613	-0.0051537150	-0.0010549446	-0.0036688166	-0.0059864131	-0.0034498573	-0.0061790510	-0.0039274897	-0.0045424786	-0.0028057410	-0.0018693442	-0.0055021197	-0.0066246354	-0.0047630178	-0.0036158851	-0.0025392607	-0.0028388131	-0.0014984534	-0.0063742563	-0.0078811216	-0.0042620337	-0.0057171584	-0.0056820952	-0.0059771663	-0.0014546661	-0.0009730262	-0.0062452248	-0.0069115226	-0.0038578729	-0.0061985991	-0.0061195569	-0.0023512858	-0.0049989378	-0.0029837012	-0.0085039046	-0.0060976443	-0.0024859508	-0.0051114362	-0.0066337377	-0.0052034790	-0.0045860690	-0.0062564039	-0.0050523795	-0.0038072180	-0.0023433163	-0.0038415214	-0.0036187004	-0.0039299332	-0.0005728674	-0.0030639582	-0.0068335684	-0.0009625611	-0.0032507207	-0.0052767855	-0.0042159412	-0.0042319542	-0.0027306332	-0.0034585994	-0.0026979921	-0.0028662176	-0.0015858669	-0.0028879184	-0.0047513195	-0.0042590725	-0.0024528162	-0.0065950610	-0.0036202406	-0.0026792899	-0.0041013406	-0.0031087672	-0.0039259976	-0.0020020834	-0.0029753728	-0.0064312628	-0.0041961258	-0.0031803316	-0.0037745119	-0.0052785984	-0.0024175597	-0.0026427081	-0.0035395313	-0.0030228069	-0.0032968330	-0.0047063594	-0.0036300294	-0.0031787919	-0.0033379396	-0.0017414274	-0.0042753590	-0.0039761309	-0.0030038796	-0.0018119758	-0.0033083301	-0.0045498851
-0.0042059193	-0.0030606163	-0.0060172076	-0.0041786550	-0.0010810490	-0.0036162966	-0.0035382249	-0.0064994612	-0.0034428039	-0.0051537150	0.5435661620	-0.0070753014	-0.0072966593	-0.0028010006	-0.0076756817	-0.0033008683	-0.0026829385	-0.0064827699	-0.0065644941	-0.0050090792	0.0036907449	-0.0005186189	-0.0006912902	-0.0055836830	-0.0060976187	-0.0059340671	-0.0049832577	-0.0010219072	-0.0045059331	-0.0066849397	-0.0028536121	-0.0025112780	-0.0055167269	-0.0065066851	-0.0057139805	-0.0034538884	-0.0052399696	-0.0066661426	-0.0038918323	-0.0040361508	-0.0063088382	-0.0040660211	-0.0071432141	-0.0059015598	-0.0046347247	-0.0061395862	-0.0027586143	-0.0028121889	-0.0042485285	-0.0046206524	-0.0037905386	-0.0028645641	-0.0075535132	-0.0060682436	-0.0051531550	-0.0058562595	-0.0061284410	-0.0074900520	-0.0060884958	-0.0035405520	-0.0067676248	-0.0058127794	-0.0052996389	-0.0038701453	-0.0068577939	-0.0055412457	-0.0063332268	-0.0059566955	-0.0057885507	-0.0061241081	-0.0061731407	-0.0061720730	-0.0064527682	-0.0063917079	-0.0006793069	-0.0066349145	-0.0072466295	-0.0061515455	-0.0072607168	-0.0068405789	-0.0063961496	-0.0065260325	-0.0043272948	-0.0057959296	-0.0065927737	-0.0079684024	-0.0036052059	-0.0042390314	-0.0063588916	-0.0070984882	-0.0077169517	-0.0071449877	-0.0077283325	-0.0063366374	-0.0073073308	-0.0064432268	-0.0078240660	-0.0082001519	-0.0082645239	-0.0078950304	-0.0076998330	-0.0063700450	-0.0058003322
-0.0060294854	-0.0048845967	-0.0055516919	-0.0019126153	-0.0052646089	-0.0011989723	-0.0055315435	-0.0021723891	-0.0075111117	-0.0010549446	-0.0070753014	0.4738225069	-0.0028211006	-0.0078091537	-0.0033256672	-0.0077250574	-0.0061376161	-0.0042014352	-0.0054317347	-0.0031793557	-0.0064597738	-0.0080583090	-0.0058032442	-0.0034199571	-0.0029642509	-0.0040121528	-0.0019732253	-0.0073461238	-0.0074294530	-0.0012792556	-0.0085569051	-0.0075926084	-0.0060282329	-0.0037349837	-0.0017942672	-0.0062964407	-0.0092985364	-0.0013782378	-0.0071488958	-0.0061903916	-0.0014245210	-0.0062882800	-0.0021988119	-0.0102960024	-0.0063211759	-0.0032634048	-0.0045880143	-0.0064923686	-0.0065159774	-0.0069383056	-0.0062558602	-0.0080560038	-0.0039924442	-0.0043561091	-0.0023902214	-0.0045395790	-0.0054252304	-0.0032453702	-0.0021399477	-0.0071462162	-0.0043899944	-0.0036750270	-0.0075132479	-0.0059721346	-0.0036775441	-0.0026075189	-0.0050461626	-0.0052365023	-0.0023151929	-0.0041326884	-0.0005368980	-0.0047898539	-0.0021413196	-0.0038625120	-0.0067686486	-0.0053726929	-0.0024658675	-0.0052366849	-0.0015600128	-0.0043574406	-0.0040909255	-0.0058024318	-0.0077974283	-0.0030870386	-0.0022430098	-0.0044116655	-0.0067705489	-0.0042588435	-0.0025204602	-0.0022174654	-0.0043173625	-0.0027173231	-0.0039742403	-0.0048362782	-0.0026461209	-0.0036133664	-0.0042226944	-0.0035341805	-0.0054446342	-0.0040931780	-0.0042050299	-0.0049873780	-0.0029154886
-0.0067935768	-0.0065868588	-0.0030527035	-0.0029049607	-0.0067109496	-0.0038837200	-0.0035694908	-0.0034109736	-0.0044474472	-0.0036688166	-0.0072966593	-0.0028211006	0.4372798784	-0.0058061483	-0.0012569298	-0.0081473888	-0.0060695251	-0.0048153907	-0.0026030030	-0.0018333229	-0.0061691469	-0.0066308715	-0.0056251576	-0.0037255716	-0.0036051553	-0.0030631283	-0.0033240830	-0.0065208699	-0.0071031749	-0.0029285570	-0.0065176871	-0.0063824465	-0.0055464383	-0.0036831291	-0.0027382920	-0.0069716215	-0.0078952830	-0.0039237991	-0.0059630099	-0.0060946481	-0.0025987017	-0.0055064814	-0.0043145229	-0.0084381422	-0.0055243954	-0.0028935252	-0.0061945176	-0.0071461713	-0.0065360511	-0.0058833723	-0.0062037332	-0.0059848833	-0.0033425300	-0.0032894281	-0.0043690793	-0.0036928830	-0.0038911102	-0.0026949089	-0.0033555663	-0.0058928849	-0.0018607907	-0.0050826606	-0.0066613692	-0.0059350523	-0.0025413713	-0.0014096562	-0.0018985625	-0.0045502889	-0.0043695283	-0.0042388565	-0.0030468534	-0.0038599583	-0.0035118406	-0.0044584193	-0.0057867530	-0.0050125093	-0.0029492721	-0.0024144912	-0.0033539449	-0.0020678385	-0.0040071004	-0.0020132406	-0.0059374585	-0.0040905332	-0.0027161484	-0.0026457196	-0.0065885026	-0.0020657975	-0.0022985504	-0.0033221784	-0.0026961091	-0.0039496266	-0.0026411479	-0.0030046604	-0.0020677992	-0.0032982577	-0.0019606953	-0.0019996624	-0.0032851303	-0.0054840320	-0.0013456472	-0.0044248579	-0.0025830805
-0.0028973521	-0.0024676526	-0.0060180478	-0.0061070225	0.0049717648	-0.0067648108	-0.0034098974	-0.0042075245	-0.0035006916	-0.0059864131	-0.0028010006	-0.0078091537	-0.0058061483	0.5474455519	-0.0067257031	-0.0037607413	-0.0026518272	-0.0055892141	-0.0056995281	-0.0056367363	-0.0020555328	-0.0033569656	-0.0035766985	-0.0060459407	-0.0054245460	-0.0046634370	-0.0064776213	-0.0035471003	-0.0051105229	-0.0058485476	-0.0026471745	-0.0031925736	-0.0027328113	-0.0072893531	-0.0056818102	-0.0040625167	-0.0061353944	-0.0065422603	-0.0038188946	-0.0050827052	-0.0067780849	-0.0042005265	-0.0061459774	-0.0067216928	-0.0053623735	-0.0070547511	-0.0052129841	-0.0028231722	-0.0038351182	-0.0046686207	-0.0036741992	0.0052515143	-0.0070823718	-0.0055988282	-0.0052690598	-0.0061429370	-0.0066048817	-0.0057061358	-0.0064607108	-0.0035180561	-0.0076402209	-0.0067453632	-0.0033230854	-0.0048126177	-0.0050317368	-0.0066073022	-0.0056739077	-0.0050745718	-0.0068638147	-0.0066022131	-0.0075203314	-0.0056367830	-0.0054741836	-0.0062813035	-0.0043206623	-0.0072893927	-0.0078836316	-0.0057223960	-0.0075886984	-0.0077987016	-0.0059841187	-0.0073230915	-0.0035913990	-0.0060555544	-0.0067801300	-0.0074810567	-0.0045925074	-0.0059720873	-0.0074710347	-0.0069899768	-0.0071091690	-0.0067119954	-0.0075553231	-0.0061038134	-0.0081033432	-0.0067784496	-0.0060890134	-0.0068551422	-0.0059063722	-0.0061543266	-0.0058124167	-0.0075704355	-0.0067948034
-0.0072272820	-0.0063669309	-0.0042860957	-0.0036171405	-0.0053605184	-0.0023613722	-0.0072899579	-0.0050273956	-0.0054457767	-0.0034498573	-0.0076756817	-0.0033256672	-0.0012569298	-0.0067257031	0.4889612012	-0.0071862335	-0.0081357048	-0.0025501759	-0.0022302775	-0.0034298732	-0.0054855051	-0.0070073725	-0.0057477896	-0.0008509431	-0.0021436734	-0.0031184440	-0.0035291436	-0.0059138570	-0.0085952463	-0.0029287269	-0.0076392917	-0.0076088323	-0.0064599188	-0.0049295943	-0.0047691113	-0.0065339231	-0.0079145567	-0.0051407043	-0.0062376595	-0.0067659730	-0.0041015375	-0.0063030897	-0.0023990518	-0.0099502380	-0.0066230396	-0.0029854441	-0.0065005125	-0.0074607529	-0.0042850830	-0.0064174516	-0.0075960517	-0.0074203555	-0.0037376029	-0.0033567273	-0.0056785407	-0.0045363296	-0.0044502380	-0.0017571877	-0.0036047081	-0.0066492844	-0.0030686638	-0.0027253218	-0.0071866598	-0.0070652918	-0.0031974214	-0.0052329271	-0.0024135847	-0.0048802300	-0.0037867879	-0.0035283766	-0.0045434970	-0.0043884636	-0.0027592507	-0.0040690584	-0.0072080232	-0.0044414468	-0.0034916559	-0.0054448773	-0.0029812200	-0.0061935654	-0.0045793081	-0.0019557145	-0.0068192800	-0.0061910066	-0.0031134755	-0.0031547581	-0.0068933593	-0.0026804852	-0.0041137275	-0.0050971571	-0.0023536458	-0.0041399665	-0.0036071302	-0.0014622925	-0.0056064659	-0.0033199762	-0.0026812770	-0.0051685280	-0.0051115862	-0.0030210449	-0.0039462900	-0.0029602756	-0.0042960604
-0.0032490717	-0.0054482444	-0.0061418655	-0.0082826108	-0.0051333134	-0.0072135111	-0.0062973642	-0.0083081899	-0.0053403464	-0.0061790510	-0.0033008683	-0.0077250574	-0.0081473888	-0.0037607413	-0.0071862335	0.5865936330	-0.0055288596	-0.0064829551	-0.0082513651	-0.0066520176	-0.0043783674	-0.0033532608	-0.0035732613	-0.0064062073	-0.0071311239	-0.0054461375	-0.0068044292	-0.0004191547	0.0034343887	-0.0054342873	-0.0003296736	-0.0047654806	-0.0046413610	-0.0073141591	-0.0084484342	0.0018579237	0.0450578465	-0.0071696895	-0.0051904138	-0.0058168694	-0.0075796181	-0.0057351173	-0.0081854478	0.0190810068	-0.0056938150	-0.0083768652	-0.0045241989	-0.0034102772	-0.0023186481	-0.0061496727	-0.0060692363	-0.0041728698	-0.0081629037	-0.0068026231	-0.0079531875	-0.0072678251	-0.0077414776	-0.0084315505	-0.0066409222	-0.0042590468	-0.0094244720	-0.0086689775	-0.0063781391	-0.0055253179	-0.0081948191	-0.0074997491	-0.0077581076	-0.0069203685	-0.0080825517	-0.0075777025	-0.0068687310	-0.0064169534	-0.0085468198	-0.0076894118	-0.0034514037	-0.0092077148	-0.0078152170	-0.0080217426	-0.0082495224	-0.0081531792	-0.0082850930	-0.0072593222	-0.0056757632	-0.0092837948	-0.0079840493	-0.0098332818	-0.0046800919	-0.0072740616	-0.0079297051	-0.0060356067	-0.0092530080	-0.0079994158	-0.0070202878	-0.0063597696	-0.0091972931	-0.0085935567	-0.0066464622	-0.0097664581	-0.0065432964	-0.0089130711	-0.0088061088	-0.0092567707	-0.0082509611
-0.0048053919	0.0033275778	-0.0049496650	-0.0075478322	-0.0051415940	-0.0057751208	0.0029334017	-0.0048369979	-0.0027589785	-0.0039274897	-0.0026829385	-0.0061376161	-0.0060695251	-0.0026518272	-0.0081357048	-0.0055288596	0.5462431888	-0.0053625552	-0.0081187969	-0.0058907041	-0.0039568224	-0.0031406430	-0.0036667602	-0.0059010578	-0.0066249964	-0.0063142451	-0.0050131035	-0.0038452337	-0.0054488630	-0.0052953948	-0.0056203582	-0.0043062350	-0.0050342744	-0.0056130863	-0.0071158156	-0.0042579761	-0.0058170293	-0.0076840409	-0.0053303016	0.0023987128	-0.0076566631	-0.0051043947	-0.0057829212	-0.0060974959	-0.0038414294	-0.0069346244	0.0038816770	-0.0025190270	-0.0044150040	-0.0050507091	-0.0049912869	-0.0034165494	-0.0068520735	-0.0064178635	-0.0050601135	-0.0057003711	-0.0060981707	-0.0071511648	-0.0048626518	-0.0051287586	-0.0060593601	-0.0072823668	-0.0056123313	-0.0051929245	-0.0050273106	-0.0066637961	-0.0059711716	-0.0058546936	-0.0048777997	-0.0053500754	-0.0062601483	-0.0055443069	-0.0059696003	-0.0058665350	-0.0041742482	-0.0071086617	-0.0048143786	-0.0061173965	-0.0071481831	-0.0067319064	-0.0066006636	-0.0055728108	-0.0054670133	-0.0064406833	-0.0067555653	-0.0068792239	-0.0040423003	-0.0045951452	-0.0060756721	-0.0064959180	-0.0071427534	-0.0068657342	-0.0066515782	-0.0066992375	-0.0077977989	-0.0060841474	-0.0058956953	-0.0086461639	-0.0072251370	-0.0045537186	-0.0066346274	-0.0069601242	-0.0076865445
-0.0057403479	-0.0069008008	-0.0039339010	-0.0048808442	-0.0053928681	-0.0028408173	-0.0069964212	0.0013188123	-0.0059264854	-0.0045424786	-0.0064827699	-0.0042014352	-0.0048153907	-0.0055892141	-0.0025501759	-0.0064829551	-0.0053625552	0.4814112877	0.0006397266	-0.0029578249	-0.0063309521	-0.0060183022	-0.0062644779	-0.0033928181	-0.0018392707	-0.0035109774	-0.0021338346	-0.0068535638	-0.0092149329	-0.0036351546	-0.0073833060	-0.0077126292	-0.0073922526	-0.0042814448	-0.0053531194	-0.0077908528	-0.0083999349	-0.0043837926	-0.0071132241	-0.0064655125	-0.0052534281	-0.0064835811	-0.0040020256	-0.0098216285	-0.0065258702	-0.0043481697	-0.0048162835	-0.0084343268	-0.0070449827	-0.0064188953	-0.0064283910	-0.0068637162	-0.0047317810	-0.0056992437	-0.0003864848	-0.0030360086	-0.0048076890	-0.0036456892	-0.0039216926	-0.0050066423	-0.0040923801	-0.0023867807	-0.0062231496	-0.0057508697	-0.0043363907	-0.0029335782	-0.0022847975	-0.0036505495	-0.0029957356	-0.0038912721	-0.0040828680	-0.0042614135	-0.0024774275	-0.0058190513	-0.0075384857	-0.0032245914	-0.0012959511	-0.0045415412	-0.0015594670	-0.0041494259	-0.0046181353	-0.0042710132	-0.0053710747	-0.0039900115	-0.0041243626	-0.0029809429	-0.0071294940	-0.0014841005	-0.0043521140	-0.0045293299	-0.0042757039	-0.0042089291	-0.0047421965	-0.0028822697	-0.0036826078	-0.0046359810	-0.0043111396	-0.0059915558	-0.0031227099	-0.0036193217	-0.0047880823	-0.0040558120	-0.0039630439
-0.0060999011	-0.0072300564	-0.0032257475	-0.0024214623	-0.0061017432	-0.0042675370	-0.0057092356	-0.0028342852	-0.0067688728	-0.0028057410	-0.0065644941	-0.0054317347	-0.0026030030	-0.0056995281	-0.0022302775	-0.0082513651	-0.0081187969	0.0006397266	0.4848635696	-0.0039680734	-0.0069610050	-0.0067146806	-0.0068901167	-0.0042458478	-0.0033977636	-0.0051748749	-0.0015047492	-0.0078562030	-0.0084435465	-0.0010886659	-0.0073279854	-0.0091419064	-0.0077305907	-0.0023488864	-0.0017466619	-0.0082404973	-0.0085614539	-0.0038051565	-0.0079260709	-0.0076145600	-0.0023446710	-0.0071484032	-0.0030397244	-0.0087344914	-0.0054979928	-0.0017696051	-0.0064413279	-0.0067491976	-0.0057851353	-0.0058805273	-0.0073207529	-0.0075842648	-0.0031805418	-0.0033818681	-0.0054156902	-0.0026344132	-0.0012180827	-0.0017866892	-0.0023656049	-0.0056934196	-0.0036701842	-0.0043033972	-0.0054147550	-0.0063258118	-0.0032574656	-0.0037095894	-0.0045191750	-0.0071911364	-0.0050435959	-0.0038596481	-0.0049830641	-0.0052395502	-0.0029714855	-0.0039821153	-0.0074773498	-0.0049795774	-0.0037008697	-0.0054467365	-0.0045539604	-0.0035892984	-0.0021013748	-0.0043437750	-0.0068935584	-0.0046259584	-0.0024270587	-0.0025650047	-0.0086101007	-0.0034764812	-0.0040184621	-0.0042864263	-0.0038381551	-0.0039516212	-0.0045210660	-0.0043886186	-0.0043426572	-0.0022694892	-0.0036941851	-0.0032171919	-0.0029197863	-0.0023009442	-0.0019445510	-0.0053061636	-0.0042164197
-0.0067689066	-0.0060693484	-0.0020253353	-0.0037164866	-0.0045105625	-0.0036621997	-0.0050421146	-0.0016290374	-0.0060307642	-0.0018693442	-0.0050090792	-0.0031793557	-0.0018333229	-0.0056367363	-0.0034298732	-0.0066520176	-0.0058907041	-0.0029578249	-0.0039680734	0.4443799132	-0.0080091812	-0.0067228301	-0.0042489980	-0.0028743638	-0.0034935935	-0.0044742943	-0.0022947029	-0.0062264621	-0.0075136239	-0.0022740904	-0.0073412276	-0.0075774589	-0.0054578264	-0.0038049207	-0.0024120601	-0.0067838932	-0.0066127231	-0.0035503603	-0.0073346860	-0.0052401916	-0.0030894757	-0.0046026300	-0.0027360759	-0.0084469684	-0.0058206471	-0.0017969454	-0.0071515631	-0.0076949611	-0.0061018824	-0.0057202721	-0.0062794910	-0.0072377906	-0.0029607299	-0.0029398260	-0.0031542502	-0.0043504931	-0.0048519961	-0.0046546154	-0.0014889338	-0.0067472481	-0.0016733084	-0.0023597189	-0.0066653910	-0.0071413775	-0.0027531882	-0.0017173567	-0.0035879177	-0.0051849999	-0.0015517619	-0.0033254967	-0.0050070046	-0.0037286862	-0.0023137879	-0.0049122532	-0.0059237716	-0.0027317111	-0.0026803536	-0.0041695295	-0.0040558217	-0.0031320045	-0.0037223436	-0.0032332188	-0.0059368682	-0.0034422442	-0.0043585292	-0.0033005285	-0.0050709558	-0.0012531653	-0.0029414497	-0.0034298372	-0.0038020480	-0.0038206916	-0.0024925454	-0.0039611586	-0.0041477777	-0.0046463770	-0.0043807426	-0.0055270346	-0.0028276840	-0.0054104919	-0.0026268263	-0.0049392446	-0.0025373397
-0.0042820507	-0.0025017162	-0.0050282078	-0.0069944396	-0.0014854340	-0.0074689667	-0.0040031300	-0.0057691929	-0.0029353606	-0.0055021197	0.0036907449	-0.0064597738	-0.0061691469	-0.0020555328	-0.0054855051	-0.0043783674	-0.0039568224	-0.0063309521	-0.0069610050	-0.0080091812	0.5570435707	-0.0013325556	-0.0023383745	-0.0061358326	-0.0070940169	-0.0057994740	-0.0069806322	-0.0016701383	-0.0037147329	-0.0076647001	-0.0026583891	-0.0024089225	-0.0039551406	-0.0069166722	-0.0053837516	-0.0021256754	-0.0035779940	-0.0067791347	-0.0026923964	-0.0027886143	-0.0068938545	-0.0049349604	-0.0068732797	-0.0057212573	-0.0025375287	-0.0066536046	-0.0039507081	-0.0015483027	-0.0025254123	-0.0049334295	-0.0048449441	-0.0016870373	-0.0066417140	-0.0052854694	-0.0059750517	-0.0072025459	-0.0057234448	-0.0075554508	-0.0066420727	-0.0022608220	-0.0061111749	-0.0066377892	-0.0040076097	-0.0025458561	-0.0070082543	-0.0074332814	-0.0075600512	-0.0052624841	-0.0074434627	-0.0055334322	-0.0061475731	-0.0052073889	-0.0074159521	-0.0079163045	-0.0029651850	-0.0062462477	-0.0062400455	-0.0070088154	-0.0069690786	-0.0078707109	-0.0059380643	-0.0070851293	-0.0042865124	-0.0076509303	-0.0074538406	-0.0082210294	-0.0047837260	-0.0063030571	-0.0051993333	-0.0071912077	-0.0069936718	-0.0080125606	-0.0070563307	-0.0062757147	-0.0072312300	-0.0070973176	-0.0075775613	-0.0068466489	-0.0087699287	-0.0075820985	-0.0066825512	-0.0077109762	-0.0070692546
-0.0044697836	-0.0028582448	-0.0065660595	-0.0060065231	-0.0020270301	-0.0037409934	-0.0026124061	-0.0082028230	-0.0027022306	-0.0066246354	-0.0005186189	-0.0080583090	-0.0066308715	-0.0033569656	-0.0070073725	-0.0033532608	-0.0031406430	-0.0060183022	-0.0067146806	-0.0067228301	-0.0013325556	0.5851428455	-0.0025433258	-0.0057969916	-0.0070189643	-0.0059138497	-0.0062229473	-0.0028673030	-0.0047995880	-0.0055035184	-0.0040948333	-0.0045520948	-0.0051358951	-0.0056700618	-0.0071004959	-0.0042426683	-0.0058837873	-0.0065137636	-0.0041026053	-0.0039308787	-0.0081123235	-0.0058066952	-0.0066384083	-0.0066510276	-0.0050655832	-0.0074431912	-0.0057378329	-0.0018324202	-0.0045087975	-0.0037617894	-0.0036518116	-0.0044165491	-0.0072915889	-0.0049774936	-0.0070093873	-0.0073726236	-0.0059033503	-0.0058767196	-0.0047069622	-0.0041322110	-0.0080471755	-0.0081812456	-0.0052486021	-0.0040954198	-0.0056847468	-0.0045401772	-0.0059682936	-0.0060432413	-0.0065459536	-0.0069254710	-0.0080046254	-0.0069286062	-0.0064997428	-0.0057676563	-0.0027624877	-0.0065114262	-0.0071370535	-0.0062064946	-0.0071747679	-0.0078544531	-0.0065134416	-0.0069078412	-0.0058644629	-0.0067972305	-0.0079020607	-0.0070963723	-0.0043968710	-0.0053327712	-0.0062173116	-0.0083959436	-0.0075954602	-0.0070730249	-0.0072239747	-0.0057627363	-0.0066393712	-0.0055407186	-0.0086914146	-0.0072516691	-0.0069310630	-0.0066007880	-0.0068400028	-0.0078544433	-0.0081307543
-0.0040535457	-0.0033307678	-0.0055273048	-0.0057588256	-0.0035753604	-0.0048587714	-0.0028074175	-0.0053691549	-0.0029327856	-0.0047630178	-0.0006912902	-0.0058032442	-0.0056251576	-0.0035766985	-0.0057477896	-0.0035732613	-0.0036667602	-0.0062644779	-0.0068901167	-0.0042489980	-0.0023383745	-0.0025433258	0.5126223975	-0.0056854491	-0.0038501758	-0.0054711528	-0.0061518286	-0.0037399473	-0.0030597820	-0.0053915401	-0.0027814419	-0.0043793517	-0.0029511591	-0.0060343266	-0.0062235128	-0.0020385309	-0.0055700845	-0.0058999307	-0.0029458119	-0.0042787291	-0.0052363938	-0.0047981090	-0.0050256836	-0.0060686730	-0.0040587747	-0.0058827742	-0.0043417404	-0.0035599073	-0.0043059509	-0.0029337942	-0.0041484624	-0.0036387232	-0.0067192088	-0.0061197607	-0.0048005738	-0.0062407277	-0.0053558127	-0.0054614104	-0.0054155104	-0.0035625245	-0.0054036239	-0.0062386364	-0.0033453670	-0.0049693695	-0.0069012656	-0.0052576781	-0.0070250956	-0.0050065593	-0.0056994940	-0.0064194451	-0.0063556888	-0.0043093189	-0.0078541214	-0.0060240085	-0.0037813229	-0.0061868215	-0.0053513116	-0.0061781470	-0.0057223969	-0.0068613008	-0.0057782145	-0.0052016622	-0.0037018899	-0.0060300658	-0.0064551007	-0.0058189945	-0.0046123380	-0.0045730098	-0.0046706889	-0.0055495936	-0.0072556510	-0.0047380853	-0.0059761923	-0.0062741556	-0.0067325786	-0.0042655315	-0.0057204599	-0.0069612338	-0.0069262852	-0.0067659688	-0.0059830989	-0.0062218475	-0.0034450614
-0.0070596135	-0.0053611047	-0.0025118775	-0.0031476534	-0.0056766876	-0.0008800782	-0.0059481980	-0.0043611986	-0.0043223131	-0.0036158851	-0.0055836830	-0.0034199571	-0.0037255716	-0.0060459407	-0.0008509431	-0.0064062073	-0.0059010578	-0.0033928181	-0.0042458478	-0.0028743638	-0.0061358326	-0.0057969916	-0.0056854491	0.4221317007	-0.0023178107	-0.0030102551	-0.0010700681	-0.0058669867	-0.0070806469	-0.0017376480	-0.0056442744	-0.0068765553	-0.0059431859	-0.0019294986	-0.0022156263	-0.0067639251	-0.0084451861	-0.0039412776	-0.0057603540	-0.0067928873	0.0001120938	-0.0054864975	-0.0041593770	-0.0080848870	-0.0063061350	-0.0027482966	-0.0065183812	-0.0058847034	-0.0044020488	-0.0054995379	-0.0050816291	-0.0067992766	-0.0019885954	-0.0032488568	-0.0034605930	-0.0027749456	-0.0029894166	-0.0035584393	-0.0030489077	-0.0064128038	-0.0032057261	-0.0006612964	-0.0082373484	-0.0049854934	-0.0038453191	-0.0035261039	-0.0030581006	-0.0042555582	-0.0046192160	-0.0038704235	-0.0038807852	-0.0040831497	-0.0025885406	-0.0008253108	-0.0050353393	-0.0024715443	-0.0041275494	-0.0047490903	-0.0033937387	-0.0022971360	-0.0027006222	-0.0025405663	-0.0056118674	-0.0045639905	-0.0036841617	-0.0039957407	-0.0061885705	-0.0004983343	-0.0020843988	-0.0034178611	-0.0037379356	-0.0036065711	-0.0026732297	-0.0023968836	-0.0039651513	-0.0042605016	-0.0032101329	-0.0023527075	-0.0046511829	-0.0046210136	-0.0044681628	-0.0035349642	-0.0029636867
-0.0045132541	-0.0054902537	-0.0016874517	-0.0049867835	-0.0068358158	-0.0032696929	-0.0046500366	-0.0018116235	-0.0053623768	-0.0025392607	-0.0060976187	-0.0029642509	-0.0036051553	-0.0054245460	-0.0021436734	-0.0071311239	-0.0066249964	-0.0018392707	-0.0033977636	-0.0034935935	-0.0070940169	-0.0070189643	-0.0038501758	-0.0023178107	0.4607099121	-0.0046684452	-0.0044399034	-0.0064014722	-0.0069348770	-0.0028715640	-0.0075336404	-0.0077463381	-0.0052945905	-0.0035884103	-0.0025277008	-0.0068887012	-0.0090766668	-0.0028683023	-0.0059374815	-0.0055485029	-0.0021077510	-0.0059027091	-0.0039682861	-0.0091839272	-0.0061816824	-0.0046461016	-0.0056932486	-0.0064811437	-0.0067511399	-0.0050583080	-0.0067390380	-0.0064951974	-0.0026703308	-0.0030151433	-0.0055270687	-0.0025897677	-0.0035020842	-0.0024275073	-0.0024666455	-0.0054796390	-0.0029119804	-0.0045014920	-0.0066708462	-0.0067340638	-0.0025236505	-0.0048765287	-0.0051670550	-0.0043181625	-0.0028526644	-0.0061224424	-0.0051452767	-0.0043047931	-0.0049966100	-0.0042923838	-0.0071248144	-0.0056121752	-0.0016461013	-0.0034935775	-0.0048671770	-0.0042763042	-0.0032785935	-0.0033397038	-0.0044038769	-0.0045687596	-0.0021782899	-0.0042454231	-0.0075488537	-0.0010351981	-0.0020261131	-0.0037509290	-0.0039680990	-0.0040912953	-0.0034859577	-0.0033055516	-0.0030114900	-0.0036522503	-0.0030847117	-0.0047822404	-0.0050993864	-0.0033670099	-0.0035553097	-0.0033688679	-0.0037610771
-0.0058396747	-0.0050046510	-0.0021547162	-0.0038308353	-0.0047065149	-0.0016844377	-0.0049194992	-0.0036461255	-0.0042819037	-0.0028388131	-0.0059340671	-0.0040121528	-0.0030631283	-0.0046634370	-0.0031184440	-0.0054461375	-0.0063142451	-0.0035109774	-0.0051748749	-0.0044742943	-0.0057994740	-0.0059138497	-0.0054711528	-0.0030102551	-0.0046684452	0.4257145944	-0.0040087989	-0.0058972382	-0.0082777293	0.0061730077	-0.0064186107	-0.0065522042	-0.0068994869	-0.0046281599	-0.0045363100	-0.0072771227	-0.0075578103	-0.0027330501	-0.0066196494	-0.0051332919	-0.0024746398	-0.0054075618	-0.0034375031	-0.0082133622	-0.0069808753	-0.0020990297	-0.0057013993	-0.0059637876	-0.0059694948	-0.0060526765	-0.0055677147	-0.0070116042	-0.0034605307	-0.0044445881	-0.0015284380	-0.0040812692	-0.0026334051	-0.0039350249	-0.0038686955	-0.0066667149	-0.0025163735	-0.0020678480	-0.0076026363	-0.0055440844	-0.0046662271	-0.0011141662	-0.0014856574	-0.0032792029	-0.0030163534	-0.0016832876	-0.0033019196	-0.0046250554	-0.0026537768	-0.0032266351	-0.0065920934	-0.0048653070	-0.0041323081	-0.0051053966	-0.0032164750	-0.0028624576	-0.0039313061	-0.0002602356	-0.0057211167	-0.0029308179	-0.0030407794	-0.0039266868	-0.0067841241	-0.0036018744	-0.0015484781	-0.0020247601	-0.0044737859	-0.0027256729	-0.0029688380	-0.0030725778	-0.0042059183	-0.0031052280	-0.0032545291	-0.0037649060	-0.0016807515	-0.0025915102	-0.0038740797	-0.0033233721	-0.0039991074
-0.0063364266	-0.0067967845	-0.0037808819	-0.0028078189	-0.0043936757	-0.0033959219	-0.0047984421	-0.0034303846	-0.0053880193	-0.0014984534	-0.0049832577	-0.0019732253	-0.0033240830	-0.0064776213	-0.0035291436	-0.0068044292	-0.0050131035	-0.0021338346	-0.0015047492	-0.0022947029	-0.0069806322	-0.0062229473	-0.0061518286	-0.0010700681	-0.0044399034	-0.0040087989	0.4324971669	-0.0069840219	-0.0071396748	-0.0040061536	-0.0056769192	-0.0073814347	-0.0047942930	-0.0031149095	-0.0038920293	-0.0070124008	-0.0071467255	-0.0035418321	-0.0059396878	-0.0049930208	-0.0027493044	-0.0065360960	-0.0037161769	-0.0076610796	-0.0061793929	-0.0031486223	-0.0053800977	-0.0069035054	-0.0067269484	-0.0063969694	-0.0060893099	-0.0059043790	-0.0038720832	-0.0018815849	-0.0034257165	-0.0045546446	-0.0020654514	-0.0047664490	-0.0027426762	-0.0058005277	-0.0026594828	-0.0027306699	-0.0057310188	-0.0069192169	-0.0040240315	-0.0013639614	-0.0005800872	-0.0041687281	-0.0025312847	-0.0022536332	-0.0053208884	-0.0033537428	-0.0043890626	-0.0054149786	-0.0075951305	-0.0016980976	-0.0039692419	-0.0038874081	-0.0042243227	-0.0011730846	-0.0032700573	-0.0004021509	-0.0067846054	-0.0042090029	-0.0037584372	-0.0040640943	-0.0071236048	-0.0017523870	-0.0023863514	-0.0042269709	-0.0029425834	-0.0044635551	-0.0038339985	-0.0023029341	-0.0018439341	-0.0031241172	-0.0035731148	-0.0043869278	-0.0032812398	-0.0048518927	-0.0027435269	-0.0018221239	-0.0036982283
