1.0000000000	0.9191812398	0.9192835838	0.9185284617	0.9196811046	0.9199527717	0.9198969781	0.9196880034	0.9194948358	0.9196580638	0.9193588013	0.9192237045	0.9190276567	0.9196426586	0.9183826482	0.9185796337	0.9185227015	0.9187383071	0.9188621514	0.9194736704	0.9189669737	0.9186484882	0.9195266508	0.9193967784	0.9195910847	0.9195488209	0.9196989880	0.9194624849	0.9192996588	0.9197756121	0.9189841203	0.9177064945	0.9187885414	0.9186442015	0.9192626193	0.9187828482	0.9187883405	0.9184517037	0.9187369006	0.9188229687	0.9191212265	0.9186384413	0.9187255141	0.9189234373	0.9189561231	0.9189544486	0.9187498275	0.9185799686	0.9190827805	0.9190076300	0.9185999284	0.9183381072	0.9186616161	0.9186346905	0.9193547156	0.9187923592	0.9185686491	0.9185456083	0.9187003300	0.9193839184	0.9186323462	0.9190585341	0.9183872028	0.9184605449	0.9189504299	0.9195623507	0.9187093722	0.9188731360	0.9190867993	0.9192548498	0.9186127883	0.9188453397	0.9183876717	0.9184671089	0.9184551196	0.9186196872	0.9184054881	0.9185385755	0.9185646304	0.9191064241	0.9189752121	0.9189162705	0.9186390441	0.9186535786	0.9183667742	0.9187789634	0.9181473507	0.9198860606	0.9195162691	0.9187231699	0.9182101771	0.9184805716	0.9180987909	0.9189386415	0.9184480868	0.9187168068	0.9184267875	0.9183176785	0.9187878047	0.9184681135	0.9184492254	0.9184193528	0.9183253142
0.9191812398	1.0000000000	0.9194573945	0.9192721304	0.9204790263	0.9199557858	0.9220630144	0.9188978513	0.9199052166	0.9206549134	0.9198780900	0.9200363616	0.9193528401	0.9201110433	0.9188180792	0.9184689173	0.9205176732	0.9189543146	0.9190417223	0.9196752104	0.9197990547	0.9193809044	0.9200559865	0.9202095695	0.9194780910	0.9198520352	0.9199136559	0.9198062885	0.9188736049	0.9199750088	0.9195256462	0.9186894124	0.9196496914	0.9188682465	0.9200677748	0.9186078319	0.9184244432	0.9189766187	0.9185431301	0.9204965748	0.9192125190	0.9193933625	0.9200498914	0.9184559903	0.9188770208	0.9188728011	0.9202400450	0.9188243752	0.9193535769	0.9192849903	0.9190283935	0.9189995255	0.9193625521	0.9196145274	0.9195881376	0.9194575284	0.9193329474	0.9197085660	0.9194805692	0.9191801011	0.9191560556	0.9190111799	0.9184705918	0.9190438657	0.9204460056	0.9198662347	0.9192953721	0.9193269192	0.9195408504	0.9192046824	0.9193411858	0.9191456069	0.9186332839	0.9191215614	0.9189874023	0.9195123173	0.9195002611	0.9194969791	0.9191057543	0.9195038110	0.9191024054	0.9194793636	0.9190656339	0.9196651636	0.9189293314	0.9190292642	0.9190466788	0.9198066904	0.9201924228	0.9187087694	0.9190590029	0.9188295996	0.9191156003	0.9200602062	0.9191428607	0.9191834501	0.9191076297	0.9193572608	0.9189439329	0.9189040803	0.9185928956	0.9188945693	0.9187602093
0.9192835838	0.9194573945	1.0000000000	0.9207940289	0.9207758776	0.9219259083	0.9203317393	0.9201220948	0.9205137884	0.9219690428	0.9198811711	0.9202510965	0.9208992530	0.9197316738	0.9201494893	0.9193417886	0.9199333478	0.9202750080	0.9207368288	0.9215896063	0.9196143264	0.9190860625	0.9203780219	0.9215220914	0.9212563855	0.9213199486	0.9214304641	0.9192467453	0.9191863971	0.9210813691	0.9187438664	0.9184363655	0.9198545134	0.9204082294	0.9210790249	0.9190157345	0.9187467465	0.9211057495	0.9196383719	0.9197543127	0.9210867275	0.9198591350	0.9207500906	0.9186748779	0.9195445343	0.9213545098	0.9195260480	0.9189524392	0.9194259143	0.9194847219	0.9196279902	0.9186582002	0.9203135210	0.9210381006	0.9212042088	0.9205624153	0.9211721928	0.9211942958	0.9207408475	0.9197439310	0.9209485496	0.9208229639	0.9188123190	0.9193747423	0.9213760771	0.9221145883	0.9207162662	0.9205976462	0.9215518301	0.9214479456	0.9207011289	0.9204113774	0.9204157311	0.9203219604	0.9190413874	0.9206906132	0.9208233657	0.9203995891	0.9203033402	0.9206859916	0.9208543101	0.9213892050	0.9194392431	0.9206655630	0.9213514288	0.9208240355	0.9191155333	0.9217525664	0.9218780182	0.9204123151	0.9200368974	0.9203480152	0.9215356882	0.9205570569	0.9205703188	0.9203866622	0.9207305327	0.9204925561	0.9202785579	0.9211371627	0.9203628846	0.9205848532	0.9210018650
0.9185284617	0.9192721304	0.9207940289	1.0000000000	0.9195757465	0.9210435259	0.9199937629	0.9195813058	0.9195195511	0.9211356892	0.9196871997	0.9204699841	0.9206460721	0.9192620165	0.9195761484	0.9178485571	0.9184121190	0.9192973815	0.9201062878	0.9200394426	0.9185624871	0.9185506318	0.9196874676	0.9208571232	0.9197418546	0.9204573921	0.9208411822	0.9188350919	0.9177273250	0.9201717933	0.9184032108	0.9174855305	0.9191256471	0.9201174063	0.9205524354	0.9179246453	0.9179671101	0.9199375005	0.9183061581	0.9187932969	0.9202797636	0.9190631556	0.9200015325	0.9176818462	0.9190672414	0.9205140564	0.9187312743	0.9184160708	0.9189538458	0.9192998597	0.9187539133	0.9181527761	0.9201088330	0.9201439300	0.9200797640	0.9203124493	0.9196936967	0.9197316068	0.9197863957	0.9194512324	0.9199622158	0.9198217606	0.9181619522	0.9187151324	0.9201338831	0.9206330112	0.9202385714	0.9202879350	0.9204942306	0.9202148608	0.9203698504	0.9202663008	0.9197452705	0.9199766163	0.9185922258	0.9199953704	0.9193873344	0.9193861957	0.9199918875	0.9196538441	0.9195547821	0.9201305342	0.9187891442	0.9198768174	0.9196003278	0.9200561874	0.9183223671	0.9206440627	0.9211456690	0.9196585326	0.9201080292	0.9198010641	0.9194644273	0.9198011311	0.9197975142	0.9196241724	0.9190559219	0.9194427261	0.9195691156	0.9195452040	0.9199018006	0.9199099721	0.9200800989
0.9196811046	0.9204790263	0.9207758776	0.9195757465	1.0000000000	0.9203669703	0.9205105065	0.9197798987	0.9204925561	0.9208717246	0.9208169357	0.9200443321	0.9197979161	0.9217120441	0.9194058206	0.9190724657	0.9191632894	0.9195097721	0.9195769521	0.9204901448	0.9201176742	0.9195239047	0.9203963071	0.9205168025	0.9195559877	0.9202436618	0.9208385700	0.9203294620	0.9191553858	0.9199555179	0.9197337501	0.9188317429	0.9200007287	0.9199078288	0.9196414530	0.9195026054	0.9189480186	0.9192642938	0.9196317410	0.9196797650	0.9197035426	0.9196731341	0.9192184801	0.9189224996	0.9196027391	0.9194223644	0.9196373003	0.9191968459	0.9193182789	0.9191853925	0.9194123845	0.9207003252	0.9199067571	0.9197955718	0.9197924908	0.9202506277	0.9193832486	0.9193592701	0.9199287262	0.9201623492	0.9192545818	0.9197525713	0.9191220972	0.9191942337	0.9196609439	0.9205813703	0.9191519699	0.9198665696	0.9197245740	0.9202068903	0.9194922236	0.9199988533	0.9189847231	0.9192328136	0.9187166059	0.9192862629	0.9191781587	0.9193663029	0.9191137248	0.9198323433	0.9196750095	0.9200995229	0.9191389760	0.9197226986	0.9192951042	0.9190152656	0.9195919554	0.9203549141	0.9200934948	0.9192934297	0.9190838522	0.9194521701	0.9194364970	0.9201502930	0.9192878704	0.9195123843	0.9193819091	0.9192156000	0.9196131208	0.9188934307	0.9189853260	0.9189905503	0.9192352919
0.9199527717	0.9199557858	0.9219259083	0.9210435259	0.9203669703	1.0000000000	0.9208519658	0.9207446653	0.9207354222	0.9218427873	0.9204894081	0.9212243695	0.9208545780	0.9195242396	0.9204419869	0.9187086354	0.9195359609	0.9205407140	0.9202581293	0.9209114432	0.9192110454	0.9200332136	0.9205190128	0.9222776824	0.9207890724	0.9216723255	0.9213490845	0.9195338846	0.9192016014	0.9210518314	0.9190785608	0.9186991244	0.9195802341	0.9209748054	0.9208226959	0.9190614812	0.9187453399	0.9202415185	0.9201545797	0.9195393769	0.9208997889	0.9197606087	0.9204491536	0.9187926941	0.9199281234	0.9213528353	0.9197278560	0.9191028073	0.9200093690	0.9199256452	0.9192655664	0.9186920246	0.9209088980	0.9206924216	0.9213017973	0.9207916846	0.9206554492	0.9206618792	0.9216709859	0.9203377005	0.9211381674	0.9204261128	0.9189358954	0.9194644273	0.9208437943	0.9217647566	0.9209303983	0.9207868621	0.9213320718	0.9204225629	0.9209112423	0.9207283894	0.9203005941	0.9206313367	0.9188945023	0.9204131189	0.9207892734	0.9202606075	0.9204082964	0.9208356899	0.9205354227	0.9209169355	0.9194675753	0.9206878671	0.9211138540	0.9210389714	0.9191817756	0.9213222259	0.9215585950	0.9203867961	0.9201919540	0.9205641567	0.9203893413	0.9208662993	0.9205256437	0.9204928240	0.9205394414	0.9198047480	0.9203474794	0.9205287918	0.9208504253	0.9209452676	0.9202898104
0.9198969781	0.9220630144	0.9203317393	0.9199937629	0.9205105065	0.9208519658	1.0000000000	0.9197120489	0.9204335475	0.9209358236	0.9204748736	0.9199508963	0.9207961052	0.9200877346	0.9188780925	0.9190387753	0.9210703846	0.9192163368	0.9195660345	0.9205049472	0.9197256457	0.9200458726	0.9210399091	0.9205099037	0.9201887390	0.9201490204	0.9209542428	0.9197829798	0.9195471464	0.9205510288	0.9196535762	0.9183645639	0.9201151960	0.9201826439	0.9201125168	0.9192567252	0.9193354926	0.9192382389	0.9199081637	0.9211066202	0.9199530396	0.9198115798	0.9202769504	0.9196404483	0.9198329461	0.9203585310	0.9214159296	0.9196922901	0.9201041444	0.9195592027	0.9197149290	0.9192264506	0.9198718610	0.9198711912	0.9204514979	0.9197822430	0.9198533748	0.9194243068	0.9201543787	0.9195821095	0.9199729324	0.9194146618	0.9190558549	0.9194907501	0.9201937624	0.9202066224	0.9201935615	0.9200689134	0.9200489537	0.9198120487	0.9197974472	0.9204746057	0.9190071611	0.9198908830	0.9193016681	0.9193337511	0.9200654305	0.9201457384	0.9202423892	0.9199577951	0.9195320092	0.9198575275	0.9197263155	0.9196962419	0.9200443991	0.9201867966	0.9196556525	0.9200947004	0.9208537742	0.9196148623	0.9188987890	0.9195619488	0.9198397780	0.9196101068	0.9196327457	0.9201053500	0.9196995908	0.9193166714	0.9191953723	0.9191245755	0.9195243066	0.9195473474	0.9193097056
0.9196880034	0.9188978513	0.9201220948	0.9195813058	0.9197798987	0.9207446653	0.9197120489	1.0000000000	0.9196093030	0.9210254416	0.9191790964	0.9206013971	0.9204504932	0.9196569251	0.9194487542	0.9182334189	0.9193537109	0.9207545782	0.9199940308	0.9213220919	0.9191760154	0.9181133924	0.9201912842	0.9206115779	0.9204900109	0.9208177395	0.9210414496	0.9189537788	0.9179325489	0.9205776865	0.9188984541	0.9177705935	0.9192522376	0.9204911495	0.9202703195	0.9183291989	0.9185170083	0.9195218283	0.9194119827	0.9189375699	0.9199275876	0.9193712594	0.9200245733	0.9183886094	0.9192034768	0.9202686450	0.9189561901	0.9180147322	0.9192835168	0.9189160696	0.9184976513	0.9180596751	0.9200564553	0.9204310023	0.9199066901	0.9203569235	0.9204969097	0.9198725308	0.9204733331	0.9193178101	0.9201331464	0.9201072255	0.9187054204	0.9186022056	0.9205956369	0.9208528365	0.9198658999	0.9198967772	0.9202876671	0.9206490192	0.9201205543	0.9203906139	0.9199546471	0.9203721947	0.9179272575	0.9205239693	0.9199376344	0.9200096369	0.9200070248	0.9205577937	0.9204204196	0.9201644256	0.9191114476	0.9197034756	0.9200703870	0.9200525705	0.9183807728	0.9215549782	0.9209526353	0.9194389752	0.9195857264	0.9198447345	0.9193014002	0.9203681759	0.9194398460	0.9193494242	0.9197032077	0.9199982505	0.9201172723	0.9198117808	0.9196554516	0.9204791603	0.9194443336
0.9194948358	0.9199052166	0.9205137884	0.9195195511	0.9204925561	0.9207354222	0.9204335475	0.9196093030	1.0000000000	0.9209022001	0.9203954364	0.9196762821	0.9204585307	0.9200149953	0.9193360954	0.9189080321	0.9200920882	0.9193528401	0.9192316750	0.9202188126	0.9199501595	0.9198276548	0.9206066884	0.9207884027	0.9199510972	0.9204752085	0.9206194814	0.9203572583	0.9195226321	0.9200772188	0.9188881393	0.9187046836	0.9199989203	0.9199395099	0.9195523038	0.9194627528	0.9196351569	0.9198667706	0.9193129876	0.9199627516	0.9194920896	0.9199338836	0.9202719940	0.9197907493	0.9200108426	0.9197271862	0.9192700540	0.9193409179	0.9196046145	0.9196890081	0.9199054175	0.9192001948	0.9197731338	0.9201512977	0.9205914842	0.9198697177	0.9196541790	0.9197956388	0.9202706544	0.9193878702	0.9198053508	0.9191042808	0.9185878051	0.9196263157	0.9196689144	0.9203602724	0.9200653635	0.9200630193	0.9202252426	0.9200211574	0.9197188138	0.9196987201	0.9194638245	0.9193794308	0.9192450038	0.9194805692	0.9196711917	0.9196574610	0.9194882049	0.9199070250	0.9196040787	0.9202450684	0.9193951709	0.9195999259	0.9193290626	0.9193965775	0.9192117152	0.9204545120	0.9207274517	0.9193469460	0.9190606104	0.9195314064	0.9191706571	0.9201989868	0.9192887412	0.9194161354	0.9195396448	0.9192099068	0.9192255129	0.9191047496	0.9193139923	0.9196822432	0.9189586013
0.9196580638	0.9206549134	0.9219690428	0.9211356892	0.9208717246	0.9218427873	0.9209358236	0.9210254416	0.9209022001	1.0000000000	0.9206721270	0.9217465383	0.9211596007	0.9202288595	0.9208084964	0.9192837177	0.9202295962	0.9204717256	0.9211186765	0.9218772815	0.9199332138	0.9193788280	0.9208677059	0.9216484810	0.9212092992	0.9214641545	0.9221805627	0.9199972458	0.9195360949	0.9212768810	0.9197249089	0.9188371013	0.9200287260	0.9215630157	0.9219846489	0.9193825788	0.9195125183	0.9207604724	0.9197103744	0.9196876685	0.9212551798	0.9205036746	0.9213943623	0.9192335504	0.9199534415	0.9215647571	0.9200279222	0.9192586006	0.9203016657	0.9205397093	0.9196391757	0.9196178094	0.9210519653	0.9216057483	0.9211367608	0.9211496208	0.9209305992	0.9215243017	0.9213275172	0.9200036088	0.9216251053	0.9212488838	0.9193458073	0.9200905477	0.9213068877	0.9217851183	0.9210867275	0.9213525674	0.9215441276	0.9217458016	0.9212545770	0.9207957704	0.9204817055	0.9211987834	0.9192798999	0.9208969757	0.9210328093	0.9205818392	0.9210902773	0.9210667677	0.9209833787	0.9214117769	0.9196076955	0.9206925556	0.9209074245	0.9208265137	0.9197135894	0.9219295921	0.9218952319	0.9207608073	0.9206496890	0.9209834457	0.9206427901	0.9210683082	0.9208120463	0.9209180072	0.9212729963	0.9207512962	0.9205746724	0.9205815713	0.9212815026	0.9209664330	0.9205052151
0.9193588013	0.9198780900	0.9198811711	0.9196871997	0.9208169357	0.9204894081	0.9204748736	0.9191790964	0.9203954364	0.9206721270	1.0000000000	0.9190454062	0.9192300675	0.9201795629	0.9185170083	0.9192482188	0.9195137239	0.9190884737	0.9191776229	0.9198014660	0.9209472770	0.9202273189	0.9207571904	0.9203134540	0.9193377698	0.9196352239	0.9202017329	0.9202513644	0.9195678430	0.9194405827	0.9191068260	0.9186455411	0.9192532423	0.9193698528	0.9195361619	0.9191646289	0.9192845215	0.9189910192	0.9193265843	0.9193245080	0.9193020700	0.9196596043	0.9191315413	0.9194965103	0.9191858613	0.9191780248	0.9196687804	0.9193448696	0.9193267183	0.9191872679	0.9190945018	0.9191635573	0.9189665048	0.9195378363	0.9197279230	0.9192988550	0.9194277227	0.9188679116	0.9197284588	0.9196389747	0.9190055536	0.9195060883	0.9184734719	0.9193798997	0.9190596058	0.9200295967	0.9193570598	0.9194350904	0.9198243728	0.9193843873	0.9191693845	0.9193799667	0.9188480858	0.9191764173	0.9194172070	0.9191516350	0.9190419233	0.9192087682	0.9189910192	0.9193437980	0.9192285270	0.9196742057	0.9192340862	0.9193918220	0.9192048164	0.9188021382	0.9192354928	0.9205969765	0.9200308023	0.9189167394	0.9185391783	0.9188233706	0.9185356284	0.9193584664	0.9187118504	0.9192679107	0.9188535781	0.9186474835	0.9186105780	0.9182474845	0.9186302029	0.9190703894	0.9189636247
0.9192237045	0.9200363616	0.9202510965	0.9204699841	0.9200443321	0.9212243695	0.9199508963	0.9206013971	0.9196762821	0.9217465383	0.9190454062	1.0000000000	0.9208920193	0.9190415214	0.9199375675	0.9185508997	0.9189697868	0.9196357598	0.9197770186	0.9204833799	0.9191734702	0.9184312750	0.9201344859	0.9210634187	0.9207449332	0.9206628839	0.9216643550	0.9191260490	0.9187575971	0.9212610070	0.9181249797	0.9177624220	0.9195035431	0.9203416522	0.9211848518	0.9189175431	0.9184509669	0.9204685106	0.9187424598	0.9192131218	0.9208718586	0.9192496254	0.9208904788	0.9182158034	0.9190995253	0.9204710558	0.9198082979	0.9187595395	0.9191125862	0.9191466116	0.9188768868	0.9180619524	0.9202303330	0.9204819064	0.9208305995	0.9203768832	0.9196896779	0.9202433269	0.9209310681	0.9190561898	0.9202618801	0.9202212238	0.9180914902	0.9191594716	0.9203096362	0.9210725279	0.9197939643	0.9197701868	0.9211329430	0.9204458047	0.9207528368	0.9201155978	0.9202022018	0.9202245728	0.9184251800	0.9198449354	0.9202845861	0.9197226986	0.9207302648	0.9204400445	0.9199571923	0.9201235684	0.9187360968	0.9204370304	0.9206599368	0.9201996566	0.9186458760	0.9206052149	0.9213649585	0.9202354904	0.9197369651	0.9205147931	0.9200318740	0.9200911505	0.9202360932	0.9202449344	0.9201837156	0.9202455373	0.9194055527	0.9196447349	0.9200521017	0.9197186798	0.9201054170
0.9190276567	0.9193528401	0.9208992530	0.9206460721	0.9197979161	0.9208545780	0.9207961052	0.9204504932	0.9204585307	0.9211596007	0.9192300675	0.9208920193	1.0000000000	0.9195290621	0.9202713242	0.9181941021	0.9194174080	0.9198805683	0.9204033400	0.9211141219	0.9191212935	0.9190356272	0.9200229658	0.9210786230	0.9207007940	0.9207481482	0.9211942289	0.9192782924	0.9189622182	0.9210270491	0.9191533095	0.9181493601	0.9195081646	0.9207083627	0.9209437941	0.9186222324	0.9187486889	0.9201691811	0.9192229007	0.9192882053	0.9207750738	0.9196968447	0.9203343515	0.9187610800	0.9196031409	0.9206294613	0.9194315406	0.9187901489	0.9193064906	0.9198010641	0.9192126529	0.9188442010	0.9203564546	0.9205351548	0.9205240362	0.9204479480	0.9202874662	0.9207521670	0.9204621476	0.9195157333	0.9209396414	0.9199359600	0.9185440678	0.9192638919	0.9207098362	0.9215808321	0.9209653614	0.9201364953	0.9205012634	0.9203279885	0.9204865949	0.9202549813	0.9201022020	0.9198293293	0.9187755475	0.9202834474	0.9207276526	0.9207472775	0.9204337485	0.9210255086	0.9201016662	0.9210928225	0.9193275890	0.9202476806	0.9203798973	0.9204521007	0.9187485549	0.9215167331	0.9214041413	0.9203649609	0.9201583305	0.9200419878	0.9205938954	0.9207009950	0.9208178065	0.9205245721	0.9206204861	0.9204738689	0.9203837821	0.9192878035	0.9208138547	0.9199082976	0.9202827106
0.9196426586	0.9201110433	0.9197316738	0.9192620165	0.9217120441	0.9195242396	0.9200877346	0.9196569251	0.9200149953	0.9202288595	0.9201795629	0.9190415214	0.9195290621	1.0000000000	0.9187020045	0.9189417226	0.9197581975	0.9189251787	0.9190906840	0.9199192152	0.9198786929	0.9192776896	0.9202236351	0.9200748746	0.9195724645	0.9200843856	0.9197971793	0.9193523713	0.9190645622	0.9197074274	0.9195423239	0.9187740070	0.9199424569	0.9187773559	0.9198093025	0.9189737386	0.9185895466	0.9190779580	0.9190863974	0.9189641606	0.9192269195	0.9194515673	0.9194951037	0.9189286617	0.9192359617	0.9190695187	0.9189886749	0.9191772880	0.9193859278	0.9191646289	0.9193372340	0.9200842516	0.9190062904	0.9195516340	0.9199563216	0.9194792966	0.9191042138	0.9193446687	0.9194283925	0.9196425916	0.9189271881	0.9192679107	0.9190389092	0.9189093047	0.9196967107	0.9196484858	0.9195048157	0.9196249091	0.9194170061	0.9193317417	0.9190005972	0.9194385064	0.9188858620	0.9192609448	0.9187748777	0.9189450715	0.9188267865	0.9192690493	0.9188076305	0.9189316087	0.9192843875	0.9193101075	0.9196119822	0.9192517017	0.9190960424	0.9191328809	0.9190277237	0.9199472794	0.9196376352	0.9187333507	0.9186491580	0.9191401816	0.9189328144	0.9194570596	0.9186829154	0.9192859950	0.9194271869	0.9192502952	0.9186273228	0.9186515022	0.9189965784	0.9186698545	0.9186874030
0.9183826482	0.9188180792	0.9201494893	0.9195761484	0.9194058206	0.9204419869	0.9188780925	0.9194487542	0.9193360954	0.9208084964	0.9185170083	0.9199375675	0.9202713242	0.9187020045	1.0000000000	0.9178751478	0.9179603452	0.9196895440	0.9199950355	0.9201214920	0.9183940347	0.9182155354	0.9194170731	0.9212577250	0.9203886715	0.9200952362	0.9206210219	0.9186537795	0.9181059577	0.9201998575	0.9179713967	0.9170024104	0.9188926269	0.9193652982	0.9196808367	0.9179860651	0.9181185497	0.9191227000	0.9185421254	0.9185795667	0.9197040784	0.9186456751	0.9202760797	0.9178899502	0.9186316764	0.9201587324	0.9184470821	0.9179991261	0.9192028070	0.9186346905	0.9181249128	0.9175556576	0.9196586666	0.9199157323	0.9194529069	0.9194450033	0.9197020690	0.9200984512	0.9201761469	0.9185824468	0.9201454035	0.9201973123	0.9179310753	0.9182909539	0.9199280564	0.9200771519	0.9201937624	0.9192688484	0.9200040107	0.9196300665	0.9194442666	0.9194602076	0.9195200199	0.9197162686	0.9178221673	0.9194669725	0.9197790950	0.9189663039	0.9198195503	0.9191184804	0.9193591362	0.9204642909	0.9184417238	0.9188488896	0.9196275883	0.9198010641	0.9181699897	0.9208694473	0.9202896095	0.9187016026	0.9194400469	0.9193668388	0.9197483516	0.9204262468	0.9190103092	0.9197689142	0.9196825111	0.9193073613	0.9190955065	0.9191545151	0.9194470797	0.9197720622	0.9191569263
0.9185796337	0.9184689173	0.9193417886	0.9178485571	0.9190724657	0.9187086354	0.9190387753	0.9182334189	0.9189080321	0.9192837177	0.9192482188	0.9185508997	0.9181941021	0.9189417226	0.9178751478	1.0000000000	0.9182154685	0.9184921590	0.9177989926	0.9189955068	0.9183914225	0.9185748782	0.9192431284	0.9192151981	0.9185004644	0.9192335504	0.9194429270	0.9193817751	0.9196778896	0.9189814412	0.9193103754	0.9176101116	0.9186821117	0.9184284619	0.9183356959	0.9192670399	0.9272449176	0.9180379739	0.9183525077	0.9180435332	0.9181715302	0.9183180804	0.9182563257	0.9235300571	0.9182080338	0.9183349591	0.9185730698	0.9183630234	0.9192457406	0.9181788979	0.9180024080	0.9180381079	0.9181881410	0.9188063579	0.9186713281	0.9183316102	0.9182730705	0.9178795014	0.9185563920	0.9185868005	0.9178565276	0.9179971167	0.9174092413	0.9181538477	0.9184527084	0.9188936986	0.9184190179	0.9185858628	0.9183705920	0.9181701236	0.9184466133	0.9187378383	0.9174478883	0.9180067617	0.9181485564	0.9178083697	0.9182780269	0.9178872040	0.9179483559	0.9182495608	0.9180813764	0.9187579990	0.9181758838	0.9179196889	0.9180568620	0.9175401854	0.9184119851	0.9190334839	0.9186496268	0.9184600091	0.9173164753	0.9180776925	0.9183592725	0.9189535779	0.9176531122	0.9180165406	0.9184728021	0.9175150683	0.9183208935	0.9172120549	0.9174486250	0.9175594084	0.9177845921
0.9185227015	0.9205176732	0.9199333478	0.9184121190	0.9191632894	0.9195359609	0.9210703846	0.9193537109	0.9200920882	0.9202295962	0.9195137239	0.9189697868	0.9194174080	0.9197581975	0.9179603452	0.9182154685	1.0000000000	0.9189402490	0.9180501641	0.9196046145	0.9188565252	0.9191571943	0.9195665034	0.9197443328	0.9187640941	0.9193419226	0.9200815055	0.9192872006	0.9187610800	0.9195013327	0.9183484219	0.9178391800	0.9188541139	0.9188583336	0.9190088356	0.9186674433	0.9184067607	0.9181932314	0.9183687166	0.9202521012	0.9184847244	0.9188320778	0.9194327462	0.9188703229	0.9190361631	0.9189839864	0.9202237021	0.9190928274	0.9189861297	0.9188618165	0.9185654341	0.9185219647	0.9186143958	0.9190620840	0.9197586664	0.9192760151	0.9190580652	0.9187790304	0.9195452710	0.9188051522	0.9186273228	0.9187376373	0.9182099092	0.9185096406	0.9194563228	0.9193103084	0.9191557877	0.9188978513	0.9195195511	0.9193782922	0.9189359624	0.9194202211	0.9187880056	0.9186891445	0.9184033448	0.9185885419	0.9191774219	0.9188827810	0.9187065590	0.9189427942	0.9189850580	0.9193870664	0.9187792313	0.9186484212	0.9185058897	0.9187515690	0.9188501622	0.9203198840	0.9195334827	0.9186810400	0.9183767541	0.9187146635	0.9185631568	0.9191717957	0.9181692529	0.9191912196	0.9188603430	0.9182101771	0.9185763517	0.9187784276	0.9187450720	0.9187240406	0.9180618855
0.9187383071	0.9189543146	0.9202750080	0.9192973815	0.9195097721	0.9205407140	0.9192163368	0.9207545782	0.9193528401	0.9204717256	0.9190884737	0.9196357598	0.9198805683	0.9189251787	0.9196895440	0.9184921590	0.9189402490	1.0000000000	0.9200628183	0.9204574590	0.9189002625	0.9186960433	0.9191044148	0.9206124486	0.9201160667	0.9202017329	0.9209856560	0.9187313413	0.9180537140	0.9200721954	0.9182478863	0.9173239100	0.9185158026	0.9198227653	0.9196958400	0.9178904190	0.9181095746	0.9195760144	0.9182395140	0.9185620182	0.9194133892	0.9186940340	0.9198592019	0.9180452077	0.9188331495	0.9199257791	0.9189688491	0.9177373718	0.9185799016	0.9188676437	0.9182804382	0.9177289994	0.9192867988	0.9193304691	0.9208606731	0.9198979159	0.9194663027	0.9196835828	0.9198124506	0.9193233693	0.9195782247	0.9202362941	0.9181514365	0.9187437324	0.9198058866	0.9203886046	0.9202332801	0.9198590680	0.9203205538	0.9200036758	0.9196569921	0.9198076950	0.9194338848	0.9191654327	0.9176624892	0.9199139908	0.9203650279	0.9194178768	0.9204681757	0.9196587336	0.9194750100	0.9199193492	0.9191433966	0.9193758809	0.9196508970	0.9199386391	0.9179490927	0.9210962385	0.9205599370	0.9194458741	0.9192810386	0.9197207562	0.9193229005	0.9202162004	0.9193772205	0.9194614802	0.9194124515	0.9190848569	0.9196979163	0.9191253122	0.9193450036	0.9194788278	0.9192545818
0.9188621514	0.9190417223	0.9207368288	0.9201062878	0.9195769521	0.9202581293	0.9195660345	0.9199940308	0.9192316750	0.9211186765	0.9191776229	0.9197770186	0.9204033400	0.9190906840	0.9199950355	0.9177989926	0.9180501641	0.9200628183	1.0000000000	0.9205369632	0.9185689170	0.9185562580	0.9194037442	0.9204446660	0.9202003934	0.9199471455	0.9216383671	0.9185701227	0.9182781609	0.9207478133	0.9183943696	0.9169462150	0.9184525074	0.9204450679	0.9207110418	0.9178953085	0.9181786300	0.9197025379	0.9182152006	0.9183773569	0.9201799647	0.9190686479	0.9200482839	0.9185638266	0.9191297998	0.9203732663	0.9186342886	0.9183583348	0.9193267853	0.9191746088	0.9185007323	0.9179241095	0.9201086990	0.9201273192	0.9197413858	0.9201547806	0.9205929577	0.9202875331	0.9205590663	0.9193239722	0.9199153304	0.9197255787	0.9185857958	0.9187681798	0.9202902123	0.9204450679	0.9198790278	0.9188813744	0.9201664350	0.9198030735	0.9195652978	0.9195131880	0.9196899458	0.9196193499	0.9180003987	0.9196828460	0.9197192827	0.9193797657	0.9196686465	0.9200411171	0.9203085646	0.9202157316	0.9187851255	0.9195127192	0.9200332806	0.9201862608	0.9180761520	0.9208716576	0.9204796291	0.9196441991	0.9194398460	0.9195371666	0.9196448689	0.9196251101	0.9195320092	0.9201664350	0.9195657666	0.9200803669	0.9196725313	0.9195285932	0.9202283906	0.9191389090	0.9193825788
0.9194736704	0.9196752104	0.9215896063	0.9200394426	0.9204901448	0.9209114432	0.9205049472	0.9213220919	0.9202188126	0.9218772815	0.9198014660	0.9204833799	0.9211141219	0.9199192152	0.9201214920	0.9189955068	0.9196046145	0.9204574590	0.9205369632	1.0000000000	0.9190297331	0.9192377031	0.9205974453	0.9214588632	0.9206799635	0.9204636881	0.9216520308	0.9194625519	0.9191286612	0.9211282545	0.9189362303	0.9180919591	0.9197470790	0.9203519670	0.9212191451	0.9188863309	0.9193704556	0.9201641577	0.9189656341	0.9197608767	0.9206585972	0.9204151952	0.9208004589	0.9191170738	0.9196859941	0.9212910136	0.9189868665	0.9185884749	0.9198829795	0.9199223632	0.9193060887	0.9184513688	0.9206982488	0.9208788244	0.9208083624	0.9202979819	0.9202356913	0.9199326780	0.9211585290	0.9195242396	0.9210996544	0.9208677059	0.9187552528	0.9189571947	0.9208757434	0.9215455341	0.9207304658	0.9202598038	0.9214027347	0.9209731979	0.9201265824	0.9204219601	0.9204192140	0.9199143257	0.9188988560	0.9209679066	0.9206737345	0.9203689127	0.9204226969	0.9205300644	0.9205416517	0.9208723944	0.9192770198	0.9205061528	0.9201728650	0.9204690464	0.9195775549	0.9219856536	0.9212663653	0.9205477468	0.9199203538	0.9202523691	0.9205611427	0.9204589996	0.9200741378	0.9199693825	0.9202284576	0.9198758128	0.9202835144	0.9195737371	0.9205898097	0.9200141915	0.9204127170
0.9189669737	0.9197990547	0.9196143264	0.9185624871	0.9201176742	0.9192110454	0.9197256457	0.9191760154	0.9199501595	0.9199332138	0.9209472770	0.9191734702	0.9191212935	0.9198786929	0.9183940347	0.9183914225	0.9188565252	0.9189002625	0.9185689170	0.9190297331	1.0000000000	0.9194160684	0.9203290602	0.9196168717	0.9186519041	0.9194050838	0.9194082988	0.9196000599	0.9191480181	0.9188530423	0.9189120508	0.9184049523	0.9193955058	0.9187918234	0.9193088349	0.9189695859	0.9190645622	0.9183918244	0.9189358284	0.9193503619	0.9188198207	0.9188519706	0.9190817088	0.9191415212	0.9192730681	0.9187928951	0.9190272549	0.9196979833	0.9197046142	0.9187481531	0.9187029422	0.9189201553	0.9188266525	0.9193782922	0.9194649631	0.9187496266	0.9192348230	0.9185089038	0.9190610793	0.9196174075	0.9189358954	0.9188003967	0.9183258500	0.9190902822	0.9187745428	0.9191407844	0.9186314085	0.9190971140	0.9187934309	0.9189273221	0.9189579985	0.9191496926	0.9183628894	0.9184154010	0.9187846566	0.9189185478	0.9189691840	0.9186809730	0.9187346233	0.9185558561	0.9188867997	0.9190009321	0.9186852597	0.9183265868	0.9185734716	0.9182085696	0.9184188839	0.9198020688	0.9197493563	0.9185594730	0.9183079666	0.9182856625	0.9188268535	0.9189168064	0.9186492919	0.9186325472	0.9182207598	0.9185843892	0.9178419262	0.9181022738	0.9185072293	0.9183671091	0.9182267210
0.9186484882	0.9193809044	0.9190860625	0.9185506318	0.9195239047	0.9200332136	0.9200458726	0.9181133924	0.9198276548	0.9193788280	0.9202273189	0.9184312750	0.9190356272	0.9192776896	0.9182155354	0.9185748782	0.9191571943	0.9186960433	0.9185562580	0.9192377031	0.9194160684	1.0000000000	0.9199707891	0.9197017341	0.9186352263	0.9192119831	0.9195957732	0.9192442001	0.9186900822	0.9192225658	0.9186584011	0.9177478206	0.9187549849	0.9189463441	0.9188601421	0.9184417238	0.9180839216	0.9182213626	0.9186054206	0.9187957082	0.9183664393	0.9184774906	0.9189584004	0.9184585355	0.9184968476	0.9186626208	0.9183340884	0.9191444013	0.9189316087	0.9190610123	0.9188830489	0.9179667082	0.9182162722	0.9191617488	0.9189723320	0.9186602095	0.9190804362	0.9186117167	0.9192543139	0.9191109787	0.9182817108	0.9182650330	0.9180837206	0.9187385750	0.9191357610	0.9200723963	0.9188340202	0.9185313418	0.9192638249	0.9185352936	0.9182298690	0.9186795665	0.9182600765	0.9185740744	0.9186103101	0.9186168071	0.9186122525	0.9185586023	0.9185111141	0.9185082340	0.9185792988	0.9188174764	0.9182677791	0.9185274570	0.9181968483	0.9183968478	0.9184300694	0.9197659671	0.9193097726	0.9181223006	0.9180553885	0.9184756822	0.9184939005	0.9190754798	0.9186438666	0.9188007316	0.9179243774	0.9183024743	0.9185861307	0.9183260509	0.9183217643	0.9184105785	0.9181468149
0.9195266508	0.9200559865	0.9203780219	0.9196874676	0.9203963071	0.9205190128	0.9210399091	0.9201912842	0.9206066884	0.9208677059	0.9207571904	0.9201344859	0.9200229658	0.9202236351	0.9194170731	0.9192431284	0.9195665034	0.9191044148	0.9194037442	0.9205974453	0.9203290602	0.9199707891	1.0000000000	0.9206815710	0.9204257779	0.9201615455	0.9203879348	0.9198244398	0.9199072929	0.9201115791	0.9197598720	0.9187397137	0.9202879350	0.9197276550	0.9198303340	0.9197521694	0.9193457404	0.9195903479	0.9198214257	0.9195594706	0.9200250421	0.9196637570	0.9201707886	0.9195006630	0.9195934960	0.9197757460	0.9197246410	0.9195202208	0.9198237030	0.9201852561	0.9195178096	0.9190649641	0.9196508970	0.9196960409	0.9203097032	0.9197001936	0.9198937631	0.9197711914	0.9199927582	0.9199693155	0.9197877353	0.9197642256	0.9193968454	0.9192171405	0.9196333485	0.9202681762	0.9195350902	0.9197419886	0.9200644258	0.9197002606	0.9195293300	0.9203104400	0.9186127214	0.9195837840	0.9194778901	0.9196575949	0.9197951700	0.9195634893	0.9196108435	0.9195379033	0.9196437972	0.9201920879	0.9196824442	0.9196124510	0.9195770861	0.9196664362	0.9195139918	0.9209183421	0.9204066889	0.9196202876	0.9186396470	0.9199123164	0.9194994573	0.9196648287	0.9194322773	0.9200701860	0.9199383712	0.9194247087	0.9191898131	0.9191273216	0.9194465439	0.9195912187	0.9198311377
0.9193967784	0.9202095695	0.9215220914	0.9208571232	0.9205168025	0.9222776824	0.9205099037	0.9206115779	0.9207884027	0.9216484810	0.9203134540	0.9210634187	0.9210786230	0.9200748746	0.9212577250	0.9192151981	0.9197443328	0.9206124486	0.9204446660	0.9214588632	0.9196168717	0.9197017341	0.9206815710	1.0000000000	0.9213414489	0.9212673030	0.9220738651	0.9199322091	0.9194102412	0.9214368941	0.9197119819	0.9186421252	0.9200626844	0.9213877314	0.9218119099	0.9193476828	0.9191007979	0.9205541098	0.9197285258	0.9195444003	0.9214994525	0.9200635551	0.9207581281	0.9196334825	0.9197418546	0.9214092987	0.9198207560	0.9194676423	0.9202663677	0.9200804338	0.9200050824	0.9190793646	0.9213721923	0.9211127153	0.9214563180	0.9208402445	0.9209399093	0.9207531717	0.9213411140	0.9199930931	0.9209509609	0.9216564515	0.9184553205	0.9200880694	0.9208788244	0.9214883340	0.9211852537	0.9209565201	0.9208226959	0.9207627497	0.9206342838	0.9209907464	0.9205663000	0.9212685087	0.9194641594	0.9212198819	0.9205267824	0.9202696497	0.9210439948	0.9212368276	0.9211061514	0.9214733307	0.9197883381	0.9205112432	0.9206875322	0.9205782223	0.9197917540	0.9222959007	0.9220493507	0.9207103720	0.9206071573	0.9209030039	0.9210515634	0.9213196807	0.9204486848	0.9205578607	0.9209003917	0.9210681742	0.9204162669	0.9200299986	0.9205324756	0.9207636874	0.9204574590
0.9195910847	0.9194780910	0.9212563855	0.9197418546	0.9195559877	0.9207890724	0.9201887390	0.9204900109	0.9199510972	0.9212092992	0.9193377698	0.9207449332	0.9207007940	0.9195724645	0.9203886715	0.9185004644	0.9187640941	0.9201160667	0.9202003934	0.9206799635	0.9186519041	0.9186352263	0.9204257779	0.9213414489	1.0000000000	0.9201661001	0.9206341498	0.9193661690	0.9189139932	0.9207531047	0.9183225010	0.9175513709	0.9195042798	0.9203035411	0.9207940289	0.9185699887	0.9182775581	0.9200380361	0.9191757475	0.9192340862	0.9206472777	0.9195018016	0.9202179419	0.9185045502	0.9190441336	0.9201052831	0.9187321451	0.9183988572	0.9189216289	0.9195793634	0.9188233706	0.9182738072	0.9203782898	0.9204289260	0.9198407157	0.9204589326	0.9204179414	0.9203177407	0.9206553152	0.9195184124	0.9204206875	0.9202734005	0.9184158699	0.9186996602	0.9206218257	0.9206210219	0.9198486862	0.9199592687	0.9207581951	0.9194772203	0.9198473467	0.9201070915	0.9192704559	0.9199784247	0.9184444029	0.9198330801	0.9207667684	0.9200887392	0.9197875343	0.9201886720	0.9203249744	0.9203849877	0.9195858603	0.9198318745	0.9208275854	0.9200270515	0.9185090378	0.9218117090	0.9211853876	0.9196535092	0.9196202206	0.9197534420	0.9202975800	0.9201737357	0.9202393752	0.9201276541	0.9203919535	0.9199380363	0.9193030077	0.9196504282	0.9198268511	0.9199894762	0.9199208897
0.9195488209	0.9198520352	0.9213199486	0.9204573921	0.9202436618	0.9216723255	0.9201490204	0.9208177395	0.9204752085	0.9214641545	0.9196352239	0.9206628839	0.9207481482	0.9200843856	0.9200952362	0.9192335504	0.9193419226	0.9202017329	0.9199471455	0.9204636881	0.9194050838	0.9192119831	0.9201615455	0.9212673030	0.9201661001	1.0000000000	0.9211681740	0.9196318750	0.9184582006	0.9231267761	0.9189733367	0.9182240418	0.9194052178	0.9200347541	0.9203407815	0.9185462111	0.9189358954	0.9204508281	0.9190587350	0.9194329471	0.9207980476	0.9195810378	0.9205078943	0.9189419905	0.9191572612	0.9211667005	0.9192909515	0.9189918229	0.9196256459	0.9191667053	0.9194263832	0.9187131230	0.9206200173	0.9203321412	0.9212979795	0.9203195491	0.9206981149	0.9203494218	0.9207606733	0.9195168719	0.9207717249	0.9207727296	0.9185316767	0.9193329474	0.9203129852	0.9218071544	0.9208606731	0.9204438623	0.9209504920	0.9212353540	0.9204976465	0.9205164006	0.9202935612	0.9205421876	0.9187082335	0.9201324096	0.9200955711	0.9199387731	0.9203186114	0.9207198831	0.9203972449	0.9216798941	0.9193884730	0.9203759455	0.9205728640	0.9203002592	0.9188402493	0.9210583953	0.9216406444	0.9204441972	0.9198899453	0.9206029376	0.9205745385	0.9207251744	0.9199433946	0.9203846528	0.9201867966	0.9202507616	0.9207476794	0.9202491541	0.9200336155	0.9203671713	0.9200701860
0.9196989880	0.9199136559	0.9214304641	0.9208411822	0.9208385700	0.9213490845	0.9209542428	0.9210414496	0.9206194814	0.9221805627	0.9202017329	0.9216643550	0.9211942289	0.9197971793	0.9206210219	0.9194429270	0.9200815055	0.9209856560	0.9216383671	0.9216520308	0.9194082988	0.9195957732	0.9203879348	0.9220738651	0.9206341498	0.9211681740	1.0000000000	0.9196305354	0.9193356265	0.9210527021	0.9198317405	0.9182857965	0.9202688460	0.9208607401	0.9210269151	0.9192855262	0.9195317412	0.9205416517	0.9198492221	0.9200304005	0.9211007931	0.9199005280	0.9211441955	0.9196038777	0.9198813050	0.9211266470	0.9198543795	0.9192078974	0.9198327452	0.9197985859	0.9198557190	0.9192567252	0.9207109748	0.9216922183	0.9212058162	0.9205888050	0.9210598019	0.9203738022	0.9213472761	0.9197944332	0.9212530365	0.9209155289	0.9194715271	0.9193897456	0.9210457363	0.9220218893	0.9217571210	0.9207885366	0.9214715892	0.9214400421	0.9203836481	0.9212216903	0.9203423220	0.9201762139	0.9190145958	0.9215089635	0.9206650272	0.9204987182	0.9205585305	0.9213903436	0.9210149259	0.9219888016	0.9194007972	0.9204397096	0.9206678403	0.9206214908	0.9190887416	0.9221015274	0.9215345495	0.9204645588	0.9205278541	0.9204555836	0.9208658974	0.9215491510	0.9210355554	0.9211228962	0.9207566546	0.9207800303	0.9207634864	0.9198738034	0.9207265810	0.9211005921	0.9204204866
0.9194624849	0.9198062885	0.9192467453	0.9188350919	0.9203294620	0.9195338846	0.9197829798	0.9189537788	0.9203572583	0.9199972458	0.9202513644	0.9191260490	0.9192782924	0.9193523713	0.9186537795	0.9193817751	0.9192872006	0.9187313413	0.9185701227	0.9194625519	0.9196000599	0.9192442001	0.9198244398	0.9199322091	0.9193661690	0.9196318750	0.9196305354	1.0000000000	0.9196362956	0.9195142597	0.9200488197	0.9185457423	0.9195038780	0.9190038792	0.9191103089	0.9198948348	0.9192971136	0.9189256476	0.9187227010	0.9189869335	0.9188649646	0.9190570605	0.9194163363	0.9194020698	0.9195064232	0.9187989232	0.9187578650	0.9191171408	0.9193129206	0.9196219621	0.9188059560	0.9186112478	0.9185047511	0.9197977152	0.9193536439	0.9192322778	0.9186778250	0.9186759496	0.9193727999	0.9190656339	0.9183949724	0.9189760159	0.9184016703	0.9189123857	0.9192242403	0.9199015327	0.9188919571	0.9192522376	0.9197599390	0.9187968468	0.9186615491	0.9194464099	0.9182984555	0.9189654332	0.9189448706	0.9188801018	0.9194537106	0.9187988562	0.9186980527	0.9193040124	0.9189280588	0.9192811725	0.9186871351	0.9188432633	0.9191330148	0.9186713950	0.9189703896	0.9196379701	0.9199544462	0.9188214951	0.9182001303	0.9186782939	0.9191396457	0.9185097075	0.9186105780	0.9185769545	0.9186995262	0.9184429294	0.9179468154	0.9182947717	0.9186224333	0.9185490243	0.9183835859
0.9192996588	0.9188736049	0.9191863971	0.9177273250	0.9191553858	0.9192016014	0.9195471464	0.9179325489	0.9195226321	0.9195360949	0.9195678430	0.9187575971	0.9189622182	0.9190645622	0.9181059577	0.9196778896	0.9187610800	0.9180537140	0.9182781609	0.9191286612	0.9191480181	0.9186900822	0.9199072929	0.9194102412	0.9189139932	0.9184582006	0.9193356265	0.9196362956	1.0000000000	0.9186955745	0.9191669062	0.9177588051	0.9188009326	0.9185691180	0.9190916217	0.9192975824	0.9187890773	0.9182243097	0.9186374366	0.9186007991	0.9185557222	0.9187892112	0.9184967806	0.9523739260	0.9190546493	0.9189452725	0.9183027422	0.9184368343	0.9188831159	0.9192552516	0.9182892124	0.9181621531	0.9181203582	0.9187357619	0.9191340195	0.9184962448	0.9186430629	0.9184886091	0.9186981197	0.9185230364	0.9187091712	0.9186626208	0.9176115182	0.9186178788	0.9189281258	0.9190549842	0.9184215631	0.9183132579	0.9188616826	0.9185588702	0.9184412549	0.9187657016	0.9181637606	0.9182406526	0.9183523067	0.9185470149	0.9188118502	0.9188009326	0.9185809063	0.9187764182	0.9185814421	0.9189431291	0.9183200228	0.9182342226	0.9183058902	0.9181488913	0.9182571295	0.9190392441	0.9190606104	0.9181340889	0.9182658367	0.9178680480	0.9182547852	0.9187442013	0.9182354282	0.9182675782	0.9180484227	0.9182617510	0.9182634255	0.9179651677	0.9184030769	0.9179653016	0.9182754147
