1.0000000000	0.9120834408	0.9123427938	0.9116562220	0.9125877344	0.9131580325	0.9128931791	0.9128250859	0.9124131150	0.9127523278	0.9122589653	0.9124819045	0.9121034232	0.9125424086	0.9113557206	0.9113495936	0.9115333339	0.9118997701	0.9118860540	0.9125795883	0.9118309807	0.9115490692	0.9125073872	0.9124742457	0.9127205092	0.9125186665	0.9128436062	0.9125460291	0.9125511117	0.9126994825	0.9119812313	0.9102990225	0.9117194415	0.9116597032	0.9122529776	0.9116123583	0.9117181882	0.9115891035	0.9115040914	0.9118296578	0.9122813149	0.9114564680	0.9117809203	0.9120271142	0.9119643821	0.9120314309	0.9114855016	0.9115868059	0.9120494638	0.9119900041	0.9115558924	0.9110606500	0.9117126878	0.9116942372	0.9124454210	0.9119799085	0.9116097125	0.9115863882	0.9117305815	0.9122701053	0.9117326006	0.9122196968	0.9110534787	0.9112870704	0.9120857384	0.9126194138	0.9118054283	0.9118839653	0.9120567744	0.9125015387	0.9115753178	0.9119022070	0.9114160855	0.9114547273	0.9112200912	0.9117473611	0.9115465627	0.9116266314	0.9117882309	0.9122241528	0.9120961822	0.9119150180	0.9115533163	0.9119032514	0.9113510558	0.9117785531	0.9110511114	0.9128800897	0.9126544351	0.9118069600	0.9113203512	0.9116688937	0.9111972542	0.9121239625	0.9116068579	0.9117437406	0.9114059202	0.9114217947	0.9118202584	0.9113708293	0.9114455368	0.9115609054	0.9113484796
0.9120834408	1.0000000000	0.9127130594	0.9123413317	0.9134938337	0.9130207321	0.9149710666	0.9119735726	0.9127662528	0.9138929240	0.9127883936	0.9130039525	0.9125303634	0.9129602976	0.9118822246	0.9112174455	0.9135201520	0.9119855481	0.9121887834	0.9127966789	0.9127628412	0.9122279126	0.9129694185	0.9133572296	0.9126451750	0.9129534047	0.9130542913	0.9125922600	0.9117672738	0.9130037436	0.9125887788	0.9113488278	0.9125272303	0.9119219109	0.9131936109	0.9114447013	0.9112671577	0.9120516918	0.9112716833	0.9134293610	0.9124138809	0.9121445019	0.9131620011	0.9113421438	0.9116672227	0.9118601535	0.9131811480	0.9116107569	0.9122900877	0.9122265897	0.9118238093	0.9117589884	0.9123547693	0.9126645308	0.9127655566	0.9125107292	0.9123365972	0.9126364719	0.9125483963	0.9121158164	0.9121241714	0.9119324242	0.9111403706	0.9118634259	0.9137366856	0.9129288271	0.9125318952	0.9122187221	0.9125494407	0.9122625858	0.9123835244	0.9123304005	0.9117466648	0.9121895492	0.9116538547	0.9126272814	0.9126696134	0.9125674039	0.9123928541	0.9127443906	0.9122812453	0.9124892847	0.9120530843	0.9127723102	0.9120180629	0.9119980110	0.9122220641	0.9129348149	0.9131859521	0.9118455323	0.9120846940	0.9118879339	0.9122200450	0.9132389367	0.9123615925	0.9122712193	0.9121450589	0.9124468135	0.9120945808	0.9118962193	0.9115250486	0.9120681929	0.9118185874
0.9123427938	0.9127130594	1.0000000000	0.9142042869	0.9138818537	0.9154275976	0.9135434067	0.9135718137	0.9136827263	0.9153026207	0.9131949338	0.9134007452	0.9142429287	0.9127843553	0.9135740417	0.9123876323	0.9128839887	0.9134251835	0.9140050899	0.9151921259	0.9127091604	0.9121557115	0.9134576984	0.9149156452	0.9146464054	0.9145618111	0.9146660397	0.9122514458	0.9122487305	0.9144696973	0.9118903708	0.9113082364	0.9128266873	0.9137559021	0.9143515437	0.9120818394	0.9119244870	0.9142228071	0.9125217996	0.9128891409	0.9142092999	0.9128334409	0.9141558975	0.9118613371	0.9127854693	0.9146637420	0.9127205789	0.9118738696	0.9124544722	0.9125752019	0.9128115787	0.9115460057	0.9135036509	0.9142585944	0.9144341189	0.9138858919	0.9144957370	0.9146163971	0.9142524674	0.9127823362	0.9141773420	0.9140872473	0.9118928076	0.9123448825	0.9148067517	0.9155651765	0.9141636955	0.9138973104	0.9149092397	0.9148996314	0.9139766133	0.9135956951	0.9139461871	0.9137258241	0.9120791937	0.9140493713	0.9143884449	0.9136007081	0.9135601167	0.9140930958	0.9142700825	0.9146588683	0.9126147489	0.9140625305	0.9146623495	0.9140936528	0.9122096012	0.9150864352	0.9150624146	0.9136679658	0.9132337149	0.9136649719	0.9150037208	0.9140022352	0.9138301919	0.9136491670	0.9142617275	0.9140148374	0.9134503878	0.9145480254	0.9136204119	0.9139317051	0.9143158261
0.9116562220	0.9123413317	0.9142042869	1.0000000000	0.9124897025	0.9145136306	0.9130588866	0.9127625627	0.9125530612	0.9145022817	0.9129039710	0.9136580094	0.9138881895	0.9123321412	0.9127887417	0.9107027777	0.9114950402	0.9125371171	0.9135059485	0.9134773326	0.9115180861	0.9114316815	0.9127028941	0.9142470366	0.9130350748	0.9137103674	0.9142171675	0.9117475699	0.9107919673	0.9135628321	0.9114369033	0.9103363415	0.9121568255	0.9134692561	0.9138593648	0.9108074937	0.9109414521	0.9132581532	0.9112776711	0.9119081947	0.9135528061	0.9119591602	0.9131753691	0.9106575911	0.9121901062	0.9137675991	0.9115339606	0.9112721011	0.9119600653	0.9124499466	0.9117653243	0.9110910065	0.9132940101	0.9135349821	0.9135053915	0.9136521609	0.9128589237	0.9129845967	0.9131184855	0.9125229832	0.9130826287	0.9128099773	0.9110849491	0.9116956297	0.9133313291	0.9141043751	0.9136738839	0.9134945300	0.9137443444	0.9135780799	0.9136181143	0.9135116577	0.9132044724	0.9132559252	0.9114371818	0.9133660023	0.9126176732	0.9125293887	0.9132680400	0.9128350423	0.9128741715	0.9133576473	0.9120043468	0.9131847685	0.9130412715	0.9133580650	0.9113660948	0.9140301549	0.9144859895	0.9130124467	0.9133506152	0.9131095735	0.9128278709	0.9130308973	0.9131081114	0.9128461823	0.9122588261	0.9127211359	0.9127565750	0.9128388020	0.9132350377	0.9132161694	0.9134646609
0.9125877344	0.9134938337	0.9138818537	0.9124897025	1.0000000000	0.9134928590	0.9133480391	0.9129254155	0.9133159419	0.9138569279	0.9137180958	0.9129860589	0.9127593600	0.9145524117	0.9124273185	0.9116718876	0.9118340442	0.9125848102	0.9126364023	0.9135836499	0.9128989580	0.9123981456	0.9132273790	0.9136743713	0.9124810690	0.9133417032	0.9140529222	0.9132156124	0.9120223101	0.9128219528	0.9125779869	0.9115288083	0.9128489673	0.9127679238	0.9127270540	0.9122344573	0.9117869081	0.9122245706	0.9122769982	0.9125311293	0.9127695948	0.9123243432	0.9120877575	0.9117883702	0.9124958295	0.9124046904	0.9122564588	0.9119829023	0.9122021514	0.9119212842	0.9123218367	0.9134849217	0.9128860774	0.9129559112	0.9128976351	0.9133308417	0.9122869546	0.9122912017	0.9128466000	0.9128573919	0.9121121263	0.9125213818	0.9118859844	0.9120088724	0.9127782980	0.9137112029	0.9123392429	0.9126262370	0.9125328003	0.9133568814	0.9123663270	0.9130062501	0.9121522303	0.9122007589	0.9113232058	0.9123697387	0.9121246588	0.9121188103	0.9120623444	0.9128229972	0.9127604740	0.9131239163	0.9121374001	0.9128399160	0.9122288177	0.9119057579	0.9124864301	0.9133984475	0.9130290871	0.9123700172	0.9121199939	0.9125410857	0.9125344017	0.9133150368	0.9122210197	0.9125013298	0.9122864672	0.9124304516	0.9126421811	0.9117946364	0.9119250440	0.9119916751	0.9121950496
0.9131580325	0.9130207321	0.9154275976	0.9145136306	0.9134928590	1.0000000000	0.9139415919	0.9141240093	0.9139916522	0.9151969997	0.9137176084	0.9146929149	0.9142517711	0.9126144008	0.9139424274	0.9118119034	0.9127594296	0.9138702959	0.9136910116	0.9143810647	0.9121967902	0.9131328979	0.9136488189	0.9158773748	0.9142334598	0.9151069050	0.9147954725	0.9125648278	0.9124210523	0.9144012559	0.9122764412	0.9118484565	0.9127652085	0.9143514044	0.9141161417	0.9120611608	0.9118570204	0.9137072343	0.9130879202	0.9129541010	0.9143668612	0.9127428588	0.9138067283	0.9120198732	0.9131830975	0.9147195116	0.9129884261	0.9121436664	0.9131292078	0.9131617923	0.9123966835	0.9117972822	0.9142998123	0.9141894568	0.9146951429	0.9141941216	0.9139716699	0.9140906589	0.9152260333	0.9134778200	0.9146005922	0.9138426548	0.9119949475	0.9124566306	0.9142052616	0.9151280013	0.9146277459	0.9141272817	0.9145512977	0.9139880317	0.9141228953	0.9140174135	0.9137618899	0.9139066402	0.9119499001	0.9138331858	0.9142250351	0.9136176269	0.9136909420	0.9140931654	0.9138848475	0.9143165223	0.9127146607	0.9140976911	0.9145330560	0.9143926921	0.9122623073	0.9148283355	0.9148242276	0.9138933418	0.9134724589	0.9140946276	0.9139188942	0.9142033818	0.9138491996	0.9138560228	0.9140009820	0.9132468044	0.9136455465	0.9138962660	0.9142097873	0.9145490697	0.9136508380
0.9128931791	0.9149710666	0.9135434067	0.9130588866	0.9133480391	0.9139415919	1.0000000000	0.9127803867	0.9133465073	0.9140664295	0.9132498679	0.9130652224	0.9141891087	0.9130304796	0.9119688381	0.9117418607	0.9139512698	0.9122456670	0.9126714236	0.9137034745	0.9125859938	0.9128690193	0.9138649348	0.9135340770	0.9134476724	0.9132505641	0.9140332184	0.9124876833	0.9126874374	0.9135427801	0.9126036785	0.9112452258	0.9130882683	0.9133236007	0.9133260376	0.9121434575	0.9121589143	0.9123073547	0.9128087241	0.9142187689	0.9131400693	0.9126598659	0.9132864906	0.9125697712	0.9126776203	0.9135279500	0.9142341560	0.9124777270	0.9130130733	0.9125488141	0.9126594481	0.9120658953	0.9130315240	0.9129749189	0.9136155382	0.9130724634	0.9128608732	0.9125460987	0.9132138717	0.9123216278	0.9130827679	0.9124795372	0.9118857755	0.9123397999	0.9132979091	0.9133307024	0.9133704583	0.9133240881	0.9131203654	0.9129751277	0.9126947480	0.9136301594	0.9120750162	0.9130797741	0.9120625533	0.9124147860	0.9133366206	0.9131287204	0.9135952773	0.9131443164	0.9127251741	0.9130166242	0.9126528338	0.9127764877	0.9132617041	0.9135420142	0.9126105714	0.9131441075	0.9139748030	0.9127619361	0.9119533814	0.9128484799	0.9132272397	0.9127735635	0.9128496635	0.9133715723	0.9128596895	0.9124774485	0.9122776944	0.9122259631	0.9126631383	0.9127506568	0.9125677521
0.9128250859	0.9119735726	0.9135718137	0.9127625627	0.9129254155	0.9141240093	0.9127803867	1.0000000000	0.9128074708	0.9144954585	0.9121330834	0.9140079445	0.9137876511	0.9126895957	0.9128663039	0.9111941907	0.9124600422	0.9143333020	0.9134659837	0.9148046630	0.9122260327	0.9111437126	0.9133211638	0.9139775880	0.9138945254	0.9140243760	0.9143443027	0.9120035113	0.9111268634	0.9139482759	0.9120452863	0.9107273553	0.9124156911	0.9137306282	0.9137167729	0.9113097682	0.9116560827	0.9128940146	0.9123776063	0.9122439263	0.9132917125	0.9123121588	0.9133483176	0.9116420881	0.9124588586	0.9137291661	0.9120493246	0.9110459592	0.9123469017	0.9120501601	0.9116198081	0.9110105201	0.9132475006	0.9136562688	0.9131246822	0.9137336221	0.9138274069	0.9131920791	0.9138924367	0.9124521050	0.9134832507	0.9134708575	0.9117701981	0.9117215302	0.9138508706	0.9142659050	0.9133505456	0.9132724263	0.9136832136	0.9141232434	0.9133407284	0.9135741809	0.9132828701	0.9137605670	0.9109149946	0.9140639230	0.9133286833	0.9132452726	0.9132885097	0.9139702078	0.9137702449	0.9134228163	0.9123265712	0.9130996868	0.9133090491	0.9133595968	0.9115475374	0.9149641042	0.9142659746	0.9127261489	0.9130017941	0.9131636025	0.9125091278	0.9139406171	0.9127690378	0.9126328514	0.9131035162	0.9134204490	0.9134618759	0.9131624189	0.9129676779	0.9139404083	0.9127600562
0.9124131150	0.9127662528	0.9136827263	0.9125530612	0.9133159419	0.9139916522	0.9133465073	0.9128074708	1.0000000000	0.9140336361	0.9133121822	0.9125930955	0.9137091838	0.9129277828	0.9125150460	0.9118275690	0.9130928636	0.9125307812	0.9122977464	0.9133250628	0.9129048065	0.9125900320	0.9136887140	0.9140769428	0.9131614441	0.9134760794	0.9138103488	0.9134012325	0.9125609288	0.9130742737	0.9117954023	0.9115661273	0.9129687222	0.9132064219	0.9125932348	0.9123526805	0.9127368711	0.9130106365	0.9122211590	0.9128483407	0.9126999699	0.9127664617	0.9133802754	0.9128895587	0.9131149347	0.9131104090	0.9121720734	0.9121761812	0.9124418005	0.9126871589	0.9129682349	0.9119547042	0.9128546069	0.9134090305	0.9136021006	0.9131211313	0.9127973056	0.9128878877	0.9133802058	0.9121710290	0.9128000209	0.9119383424	0.9112450169	0.9125110077	0.9127671580	0.9135407610	0.9132717997	0.9130963448	0.9132839145	0.9131663875	0.9127260096	0.9129572341	0.9127322062	0.9125541752	0.9120617874	0.9126564543	0.9128773047	0.9126148185	0.9126487259	0.9131308788	0.9129350934	0.9133979602	0.9125008425	0.9127478718	0.9125701193	0.9125341928	0.9121288363	0.9134366020	0.9138152922	0.9124371356	0.9121704024	0.9125882914	0.9123838725	0.9134262975	0.9123432812	0.9124457691	0.9127480807	0.9122402362	0.9123879108	0.9122277037	0.9123274763	0.9128947109	0.9122393311
0.9127523278	0.9138929240	0.9153026207	0.9145022817	0.9138569279	0.9151969997	0.9140664295	0.9144954585	0.9140336361	1.0000000000	0.9137292357	0.9151694978	0.9147025928	0.9132920606	0.9140970644	0.9123419583	0.9132812687	0.9136762511	0.9144434487	0.9153000446	0.9129329350	0.9123431419	0.9140614861	0.9150551736	0.9146704957	0.9147504948	0.9156654364	0.9130730204	0.9127001787	0.9144975473	0.9129869640	0.9118347404	0.9130650832	0.9149651485	0.9152453890	0.9124908165	0.9125831392	0.9141249144	0.9128328839	0.9129366251	0.9146511399	0.9136667125	0.9145331256	0.9123982849	0.9131131244	0.9150468186	0.9131486332	0.9122370335	0.9133746358	0.9136159559	0.9128195159	0.9125885699	0.9142842860	0.9147951244	0.9144721341	0.9144476262	0.9141388394	0.9148035490	0.9146433419	0.9129522211	0.9148968464	0.9144444234	0.9123439774	0.9130270680	0.9146168148	0.9151982529	0.9145956488	0.9145839518	0.9148671862	0.9152375910	0.9145398792	0.9141667590	0.9137825685	0.9144272260	0.9122464328	0.9143388720	0.9145265809	0.9137729602	0.9145071555	0.9144701846	0.9142441820	0.9147954725	0.9128202818	0.9141384217	0.9142157750	0.9142103443	0.9128881662	0.9153141089	0.9152761633	0.9142368018	0.9140807722	0.9144340493	0.9139725750	0.9144922558	0.9141805448	0.9142663227	0.9146627673	0.9141549228	0.9138586686	0.9137944047	0.9145783122	0.9142852607	0.9137689916
0.9122589653	0.9127883936	0.9131949338	0.9129039710	0.9137180958	0.9137176084	0.9132498679	0.9121330834	0.9133121822	0.9137292357	1.0000000000	0.9120404126	0.9122774159	0.9129312640	0.9115738557	0.9120304562	0.9123831066	0.9120949289	0.9122495660	0.9130315240	0.9139062920	0.9130840908	0.9137022213	0.9133144102	0.9124220270	0.9127249652	0.9134299180	0.9132816168	0.9124818348	0.9124090768	0.9119725282	0.9114873118	0.9121265386	0.9124500162	0.9127847035	0.9120627622	0.9120421532	0.9119613882	0.9121218738	0.9122627947	0.9123650738	0.9124658211	0.9122001322	0.9123488512	0.9121078792	0.9124360216	0.9126013809	0.9122140572	0.9122255453	0.9121534139	0.9120610215	0.9119762880	0.9118500579	0.9125674039	0.9128908119	0.9125043933	0.9124830185	0.9119702306	0.9127649996	0.9124378319	0.9120514133	0.9125610681	0.9112110400	0.9120790544	0.9121927520	0.9131546209	0.9126352883	0.9123889551	0.9129804889	0.9126049318	0.9122596616	0.9123285207	0.9119615971	0.9122372423	0.9121951889	0.9122300710	0.9121814727	0.9121860680	0.9121894796	0.9123772581	0.9122930119	0.9126641130	0.9121481224	0.9124071273	0.9123464839	0.9117408860	0.9121504200	0.9136893406	0.9131381198	0.9119735726	0.9113545370	0.9120737629	0.9117036366	0.9125252112	0.9116637415	0.9123065192	0.9119430769	0.9117344805	0.9115558924	0.9112745379	0.9117480573	0.9121746495	0.9121756939
0.9124819045	0.9130039525	0.9134007452	0.9136580094	0.9129860589	0.9146929149	0.9130652224	0.9140079445	0.9125930955	0.9151694978	0.9120404126	1.0000000000	0.9142294215	0.9119650087	0.9131762046	0.9114653800	0.9120802380	0.9128780705	0.9129204721	0.9138043611	0.9121791751	0.9111564540	0.9131773883	0.9142916662	0.9141548532	0.9137891132	0.9148981693	0.9121198546	0.9118645399	0.9144989398	0.9110459592	0.9104785853	0.9125323129	0.9134925805	0.9144944141	0.9117949846	0.9112712656	0.9137029871	0.9117375440	0.9122070947	0.9141719809	0.9121962332	0.9141234523	0.9112206482	0.9121198546	0.9136837010	0.9127372888	0.9117782049	0.9123068673	0.9122422553	0.9119519889	0.9108241340	0.9134657749	0.9136754156	0.9142335990	0.9136565473	0.9127672276	0.9136078098	0.9143204213	0.9120154868	0.9136192283	0.9133926687	0.9109066396	0.9121978346	0.9135118666	0.9142350611	0.9132470132	0.9129164339	0.9143023885	0.9136431793	0.9139269010	0.9133119037	0.9134448874	0.9134466280	0.9112847728	0.9131091558	0.9137371730	0.9128451379	0.9140477700	0.9137462242	0.9131021933	0.9132187455	0.9117167261	0.9136666429	0.9137666940	0.9132585710	0.9116528800	0.9138376418	0.9145466329	0.9135820486	0.9128563475	0.9139458390	0.9133129481	0.9132844018	0.9135270448	0.9136779918	0.9133174737	0.9135839981	0.9126542959	0.9129065471	0.9134626417	0.9130552661	0.9133126696
0.9121034232	0.9125303634	0.9142429287	0.9138881895	0.9127593600	0.9142517711	0.9141891087	0.9137876511	0.9137091838	0.9147025928	0.9122774159	0.9142294215	1.0000000000	0.9125988744	0.9137212289	0.9113754245	0.9127022675	0.9130418285	0.9137672510	0.9145847177	0.9121777826	0.9119803958	0.9132056560	0.9145140484	0.9140693537	0.9142196740	0.9147725659	0.9123635420	0.9122655797	0.9143677663	0.9120814217	0.9111471242	0.9126047229	0.9140143500	0.9143171490	0.9116639504	0.9120726489	0.9135524580	0.9123569277	0.9125233313	0.9141027737	0.9128267569	0.9137392617	0.9121364950	0.9127035904	0.9141219206	0.9124220270	0.9117577352	0.9124919305	0.9130054842	0.9125403198	0.9118594573	0.9136339888	0.9137996266	0.9138031775	0.9138627764	0.9135429890	0.9140660813	0.9137890436	0.9125492318	0.9142681330	0.9131598428	0.9114566768	0.9122908536	0.9141389090	0.9148864723	0.9143268965	0.9134993341	0.9139308696	0.9137310460	0.9137673206	0.9135770356	0.9135135376	0.9131731411	0.9118147580	0.9135697946	0.9141146796	0.9139708344	0.9139124190	0.9145279734	0.9134542171	0.9145385564	0.9124749420	0.9137416986	0.9137948225	0.9139268314	0.9118903011	0.9149682120	0.9148915549	0.9138643082	0.9134767060	0.9135822574	0.9139260655	0.9141473337	0.9143246685	0.9138521934	0.9140116346	0.9141806840	0.9136105252	0.9124601119	0.9142232249	0.9134099356	0.9135509262
0.9125424086	0.9129602976	0.9127843553	0.9123321412	0.9145524117	0.9126144008	0.9130304796	0.9126895957	0.9129277828	0.9132920606	0.9129312640	0.9119650087	0.9125988744	1.0000000000	0.9117985354	0.9118678819	0.9127856086	0.9119707876	0.9121954674	0.9131126370	0.9128209084	0.9121690099	0.9131089469	0.9132179796	0.9125436618	0.9132423484	0.9127409790	0.9123249002	0.9119306140	0.9126882032	0.9126040963	0.9113814123	0.9128849634	0.9118779079	0.9127882543	0.9117882309	0.9115867363	0.9119720408	0.9118843830	0.9119088910	0.9122703142	0.9120908907	0.9124718785	0.9119640340	0.9120594898	0.9121265386	0.9116659695	0.9121706809	0.9123140387	0.9119897256	0.9123326285	0.9129338401	0.9119290822	0.9128235542	0.9130815147	0.9124062918	0.9121430398	0.9124706252	0.9124131846	0.9123358313	0.9117863511	0.9121506289	0.9117142196	0.9117524437	0.9127243386	0.9127614487	0.9127272629	0.9126555491	0.9122973983	0.9124597637	0.9119639643	0.9124243942	0.9120161134	0.9122568070	0.9114563983	0.9119686292	0.9118630778	0.9121479831	0.9119053401	0.9120156957	0.9124327492	0.9123271978	0.9124265526	0.9123637509	0.9120258609	0.9119523370	0.9117649066	0.9130918888	0.9126130779	0.9118084918	0.9115425940	0.9123137602	0.9120508563	0.9125850190	0.9115411319	0.9122749791	0.9123866575	0.9123724540	0.9117163780	0.9116571271	0.9121363558	0.9116308089	0.9118199799
0.9113557206	0.9118822246	0.9135740417	0.9127887417	0.9124273185	0.9139424274	0.9119688381	0.9128663039	0.9125150460	0.9140970644	0.9115738557	0.9131762046	0.9137212289	0.9117985354	1.0000000000	0.9108347866	0.9110511114	0.9129962241	0.9134637557	0.9135798206	0.9114499928	0.9112517706	0.9125472127	0.9147163089	0.9137477560	0.9133942700	0.9140357248	0.9117250115	0.9113197245	0.9135437548	0.9111280470	0.9099868242	0.9118770724	0.9126798483	0.9129953190	0.9110138621	0.9112608914	0.9125107988	0.9115213584	0.9116665961	0.9130704443	0.9116539244	0.9137475471	0.9110275782	0.9117717994	0.9134598568	0.9113502899	0.9110504152	0.9123413317	0.9118025737	0.9111385604	0.9105874788	0.9129073130	0.9133146887	0.9127137556	0.9128365741	0.9129189404	0.9134761490	0.9134354184	0.9117974911	0.9134026250	0.9132841233	0.9108919487	0.9111682902	0.9133335571	0.9133081439	0.9137521424	0.9123304005	0.9134871497	0.9129827865	0.9125978300	0.9127063754	0.9129148325	0.9129146236	0.9108008097	0.9128868433	0.9130907052	0.9122286088	0.9131681978	0.9124638020	0.9127782283	0.9139376233	0.9115957875	0.9120757820	0.9129793052	0.9130492087	0.9113265478	0.9142569930	0.9136151204	0.9120730667	0.9127714747	0.9127228765	0.9132972825	0.9138332554	0.9123068673	0.9130309670	0.9129198455	0.9126090397	0.9124456299	0.9125215907	0.9128482014	0.9130653617	0.9124747331
0.9113495936	0.9112174455	0.9123876323	0.9107027777	0.9116718876	0.9118119034	0.9117418607	0.9111941907	0.9118275690	0.9123419583	0.9120304562	0.9114653800	0.9113754245	0.9118678819	0.9108347866	1.0000000000	0.9111080646	0.9114657281	0.9108423758	0.9121644842	0.9111319460	0.9113874000	0.9121652501	0.9122251276	0.9114658673	0.9121943534	0.9124407561	0.9121364950	0.9126948176	0.9119192651	0.9121103160	0.9101859516	0.9114080786	0.9114894006	0.9112623536	0.9119869406	0.9205570777	0.9110371168	0.9109388760	0.9109235585	0.9110412943	0.9110615552	0.9111647394	0.9166851637	0.9109326793	0.9112537201	0.9113121354	0.9111083431	0.9123193302	0.9109790496	0.9107702443	0.9106554327	0.9110316164	0.9119260884	0.9114667725	0.9113216740	0.9112817789	0.9107375206	0.9115297831	0.9114425430	0.9107213676	0.9108320713	0.9100305487	0.9107964929	0.9112393773	0.9118705276	0.9115528289	0.9113762600	0.9113064958	0.9113627528	0.9113392891	0.9117444368	0.9106284879	0.9110215208	0.9107831249	0.9107652313	0.9113532838	0.9109757772	0.9111131473	0.9112675058	0.9111329904	0.9117362211	0.9110204068	0.9108546994	0.9111445481	0.9104985677	0.9111487256	0.9120441723	0.9115691212	0.9114500625	0.9102165169	0.9110968550	0.9114768681	0.9119447479	0.9106758328	0.9110176914	0.9115418282	0.9105239112	0.9113518216	0.9101993196	0.9104383421	0.9106208291	0.9107250577
0.9115333339	0.9135201520	0.9128839887	0.9114950402	0.9118340442	0.9127594296	0.9139512698	0.9124600422	0.9130928636	0.9132812687	0.9123831066	0.9120802380	0.9127022675	0.9127856086	0.9110511114	0.9111080646	1.0000000000	0.9120105434	0.9111966972	0.9127622146	0.9116628364	0.9119315191	0.9124967346	0.9129025089	0.9116723054	0.9123945251	0.9132416521	0.9121786181	0.9117007820	0.9125391362	0.9112024761	0.9105557298	0.9117947061	0.9120354692	0.9120813520	0.9115104969	0.9112436941	0.9112736328	0.9112489159	0.9132141502	0.9116166054	0.9116048388	0.9124374141	0.9118155239	0.9120076192	0.9119536599	0.9130805399	0.9118386394	0.9119587425	0.9116450124	0.9114792353	0.9113542585	0.9116169535	0.9121671996	0.9128294027	0.9123357617	0.9121218041	0.9116872747	0.9126399531	0.9115952305	0.9117850282	0.9116001043	0.9108452304	0.9113236235	0.9125198501	0.9123496170	0.9123173807	0.9119872191	0.9126429470	0.9125261163	0.9119058275	0.9124336544	0.9119668886	0.9117811988	0.9111176729	0.9116975792	0.9124113744	0.9117960289	0.9118249233	0.9121009863	0.9119533814	0.9124552381	0.9117271698	0.9117266128	0.9115995473	0.9118171949	0.9116503735	0.9133964980	0.9125081531	0.9116729320	0.9113903242	0.9118062638	0.9118314680	0.9121205509	0.9111482382	0.9122424642	0.9120115878	0.9112374974	0.9117018263	0.9118437917	0.9117115738	0.9116709825	0.9111254709
0.9118997701	0.9119855481	0.9134251835	0.9125371171	0.9125848102	0.9138702959	0.9122456670	0.9143333020	0.9125307812	0.9136762511	0.9120949289	0.9128780705	0.9130418285	0.9119707876	0.9129962241	0.9114657281	0.9120105434	1.0000000000	0.9135679147	0.9136671303	0.9118845919	0.9117133841	0.9121401851	0.9140296675	0.9133552104	0.9135098475	0.9143541894	0.9115630638	0.9111764363	0.9134887511	0.9112203697	0.9102725650	0.9116079023	0.9130354926	0.9129339098	0.9108506611	0.9110520165	0.9129761721	0.9111652964	0.9116227324	0.9127533722	0.9117022441	0.9130634122	0.9112609611	0.9118866806	0.9131344297	0.9119159231	0.9108232985	0.9116585892	0.9118410067	0.9115050662	0.9105528055	0.9125843924	0.9126131475	0.9142576196	0.9133068211	0.9126911275	0.9129546580	0.9131567793	0.9124349772	0.9128812733	0.9133990045	0.9110089187	0.9116743245	0.9130343090	0.9137959365	0.9136465909	0.9128903245	0.9136031449	0.9134395263	0.9128803682	0.9129293145	0.9127521886	0.9124587194	0.9106669905	0.9133650275	0.9137075824	0.9126790824	0.9138026205	0.9130255362	0.9125884307	0.9132647676	0.9122146142	0.9128190982	0.9128070531	0.9132164479	0.9111464976	0.9144225612	0.9138636816	0.9126885514	0.9126153755	0.9129917681	0.9126302753	0.9135965306	0.9126508146	0.9127442513	0.9126258889	0.9125011210	0.9128962426	0.9124653337	0.9123961961	0.9128155473	0.9125784743
0.9118860540	0.9121887834	0.9140050899	0.9135059485	0.9126364023	0.9136910116	0.9126714236	0.9134659837	0.9122977464	0.9144434487	0.9122495660	0.9129204721	0.9137672510	0.9121954674	0.9134637557	0.9108423758	0.9111966972	0.9135679147	1.0000000000	0.9139285720	0.9117129663	0.9115242131	0.9125481178	0.9138196090	0.9136174877	0.9131879713	0.9150333810	0.9115682857	0.9114994266	0.9141703099	0.9114333525	0.9098508466	0.9115642474	0.9137313941	0.9140521563	0.9108796947	0.9113020398	0.9130401575	0.9111840255	0.9115505313	0.9134555400	0.9119382031	0.9134851306	0.9118464374	0.9122536738	0.9136921953	0.9117254988	0.9113250857	0.9124306605	0.9123342995	0.9116271188	0.9108326283	0.9133114859	0.9134204490	0.9129348149	0.9135257916	0.9139409653	0.9136401158	0.9138666058	0.9122832644	0.9132046812	0.9130354926	0.9116218273	0.9119125115	0.9136832833	0.9139062920	0.9133976817	0.9120448686	0.9134713449	0.9130850656	0.9128589933	0.9127258007	0.9129816029	0.9128990973	0.9109140895	0.9129806281	0.9131215490	0.9125759678	0.9130285997	0.9133197017	0.9137263115	0.9136640668	0.9119077770	0.9127814311	0.9134642431	0.9134712056	0.9111132865	0.9142611009	0.9138038737	0.9129236749	0.9128016223	0.9129109335	0.9130511582	0.9131789896	0.9129252066	0.9134331904	0.9130781031	0.9133132962	0.9130230297	0.9128732664	0.9135186202	0.9125102418	0.9127229461
0.9125795883	0.9127966789	0.9151921259	0.9134773326	0.9135836499	0.9143810647	0.9137034745	0.9148046630	0.9133250628	0.9153000446	0.9130315240	0.9138043611	0.9145847177	0.9131126370	0.9135798206	0.9121644842	0.9127622146	0.9136671303	0.9139285720	1.0000000000	0.9120335893	0.9122093924	0.9138533771	0.9149881248	0.9140734616	0.9139344205	0.9150464009	0.9125261163	0.9122955881	0.9144405244	0.9120445901	0.9110935826	0.9129511071	0.9137700360	0.9147250816	0.9117878132	0.9126238698	0.9136454073	0.9120375579	0.9130159280	0.9139615046	0.9135378367	0.9142480114	0.9124671440	0.9128597592	0.9147285629	0.9121839792	0.9115583989	0.9130144658	0.9130746218	0.9125498584	0.9114793746	0.9139898420	0.9144189407	0.9143176363	0.9137319511	0.9134856876	0.9132869083	0.9146200176	0.9125534789	0.9143386631	0.9142013626	0.9118550013	0.9120557301	0.9142634681	0.9151600288	0.9143002301	0.9135867134	0.9148939918	0.9145480950	0.9135731366	0.9138164758	0.9138643778	0.9133319557	0.9122041705	0.9144362773	0.9140401112	0.9136513254	0.9140396238	0.9141109894	0.9140119827	0.9144417080	0.9124945066	0.9139109569	0.9136599589	0.9139255085	0.9127879758	0.9155042546	0.9147252209	0.9139236983	0.9133496404	0.9137646052	0.9140956023	0.9139383891	0.9134792125	0.9134530335	0.9135544075	0.9133040361	0.9137721247	0.9127934066	0.9139988236	0.9133770030	0.9139034374
0.9118309807	0.9127628412	0.9127091604	0.9115180861	0.9128989580	0.9121967902	0.9125859938	0.9122260327	0.9129048065	0.9129329350	0.9139062920	0.9121791751	0.9121777826	0.9128209084	0.9114499928	0.9111319460	0.9116628364	0.9118845919	0.9117129663	0.9120335893	1.0000000000	0.9121403244	0.9131494687	0.9125493014	0.9118167772	0.9124402687	0.9123001137	0.9123565099	0.9121383749	0.9116603995	0.9117521652	0.9110775689	0.9122005500	0.9118968459	0.9123848473	0.9119235819	0.9120010048	0.9114572338	0.9117395631	0.9123248305	0.9118845919	0.9117331576	0.9120874094	0.9121542494	0.9121444323	0.9118080740	0.9118174734	0.9124266222	0.9125130268	0.9117085800	0.9114983822	0.9117985354	0.9116816351	0.9123359009	0.9124302427	0.9117869081	0.9122719852	0.9114684435	0.9119540776	0.9124385977	0.9119391082	0.9117954023	0.9110849491	0.9118855666	0.9118144795	0.9120522488	0.9117973518	0.9121145631	0.9117963771	0.9121117781	0.9120809343	0.9122500533	0.9113394980	0.9113637971	0.9114175476	0.9121064867	0.9120539894	0.9115174594	0.9117912944	0.9116542029	0.9120005175	0.9120126322	0.9116966045	0.9114363463	0.9116359611	0.9112151478	0.9110799361	0.9128456949	0.9128680445	0.9115792864	0.9112870704	0.9113750764	0.9118799966	0.9120813520	0.9116117316	0.9116646466	0.9112317186	0.9116082504	0.9108048479	0.9110272997	0.9114963631	0.9113074705	0.9110956018
0.9115490692	0.9122279126	0.9121557115	0.9114316815	0.9123981456	0.9131328979	0.9128690193	0.9111437126	0.9125900320	0.9123431419	0.9130840908	0.9111564540	0.9119803958	0.9121690099	0.9112517706	0.9113874000	0.9119315191	0.9117133841	0.9115242131	0.9122093924	0.9121403244	1.0000000000	0.9126848612	0.9128965211	0.9116029589	0.9121515340	0.9125033490	0.9119838075	0.9116162573	0.9121736051	0.9111662711	0.9103948961	0.9115971104	0.9117734008	0.9116474492	0.9110938611	0.9108202350	0.9111392566	0.9112873489	0.9115785205	0.9113521698	0.9111230340	0.9118313984	0.9114725513	0.9112306046	0.9115593040	0.9109245332	0.9117880917	0.9116548991	0.9119013715	0.9117176312	0.9105913081	0.9110612070	0.9122217856	0.9118492224	0.9115786598	0.9119723890	0.9115698870	0.9122446226	0.9117642799	0.9111912665	0.9110483960	0.9106221520	0.9114761022	0.9121557115	0.9130333342	0.9120916565	0.9113951284	0.9121179748	0.9114293839	0.9111242176	0.9115396698	0.9112366619	0.9116440376	0.9111210149	0.9115920278	0.9114892613	0.9113940144	0.9115998954	0.9115278336	0.9116587285	0.9117808507	0.9110381612	0.9115128642	0.9111279077	0.9112361049	0.9111706575	0.9127292124	0.9122607060	0.9109495286	0.9109243940	0.9115593737	0.9115469804	0.9121922646	0.9116030285	0.9118957319	0.9108229504	0.9113211867	0.9113708293	0.9111377945	0.9113855897	0.9112674362	0.9110197802
0.9125073872	0.9129694185	0.9134576984	0.9127028941	0.9132273790	0.9136488189	0.9138649348	0.9133211638	0.9136887140	0.9140614861	0.9137022213	0.9131773883	0.9132056560	0.9131089469	0.9125472127	0.9121652501	0.9124967346	0.9121401851	0.9125481178	0.9138533771	0.9131494687	0.9126848612	1.0000000000	0.9137541615	0.9135812827	0.9132177707	0.9133687873	0.9126714236	0.9131488420	0.9130345875	0.9125807719	0.9115627853	0.9131656216	0.9127780891	0.9129700451	0.9125765944	0.9122377993	0.9126130779	0.9126492133	0.9125254201	0.9131738374	0.9124981271	0.9133667682	0.9125852975	0.9126999699	0.9129189404	0.9125609984	0.9121202028	0.9127260096	0.9132782748	0.9124307301	0.9119939727	0.9126006150	0.9127805956	0.9134537994	0.9128994454	0.9129880780	0.9128285672	0.9131756476	0.9128232757	0.9129388531	0.9129043191	0.9120168793	0.9121724911	0.9126763670	0.9135240510	0.9127635375	0.9127931977	0.9131383983	0.9128717347	0.9125906587	0.9134529639	0.9117268217	0.9127229461	0.9121105249	0.9128643544	0.9130683556	0.9124516176	0.9128173576	0.9126216418	0.9129129526	0.9133234614	0.9126019379	0.9125506939	0.9127035207	0.9128593414	0.9124988233	0.9141232434	0.9136598893	0.9128192374	0.9117874651	0.9131677104	0.9127559483	0.9127482896	0.9124073361	0.9132680400	0.9128887232	0.9126568720	0.9120968784	0.9121980435	0.9127241994	0.9127303960	0.9131427847
0.9124742457	0.9133572296	0.9149156452	0.9142470366	0.9136743713	0.9158773748	0.9135340770	0.9139775880	0.9140769428	0.9150551736	0.9133144102	0.9142916662	0.9145140484	0.9132179796	0.9147163089	0.9122251276	0.9129025089	0.9140296675	0.9138196090	0.9149881248	0.9125493014	0.9128965211	0.9137541615	1.0000000000	0.9147104604	0.9146272586	0.9156013815	0.9131938894	0.9126256800	0.9148253416	0.9129229090	0.9115675198	0.9132254991	0.9148517991	0.9151165828	0.9123810875	0.9121509074	0.9138940380	0.9127702215	0.9128614302	0.9150920052	0.9130361888	0.9141876465	0.9128005779	0.9127675061	0.9146892248	0.9128166613	0.9126166288	0.9135106830	0.9132721478	0.9131240555	0.9120535717	0.9146986938	0.9142981413	0.9148308420	0.9142391690	0.9143628926	0.9141028433	0.9147470831	0.9130467718	0.9142823365	0.9150280199	0.9115077816	0.9131689636	0.9143697854	0.9148938526	0.9146733503	0.9141247056	0.9141650880	0.9142075593	0.9140444280	0.9143050342	0.9140230531	0.9145925157	0.9124153430	0.9146552478	0.9138991207	0.9137348057	0.9143679056	0.9146630458	0.9145438479	0.9149809534	0.9131359614	0.9138097918	0.9139828099	0.9137508195	0.9128884447	0.9159165041	0.9154353259	0.9140365603	0.9139186853	0.9143585758	0.9144974080	0.9147036372	0.9137996962	0.9139218184	0.9143426317	0.9144660071	0.9136240324	0.9133412854	0.9138759356	0.9142018500	0.9138306793
0.9127205092	0.9126451750	0.9146464054	0.9130350748	0.9124810690	0.9142334598	0.9134476724	0.9138945254	0.9131614441	0.9146704957	0.9124220270	0.9141548532	0.9140693537	0.9125436618	0.9137477560	0.9114658673	0.9116723054	0.9133552104	0.9136174877	0.9140734616	0.9118167772	0.9116029589	0.9135812827	0.9147104604	1.0000000000	0.9134973150	0.9138835247	0.9123861701	0.9122145446	0.9139713914	0.9114818811	0.9106218039	0.9125372563	0.9135839981	0.9141446879	0.9115932810	0.9113377574	0.9133401714	0.9122162156	0.9125001462	0.9139786324	0.9124686757	0.9136131709	0.9118023648	0.9122414895	0.9134825545	0.9118294489	0.9114641267	0.9119641036	0.9128360867	0.9118948268	0.9112354087	0.9137552059	0.9138140390	0.9132798066	0.9139170143	0.9138381292	0.9135560785	0.9140744363	0.9126334084	0.9138054751	0.9134721107	0.9113591323	0.9115274158	0.9141349404	0.9139312874	0.9133250628	0.9132937316	0.9140377440	0.9128550943	0.9130013763	0.9134120940	0.9125635049	0.9132510515	0.9113851024	0.9131504434	0.9143083066	0.9133465073	0.9132690147	0.9135771052	0.9137879296	0.9136460339	0.9128094899	0.9131608175	0.9141626512	0.9131274672	0.9114716462	0.9152547188	0.9144390623	0.9130499049	0.9128824569	0.9131659698	0.9137845180	0.9135640853	0.9135952077	0.9135234940	0.9137492181	0.9134176640	0.9126210848	0.9128857293	0.9130645958	0.9132678311	0.9132290500
0.9125186665	0.9129534047	0.9145618111	0.9137103674	0.9133417032	0.9151069050	0.9132505641	0.9140243760	0.9134760794	0.9147504948	0.9127249652	0.9137891132	0.9142196740	0.9132423484	0.9133942700	0.9121943534	0.9123945251	0.9135098475	0.9131879713	0.9139344205	0.9124402687	0.9121515340	0.9132177707	0.9146272586	0.9134973150	1.0000000000	0.9145013070	0.9126671069	0.9115023508	0.9164459323	0.9120779404	0.9112656259	0.9123317930	0.9132676918	0.9136007081	0.9114546577	0.9120390897	0.9139093555	0.9121289755	0.9123829674	0.9142356181	0.9126465675	0.9137616810	0.9121196458	0.9121613511	0.9144261817	0.9123475283	0.9119213539	0.9126932859	0.9122422553	0.9125497888	0.9114123257	0.9138705744	0.9135755734	0.9147407473	0.9136415083	0.9138927848	0.9135124236	0.9141547139	0.9125052288	0.9141024256	0.9140820951	0.9113483404	0.9123324893	0.9136289758	0.9150956257	0.9142838682	0.9135186898	0.9141820765	0.9146353351	0.9138256663	0.9137183743	0.9136733965	0.9137159374	0.9114788872	0.9134621544	0.9135635283	0.9130854833	0.9138012976	0.9140515993	0.9137634912	0.9151576616	0.9124287110	0.9136915686	0.9138822714	0.9135348428	0.9118528429	0.9143882361	0.9149925111	0.9137543007	0.9130517152	0.9139841327	0.9138972408	0.9140422000	0.9132676222	0.9137764415	0.9135317793	0.9136852328	0.9140416430	0.9134207971	0.9131955604	0.9137160070	0.9132876046
0.9128436062	0.9130542913	0.9146660397	0.9142171675	0.9140529222	0.9147954725	0.9140332184	0.9143443027	0.9138103488	0.9156654364	0.9134299180	0.9148981693	0.9147725659	0.9127409790	0.9140357248	0.9124407561	0.9132416521	0.9143541894	0.9150333810	0.9150464009	0.9123001137	0.9125033490	0.9133687873	0.9156013815	0.9138835247	0.9145013070	1.0000000000	0.9126904312	0.9125213122	0.9142170283	0.9128930399	0.9113374093	0.9133365509	0.9142287253	0.9143641458	0.9122722637	0.9127816400	0.9138815752	0.9128680445	0.9133040361	0.9143814824	0.9129355808	0.9145086872	0.9130422462	0.9130065286	0.9144357203	0.9129970596	0.9120985494	0.9129090536	0.9128973566	0.9129417078	0.9122045882	0.9140646192	0.9152051458	0.9145252580	0.9139756385	0.9144245107	0.9136446414	0.9146131943	0.9129307070	0.9146436204	0.9142129204	0.9124440285	0.9124414524	0.9144215168	0.9154207047	0.9152709414	0.9142136166	0.9147743761	0.9148087709	0.9136483315	0.9145313850	0.9137422556	0.9135367923	0.9118926684	0.9147881619	0.9140880132	0.9137227606	0.9139967349	0.9148967768	0.9144013255	0.9153448831	0.9124929748	0.9138420282	0.9140779872	0.9139661695	0.9122027084	0.9154839242	0.9148534701	0.9138230206	0.9139133242	0.9138963357	0.9142167498	0.9150766181	0.9143968696	0.9145912625	0.9140742275	0.9141478907	0.9140724868	0.9131564311	0.9140126094	0.9145214982	0.9137969112
0.9125460291	0.9125922600	0.9122514458	0.9117475699	0.9132156124	0.9125648278	0.9124876833	0.9120035113	0.9134012325	0.9130730204	0.9132816168	0.9121198546	0.9123635420	0.9123249002	0.9117250115	0.9121364950	0.9121786181	0.9115630638	0.9115682857	0.9125261163	0.9123565099	0.9119838075	0.9126714236	0.9131938894	0.9123861701	0.9126671069	0.9126904312	1.0000000000	0.9126481689	0.9124041334	0.9128828747	0.9111338259	0.9123927149	0.9121156075	0.9122702446	0.9128055909	0.9121980435	0.9120213353	0.9114527082	0.9118802055	0.9119426591	0.9119420325	0.9123859613	0.9123081206	0.9123154312	0.9119658442	0.9116244730	0.9117742363	0.9123010884	0.9125137231	0.9117456901	0.9113550244	0.9114354412	0.9128933184	0.9122120381	0.9122398881	0.9116709825	0.9118641918	0.9123790684	0.9118742178	0.9113978437	0.9120535717	0.9113021790	0.9117080230	0.9122611933	0.9130297833	0.9121112211	0.9121995056	0.9127668098	0.9120083154	0.9117162387	0.9125682394	0.9113800198	0.9120937453	0.9116587285	0.9118813195	0.9126484474	0.9118817373	0.9119425199	0.9122831948	0.9120697247	0.9123536553	0.9116315748	0.9119006056	0.9122723333	0.9115934899	0.9117587796	0.9125772211	0.9130510189	0.9117841231	0.9111772022	0.9117911552	0.9123262927	0.9115382773	0.9115741342	0.9116250996	0.9118707365	0.9113344850	0.9110336355	0.9112197431	0.9116169535	0.9114954579	0.9113906724
0.9125511117	0.9117672738	0.9122487305	0.9107919673	0.9120223101	0.9124210523	0.9126874374	0.9111268634	0.9125609288	0.9127001787	0.9124818348	0.9118645399	0.9122655797	0.9119306140	0.9113197245	0.9126948176	0.9117007820	0.9111764363	0.9114994266	0.9122955881	0.9121383749	0.9116162573	0.9131488420	0.9126256800	0.9122145446	0.9115023508	0.9125213122	0.9126481689	1.0000000000	0.9117050291	0.9121581484	0.9105335890	0.9116540636	0.9118016685	0.9122455277	0.9122602186	0.9120070622	0.9113504988	0.9117039847	0.9116697292	0.9117622608	0.9117408860	0.9115787990	0.9472628476	0.9120129107	0.9121394193	0.9112533023	0.9113323266	0.9119652872	0.9123349958	0.9110880823	0.9111133561	0.9113420741	0.9119489950	0.9121179748	0.9116378410	0.9118558368	0.9117293282	0.9119613882	0.9113060084	0.9117648369	0.9118728949	0.9104696733	0.9114446317	0.9121224308	0.9123819230	0.9117149855	0.9114664243	0.9121497238	0.9117190237	0.9117121308	0.9119744081	0.9112118755	0.9114624557	0.9111971846	0.9118476907	0.9120191073	0.9119323546	0.9119023462	0.9119945993	0.9117548109	0.9122144750	0.9113669303	0.9114602277	0.9115061106	0.9112796902	0.9112398647	0.9122320901	0.9123701564	0.9113562776	0.9114866852	0.9111023554	0.9118836868	0.9118747748	0.9113578094	0.9114871726	0.9111135650	0.9115208711	0.9114294535	0.9110701190	0.9115571457	0.9110709545	0.9114464420
