1.0000000000	0.9367654632	0.9359728177	0.9363802145	0.9364704089	0.9365969294	0.9367260933	0.9363286691	0.9366318537	0.9363480136	0.9365356917	0.9361737125	0.9364190237	0.9365366129	0.9367258529	0.9367133170	0.9367852483	0.9367412325	0.9367529273	0.9368684739	0.9375178977	0.9362476063	0.9366309325	0.9363582266	0.9362345898	0.9366448702	0.9369695221	0.9360747470	0.9364706893	0.9364795805	0.9362516514	0.9369676797	0.9368960288	0.9366816769	0.9371770653	0.9369509785	0.9362119210	0.9369860630	0.9365287629	0.9362528129	0.9368322279	0.9365123421	0.9366014151	0.9364020822	0.9360985772	0.9363055598	0.9357781307	0.9364935182	0.9366568855	0.9361071881	0.9360737457	0.9366846807	0.9362808885	0.9366757894	0.9360866821	0.9367248917	0.9362947461	0.9360765092	0.9362669909	0.9357428860	0.9366459516	0.9365317267	0.9357870620	0.9361468785	0.9368554974	0.9366505574	0.9367761568	0.9366397437	0.9367238504	0.9366268073	0.9365955276	0.9364621985	0.9366620520	0.9366626928	0.9363477333	0.9368693149	0.9360336148	0.9370782600	0.9368877383	0.9366028169	0.9366038982	0.9367653831	0.9365978506	0.9358880301	0.9364646816	0.9367086311	0.9367537283	0.9367936189	0.9369219417	0.9364996059	0.9363316329	0.9376442981	0.9369348381	0.9367590150	0.9367111543	0.9365167877	0.9367458383	0.9362103991	0.9363461713	0.9363868629	0.9361361048	0.9365731392	0.9363738865	0.9369440497	0.9367568523	0.9364728120	0.9364805017	0.9369984788	0.9367393100	0.9369215812	0.9357149305	0.9371270419	0.9369092055
0.9367654632	1.0000000000	0.9358267123	0.9358616366	0.9360280077	0.9363708826	0.9362592610	0.9359196703	0.9360902066	0.9361507234	0.9359112195	0.9359358107	0.9361473190	0.9366046192	0.9362898599	0.9363843397	0.9361317793	0.9358754141	0.9363629926	0.9362174080	0.9372121498	0.9360580858	0.9364491820	0.9358765756	0.9356538531	0.9365324076	0.9361207654	0.9357536196	0.9360994183	0.9359940847	0.9359177078	0.9363587473	0.9362657092	0.9363878642	0.9364733727	0.9366579668	0.9363688401	0.9360069009	0.9360222804	0.9361531665	0.9361938981	0.9361185626	0.9360858010	0.9360322531	0.9359356505	0.9359619239	0.9354329729	0.9362416787	0.9366644951	0.9357023546	0.9361271735	0.9362901002	0.9359836314	0.9359891584	0.9359123009	0.9362634263	0.9359803472	0.9357744460	0.9357630716	0.9356309039	0.9361057463	0.9360666567	0.9357664759	0.9358360842	0.9369521000	0.9364232291	0.9366142714	0.9363660365	0.9361488009	0.9361173610	0.9363396831	0.9360541609	0.9362852540	0.9365769040	0.9363179355	0.9377331307	0.9358033227	0.9369007548	0.9363774910	0.9365320871	0.9366885656	0.9364227084	0.9364252316	0.9355924552	0.9361879306	0.9363421662	0.9362379540	0.9368011485	0.9367508447	0.9363795336	0.9359414579	0.9367628599	0.9367055071	0.9361819630	0.9364136569	0.9360875232	0.9362005866	0.9359754610	0.9360574050	0.9359322863	0.9357371187	0.9359668501	0.9362866558	0.9362653488	0.9362405974	0.9362719171	0.9358788585	0.9364183829	0.9364573523	0.9364110136	0.9350864533	0.9364849473	0.9365123020
0.9359728177	0.9358267123	1.0000000000	0.9366669382	0.9358180213	0.9362005466	0.9361035035	0.9357829769	0.9356610622	0.9356278601	0.9359554757	0.9357639527	0.9360305709	0.9357580653	0.9363220207	0.9361278944	0.9360030160	0.9358299564	0.9361428334	0.9359672106	0.9357211785	0.9359653682	0.9358586328	0.9359911609	0.9359274401	0.9360592874	0.9359497084	0.9360098246	0.9357413240	0.9358467377	0.9355218856	0.9359485869	0.9359766626	0.9357709616	0.9358414110	0.9358961604	0.9355452753	0.9362454836	0.9359677713	0.9356521709	0.9360235620	0.9360636529	0.9356435199	0.9359928831	0.9361172809	0.9357794924	0.9357113660	0.9358633989	0.9360281278	0.9356842917	0.9359621241	0.9358917949	0.9358907536	0.9359984902	0.9357973951	0.9359791057	0.9358273932	0.9358914344	0.9378905304	0.9367135974	0.9359085762	0.9359533530	0.9354889639	0.9354693390	0.9361266128	0.9359650879	0.9364129360	0.9359338482	0.9369730065	0.9359334077	0.9362266997	0.9355795989	0.9358391281	0.9361897328	0.9357955528	0.9360194769	0.9358041637	0.9360481933	0.9359660491	0.9361972223	0.9359140231	0.9357623106	0.9357899056	0.9357331536	0.9358300766	0.9358929163	0.9358847460	0.9364330415	0.9360064203	0.9360211190	0.9360751875	0.9362641072	0.9356986699	0.9363113671	0.9362280214	0.9359267993	0.9358629183	0.9357770894	0.9360749072	0.9358731312	0.9358054854	0.9358408903	0.9357946316	0.9360409441	0.9361019014	0.9361288957	0.9356450018	0.9360796732	0.9360105856	0.9359913212	0.9352470971	0.9362247373	0.9361945790
0.9363802145	0.9358616366	0.9366669382	1.0000000000	0.9363204987	0.9363947129	0.9364416925	0.9357503755	0.9361887716	0.9360184355	0.9361800806	0.9362632261	0.9361258919	0.9356956661	0.9362548154	0.9362179286	0.9362785655	0.9356805669	0.9359986504	0.9359017675	0.9357934301	0.9362942655	0.9360262054	0.9360205582	0.9361188029	0.9359724572	0.9361573317	0.9359003257	0.9361654621	0.9360004527	0.9359284814	0.9358982831	0.9362671110	0.9359838717	0.9360033764	0.9362774441	0.9356901791	0.9361755549	0.9359931635	0.9358512234	0.9362824505	0.9360912880	0.9357172134	0.9362206120	0.9358933969	0.9355896516	0.9358037232	0.9360155919	0.9357841383	0.9356057120	0.9358085693	0.9359492278	0.9358315585	0.9359604420	0.9357001518	0.9363288293	0.9358376462	0.9360235220	0.9361000190	0.9359021681	0.9357970747	0.9357722432	0.9353732170	0.9359565971	0.9365112607	0.9358265922	0.9364569118	0.9363428471	0.9362971091	0.9363882246	0.9362091575	0.9358638795	0.9361205251	0.9360972956	0.9360733452	0.9364058871	0.9361321798	0.9363231821	0.9358582323	0.9362614638	0.9362553361	0.9361189230	0.9362305446	0.9354378190	0.9360674978	0.9360235620	0.9364644413	0.9360987775	0.9362549756	0.9361049853	0.9362452433	0.9362891790	0.9360540808	0.9358657619	0.9363323938	0.9362375936	0.9364628794	0.9358684052	0.9359211922	0.9360518379	0.9358111726	0.9360673376	0.9360397426	0.9362166069	0.9362847734	0.9361282549	0.9363361185	0.9365662905	0.9365823509	0.9360453096	0.9352185809	0.9364585539	0.9364846269
0.9364704089	0.9360280077	0.9358180213	0.9363204987	1.0000000000	0.9365134235	0.9362461644	0.9362893793	0.9359320460	0.9368543760	0.9381560272	0.9359204713	0.9362474060	0.9362945859	0.9364953606	0.9363073220	0.9362365122	0.9361432339	0.9365878779	0.9360163930	0.9359713358	0.9362840124	0.9365651291	0.9360463510	0.9358767358	0.9360826770	0.9362642674	0.9360910477	0.9359918018	0.9364059271	0.9359730179	0.9360176345	0.9365163872	0.9360650947	0.9365083370	0.9361042644	0.9362569782	0.9363344765	0.9362461244	0.9360963344	0.9363374002	0.9361403102	0.9357857003	0.9360869224	0.9360277273	0.9361996254	0.9356547342	0.9360747069	0.9361373063	0.9360299301	0.9360151514	0.9359588399	0.9361597348	0.9361832847	0.9357918681	0.9366562847	0.9363105661	0.9361809217	0.9356885371	0.9355811208	0.9362446025	0.9361118741	0.9358759348	0.9358443747	0.9364871501	0.9364359252	0.9365507108	0.9367628198	0.9365809892	0.9364732125	0.9364992054	0.9362650284	0.9362381943	0.9363167740	0.9362623049	0.9365221145	0.9358607956	0.9364909950	0.9363676786	0.9365136237	0.9364677655	0.9365553967	0.9364224681	0.9355699066	0.9359486270	0.9365166676	0.9365023294	0.9364750948	0.9365822708	0.9365021291	0.9365083771	0.9364782188	0.9364277548	0.9364369665	0.9362042312	0.9358391681	0.9361761957	0.9361417920	0.9358516640	0.9363117677	0.9359261184	0.9362864956	0.9364082901	0.9361700679	0.9362890989	0.9362791663	0.9359439410	0.9365053332	0.9364818234	0.9361834048	0.9352609546	0.9364960414	0.9366357787
0.9365969294	0.9363708826	0.9362005466	0.9363947129	0.9365134235	1.0000000000	0.9361912548	0.9359276003	0.9363748076	0.9361866089	0.9360005328	0.9359244363	0.9362278212	0.9360222003	0.9363010741	0.9365912422	0.9367597760	0.9362486876	0.9364380478	0.9363623118	0.9363380009	0.9361763959	0.9362245770	0.9361059065	0.9361672243	0.9362128021	0.9362088771	0.9359459436	0.9363092044	0.9364425736	0.9362346699	0.9362260189	0.9366068620	0.9363784122	0.9366317336	0.9365885187	0.9359167465	0.9363977968	0.9361994652	0.9360946923	0.9364631998	0.9363210594	0.9362917423	0.9365370534	0.9362260189	0.9360441882	0.9359931234	0.9362026693	0.9364535876	0.9359346493	0.9359950058	0.9362816094	0.9361552091	0.9361825237	0.9362200513	0.9363866226	0.9361265327	0.9360036968	0.9360934107	0.9355416707	0.9364651622	0.9367624193	0.9359840319	0.9359450224	0.9366195982	0.9365032506	0.9366552033	0.9366205994	0.9364128158	0.9362560169	0.9367614181	0.9361920958	0.9364310390	0.9364400904	0.9365062544	0.9366400641	0.9361727513	0.9366984982	0.9365616446	0.9367374677	0.9365860356	0.9361626986	0.9364487014	0.9357258244	0.9363991585	0.9364398101	0.9364048858	0.9367280958	0.9364346035	0.9363591077	0.9368567790	0.9365020490	0.9365501901	0.9364533473	0.9365368532	0.9363505769	0.9361463578	0.9360401030	0.9361535269	0.9361729916	0.9360866821	0.9363760893	0.9366718645	0.9362499693	0.9364432545	0.9364748946	0.9360683789	0.9364986447	0.9366032174	0.9365031304	0.9354331331	0.9366880850	0.9366418264
0.9367260933	0.9362592610	0.9361035035	0.9364416925	0.9362461644	0.9361912548	1.0000000000	0.9360606891	0.9361580927	0.9363732056	0.9362831714	0.9360033764	0.9363722043	0.9361931772	0.9365644081	0.9362476463	0.9364595151	0.9363656760	0.9364097319	0.9363930307	0.9362348701	0.9361556897	0.9362524124	0.9362419591	0.9361715898	0.9362881377	0.9364534674	0.9358095706	0.9361580927	0.9360912880	0.9359662093	0.9363588674	0.9365821507	0.9361987042	0.9365029702	0.9364728921	0.9359796664	0.9365018888	0.9365831920	0.9359394954	0.9366177558	0.9363820568	0.9359735386	0.9361804010	0.9364323206	0.9361144774	0.9360905670	0.9363919894	0.9366670984	0.9361069078	0.9361488410	0.9365020090	0.9360843592	0.9364069284	0.9360240026	0.9365906815	0.9361249707	0.9360548417	0.9361050654	0.9357394817	0.9363913486	0.9361929369	0.9358255509	0.9360461507	0.9368417600	0.9360912479	0.9369645157	0.9364147783	0.9365153860	0.9362348301	0.9365839529	0.9359472653	0.9365385754	0.9366839598	0.9362106394	0.9366240838	0.9358668032	0.9364742538	0.9365457445	0.9366678994	0.9363665972	0.9366970965	0.9361526057	0.9357655147	0.9364887522	0.9362657092	0.9365838728	0.9364847070	0.9366643750	0.9363449698	0.9362896997	0.9367980646	0.9364667643	0.9365118615	0.9366567253	0.9362430405	0.9364296372	0.9362332681	0.9358813817	0.9361260921	0.9360145506	0.9365406580	0.9365238767	0.9363288293	0.9363873836	0.9362598618	0.9361940183	0.9367312999	0.9365177089	0.9361308582	0.9357229807	0.9364080097	0.9364960014
0.9363286691	0.9359196703	0.9357829769	0.9357503755	0.9362893793	0.9359276003	0.9360606891	1.0000000000	0.9364515450	0.9359398158	0.9360587667	0.9362325872	0.9358291554	0.9359050918	0.9361701881	0.9361621378	0.9362809285	0.9361007400	0.9360743064	0.9358188223	0.9360686192	0.9360991780	0.9359330873	0.9361956203	0.9356211716	0.9359146639	0.9361399096	0.9356188086	0.9361619776	0.9362403170	0.9360054991	0.9358766957	0.9361449961	0.9359730179	0.9363493754	0.9363072820	0.9359670504	0.9361218467	0.9359297631	0.9357969546	0.9363041180	0.9361927367	0.9356045505	0.9361607361	0.9359435005	0.9360755079	0.9356506890	0.9360547216	0.9363460111	0.9359602818	0.9357635923	0.9360926497	0.9359881171	0.9360899262	0.9358338814	0.9361927767	0.9360280077	0.9362889387	0.9356213718	0.9351998772	0.9362624251	0.9358967612	0.9357518173	0.9357422852	0.9361428334	0.9360976160	0.9364541483	0.9363478534	0.9358285547	0.9360713026	0.9362273005	0.9357673170	0.9364463384	0.9361062269	0.9360802740	0.9362593411	0.9361186026	0.9360702613	0.9363400836	0.9364271540	0.9362737194	0.9361594144	0.9361586534	0.9354639722	0.9358531859	0.9365906414	0.9361266929	0.9362974695	0.9361522453	0.9362833316	0.9363512578	0.9363219806	0.9362388351	0.9357406832	0.9366405047	0.9359906803	0.9359927229	0.9356989503	0.9355490000	0.9360792727	0.9360757082	0.9359744598	0.9362779247	0.9364615176	0.9363651554	0.9359550351	0.9356065931	0.9362114804	0.9362239362	0.9359791057	0.9351349147	0.9364628393	0.9363592279
0.9366318537	0.9360902066	0.9356610622	0.9361887716	0.9359320460	0.9363748076	0.9361580927	0.9364515450	1.0000000000	0.9361907742	0.9359828304	0.9359495081	0.9361880107	0.9362521721	0.9364259525	0.9365149854	0.9363317130	0.9360630922	0.9361664233	0.9361413114	0.9361353439	0.9361120743	0.9361548886	0.9361175212	0.9359677713	0.9366449503	0.9360660560	0.9359768628	0.9361321798	0.9360886847	0.9358067670	0.9361374265	0.9364065279	0.9360560833	0.9362066343	0.9364875106	0.9359702544	0.9363676786	0.9362062738	0.9358954796	0.9363923899	0.9363001529	0.9361002994	0.9363764497	0.9359759416	0.9361808416	0.9359260784	0.9362335084	0.9364954807	0.9358944382	0.9358022012	0.9362111200	0.9362136832	0.9358463372	0.9357042770	0.9362929037	0.9361592141	0.9361180820	0.9360628919	0.9354005317	0.9360934107	0.9361725511	0.9355468373	0.9358446551	0.9363585470	0.9363294301	0.9364305183	0.9365350509	0.9363907078	0.9364004401	0.9364653625	0.9361389084	0.9363906677	0.9363835387	0.9362582598	0.9364813828	0.9358227073	0.9364432144	0.9363004333	0.9364681661	0.9364988049	0.9362818898	0.9361849268	0.9354812741	0.9362079560	0.9363943124	0.9365024495	0.9365900807	0.9364443759	0.9363811357	0.9364420129	0.9365184699	0.9360775906	0.9362639870	0.9364576327	0.9359706549	0.9361542078	0.9355441138	0.9358195833	0.9362044715	0.9362303844	0.9362649082	0.9364808221	0.9363641141	0.9365584406	0.9362817696	0.9359294827	0.9362467251	0.9366614513	0.9364533072	0.9351914665	0.9365702556	0.9364155393
0.9363480136	0.9361507234	0.9356278601	0.9360184355	0.9368543760	0.9361866089	0.9363732056	0.9359398158	0.9361907742	1.0000000000	0.9369113282	0.9359464242	0.9360343357	0.9361576121	0.9364032437	0.9361490412	0.9360928099	0.9360109060	0.9362909412	0.9362353107	0.9361168003	0.9359989308	0.9362886183	0.9363332749	0.9359340885	0.9361999458	0.9362153253	0.9358770161	0.9359729779	0.9361580927	0.9356640660	0.9362034703	0.9363260658	0.9362695141	0.9363180957	0.9362617442	0.9357620303	0.9359314051	0.9362244969	0.9357933901	0.9360937311	0.9363190169	0.9358312781	0.9361581328	0.9361077488	0.9361158391	0.9358519443	0.9363436881	0.9364465787	0.9359962073	0.9360517578	0.9360811551	0.9360000923	0.9359318457	0.9358304771	0.9359388145	0.9362027494	0.9361635396	0.9359436607	0.9356535326	0.9362244168	0.9358649208	0.9357026750	0.9359247968	0.9364321203	0.9363796938	0.9362897397	0.9362589006	0.9364326410	0.9363775711	0.9364191038	0.9358116532	0.9359766626	0.9362498892	0.9363227015	0.9364448164	0.9359188692	0.9361637799	0.9364202252	0.9364782989	0.9363596284	0.9364933180	0.9361247304	0.9354841177	0.9365400172	0.9363405241	0.9364448965	0.9364324808	0.9364630796	0.9360937711	0.9362876971	0.9364414522	0.9361564506	0.9362410379	0.9364978838	0.9360894857	0.9360096644	0.9357771695	0.9358283544	0.9361490012	0.9359826702	0.9363138102	0.9364387287	0.9361560501	0.9362386349	0.9361729516	0.9358079285	0.9365323274	0.9362845331	0.9361200444	0.9351292676	0.9364265132	0.9365413389
0.9365356917	0.9359112195	0.9359554757	0.9361800806	0.9381560272	0.9360005328	0.9362831714	0.9360587667	0.9359828304	0.9369113282	1.0000000000	0.9362551358	0.9360205582	0.9362810487	0.9363975565	0.9362879374	0.9363093246	0.9360894056	0.9361253712	0.9364193041	0.9360182753	0.9361946991	0.9364571521	0.9361655422	0.9357545007	0.9363101656	0.9366924906	0.9357597474	0.9359878768	0.9361845262	0.9359098178	0.9363217804	0.9362546152	0.9358978426	0.9363885050	0.9360236822	0.9359002056	0.9363285489	0.9363177352	0.9357041569	0.9362623450	0.9363810155	0.9358711687	0.9359664496	0.9362024290	0.9358873893	0.9360641335	0.9363450499	0.9359897592	0.9359803472	0.9359863949	0.9361780781	0.9357914276	0.9364459379	0.9358697269	0.9364758158	0.9359202310	0.9358732514	0.9362103991	0.9356629045	0.9360841589	0.9359589601	0.9358064867	0.9356729573	0.9365300045	0.9364694076	0.9367072293	0.9361107927	0.9363502965	0.9366549630	0.9363820168	0.9361778778	0.9362450831	0.9364101725	0.9363494555	0.9363160130	0.9360205182	0.9363940721	0.9365645683	0.9365409384	0.9363800543	0.9362537340	0.9360730648	0.9357115262	0.9363767701	0.9362976698	0.9363305915	0.9362528930	0.9364087707	0.9365201520	0.9364475799	0.9363751280	0.9363351573	0.9364542684	0.9362518917	0.9361360247	0.9357846590	0.9358607956	0.9358834643	0.9361186427	0.9361053858	0.9361532065	0.9363694408	0.9359952061	0.9364297573	0.9360306911	0.9356530120	0.9362669508	0.9363735260	0.9361876502	0.9351706801	0.9366342167	0.9367922972
0.9361737125	0.9359358107	0.9357639527	0.9362632261	0.9359204713	0.9359244363	0.9360033764	0.9362325872	0.9359495081	0.9359464242	0.9362551358	1.0000000000	0.9365390560	0.9360513173	0.9363917091	0.9363446494	0.9361762758	0.9359110193	0.9361998657	0.9363557835	0.9361840056	0.9359079354	0.9357848592	0.9361081093	0.9359424992	0.9362524124	0.9361312186	0.9358616366	0.9359322062	0.9360912880	0.9357842184	0.9360777908	0.9362487677	0.9359527122	0.9364287160	0.9360793528	0.9358140162	0.9366075429	0.9360582060	0.9356279802	0.9362206921	0.9362704753	0.9358276736	0.9362637067	0.9359269595	0.9359317656	0.9357426857	0.9359338883	0.9363938718	0.9357379597	0.9360307712	0.9368232966	0.9361533267	0.9356357901	0.9356226935	0.9360755480	0.9358032826	0.9359366918	0.9359735386	0.9354443873	0.9361573718	0.9360856809	0.9357621905	0.9357832572	0.9363833384	0.9362942254	0.9364456175	0.9364460981	0.9363327543	0.9364157796	0.9364544286	0.9363573855	0.9361409510	0.9360721437	0.9362409979	0.9364634801	0.9360471119	0.9360352969	0.9361113534	0.9366698219	0.9363528998	0.9360957737	0.9361759954	0.9351955917	0.9359637662	0.9361018213	0.9363697612	0.9364843866	0.9365872371	0.9362888986	0.9363152521	0.9363705622	0.9363095248	0.9360471119	0.9365932848	0.9363726449	0.9360096644	0.9358221065	0.9358772164	0.9359415380	0.9359150644	0.9360460306	0.9363072820	0.9364464986	0.9362338288	0.9360129085	0.9361727113	0.9362719171	0.9361249707	0.9363718839	0.9351437660	0.9362384346	0.9363204186
0.9364190237	0.9361473190	0.9360305709	0.9361258919	0.9362474060	0.9362278212	0.9363722043	0.9358291554	0.9361880107	0.9360343357	0.9360205582	0.9365390560	1.0000000000	0.9360801939	0.9364706492	0.9362989514	0.9364259926	0.9362267398	0.9361040241	0.9363112870	0.9362797671	0.9361200845	0.9361431137	0.9362399165	0.9359840319	0.9363029965	0.9362996323	0.9360570445	0.9360054591	0.9361768765	0.9357297894	0.9362237760	0.9363022356	0.9362733990	0.9363828578	0.9360498354	0.9357184951	0.9363451700	0.9359431400	0.9359559563	0.9364258724	0.9359999321	0.9357832572	0.9361277342	0.9359216327	0.9360069410	0.9355614558	0.9360790725	0.9362540544	0.9358163392	0.9357538199	0.9365457845	0.9361148378	0.9360332143	0.9358496614	0.9364885920	0.9359570377	0.9359611629	0.9357408034	0.9356849725	0.9362427201	0.9360953331	0.9355864876	0.9357706412	0.9363926703	0.9361560101	0.9364434147	0.9359724172	0.9362971491	0.9363758489	0.9364544687	0.9359698139	0.9361963412	0.9364301578	0.9361314589	0.9363413652	0.9358647606	0.9361896127	0.9364052863	0.9362370729	0.9363954738	0.9361872897	0.9361110731	0.9354433861	0.9362432808	0.9365082169	0.9362958675	0.9365901608	0.9365107801	0.9363233824	0.9362644276	0.9364505437	0.9364422932	0.9363789329	0.9364955208	0.9360816758	0.9361252110	0.9360794329	0.9360660560	0.9359363714	0.9358905934	0.9362101187	0.9359764223	0.9360101450	0.9364056067	0.9361752345	0.9359004859	0.9363816163	0.9362240964	0.9361357844	0.9353469437	0.9363929106	0.9364648819
0.9365366129	0.9366046192	0.9357580653	0.9356956661	0.9362945859	0.9360222003	0.9361931772	0.9359050918	0.9362521721	0.9361576121	0.9362810487	0.9360513173	0.9360801939	1.0000000000	0.9362365923	0.9360755480	0.9363809755	0.9362618243	0.9363021154	0.9360947724	0.9360996986	0.9358956398	0.9363079628	0.9361358645	0.9360321730	0.9364809823	0.9363703620	0.9359372125	0.9357462503	0.9362052325	0.9356729172	0.9362766431	0.9365584005	0.9363226615	0.9365560375	0.9364758959	0.9361919757	0.9359195902	0.9360661761	0.9356832103	0.9363331948	0.9361643006	0.9363027162	0.9359961272	0.9360195169	0.9361463178	0.9357387207	0.9362858147	0.9364237898	0.9356481258	0.9360125481	0.9360341755	0.9357958732	0.9362988312	0.9358656818	0.9363454504	0.9360695804	0.9359854337	0.9361566108	0.9355796389	0.9362685128	0.9360619307	0.9355265716	0.9357619902	0.9367628198	0.9361377469	0.9367172821	0.9365280821	0.9362304245	0.9362375936	0.9363711630	0.9359066938	0.9360722638	0.9363882647	0.9359698139	0.9365378545	0.9359296429	0.9362800474	0.9364807420	0.9365374540	0.9365329282	0.9364962417	0.9362779247	0.9358129749	0.9363833785	0.9366862828	0.9362550157	0.9367942597	0.9366890062	0.9363632730	0.9364634000	0.9365546758	0.9361995052	0.9364096118	0.9364378476	0.9361464780	0.9359902398	0.9360476326	0.9360794329	0.9361259720	0.9358415712	0.9358274733	0.9363207791	0.9365014082	0.9359911609	0.9360974558	0.9362067945	0.9365430210	0.9362420392	0.9363900269	0.9352970404	0.9368498102	0.9363589075
0.9367258529	0.9362898599	0.9363220207	0.9362548154	0.9364953606	0.9363010741	0.9365644081	0.9361701881	0.9364259525	0.9364032437	0.9363975565	0.9363917091	0.9364706492	0.9362365923	1.0000000000	0.9364511044	0.9365013281	0.9363424466	0.9364191839	0.9362988312	0.9362266196	0.9362816094	0.9365547159	0.9365918429	0.9362544950	0.9364063677	0.9364074090	0.9362439616	0.9359229144	0.9361804411	0.9359133422	0.9360998989	0.9364394096	0.9361608162	0.9364871101	0.9363119679	0.9363502164	0.9364685666	0.9363624319	0.9359674509	0.9363389221	0.9363247842	0.9360401831	0.9363836188	0.9362249375	0.9362281416	0.9358927962	0.9365859955	0.9364841463	0.9361556096	0.9360515175	0.9363346767	0.9363377206	0.9362514511	0.9358460168	0.9363836188	0.9361562103	0.9363259056	0.9360980966	0.9357454893	0.9365706160	0.9363323938	0.9355842047	0.9359482665	0.9367240106	0.9365890794	0.9365632066	0.9365233160	0.9363590276	0.9364613574	0.9369790942	0.9364370065	0.9368496099	0.9367005408	0.9362442820	0.9368569392	0.9360669771	0.9363216602	0.9363346767	0.9368148058	0.9366362993	0.9367103132	0.9365103396	0.9354399817	0.9361214863	0.9365259594	0.9370148195	0.9366286496	0.9368155267	0.9364012812	0.9366230025	0.9369288705	0.9365600827	0.9363907478	0.9366325346	0.9360786720	0.9360834380	0.9363652755	0.9359135825	0.9361589338	0.9359097777	0.9364177020	0.9365983712	0.9364374471	0.9364497827	0.9365683331	0.9361143172	0.9367999469	0.9365319670	0.9363226214	0.9355232874	0.9366054602	0.9367302986
0.9367133170	0.9363843397	0.9361278944	0.9362179286	0.9363073220	0.9365912422	0.9362476463	0.9361621378	0.9365149854	0.9361490412	0.9362879374	0.9363446494	0.9362989514	0.9360755480	0.9364511044	1.0000000000	0.9365366930	0.9362522922	0.9361516045	0.9361300171	0.9364154592	0.9362647480	0.9361466382	0.9364616378	0.9359181083	0.9366556839	0.9363705222	0.9359837515	0.9362159661	0.9364794203	0.9361459173	0.9364301178	0.9364452169	0.9362190100	0.9367156800	0.9362114003	0.9359244363	0.9363737663	0.9361802408	0.9356618232	0.9362828109	0.9361856076	0.9362018682	0.9363712431	0.9362768033	0.9360666968	0.9358334809	0.9364529067	0.9364022424	0.9360678582	0.9359600014	0.9362578192	0.9363286290	0.9363436881	0.9360619307	0.9368030709	0.9361925364	0.9361147177	0.9359510701	0.9356639859	0.9364675653	0.9362510506	0.9359434204	0.9362207322	0.9365313262	0.9364570319	0.9369164948	0.9365353713	0.9363773308	0.9363792132	0.9365199117	0.9364392894	0.9364218273	0.9364259926	0.9362997524	0.9367308192	0.9358588331	0.9365067350	0.9362533335	0.9368919036	0.9365595219	0.9367170017	0.9365398570	0.9355598538	0.9360050586	0.9364801012	0.9367593354	0.9370577940	0.9367880919	0.9362850137	0.9364783790	0.9367490023	0.9365094184	0.9366472733	0.9363139304	0.9361649814	0.9360797133	0.9360152715	0.9360312118	0.9364331617	0.9362474461	0.9363097651	0.9362135230	0.9365920032	0.9364098521	0.9364687268	0.9361285352	0.9365546357	0.9365151857	0.9365179492	0.9355441539	0.9365484679	0.9368312667
0.9367852483	0.9361317793	0.9360030160	0.9362785655	0.9362365122	0.9367597760	0.9364595151	0.9362809285	0.9363317130	0.9360928099	0.9363093246	0.9361762758	0.9364259926	0.9363809755	0.9365013281	0.9365366930	1.0000000000	0.9362902604	0.9363959945	0.9362514511	0.9362124817	0.9362176483	0.9360920890	0.9365389358	0.9359801069	0.9363565044	0.9366042587	0.9359335278	0.9361753546	0.9362409578	0.9362507703	0.9361298969	0.9367133971	0.9363241033	0.9363523391	0.9363265064	0.9360644539	0.9363784122	0.9360857209	0.9360303707	0.9364035241	0.9360942918	0.9361427533	0.9362015078	0.9362087970	0.9362752814	0.9359509099	0.9364343231	0.9362562172	0.9359469849	0.9361124348	0.9363511376	0.9362393958	0.9362656692	0.9359308044	0.9364984445	0.9363128490	0.9362641072	0.9357124474	0.9356851327	0.9364356048	0.9366139910	0.9359463040	0.9360493147	0.9362922229	0.9361922160	0.9365726186	0.9368257397	0.9365896802	0.9366038982	0.9364406912	0.9363446894	0.9367263736	0.9365803484	0.9365153860	0.9365513115	0.9359200307	0.9364953606	0.9365611640	0.9365778252	0.9364549893	0.9363071218	0.9366364595	0.9354841578	0.9364511445	0.9362160062	0.9367356253	0.9366188372	0.9364078495	0.9364867096	0.9366250451	0.9365780655	0.9365509911	0.9362958675	0.9365849943	0.9360599682	0.9361748740	0.9361793196	0.9361687462	0.9364758558	0.9360858010	0.9365975702	0.9365591615	0.9365679727	0.9367188841	0.9363607498	0.9360586866	0.9364056467	0.9364018419	0.9360104254	0.9355256504	0.9369848615	0.9366959750
0.9367412325	0.9358754141	0.9358299564	0.9356805669	0.9361432339	0.9362486876	0.9363656760	0.9361007400	0.9360630922	0.9360109060	0.9360894056	0.9359110193	0.9362267398	0.9362618243	0.9363424466	0.9362522922	0.9362902604	1.0000000000	0.9371074170	0.9360615703	0.9363253849	0.9360753477	0.9361600552	0.9361645008	0.9359197504	0.9361131958	0.9363676786	0.9359102583	0.9358931967	0.9364028832	0.9358386875	0.9363005534	0.9363669977	0.9360149511	0.9364392093	0.9361039440	0.9357579451	0.9362532534	0.9363006736	0.9358458566	0.9363032769	0.9359145037	0.9361455168	0.9363865826	0.9360008132	0.9355864475	0.9357804136	0.9362311454	0.9363963550	0.9356843718	0.9361684659	0.9359079754	0.9361161595	0.9359292023	0.9359557560	0.9363091243	0.9362245370	0.9360450693	0.9358908737	0.9354205972	0.9364228285	0.9362759222	0.9358332406	0.9359090968	0.9366164341	0.9362926234	0.9368063951	0.9361988244	0.9363104059	0.9364110536	0.9366287297	0.9361375867	0.9362736793	0.9362639069	0.9363161332	0.9363893060	0.9358078484	0.9366698619	0.9361725511	0.9368636678	0.9364849073	0.9362670309	0.9362604225	0.9354089023	0.9361407107	0.9363924300	0.9363007136	0.9363442889	0.9366963355	0.9360887247	0.9364547090	0.9364718908	0.9365125023	0.9361406706	0.9365943261	0.9362053126	0.9358676443	0.9360028958	0.9358468579	0.9362058733	0.9359152246	0.9360529994	0.9364891126	0.9365051330	0.9362654689	0.9361450762	0.9362039509	0.9364177821	0.9363889055	0.9363124485	0.9356741188	0.9364869098	0.9364560307
0.9367529273	0.9363629926	0.9361428334	0.9359986504	0.9365878779	0.9364380478	0.9364097319	0.9360743064	0.9361664233	0.9362909412	0.9361253712	0.9361998657	0.9361040241	0.9363021154	0.9364191839	0.9361516045	0.9363959945	0.9371074170	1.0000000000	0.9364231489	0.9362520119	0.9360493948	0.9364457777	0.9364130561	0.9361781582	0.9364325609	0.9364187033	0.9359644070	0.9360804742	0.9363117276	0.9358181014	0.9365393363	0.9363876639	0.9363106863	0.9367666647	0.9364990853	0.9361577323	0.9363504968	0.9364305984	0.9359451826	0.9366143115	0.9363401637	0.9362325071	0.9362713964	0.9358821026	0.9361754347	0.9358944783	0.9362599820	0.9363975565	0.9358875095	0.9361556496	0.9362865356	0.9362468052	0.9361519649	0.9360437076	0.9365185900	0.9359708552	0.9363320734	0.9357990773	0.9358049247	0.9364692875	0.9364100924	0.9358960403	0.9361454767	0.9367873710	0.9363836188	0.9365038513	0.9365779453	0.9365220344	0.9365565181	0.9365933248	0.9361655422	0.9365517120	0.9363251046	0.9365546758	0.9365764234	0.9358801001	0.9367661441	0.9363783321	0.9369918304	0.9365596421	0.9363793334	0.9366266471	0.9356087558	0.9361065073	0.9362826107	0.9367697887	0.9369646759	0.9364416925	0.9366541620	0.9365028501	0.9368462857	0.9366409853	0.9367200456	0.9363038776	0.9362387951	0.9362510907	0.9360242029	0.9360411043	0.9361970621	0.9361163598	0.9362845732	0.9365040115	0.9362611434	0.9363643143	0.9362250977	0.9361369058	0.9367395503	0.9366779922	0.9361146776	0.9355906529	0.9365786262	0.9363342762
0.9368684739	0.9362174080	0.9359672106	0.9359017675	0.9360163930	0.9363623118	0.9363930307	0.9358188223	0.9361413114	0.9362353107	0.9364193041	0.9363557835	0.9363112870	0.9360947724	0.9362988312	0.9361300171	0.9362514511	0.9360615703	0.9364231489	1.0000000000	0.9368090785	0.9359772633	0.9363907078	0.9359120606	0.9362711161	0.9367390697	0.9427643131	0.9358768159	0.9361225676	0.9361018213	0.9358890314	0.9390347019	0.9384560879	0.9366699020	0.9369547834	0.9384290936	0.9361595345	0.9362540144	0.9364521057	0.9358549482	0.9361359046	0.9361608562	0.9360363783	0.9364966822	0.9358553086	0.9362214531	0.9360173141	0.9363422864	0.9364236296	0.9358126545	0.9361147577	0.9361335816	0.9361657024	0.9362791262	0.9360624914	0.9362942655	0.9358960803	0.9357792521	0.9361814423	0.9357890245	0.9360858010	0.9361614970	0.9355385868	0.9359088165	0.9369202195	0.9363764497	0.9367484416	0.9363589075	0.9364732125	0.9363414053	0.9364903542	0.9360144305	0.9364750147	0.9361818428	0.9361945790	0.9364937185	0.9361594544	0.9364706092	0.9365888792	0.9367278555	0.9361567710	0.9366425873	0.9365082169	0.9355895715	0.9362351104	0.9361852472	0.9361593743	0.9369861031	0.9365041317	0.9361612567	0.9361576522	0.9366091449	0.9370356860	0.9365855149	0.9367570525	0.9359476658	0.9360211590	0.9357466107	0.9359817090	0.9361177215	0.9358361243	0.9364311191	0.9364610370	0.9362411581	0.9365753420	0.9363196577	0.9359910808	0.9367544092	0.9365880782	0.9361055060	0.9352876685	0.9369257465	0.9365948067
0.9375178977	0.9372121498	0.9357211785	0.9357934301	0.9359713358	0.9363380009	0.9362348701	0.9360686192	0.9361353439	0.9361168003	0.9360182753	0.9361840056	0.9362797671	0.9360996986	0.9362266196	0.9364154592	0.9362124817	0.9363253849	0.9362520119	0.9368090785	1.0000000000	0.9360376199	0.9363256252	0.9359563167	0.9360778709	0.9368152864	0.9366557240	0.9361773972	0.9361395892	0.9360601284	0.9355953388	0.9363081631	0.9367969031	0.9365380948	0.9369120491	0.9362584600	0.9360452696	0.9361777977	0.9358537066	0.9359660090	0.9363965152	0.9364128959	0.9361747538	0.9364663638	0.9363116876	0.9360431068	0.9355320986	0.9362420392	0.9365785861	0.9359700141	0.9360543211	0.9362748408	0.9361228079	0.9357862210	0.9357569438	0.9363876239	0.9359901597	0.9358289552	0.9359988507	0.9356735580	0.9365102194	0.9361955002	0.9357267856	0.9359542742	0.9364649620	0.9360952530	0.9363631929	0.9364016417	0.9362356711	0.9363227816	0.9363812959	0.9360095042	0.9364211464	0.9364189036	0.9361581728	0.9379584165	0.9360655353	0.9369021566	0.9364573924	0.9367065885	0.9364938787	0.9367099127	0.9362832515	0.9353465833	0.9359490275	0.9361212860	0.9364544286	0.9369984788	0.9364297573	0.9362059134	0.9362696743	0.9373988267	0.9388735775	0.9364376874	0.9365624457	0.9361067876	0.9360211190	0.9359373727	0.9358909939	0.9360859612	0.9358469780	0.9361711493	0.9360568042	0.9363728852	0.9363704020	0.9360850000	0.9360959739	0.9365955276	0.9366869636	0.9359784248	0.9358433735	0.9366026567	0.9363454103
0.9362476063	0.9360580858	0.9359653682	0.9362942655	0.9362840124	0.9361763959	0.9361556897	0.9360991780	0.9361120743	0.9359989308	0.9361946991	0.9359079354	0.9361200845	0.9358956398	0.9362816094	0.9362647480	0.9362176483	0.9360753477	0.9360493948	0.9359772633	0.9360376199	1.0000000000	0.9366194780	0.9364211865	0.9359236353	0.9362368326	0.9359757013	0.9358937173	0.9359010066	0.9359151846	0.9359108991	0.9360568443	0.9363804147	0.9363096049	0.9361370260	0.9363215401	0.9359945252	0.9365969294	0.9360962142	0.9361831245	0.9361939782	0.9361638200	0.9356609420	0.9364221076	0.9361069078	0.9360015742	0.9356139224	0.9360141101	0.9364644013	0.9361094310	0.9359473454	0.9364338025	0.9360477928	0.9363718038	0.9359646073	0.9361362250	0.9363453703	0.9358840250	0.9358893918	0.9355472779	0.9364578730	0.9359823898	0.9357462102	0.9359173073	0.9363796938	0.9360659759	0.9367318606	0.9362880175	0.9366193178	0.9364106130	0.9362956272	0.9360517578	0.9362109998	0.9363480537	0.9359823898	0.9366961352	0.9360160725	0.9363356379	0.9363910282	0.9364504636	0.9362754015	0.9363289895	0.9362425999	0.9353555947	0.9362212528	0.9364215469	0.9364116944	0.9365605232	0.9363759691	0.9361149580	0.9364064478	0.9363698814	0.9363120480	0.9363171745	0.9363919494	0.9361809217	0.9362097182	0.9359049716	0.9359163460	0.9360471520	0.9358033627	0.9363096049	0.9363796538	0.9361678651	0.9361141970	0.9360261654	0.9357919482	0.9362681924	0.9362483672	0.9361254513	0.9353612018	0.9366685402	0.9364545488
0.9366309325	0.9364491820	0.9358586328	0.9360262054	0.9365651291	0.9362245770	0.9362524124	0.9359330873	0.9361548886	0.9362886183	0.9364571521	0.9357848592	0.9361431137	0.9363079628	0.9365547159	0.9361466382	0.9360920890	0.9361600552	0.9364457777	0.9363907078	0.9363256252	0.9366194780	1.0000000000	0.9363524192	0.9361371461	0.9362892591	0.9360644139	0.9360964145	0.9361143572	0.9364943593	0.9359457033	0.9362150850	0.9364340428	0.9361387081	0.9365623255	0.9362740798	0.9360316523	0.9361785186	0.9364883517	0.9358078885	0.9364695678	0.9364672849	0.9360902466	0.9365259594	0.9360923693	0.9363063207	0.9358549081	0.9362608631	0.9365026498	0.9361241296	0.9358958000	0.9361869693	0.9361258518	0.9362191702	0.9360387413	0.9364146181	0.9361803209	0.9361392688	0.9357976354	0.9356158849	0.9363838992	0.9363516983	0.9361002994	0.9358297161	0.9366717844	0.9365270808	0.9365218742	0.9365298042	0.9363345165	0.9363884650	0.9363711230	0.9360684590	0.9364316397	0.9363186964	0.9361073083	0.9366004539	0.9360707419	0.9362474060	0.9363221008	0.9364788596	0.9366317336	0.9361031430	0.9361948994	0.9355735111	0.9361789191	0.9367119553	0.9364932779	0.9365788264	0.9364432144	0.9363959945	0.9363222209	0.9364694877	0.9363633531	0.9364839861	0.9364784191	0.9361873698	0.9364507840	0.9361372262	0.9361376267	0.9361582129	0.9358916747	0.9360402632	0.9366494761	0.9364674051	0.9364042049	0.9361456369	0.9361122345	0.9365104597	0.9365784259	0.9362591008	0.9354161115	0.9366644951	0.9364854280
0.9363582266	0.9358765756	0.9359911609	0.9360205582	0.9360463510	0.9361059065	0.9362419591	0.9361956203	0.9361175212	0.9363332749	0.9361655422	0.9361081093	0.9362399165	0.9361358645	0.9365918429	0.9364616378	0.9365389358	0.9361645008	0.9364130561	0.9359120606	0.9359563167	0.9364211865	0.9363524192	1.0000000000	0.9363284688	0.9358871891	0.9360356974	0.9363455705	0.9364325609	0.9361350635	0.9360711024	0.9362542947	0.9365120217	0.9358448553	0.9365089378	0.9360569644	0.9359323664	0.9361838454	0.9361116738	0.9359639664	0.9364306785	0.9360775505	0.9358382069	0.9360369791	0.9358071675	0.9359615234	0.9357773297	0.9362057131	0.9363276678	0.9357778904	0.9361314189	0.9362698345	0.9358356036	0.9362287423	0.9360040974	0.9363304714	0.9358719697	0.9360964545	0.9360598481	0.9356514100	0.9361068677	0.9360554425	0.9358245496	0.9358279940	0.9362727582	0.9362245770	0.9365469059	0.9363252648	0.9362776844	0.9365711367	0.9364260326	0.9361872897	0.9359606022	0.9364231089	0.9361755949	0.9365172683	0.9360013339	0.9361933775	0.9362244969	0.9363412050	0.9365135436	0.9362045116	0.9360924895	0.9356687119	0.9360468716	0.9361393489	0.9364728120	0.9364406912	0.9364966021	0.9362803678	0.9367219680	0.9366696216	0.9363815762	0.9361744334	0.9361444354	0.9361594544	0.9362000259	0.9361224475	0.9359565571	0.9360275271	0.9360648945	0.9361089504	0.9364557503	0.9363845400	0.9363826175	0.9362410780	0.9361459974	0.9359626047	0.9362403571	0.9360910076	0.9352852655	0.9362325472	0.9365399371
0.9362345898	0.9356538531	0.9359274401	0.9361188029	0.9358767358	0.9361672243	0.9361715898	0.9356211716	0.9359677713	0.9359340885	0.9357545007	0.9359424992	0.9359840319	0.9360321730	0.9362544950	0.9359181083	0.9359801069	0.9359197504	0.9361781582	0.9362711161	0.9360778709	0.9359236353	0.9361371461	0.9363284688	1.0000000000	0.9361631792	0.9358276335	0.9363244638	0.9370886332	0.9361379071	0.9357757277	0.9361456369	0.9362471657	0.9361363852	0.9362573787	0.9359581591	0.9361514042	0.9361430336	0.9360815957	0.9358907135	0.9359424992	0.9361832446	0.9355758341	0.9361019815	0.9359961673	0.9358783378	0.9356949452	0.9358605953	0.9362667505	0.9355579714	0.9356615829	0.9357845388	0.9360197973	0.9359517910	0.9359245965	0.9360226809	0.9361820030	0.9359161057	0.9357756876	0.9353825489	0.9361738727	0.9356991906	0.9354107046	0.9358316386	0.9363930307	0.9360837184	0.9362447226	0.9361366655	0.9363449297	0.9361864487	0.9362649082	0.9357996380	0.9363220607	0.9361906941	0.9360151914	0.9361684659	0.9355302963	0.9363637136	0.9362034703	0.9360395023	0.9364338826	0.9363171745	0.9359451426	0.9356153242	0.9363250245	0.9361002193	0.9359591604	0.9363005534	0.9362883780	0.9361482402	0.9361002593	0.9363421262	0.9363016749	0.9359374528	0.9361243699	0.9362512108	0.9361369459	0.9358431732	0.9359343289	0.9357988770	0.9358836646	0.9363283887	0.9362869362	0.9361866489	0.9360237223	0.9359713358	0.9358597542	0.9362207322	0.9362437614	0.9359420587	0.9352084881	0.9365723783	0.9364547490
0.9366448702	0.9365324076	0.9360592874	0.9359724572	0.9360826770	0.9362128021	0.9362881377	0.9359146639	0.9366449503	0.9361999458	0.9363101656	0.9362524124	0.9363029965	0.9364809823	0.9364063677	0.9366556839	0.9363565044	0.9361131958	0.9364325609	0.9367390697	0.9368152864	0.9362368326	0.9362892591	0.9358871891	0.9361631792	1.0000000000	0.9364483409	0.9358440143	0.9359534331	0.9362317862	0.9358168198	0.9362343094	0.9363326341	0.9366478340	0.9371375352	0.9363834987	0.9365277216	0.9362623850	0.9360780712	0.9360118272	0.9365800280	0.9363926302	0.9366450304	0.9358678445	0.9361525256	0.9363458909	0.9355510026	0.9361108328	0.9366272879	0.9358734917	0.9358086494	0.9358277937	0.9364697280	0.9357778103	0.9361172409	0.9364933580	0.9363929106	0.9359644871	0.9359700141	0.9355339409	0.9364167408	0.9363195776	0.9356297024	0.9359167866	0.9369985989	0.9364267135	0.9367897340	0.9362514511	0.9361566108	0.9363896665	0.9366007743	0.9362877772	0.9367606971	0.9361913349	0.9361089904	0.9367209267	0.9360463109	0.9365438621	0.9363283487	0.9368526939	0.9365137439	0.9367520462	0.9363458108	0.9359856339	0.9364337224	0.9361741531	0.9363004733	0.9369780529	0.9367141181	0.9363827777	0.9366117081	0.9366826381	0.9367005008	0.9366272879	0.9364339627	0.9358663226	0.9363090843	0.9356650272	0.9361488410	0.9359628450	0.9357550214	0.9358831840	0.9363518185	0.9364011611	0.9367060278	0.9361295365	0.9361212860	0.9363965552	0.9363958744	0.9364700885	0.9353790244	0.9369108877	0.9364919963
0.9369695221	0.9361207654	0.9359497084	0.9361573317	0.9362642674	0.9362088771	0.9364534674	0.9361399096	0.9360660560	0.9362153253	0.9366924906	0.9361312186	0.9362996323	0.9363703620	0.9364074090	0.9363705222	0.9366042587	0.9363676786	0.9364187033	0.9427643131	0.9366557240	0.9359757013	0.9360644139	0.9360356974	0.9358276335	0.9364483409	1.0000000000	0.9359105787	0.9359233950	0.9360879237	0.9357158918	0.9375510197	0.9368459253	0.9365228755	0.9364877509	0.9390507222	0.9359143836	0.9366000934	0.9368766843	0.9360115869	0.9365222747	0.9358587530	0.9359889181	0.9362674715	0.9359453028	0.9362834117	0.9360783115	0.9367874511	0.9363914688	0.9356082752	0.9360385411	0.9363066412	0.9363280283	0.9363152921	0.9359000053	0.9363016749	0.9359853536	0.9360068609	0.9360285684	0.9359354903	0.9364039246	0.9363045986	0.9356377927	0.9359940046	0.9366573661	0.9363408445	0.9366332955	0.9362229350	0.9367406317	0.9362598218	0.9365290833	0.9361289357	0.9362546953	0.9364478202	0.9363434478	0.9365343700	0.9359111795	0.9362562973	0.9367955814	0.9365817902	0.9362514912	0.9366983781	0.9362297436	0.9354574439	0.9365126225	0.9362184493	0.9364022825	0.9367441562	0.9367153196	0.9362067945	0.9363671579	0.9365928442	0.9373492438	0.9364891126	0.9365916827	0.9361161595	0.9360678983	0.9358724103	0.9360315722	0.9360215595	0.9360519581	0.9362557366	0.9364126156	0.9365546357	0.9364538679	0.9364311191	0.9357884638	0.9365576396	0.9364527465	0.9363559437	0.9355842447	0.9370457788	0.9365068952
