0.4771112429	-0.0031671262	-0.0059318975	-0.0048151702	-0.0052985940	-0.0050103374	-0.0041487745	-0.0048719361	-0.0043011618	-0.0053897559	-0.0042472962	-0.0049236174	-0.0044573519	-0.0041702874	-0.0043339040	-0.0037026376	-0.0042170912	-0.0032045371	-0.0028873427	-0.0033120425	0.0013589203	-0.0058974816	-0.0046551456	-0.0049957131	-0.0052868819	-0.0039970521	-0.0026192368	-0.0057561553	-0.0042405350	-0.0049512637	-0.0047165886	-0.0023091083	-0.0034341330	-0.0032974870	-0.0026001731	-0.0025378052	-0.0050043610	-0.0026557184	-0.0044562694	-0.0040931589	-0.0040222389	-0.0043376622	-0.0033372570	-0.0050481864	-0.0054496264	-0.0054745577	-0.0058817989	-0.0046390947	-0.0042942021	-0.0051295992	-0.0058874992	-0.0035290646	-0.0053867116	-0.0042260792	-0.0050820462	-0.0042154528	-0.0052699369	-0.0053869911	-0.0044246664	-0.0053217420	-0.0038965723	-0.0042393258	-0.0058993406	-0.0042814569	-0.0036013992	-0.0036646089	-0.0049073554	-0.0049453426	-0.0041906511	-0.0042358104	-0.0047993087	-0.0044438289	-0.0039116382	-0.0044109518	-0.0051223242	-0.0043541304	-0.0055199907	-0.0026061540	-0.0031169127	-0.0050953755	-0.0048912245	-0.0039407846	-0.0043413494	-0.0049080317	-0.0046363386	-0.0040716605	-0.0043447250	-0.0039768911	-0.0035960066	-0.0048072055	-0.0059872855	-0.0009880318	-0.0023789564	-0.0037949416	-0.0045696078	-0.0040067113	-0.0039775794	-0.0041268075	-0.0039278630	-0.0048177641	-0.0047806234	-0.0045149097	-0.0057837578	-0.0031264136	-0.0036429574	-0.0050554309	-0.0043719051	-0.0033702551	-0.0043394031	-0.0027274121	-0.0048201357	-0.0021788725	-0.0041862996
-0.0031671262	0.4990411764	-0.0051308772	-0.0052673452	-0.0052885562	-0.0045774999	-0.0051034170	-0.0052374207	-0.0044991361	-0.0045474660	-0.0060352400	-0.0046070731	-0.0045846663	-0.0019880825	-0.0043790714	-0.0043199548	-0.0050178058	-0.0058514531	-0.0037161110	-0.0045372229	0.0021850595	-0.0056245205	-0.0036205839	-0.0056145794	-0.0062501924	-0.0032354362	-0.0051734146	-0.0059475434	-0.0046196299	-0.0048524534	-0.0049195172	-0.0040642382	-0.0050500965	-0.0027154716	-0.0044042876	-0.0022076376	-0.0024024611	-0.0054676666	-0.0051636372	-0.0035321852	-0.0055405163	-0.0050465404	-0.0039935814	-0.0053054761	-0.0054352696	-0.0053341530	-0.0062412534	-0.0040870019	-0.0023551531	-0.0053818454	-0.0044546202	-0.0036132210	-0.0048071164	-0.0053843825	-0.0045613633	-0.0049705093	-0.0047376569	-0.0055446135	-0.0052856861	-0.0055350877	-0.0054214031	-0.0043402389	-0.0048553569	-0.0053762942	-0.0020519239	-0.0045269459	-0.0044777956	-0.0043995641	-0.0050074163	-0.0055409768	-0.0054125648	-0.0043105250	-0.0040566194	-0.0029987931	-0.0046440010	0.0028538754	-0.0056541896	-0.0015515977	-0.0043492588	-0.0040245335	-0.0037014725	-0.0042282078	-0.0048066794	-0.0051746769	-0.0049970282	-0.0048519184	-0.0052768075	-0.0030884123	-0.0038230724	-0.0035633697	-0.0064938200	-0.0035480644	-0.0028383120	-0.0047836233	-0.0044834611	-0.0047754793	-0.0044676754	-0.0047904084	-0.0044361158	-0.0049437479	-0.0058711098	-0.0055605773	-0.0046291433	-0.0043560298	-0.0044478474	-0.0046440579	-0.0059007664	-0.0042856486	-0.0040603736	-0.0039318483	-0.0056096733	-0.0043900325	-0.0039845268
-0.0059318975	-0.0051308772	0.5176277085	0.0008423206	-0.0053551104	-0.0042921621	-0.0038313909	-0.0049030186	-0.0057706999	-0.0060729128	-0.0046148379	-0.0046931008	-0.0041859858	-0.0057951212	-0.0034439128	-0.0041763967	-0.0048766861	-0.0050303990	-0.0045218903	-0.0055429727	-0.0055645311	-0.0050138410	-0.0047890814	-0.0045086989	-0.0046783296	-0.0046490197	-0.0050099170	-0.0036736073	-0.0047485196	-0.0058838729	-0.0058169715	-0.0048560666	-0.0056042371	-0.0056991049	-0.0058236306	-0.0059414958	-0.0053396735	-0.0043891306	-0.0047723389	-0.0045068324	-0.0048862867	-0.0046451752	-0.0055321479	-0.0043940458	-0.0029435843	-0.0052806061	-0.0042286726	-0.0057515683	-0.0047127062	-0.0049674769	-0.0043340785	-0.0049502608	-0.0049093467	-0.0050811805	-0.0038989247	-0.0042748469	-0.0046906940	-0.0044794222	0.0092732384	0.0056390364	-0.0057313397	-0.0052258652	-0.0055944956	-0.0056985533	-0.0055062951	-0.0052596195	-0.0040644502	-0.0058916717	0.0019949817	-0.0049308703	-0.0044425717	-0.0054327811	-0.0058714242	-0.0043160728	-0.0056946843	-0.0059308738	-0.0048478000	-0.0051816427	-0.0050875165	-0.0045912687	-0.0054604683	-0.0064498955	-0.0053656350	-0.0034654562	-0.0054419766	-0.0059847076	-0.0054095177	-0.0040290248	-0.0056894264	-0.0049194074	-0.0050639081	-0.0058017194	-0.0058256240	-0.0031889734	-0.0045614236	-0.0043999633	-0.0047532164	-0.0033694587	-0.0030580375	-0.0043528292	-0.0045334273	-0.0052462818	-0.0060013587	-0.0051933215	-0.0046056423	-0.0045069145	-0.0047634338	-0.0054631360	-0.0056655046	-0.0045555412	-0.0049049134	-0.0051320231	-0.0055160249
-0.0048151702	-0.0052673452	0.0008423206	0.5150654557	-0.0043159851	-0.0042541862	-0.0037600617	-0.0056455237	-0.0037569166	-0.0045326020	-0.0042138463	-0.0033772777	-0.0041122165	-0.0061175723	-0.0044819800	-0.0042141185	-0.0046139770	-0.0062265398	-0.0056791432	-0.0063095884	-0.0057329866	-0.0040185589	-0.0054188216	-0.0044074578	-0.0024783508	-0.0047286613	-0.0049343204	-0.0043645837	-0.0034726364	-0.0054923293	-0.0041801293	-0.0056589501	-0.0055537535	-0.0053549798	-0.0060101851	-0.0048789570	-0.0055089713	-0.0040607329	-0.0049885756	-0.0047693904	-0.0042623935	-0.0045909959	-0.0047469145	-0.0039770089	-0.0049410893	-0.0059638483	-0.0038446759	-0.0052907956	-0.0059152706	-0.0056983172	-0.0053890069	-0.0051048732	-0.0056219283	-0.0038446554	-0.0054100066	-0.0039398282	-0.0048746933	-0.0044677386	-0.0030506875	-0.0011886876	-0.0057978633	-0.0052400101	-0.0059169027	-0.0040160443	-0.0042722463	-0.0062497042	-0.0046541276	-0.0036620380	-0.0045335857	-0.0027753891	-0.0050729545	-0.0049988883	-0.0049931146	-0.0042896557	-0.0050874878	-0.0047652685	-0.0034452360	-0.0045198908	-0.0061687110	-0.0050068516	-0.0047915821	-0.0048237919	-0.0044489762	-0.0047067126	-0.0045356563	-0.0055771997	-0.0032024861	-0.0055117744	-0.0047131661	-0.0045891744	-0.0048530450	-0.0056804612	-0.0051811788	-0.0062955973	-0.0042428412	-0.0033815979	-0.0026755885	-0.0042969708	-0.0046887677	-0.0042461460	-0.0046369842	-0.0039930524	-0.0057114501	-0.0043594444	-0.0039358106	-0.0035368239	-0.0022064460	-0.0036672617	-0.0038278059	-0.0047747919	-0.0047605323	-0.0049096016	-0.0038482895
-0.0052985940	-0.0052885562	-0.0053551104	-0.0043159851	0.5146659248	-0.0042318601	-0.0047374219	-0.0036630986	-0.0058582906	0.0007058521	0.0085365879	-0.0053616281	-0.0044560729	-0.0042270071	-0.0043284205	-0.0047169153	-0.0048293917	-0.0054639797	-0.0033914377	-0.0057812102	-0.0056103788	-0.0045173007	-0.0035506608	-0.0054328142	-0.0059641267	-0.0056727253	-0.0053825255	-0.0036884651	-0.0053678919	-0.0040863386	-0.0046596410	-0.0057767672	-0.0040522537	-0.0056030199	-0.0044629361	-0.0061066864	-0.0034606616	-0.0049178979	-0.0044356141	-0.0039658814	-0.0041699272	-0.0048637055	-0.0060106183	-0.0048456281	-0.0047529198	-0.0049573322	-0.0056696018	-0.0050907482	-0.0050298829	-0.0047548442	-0.0044851438	-0.0051472226	-0.0047161229	-0.0046674866	-0.0052336394	-0.0036583700	-0.0034474874	-0.0046751095	-0.0056059547	-0.0055090860	-0.0048561807	-0.0043580906	-0.0048587371	-0.0046932399	-0.0044488708	-0.0048256079	-0.0046602905	-0.0035439197	-0.0039554463	-0.0041399381	-0.0049551350	-0.0037202402	-0.0050957022	-0.0048530197	-0.0046737949	-0.0046472521	-0.0050103380	-0.0043932270	-0.0046061409	-0.0047182900	-0.0042191783	-0.0046693383	-0.0043823431	-0.0045820724	-0.0060608767	-0.0046558697	-0.0049517714	-0.0051228307	-0.0045776237	-0.0038344053	-0.0042162536	-0.0055191338	-0.0047118459	-0.0045040096	-0.0057368867	-0.0059296663	-0.0048757380	-0.0043539265	-0.0058982661	-0.0033263897	-0.0057085907	-0.0043485276	-0.0042474720	-0.0052571437	-0.0044129760	-0.0046430857	-0.0049951875	-0.0036450794	-0.0044262675	-0.0051608408	-0.0056644168	-0.0048666514	-0.0040798401
-0.0050103374	-0.0045774999	-0.0042921621	-0.0042541862	-0.0042318601	0.5194179883	-0.0053527640	-0.0057118931	-0.0046638005	-0.0049589162	-0.0056657143	-0.0056948227	-0.0050086866	-0.0052957574	-0.0051836997	-0.0039016183	-0.0035232039	-0.0053297200	-0.0043528908	-0.0053556805	-0.0043657084	-0.0050717826	-0.0046262996	-0.0052449208	-0.0048129574	-0.0045877998	-0.0060252226	-0.0058291285	-0.0046732550	-0.0040445515	-0.0037699944	-0.0048104845	-0.0046179755	-0.0033532764	-0.0045488503	-0.0042552623	-0.0056204339	-0.0044718833	-0.0055166898	-0.0046159312	-0.0048426035	-0.0044834783	-0.0039781788	-0.0039980679	-0.0046383977	-0.0060849477	-0.0044595459	-0.0052195409	-0.0045008396	-0.0048138925	-0.0054384633	-0.0037420469	-0.0054134974	-0.0047541993	-0.0045563938	-0.0048324456	-0.0052043735	-0.0057762208	-0.0042887157	-0.0054014949	-0.0041517499	-0.0016444864	-0.0039045851	-0.0055236895	-0.0042420685	-0.0045230348	-0.0044962121	-0.0040590551	-0.0039683307	-0.0056395953	-0.0033225447	-0.0045300548	-0.0046008441	-0.0046084912	-0.0040354731	-0.0047978065	-0.0043844669	-0.0042900760	-0.0041637964	-0.0039026880	-0.0034484927	-0.0058504102	-0.0041318911	-0.0049675823	-0.0042963706	-0.0049773436	-0.0052803385	-0.0039896919	-0.0053242475	-0.0048461588	-0.0029656654	-0.0049259886	-0.0043793659	-0.0047870897	-0.0043428754	-0.0042890931	-0.0058819201	-0.0044998957	-0.0050295888	-0.0042379016	-0.0050324094	-0.0038263670	-0.0037250743	-0.0050487911	-0.0042446799	-0.0042664260	-0.0049785868	-0.0046187432	-0.0049101816	-0.0043076713	-0.0052019959	-0.0040484702	-0.0043126653
-0.0041487745	-0.0051034170	-0.0038313909	-0.0037600617	-0.0047374219	-0.0053527640	0.5016306098	-0.0051460342	-0.0045481065	-0.0043575751	-0.0046399548	-0.0054487053	-0.0036857961	-0.0048780235	-0.0035924609	-0.0053231301	-0.0037569332	-0.0037933255	-0.0046514048	-0.0048247990	-0.0051353627	-0.0044859820	-0.0047230622	-0.0042039100	-0.0051778318	-0.0048400703	-0.0049938387	-0.0059676781	-0.0045757310	-0.0055076608	-0.0054362837	-0.0048519526	-0.0040901634	-0.0048688241	-0.0051392439	-0.0045810054	-0.0052819900	-0.0032481698	-0.0030608897	-0.0044250690	-0.0031824283	-0.0041967226	-0.0052561935	-0.0051493654	-0.0031929950	-0.0048144807	-0.0044705004	-0.0039347577	-0.0032297123	-0.0042561657	-0.0050106189	-0.0030669466	-0.0045884041	-0.0043257606	-0.0045542279	-0.0038782864	-0.0047558157	-0.0047438979	-0.0047839090	-0.0046798416	-0.0041460448	-0.0045781661	-0.0045253082	-0.0042275173	-0.0034385709	-0.0060944219	-0.0025039533	-0.0041853660	-0.0041477992	-0.0048601132	-0.0044644192	-0.0056493701	-0.0038746769	-0.0034407224	-0.0050497008	-0.0039747319	-0.0058096213	-0.0045399696	-0.0038960478	-0.0045576981	-0.0046896844	-0.0042416024	-0.0054113371	-0.0047671031	-0.0033357533	-0.0053726133	-0.0035846892	-0.0050055690	-0.0035573658	-0.0046874578	-0.0047367670	-0.0043383930	-0.0046268667	-0.0037281406	-0.0042348542	-0.0043042889	-0.0045697530	-0.0033296853	-0.0054042652	-0.0051443876	-0.0053896008	-0.0034950233	-0.0043535294	-0.0049167101	-0.0045000877	-0.0050877366	-0.0046350787	-0.0035063384	-0.0049240616	-0.0045329382	-0.0032378752	-0.0053859535	-0.0043850522
-0.0048719361	-0.0052374207	-0.0049030186	-0.0056455237	-0.0036630986	-0.0057118931	-0.0051460342	0.5306999635	-0.0024570724	-0.0051617875	-0.0049928182	-0.0040945451	-0.0053758355	-0.0052406153	-0.0053958474	-0.0048833494	-0.0040472048	-0.0048899888	-0.0049949221	-0.0064462573	-0.0044641809	-0.0046006262	-0.0055858535	-0.0040782755	-0.0058968036	-0.0057608805	-0.0051808881	-0.0057472765	-0.0040174523	-0.0036478327	-0.0040021056	-0.0057292575	-0.0054142881	-0.0047354843	-0.0046744596	-0.0038020297	-0.0042907546	-0.0045905690	-0.0051598237	-0.0046267885	-0.0041943512	-0.0039499596	-0.0060185626	-0.0046687991	-0.0047124486	-0.0041839207	-0.0046772351	-0.0048138641	-0.0038418699	-0.0037625653	-0.0045981389	-0.0044539451	-0.0038327659	-0.0040658302	-0.0047967862	-0.0046996944	-0.0043099396	-0.0033697030	-0.0059122860	-0.0063762457	-0.0040400131	-0.0048859968	-0.0043559550	-0.0047534166	-0.0058432901	-0.0051564256	-0.0040460974	-0.0043368260	-0.0058503453	-0.0053953052	-0.0051961314	-0.0047395143	-0.0036504910	-0.0044700614	-0.0043519969	-0.0051057345	-0.0037617635	-0.0056987359	-0.0042414293	-0.0045577724	-0.0045749167	-0.0047093266	-0.0043726644	-0.0047865083	-0.0053781995	-0.0029546093	-0.0047218564	-0.0050920245	-0.0056876357	-0.0036469863	-0.0041167156	-0.0053084755	-0.0043546864	-0.0064292770	-0.0033998325	-0.0045817365	-0.0047171098	-0.0050092926	-0.0059187225	-0.0040147639	-0.0038190842	-0.0047535992	-0.0044489959	-0.0040349134	-0.0043077856	-0.0053193764	-0.0062646745	-0.0046097777	-0.0052535101	-0.0051526806	-0.0053418166	-0.0044285605	-0.0043488364
-0.0043011618	-0.0044991361	-0.0057706999	-0.0037569166	-0.0058582906	-0.0046638005	-0.0045481065	-0.0024570724	0.5054159371	-0.0049018725	-0.0053606717	-0.0054924256	-0.0045427185	-0.0039334083	-0.0043755073	-0.0038355263	-0.0042441597	-0.0050094838	-0.0047630995	-0.0048250201	-0.0050939223	-0.0050718788	-0.0049148966	-0.0048404023	-0.0052202191	-0.0020850293	-0.0052356395	-0.0046998163	-0.0045376026	-0.0048796823	-0.0051581500	-0.0048716462	-0.0044723643	-0.0045473509	-0.0051849048	-0.0040386662	-0.0048064706	-0.0039899526	-0.0047242864	-0.0043024901	-0.0042676441	-0.0040013522	-0.0044301026	-0.0043369676	-0.0047174908	-0.0040551694	-0.0041727207	-0.0038006429	-0.0038514220	-0.0049657190	-0.0056897218	-0.0043223598	-0.0038580784	-0.0059704425	-0.0053427455	-0.0051984759	-0.0035897230	-0.0040047238	-0.0042159918	-0.0054867655	-0.0048742361	-0.0041652466	-0.0052339378	-0.0047787140	-0.0054739050	-0.0038860409	-0.0053068040	-0.0017796446	-0.0045422802	-0.0036965555	-0.0042803022	-0.0044662546	-0.0045892422	-0.0042888915	-0.0044966950	-0.0045084711	-0.0047049434	-0.0043613310	-0.0046255504	-0.0039014850	-0.0033327688	-0.0047022365	-0.0048532685	-0.0056708096	-0.0050220305	-0.0041698246	-0.0047030391	-0.0031433407	-0.0045480807	-0.0042854586	-0.0041481898	-0.0046502520	-0.0054494293	-0.0048208211	-0.0037849300	-0.0051706073	-0.0050143499	-0.0067683505	-0.0056395921	-0.0036322908	-0.0031372547	-0.0041702181	-0.0043019944	-0.0044101290	-0.0027899603	-0.0047369367	-0.0046216444	-0.0051468865	-0.0033894424	-0.0035822849	-0.0052101011	-0.0037936286	-0.0045625460
-0.0053897559	-0.0045474660	-0.0060729128	-0.0045326020	0.0007058521	-0.0049589162	-0.0043575751	-0.0051617875	-0.0049018725	0.5180420710	0.0002216689	-0.0052191461	-0.0049415253	-0.0046594443	-0.0039636660	-0.0046700920	-0.0052600456	-0.0045022644	-0.0041307694	-0.0047323030	-0.0052051183	-0.0048358663	-0.0047003726	-0.0037372926	-0.0051254058	-0.0045770503	-0.0047984749	-0.0048647967	-0.0052126455	-0.0051765270	-0.0058412408	-0.0048856426	-0.0044632954	-0.0040559512	-0.0054668911	-0.0036089527	-0.0052084046	-0.0054181817	-0.0039787114	-0.0051422270	-0.0053148897	-0.0026295203	-0.0056753965	-0.0045233461	-0.0036907195	-0.0044952765	-0.0047379945	-0.0039646769	-0.0041221140	-0.0044973877	-0.0047109588	-0.0041138926	-0.0048503088	-0.0055878648	-0.0051480954	-0.0052422037	-0.0044828326	-0.0041624052	-0.0050862729	-0.0051322229	-0.0044529543	-0.0052480403	-0.0046548887	-0.0044694926	-0.0046004644	-0.0043592990	-0.0053523040	-0.0053280617	-0.0043007562	-0.0043916157	-0.0036906171	-0.0043078095	-0.0056617592	-0.0044000710	-0.0039965067	-0.0046135938	-0.0043552231	-0.0050853229	-0.0043346890	-0.0046321418	-0.0044451254	-0.0041204937	-0.0047635612	-0.0058622026	-0.0036275158	-0.0049855410	-0.0045255466	-0.0048368828	-0.0047389617	-0.0051512230	-0.0048428556	-0.0047734019	-0.0053239094	-0.0048893236	-0.0039827815	-0.0047936635	-0.0044096614	-0.0048855828	-0.0053010846	-0.0039658982	-0.0045140225	-0.0039709524	-0.0041778760	-0.0049690493	-0.0051020743	-0.0047678696	-0.0053568864	-0.0038805155	-0.0045901645	-0.0051911411	-0.0055522167	-0.0053602234	-0.0046022012
-0.0042472962	-0.0060352400	-0.0046148379	-0.0042138463	0.0085365879	-0.0056657143	-0.0046399548	-0.0049928182	-0.0053606717	0.0002216689	0.5159819942	-0.0044504439	-0.0050674449	-0.0042268774	-0.0045840087	-0.0047026705	-0.0042057853	-0.0048371376	-0.0056237437	-0.0052786705	-0.0057720666	-0.0045873885	-0.0033623010	-0.0044823488	-0.0058109609	-0.0046381702	-0.0033090310	-0.0055132750	-0.0057311390	-0.0048744870	-0.0048496664	-0.0044297160	-0.0051027590	-0.0061809486	-0.0047688414	-0.0060687730	-0.0049004121	-0.0041934530	-0.0048786279	-0.0057530018	-0.0042019847	-0.0028636397	-0.0046654042	-0.0056582817	-0.0045727090	-0.0055452803	-0.0038902424	-0.0037112477	-0.0055735092	-0.0044558860	-0.0046819977	-0.0045273612	-0.0063896846	-0.0029740320	-0.0045400142	-0.0051884671	-0.0050632770	-0.0051686371	-0.0040476059	-0.0049461106	-0.0049988488	-0.0046370538	-0.0043049181	-0.0052743781	-0.0048187835	-0.0044938099	-0.0040385706	-0.0057031759	-0.0046742416	-0.0032308333	-0.0044333359	-0.0035285181	-0.0046240741	-0.0039266031	-0.0044014158	-0.0056384466	-0.0044763037	-0.0044986412	-0.0040843428	-0.0046916692	-0.0044743650	-0.0049041161	-0.0052981103	-0.0042096039	-0.0041617886	-0.0045932668	-0.0053227710	-0.0056976935	-0.0051739555	-0.0036849530	-0.0040731547	-0.0053691186	-0.0049397567	-0.0035756611	-0.0052456981	-0.0049564376	-0.0060886135	-0.0048718595	-0.0052876590	-0.0043590607	-0.0043983755	-0.0048975901	-0.0040010573	-0.0053993940	-0.0046109251	-0.0053623118	-0.0058517991	-0.0052733525	-0.0053699146	-0.0047814018	-0.0056352051	-0.0043930060	-0.0033804096
-0.0049236174	-0.0046070731	-0.0046931008	-0.0033772777	-0.0053616281	-0.0056948227	-0.0054487053	-0.0040945451	-0.0054924256	-0.0052191461	-0.0044504439	0.5139536830	-0.0013324870	-0.0047169320	-0.0043996269	-0.0038727699	-0.0047034098	-0.0056606781	-0.0050741868	-0.0038970301	-0.0042012452	-0.0051952507	-0.0059421035	-0.0051134191	-0.0042718701	-0.0042620009	-0.0049841293	-0.0044466082	-0.0047975146	-0.0048148419	-0.0053684392	-0.0047160400	-0.0046985620	-0.0051912421	-0.0042507880	-0.0052297443	-0.0043854947	-0.0030794375	-0.0055989027	-0.0048822560	-0.0046722530	-0.0036293550	-0.0055536613	-0.0041991155	-0.0047045152	-0.0045833717	-0.0044742973	-0.0052029804	-0.0037316090	-0.0050660126	-0.0043382520	0.0009217755	-0.0046878342	-0.0060903186	-0.0054750799	-0.0052110920	-0.0051993929	-0.0048442820	-0.0034501408	-0.0048477083	-0.0050345015	-0.0044287466	-0.0047297278	-0.0046328464	-0.0043781470	-0.0045734526	-0.0042942847	-0.0037316042	-0.0042519929	-0.0040929876	-0.0046100810	-0.0028585682	-0.0049478165	-0.0046814701	-0.0040221736	-0.0048155259	-0.0043100417	-0.0054670488	-0.0049370952	-0.0039263433	-0.0046986828	-0.0055186730	-0.0044671607	-0.0054429535	-0.0051707816	-0.0056584099	-0.0044899992	-0.0038926682	-0.0041308654	-0.0043275738	-0.0044906081	-0.0047510614	-0.0045405230	-0.0053454939	-0.0034185092	-0.0034516957	-0.0049933381	-0.0053007028	-0.0043932166	-0.0052748899	-0.0053744158	-0.0050723718	-0.0045173587	-0.0036062772	-0.0041747725	-0.0056255362	-0.0035303199	-0.0047469152	-0.0057941892	-0.0032609411	-0.0047495220	-0.0052637814	-0.0042657264
-0.0044573519	-0.0045846663	-0.0041859858	-0.0041122165	-0.0044560729	-0.0050086866	-0.0036857961	-0.0053758355	-0.0045427185	-0.0049415253	-0.0050674449	-0.0013324870	0.5040366174	-0.0039681618	-0.0035272533	-0.0038315889	-0.0037541087	-0.0036253029	-0.0043925751	-0.0042646120	-0.0041545523	-0.0047847777	-0.0047289965	-0.0033459206	-0.0048230963	-0.0043500304	-0.0048227494	-0.0040527909	-0.0039552979	-0.0048353284	-0.0053642639	-0.0038597952	-0.0044092683	-0.0034905661	-0.0041613078	-0.0054184013	-0.0055196433	-0.0040128685	-0.0055274513	-0.0039616206	-0.0038784152	-0.0049207128	-0.0051171637	-0.0043040204	-0.0047320015	-0.0045348807	-0.0052547280	-0.0048661673	-0.0042759659	-0.0055011928	-0.0051458156	-0.0019149822	-0.0046867197	-0.0045723952	-0.0046321328	-0.0039524389	-0.0044112328	-0.0056568751	-0.0054173395	-0.0044176759	-0.0044499018	-0.0033559702	-0.0053681649	-0.0050961624	-0.0047898793	-0.0052249374	-0.0050061822	-0.0060877454	-0.0044237927	-0.0044716663	-0.0044607684	-0.0045602124	-0.0049162117	-0.0034144836	-0.0043575819	-0.0042245340	-0.0045559014	-0.0051236783	-0.0037165284	-0.0053586850	-0.0038864944	-0.0049371345	-0.0045667229	-0.0053762128	-0.0043916705	-0.0042183835	-0.0048482828	-0.0037627454	-0.0044618574	-0.0046769976	-0.0047773239	-0.0051734119	-0.0041880011	-0.0039698540	-0.0034030247	-0.0044718886	-0.0046684613	-0.0043929960	-0.0038734100	-0.0051397809	-0.0051028538	-0.0042878762	-0.0056905339	-0.0050704617	-0.0039858528	-0.0043225563	-0.0049716014	-0.0045215347	-0.0048598610	-0.0040746173	-0.0043713817	-0.0051094779	-0.0046343942
-0.0041702874	-0.0019880825	-0.0057951212	-0.0061175723	-0.0042270071	-0.0052957574	-0.0048780235	-0.0052406153	-0.0039334083	-0.0046594443	-0.0042268774	-0.0047169320	-0.0039681618	0.4895281425	-0.0048577195	-0.0054122929	-0.0041661731	-0.0038150043	-0.0035519015	-0.0048043621	-0.0042178399	-0.0053322786	-0.0036547177	-0.0046742521	-0.0045587015	-0.0028544842	-0.0041736424	-0.0047310654	-0.0058985555	-0.0051022384	-0.0057781417	-0.0041518982	-0.0039117130	-0.0035051468	-0.0034510371	-0.0035323870	-0.0033058999	-0.0053847765	-0.0054529000	-0.0047518184	-0.0041404906	-0.0041567565	-0.0029540229	-0.0049038336	-0.0044174134	-0.0041903030	-0.0049494514	-0.0039999972	-0.0031248461	-0.0054487204	-0.0047147662	-0.0053081695	-0.0058333540	-0.0036415373	-0.0051220990	-0.0045765959	-0.0037664653	-0.0047627457	-0.0034579830	-0.0052265191	-0.0041676195	-0.0043355553	-0.0058625961	-0.0049704960	-0.0027358104	-0.0045351204	-0.0032012791	-0.0043311691	-0.0050202045	-0.0050462063	-0.0048970117	-0.0051829155	-0.0056050118	-0.0040202113	-0.0057736886	-0.0046731752	-0.0048244766	-0.0046918359	-0.0035218294	-0.0036640852	-0.0038280086	-0.0030575992	-0.0039972889	-0.0040429596	-0.0038532532	-0.0016059153	-0.0050950605	-0.0023949270	-0.0038322361	-0.0040972822	-0.0037334830	-0.0045091306	-0.0043738502	-0.0034263100	-0.0031757795	-0.0043943776	-0.0045363134	-0.0041706292	-0.0046546966	-0.0048015856	-0.0056814597	-0.0059875031	-0.0048338879	-0.0028688617	-0.0057998528	-0.0047893453	-0.0036328297	-0.0037897906	-0.0052132062	-0.0039398374	-0.0044207004	-0.0023907080	-0.0045948672
-0.0043339040	-0.0043790714	-0.0034439128	-0.0044819800	-0.0043284205	-0.0051836997	-0.0035924609	-0.0053958474	-0.0043755073	-0.0039636660	-0.0045840087	-0.0043996269	-0.0035272533	-0.0048577195	0.4997810317	-0.0042755341	-0.0039415149	-0.0042649509	-0.0045271039	-0.0051756220	-0.0052987186	-0.0049349910	-0.0038728996	-0.0037522195	-0.0039773392	-0.0046284251	-0.0050170209	-0.0034847262	-0.0057481808	-0.0055261668	-0.0055446678	-0.0051923317	-0.0048488942	-0.0045130471	-0.0055202570	-0.0049451184	-0.0031694229	-0.0038527849	-0.0044548002	-0.0052146998	-0.0051834688	-0.0043851801	-0.0050702532	-0.0049818851	-0.0048718415	-0.0051496361	-0.0050911291	-0.0036979451	-0.0041042494	-0.0031494474	-0.0051361354	-0.0045418101	-0.0046616162	-0.0050514527	-0.0052645473	-0.0050096089	-0.0047052111	-0.0048756200	-0.0050331976	-0.0048897677	-0.0034414628	-0.0042427572	-0.0055034492	-0.0047001919	-0.0038739753	-0.0040620746	-0.0048935892	-0.0043610422	-0.0052988400	-0.0048029319	-0.0028079513	-0.0036104195	-0.0025973480	-0.0027907882	-0.0052180498	-0.0036617440	-0.0043188022	-0.0051391527	-0.0046572416	-0.0036296114	-0.0045560754	-0.0031901571	-0.0031490247	-0.0060991158	-0.0058234218	-0.0041189934	-0.0019336787	-0.0049301608	-0.0040929156	-0.0044349702	-0.0038582786	-0.0033779449	-0.0044333801	-0.0045882707	-0.0042444739	-0.0053651432	-0.0053330511	-0.0038111252	-0.0053075544	-0.0048960839	-0.0060162720	-0.0044303618	-0.0034808726	-0.0040180330	-0.0044793067	-0.0038796708	-0.0050220622	-0.0033488306	-0.0049140863	-0.0048184711	-0.0042943154	-0.0047346358	-0.0038063517
-0.0037026376	-0.0043199548	-0.0041763967	-0.0042141185	-0.0047169153	-0.0039016183	-0.0053231301	-0.0048833494	-0.0038355263	-0.0046700920	-0.0047026705	-0.0038727699	-0.0038315889	-0.0054122929	-0.0042755341	0.5007638044	-0.0033762044	-0.0048909054	-0.0054432351	-0.0050237082	-0.0042765298	-0.0048105403	-0.0054082771	-0.0035986945	-0.0056605739	-0.0027271456	-0.0045553298	-0.0052082972	-0.0044116651	-0.0042618740	-0.0043422572	-0.0038307667	-0.0045589354	-0.0048294627	-0.0038655885	-0.0052270112	-0.0049283171	-0.0045900647	-0.0050687321	-0.0055857064	-0.0051999709	-0.0048443020	-0.0046103838	-0.0039480381	-0.0044107897	-0.0051699856	-0.0050086968	-0.0034885534	-0.0047293890	-0.0045571526	-0.0056695519	-0.0049920285	-0.0042420699	-0.0044205448	-0.0044919044	-0.0031890460	-0.0043387568	-0.0051583611	-0.0043446558	-0.0048368248	-0.0042581414	-0.0040660525	-0.0050374368	-0.0038662203	-0.0044787466	-0.0041307280	-0.0034173544	-0.0042247008	-0.0047334987	-0.0051807992	-0.0042836842	-0.0030631929	-0.0043833028	-0.0040036357	-0.0049243207	-0.0040634960	-0.0057790206	-0.0049292094	-0.0053787275	-0.0035736138	-0.0045763593	-0.0028214823	-0.0037238162	-0.0049069867	-0.0059523668	-0.0041724774	-0.0042173949	-0.0018605766	-0.0036198867	-0.0051570249	-0.0045413012	-0.0044090342	-0.0046528083	-0.0036499089	-0.0055483101	-0.0044214259	-0.0051002166	-0.0051689995	-0.0050839544	-0.0037986911	-0.0043858806	-0.0050605188	-0.0062169086	-0.0038554671	-0.0041057518	-0.0038862637	-0.0051065573	-0.0041378723	-0.0048042551	-0.0034397830	-0.0041079326	-0.0046242039	-0.0039040818
-0.0042170912	-0.0050178058	-0.0048766861	-0.0046139770	-0.0048293917	-0.0035232039	-0.0037569332	-0.0040472048	-0.0042441597	-0.0052600456	-0.0042057853	-0.0047034098	-0.0037541087	-0.0041661731	-0.0039415149	-0.0033762044	0.5052327804	-0.0041124023	-0.0049986806	-0.0054530711	-0.0052972674	-0.0051315938	-0.0053796950	-0.0035460619	-0.0053660016	-0.0044199690	-0.0034476308	-0.0057540096	-0.0045300383	-0.0051316389	-0.0043731930	-0.0053114978	-0.0045079708	-0.0047448038	-0.0053142983	-0.0051683751	-0.0048844377	-0.0045400874	-0.0058386154	-0.0043203529	-0.0042363859	-0.0049940024	-0.0045554879	-0.0049502071	-0.0042495090	-0.0045357483	-0.0042423908	-0.0038225923	-0.0047672214	-0.0045993330	-0.0048274275	-0.0040393822	-0.0047977803	-0.0036951475	-0.0050930597	-0.0048812698	-0.0042506190	-0.0049225821	-0.0059257854	-0.0046476518	-0.0044612820	-0.0026580575	-0.0048025806	-0.0045023089	-0.0051319101	-0.0055017801	-0.0046258885	-0.0022622359	-0.0037612743	-0.0042201240	-0.0048808872	-0.0032311515	-0.0027112560	-0.0035315833	-0.0039522665	-0.0045729066	-0.0053209284	-0.0046894287	-0.0043553518	-0.0046569047	-0.0044813440	-0.0050756681	-0.0033061010	-0.0050942396	-0.0042405632	-0.0051551261	-0.0036434952	-0.0052932368	-0.0045245892	-0.0042233312	-0.0038525872	-0.0049193382	-0.0044388412	-0.0056033800	-0.0042871020	-0.0049883130	-0.0053162151	-0.0044197174	-0.0041975557	-0.0033015969	-0.0047458151	-0.0040193426	-0.0041469128	-0.0039203860	-0.0038321992	-0.0048055974	-0.0054866833	-0.0049295266	-0.0050726396	-0.0060005382	-0.0045977276	-0.0036512871	-0.0036927059
-0.0032045371	-0.0058514531	-0.0050303990	-0.0062265398	-0.0054639797	-0.0053297200	-0.0037933255	-0.0048899888	-0.0050094838	-0.0045022644	-0.0048371376	-0.0056606781	-0.0036253029	-0.0038150043	-0.0042649509	-0.0048909054	-0.0041124023	0.5127031419	-0.0001522754	-0.0059573322	-0.0038840324	-0.0051211832	-0.0052971280	-0.0050710647	-0.0050829126	-0.0053073410	-0.0043360754	-0.0051576951	-0.0048446492	-0.0040118479	-0.0049663451	-0.0044358624	-0.0054249878	-0.0053379494	-0.0044858365	-0.0057178007	-0.0055575507	-0.0042356448	-0.0040180221	-0.0048750519	-0.0048435520	-0.0055392698	-0.0032286394	-0.0040958323	-0.0052456361	-0.0065746462	-0.0051240199	-0.0035296522	-0.0041356482	-0.0047272510	-0.0034038912	-0.0054884790	-0.0039308942	-0.0056363920	-0.0049894334	-0.0044419848	-0.0043693566	-0.0052494620	-0.0048948635	-0.0052852850	-0.0036704417	-0.0038819672	-0.0043770751	-0.0045675920	-0.0032135750	-0.0042631812	-0.0026294977	-0.0050212823	-0.0047350193	-0.0038577867	-0.0038970003	-0.0036373025	-0.0044203867	-0.0044842098	-0.0037912564	-0.0046622198	-0.0049768250	-0.0036504975	-0.0050197318	-0.0032521857	-0.0045898066	-0.0051623359	-0.0047317728	-0.0054705989	-0.0046519508	-0.0045974228	-0.0045998563	-0.0049593932	-0.0035519600	-0.0055023281	-0.0042723037	-0.0049665991	-0.0042041108	-0.0055101323	-0.0030729119	-0.0045435436	-0.0057528364	-0.0044898467	-0.0051251222	-0.0044412399	-0.0055705149	-0.0045506202	-0.0033461606	-0.0037711483	-0.0042528541	-0.0050238920	-0.0041890029	-0.0048010478	-0.0051016587	-0.0045010168	-0.0034848343	-0.0045452035	-0.0048392321
-0.0028873427	-0.0037161110	-0.0045218903	-0.0056791432	-0.0033914377	-0.0043528908	-0.0046514048	-0.0049949221	-0.0047630995	-0.0041307694	-0.0056237437	-0.0050741868	-0.0043925751	-0.0035519015	-0.0045271039	-0.0054432351	-0.0049986806	-0.0001522754	0.4955798309	-0.0043092420	-0.0047278613	-0.0051362362	-0.0040233932	-0.0043106931	-0.0051117699	-0.0041420506	-0.0045532455	-0.0052668847	-0.0053268352	-0.0045607572	-0.0050595588	-0.0036445971	-0.0053250883	-0.0047227543	-0.0042372849	-0.0048280171	-0.0042670159	-0.0044296244	-0.0049755381	-0.0043789267	-0.0035151170	-0.0045729026	-0.0040595390	-0.0053324143	-0.0055355041	-0.0045364090	-0.0056784932	-0.0038613548	-0.0044978796	-0.0052572470	-0.0047163147	-0.0043432486	-0.0041377288	-0.0052889058	-0.0041147380	-0.0043628756	-0.0052975056	-0.0042213318	-0.0054973619	-0.0048882951	-0.0040615740	-0.0033046844	-0.0046854821	-0.0040434071	-0.0033379764	-0.0045334145	-0.0050619215	-0.0039598559	-0.0043797878	-0.0038577977	-0.0040911903	-0.0049623565	-0.0037431677	-0.0049149638	-0.0040840645	-0.0038723301	-0.0055600208	-0.0033438284	-0.0045978307	-0.0021855716	-0.0039291117	-0.0049870876	-0.0027513559	-0.0044915398	-0.0055714784	-0.0051236382	-0.0032096058	-0.0028254505	-0.0049198883	-0.0033435944	-0.0041476146	-0.0040562449	-0.0038624392	-0.0025717913	-0.0048705739	-0.0044980600	-0.0046013281	-0.0043537614	-0.0044825943	-0.0047044972	-0.0052237351	-0.0050762313	-0.0045957334	-0.0053756398	-0.0045037204	-0.0054166658	-0.0046195733	-0.0034814245	-0.0036056067	-0.0051369119	-0.0042222694	-0.0046911613	-0.0058430221
-0.0033120425	-0.0045372229	-0.0055429727	-0.0063095884	-0.0057812102	-0.0053556805	-0.0048247990	-0.0064462573	-0.0048250201	-0.0047323030	-0.0052786705	-0.0038970301	-0.0042646120	-0.0048043621	-0.0051756220	-0.0050237082	-0.0054530711	-0.0059573322	-0.0043092420	0.4659589596	-0.0025933048	-0.0061092624	-0.0049548230	-0.0063834202	-0.0044693614	-0.0025345098	0.0353032622	-0.0053652758	-0.0050922043	-0.0054961459	-0.0058353585	0.0119974241	0.0083773351	-0.0014739267	-0.0021086061	0.0073460023	-0.0041037444	-0.0049030574	-0.0048032934	-0.0055006078	-0.0063555489	-0.0053512592	-0.0046477375	-0.0044952746	-0.0060405444	-0.0044323627	-0.0050091854	-0.0045113827	-0.0048640006	-0.0056112959	-0.0050204988	-0.0054401038	-0.0047059909	-0.0051404935	-0.0044710048	-0.0054974754	-0.0065087205	-0.0062818687	-0.0050822554	-0.0054237761	-0.0058073078	-0.0048484721	-0.0062991247	-0.0052130242	-0.0028004888	-0.0046935768	-0.0037585754	-0.0049573157	-0.0049161745	-0.0051630236	-0.0051656511	-0.0053136895	-0.0044183127	-0.0050072687	-0.0054226558	-0.0048252965	-0.0043477537	-0.0037771877	-0.0043115673	-0.0045157070	-0.0057828592	-0.0037944035	-0.0036344505	-0.0050788134	-0.0053914491	-0.0055386852	-0.0060144971	-0.0033088971	-0.0050189066	-0.0059391316	-0.0056896228	-0.0051090162	-0.0018161504	-0.0042115004	-0.0030481411	-0.0057580584	-0.0060984340	-0.0061292100	-0.0052330434	-0.0050486188	-0.0055726304	-0.0046281721	-0.0050530302	-0.0052219265	-0.0043031203	-0.0052585042	-0.0055042500	-0.0030828540	-0.0044659957	-0.0057181132	-0.0061734107	-0.0029089229	-0.0054375621
0.0013589203	0.0021850595	-0.0055645311	-0.0057329866	-0.0056103788	-0.0043657084	-0.0051353627	-0.0044641809	-0.0050939223	-0.0052051183	-0.0057720666	-0.0042012452	-0.0041545523	-0.0042178399	-0.0052987186	-0.0042765298	-0.0052972674	-0.0038840324	-0.0047278613	-0.0025933048	0.4717921900	-0.0051414786	-0.0049150537	-0.0058183178	-0.0045777866	-0.0014852384	-0.0027815821	-0.0043643303	-0.0046683130	-0.0058764118	-0.0059553181	-0.0044311092	-0.0038598657	-0.0017357465	-0.0020006875	-0.0047394829	-0.0043814631	-0.0054998781	-0.0061733839	-0.0042895654	-0.0042838323	-0.0040273731	-0.0037063681	-0.0041932172	-0.0039337871	-0.0052641791	-0.0059628990	-0.0044086452	-0.0028887982	-0.0050642604	-0.0050143466	-0.0039868308	-0.0049634486	-0.0062488254	-0.0057970260	-0.0044585915	-0.0051639076	-0.0061297088	-0.0046121231	-0.0038640019	-0.0036749166	-0.0041703993	-0.0055151592	-0.0056665419	-0.0045436492	-0.0056847329	-0.0054936254	-0.0046799702	-0.0049972912	-0.0051183530	-0.0048562324	-0.0044375912	-0.0042535831	-0.0046130736	-0.0050696279	0.0053502378	-0.0044963196	-0.0010663289	-0.0037092634	-0.0028570986	-0.0045491286	-0.0022017662	-0.0042809672	-0.0063565736	-0.0058840140	-0.0060717244	-0.0044745972	-0.0019226037	-0.0042037384	-0.0055214375	-0.0048620144	-0.0001385705	0.0110047520	-0.0043755240	-0.0040634636	-0.0049574058	-0.0053357214	-0.0055321271	-0.0051981718	-0.0045172933	-0.0057807573	-0.0052158721	-0.0058597458	-0.0041289137	-0.0037372683	-0.0045156888	-0.0050688666	-0.0037976164	-0.0038438605	-0.0052169226	-0.0033800308	-0.0040337645	-0.0054984615
-0.0058974816	-0.0056245205	-0.0050138410	-0.0040185589	-0.0045173007	-0.0050717826	-0.0044859820	-0.0046006262	-0.0050718788	-0.0048358663	-0.0045873885	-0.0051952507	-0.0047847777	-0.0053322786	-0.0049349910	-0.0048105403	-0.0051315938	-0.0051211832	-0.0051362362	-0.0061092624	-0.0051414786	0.5231175392	-0.0030877863	-0.0029241666	-0.0052242269	-0.0049820397	-0.0057942944	-0.0054689389	-0.0052062354	-0.0057506341	-0.0041864147	-0.0052402732	-0.0044933987	-0.0041405062	-0.0050769954	-0.0038273945	-0.0045181845	-0.0026396044	-0.0053328987	-0.0035137088	-0.0048244171	-0.0041311767	-0.0061644533	-0.0035610838	-0.0044163017	-0.0048338245	-0.0046603194	-0.0049121781	-0.0041748376	-0.0038906482	-0.0047663906	-0.0025402315	-0.0050280917	-0.0030454203	-0.0045959602	-0.0046955805	-0.0027473485	-0.0050699656	-0.0047116839	-0.0049411919	-0.0038700564	-0.0052615323	-0.0043078187	-0.0048226994	-0.0049245750	-0.0044801570	-0.0034530204	-0.0052608044	-0.0034512932	-0.0043367402	-0.0048244932	-0.0048214810	-0.0054529293	-0.0046003865	-0.0056527435	-0.0036585391	-0.0043885796	-0.0046118756	-0.0043952446	-0.0043873143	-0.0051911964	-0.0051282929	-0.0045819008	-0.0054470210	-0.0045195973	-0.0039387040	-0.0047430255	-0.0046517815	-0.0047962185	-0.0052266761	-0.0048317207	-0.0054554878	-0.0050104789	-0.0047258968	-0.0048590819	-0.0041463078	-0.0042507493	-0.0046579430	-0.0046630804	-0.0044432619	-0.0049984475	-0.0036313256	-0.0039763752	-0.0054273021	-0.0054704279	-0.0053992913	-0.0054830040	-0.0046021018	-0.0050536566	-0.0049436465	-0.0051359154	-0.0038415401	-0.0043821726
-0.0046551456	-0.0036205839	-0.0047890814	-0.0054188216	-0.0035506608	-0.0046262996	-0.0047230622	-0.0055858535	-0.0049148966	-0.0047003726	-0.0033623010	-0.0059421035	-0.0047289965	-0.0036547177	-0.0038728996	-0.0054082771	-0.0053796950	-0.0052971280	-0.0040233932	-0.0049548230	-0.0049150537	-0.0030877863	0.5200513372	-0.0046986126	-0.0050648806	-0.0046211441	-0.0063413703	-0.0042839381	-0.0049610761	-0.0038249056	-0.0047309564	-0.0050906349	-0.0046998227	-0.0048421355	-0.0047770118	-0.0057191774	-0.0051541977	-0.0042968200	-0.0032976557	-0.0056769144	-0.0049848794	-0.0037013920	-0.0048007238	-0.0033946299	-0.0042885229	-0.0039289606	-0.0045199901	-0.0043249421	-0.0042254529	-0.0042616160	-0.0050624361	-0.0048750653	-0.0050699120	-0.0046247715	-0.0049388895	-0.0046763456	-0.0043587755	-0.0046611116	-0.0059910340	-0.0050806791	-0.0048785485	-0.0038250588	-0.0032616904	-0.0049782711	-0.0044422181	-0.0040852565	-0.0044843693	-0.0040441843	-0.0050694112	-0.0054515170	-0.0051877196	-0.0045643099	-0.0042920220	-0.0045025944	-0.0046720949	-0.0046165385	-0.0044543551	-0.0053135042	-0.0047364940	-0.0046465252	-0.0038814051	-0.0062715122	-0.0051686506	-0.0047768281	-0.0047938693	-0.0037262672	-0.0041273471	-0.0046092418	-0.0051502775	-0.0040789562	-0.0051579572	-0.0051350802	-0.0048421058	-0.0045629483	-0.0048100035	-0.0044489999	-0.0033341331	-0.0050930759	-0.0049653290	-0.0046253766	-0.0058793608	-0.0051859012	-0.0038928498	-0.0035300085	-0.0047241130	-0.0052399504	-0.0043237743	-0.0041041404	-0.0045908115	-0.0046389218	-0.0048853193	-0.0044637676	-0.0044630351
-0.0049957131	-0.0056145794	-0.0045086989	-0.0044074578	-0.0054328142	-0.0052449208	-0.0042039100	-0.0040782755	-0.0048404023	-0.0037372926	-0.0044823488	-0.0051134191	-0.0033459206	-0.0046742521	-0.0037522195	-0.0035986945	-0.0035460619	-0.0050710647	-0.0043106931	-0.0063834202	-0.0058183178	-0.0029241666	-0.0046986126	0.5195495280	-0.0026732131	-0.0065480907	-0.0056831915	-0.0032640669	-0.0011497719	-0.0046012520	-0.0046091182	-0.0043724654	-0.0043665875	-0.0061609647	-0.0047558602	-0.0059643591	-0.0047542631	-0.0042154854	-0.0051479639	-0.0044821635	-0.0040944520	-0.0048339125	-0.0057032056	-0.0054425734	-0.0052889737	-0.0055178614	-0.0039936936	-0.0047238875	-0.0042640305	-0.0053722867	-0.0039358125	-0.0039663629	-0.0060937179	-0.0042006640	-0.0038904319	-0.0047229844	-0.0056682134	-0.0042392099	-0.0038061287	-0.0049308233	-0.0049886980	-0.0036661940	-0.0046163606	-0.0047913504	-0.0052550420	-0.0040136284	-0.0045048202	-0.0051090011	-0.0045456018	-0.0036478084	-0.0050014605	-0.0044009216	-0.0058383662	-0.0038501613	-0.0042774979	-0.0045374784	-0.0048426648	-0.0053641479	-0.0052449260	-0.0051424206	-0.0039371971	-0.0052438842	-0.0052926570	-0.0040852723	-0.0055620373	-0.0055389961	-0.0043957448	-0.0052571491	-0.0048028956	-0.0048855942	-0.0019157743	-0.0039899719	-0.0044992734	-0.0049370496	-0.0052817167	-0.0044629047	-0.0043077080	-0.0043211076	-0.0043632461	-0.0049283663	-0.0039709771	-0.0041734375	-0.0039183445	-0.0045204773	-0.0044505930	-0.0047400946	-0.0040533410	-0.0061538293	-0.0057110556	-0.0049629462	-0.0055441181	-0.0053909083	-0.0040910102
-0.0052868819	-0.0062501924	-0.0046783296	-0.0024783508	-0.0059641267	-0.0048129574	-0.0051778318	-0.0058968036	-0.0052202191	-0.0051254058	-0.0058109609	-0.0042718701	-0.0048230963	-0.0045587015	-0.0039773392	-0.0056605739	-0.0053660016	-0.0050829126	-0.0051117699	-0.0044693614	-0.0045777866	-0.0052242269	-0.0050648806	-0.0026732131	0.5226413707	-0.0045991893	-0.0061542866	-0.0020856106	0.0034003648	-0.0051305131	-0.0048744650	-0.0050647357	-0.0046749812	-0.0041624330	-0.0039318747	-0.0053328924	-0.0027418872	-0.0050883976	-0.0045619323	-0.0035714044	-0.0056890914	-0.0038902238	-0.0059934331	-0.0042162413	-0.0042928948	-0.0050246353	-0.0045841959	-0.0050551460	-0.0044628902	-0.0056801075	-0.0060969708	-0.0051352024	-0.0041263986	-0.0052599749	-0.0037559866	-0.0053645906	-0.0032555445	-0.0046256857	-0.0046702240	-0.0044867776	-0.0045193987	-0.0057044201	-0.0053027437	-0.0041834091	-0.0042500298	-0.0055042018	-0.0051300793	-0.0053002426	-0.0034552461	-0.0044219523	-0.0048069098	-0.0051306450	-0.0044000236	-0.0044660837	-0.0055149254	-0.0056974276	-0.0055665592	-0.0038285505	-0.0047249023	-0.0057118055	-0.0035821757	-0.0043253282	-0.0046714685	-0.0040940006	-0.0040219366	-0.0053089641	-0.0057255131	-0.0053869401	-0.0052047020	-0.0042790855	-0.0051251596	-0.0050383442	-0.0045839515	-0.0050873328	-0.0046510629	-0.0027109264	-0.0041388066	-0.0045070749	-0.0041997755	-0.0055638467	-0.0045044206	-0.0036664853	-0.0046985989	-0.0045525980	-0.0050558658	-0.0051779569	-0.0046005298	-0.0046187287	-0.0048905359	-0.0054578923	-0.0051132145	-0.0045140851	-0.0041602603
