1.0000000000	0.9227110138	0.9216967265	0.9221305603	0.9222523375	0.9223782414	0.9225542014	0.9221462003	0.9224626312	0.9221757471	0.9223652425	0.9219785349	0.9222015386	0.9224717098	0.9227050301	0.9226083016	0.9227653204	0.9227106836	0.9226855111	0.9228464089	0.9237405283	0.9220153445	0.9223698230	0.9222036844	0.9219084645	0.9225943949	0.9229805660	0.9217659715	0.9223127103	0.9222746214	0.9219060710	0.9229110321	0.9227618127	0.9226283984	0.9231322613	0.9229314177	0.9219909973	0.9228863135	0.9223183638	0.9219787412	0.9226412322	0.9223779938	0.9225219723	0.9223205922	0.9219331005	0.9219579842	0.9214450426	0.9223511293	0.9225728951	0.9217594515	0.9218525072	0.9223577320	0.9219522894	0.9225125636	0.9218556847	0.9225985215	0.9221760359	0.9218286552	0.9221071623	0.9213171993	0.9225575027	0.9222931913	0.9212876938	0.9219666501	0.9228048123	0.9224620947	0.9225898143	0.9224520257	0.9225000186	0.9223536053	0.9224747635	0.9221003121	0.9226567484	0.9224897020	0.9221264337	0.9228853231	0.9217731932	0.9230376374	0.9228503704	0.9224957681	0.9224011030	0.9227133247	0.9224312275	0.9214657996	0.9223219127	0.9226120982	0.9227284695	0.9227016050	0.9228402602	0.9223449806	0.9220739015	0.9237524543	0.9229633166	0.9227711802	0.9226373119	0.9222585275	0.9225232928	0.9220068436	0.9221557741	0.9222453635	0.9218560974	0.9225323302	0.9222369864	0.9229452832	0.9226420576	0.9221786770	0.9222959974	0.9228920495	0.9226380547	0.9228753366	0.9211046360	0.9231641190	0.9229098766
0.9227110138	1.0000000000	0.9215535733	0.9215756508	0.9217687364	0.9221484287	0.9219631425	0.9216611136	0.9219266217	0.9218980653	0.9215877419	0.9216764234	0.9218755752	0.9225967883	0.9221947709	0.9221962565	0.9219009127	0.9217222291	0.9222769323	0.9221548250	0.9232324149	0.9217136457	0.9221842479	0.9216695732	0.9212276924	0.9224699766	0.9219458106	0.9213433622	0.9218406638	0.9216634245	0.9216083338	0.9222416495	0.9220987027	0.9223446918	0.9223340450	0.9226335154	0.9221684842	0.9217490523	0.9218564688	0.9219831567	0.9219648344	0.9219302119	0.9218697566	0.9217893696	0.9215712353	0.9216897937	0.9210238363	0.9220528969	0.9225445450	0.9212614071	0.9218332358	0.9220212043	0.9216798073	0.9216366013	0.9215833677	0.9220623470	0.9217552423	0.9215131735	0.9214985239	0.9210976207	0.9219146132	0.9217740185	0.9213023434	0.9214117406	0.9230022721	0.9221534632	0.9224323829	0.9221251544	0.9218804033	0.9218039779	0.9222302600	0.9216772075	0.9221511110	0.9224636629	0.9219713958	0.9238371330	0.9214572987	0.9227695295	0.9222620351	0.9224162477	0.9224413377	0.9223975953	0.9221476034	0.9211558476	0.9219106103	0.9221361726	0.9219774619	0.9226798576	0.9225790025	0.9222141248	0.9216688717	0.9227700247	0.9226727598	0.9220996518	0.9222080999	0.9218388068	0.9218812286	0.9217013483	0.9218889867	0.9217379104	0.9213890028	0.9216581837	0.9220517415	0.9221648940	0.9221152918	0.9220157984	0.9215969856	0.9222983496	0.9222738786	0.9223550909	0.9203351411	0.9223628490	0.9223569479
0.9216967265	0.9215535733	1.0000000000	0.9223742798	0.9213788100	0.9218487932	0.9217806211	0.9213455493	0.9212537728	0.9211722303	0.9215456914	0.9214170640	0.9216762996	0.9213333344	0.9221067496	0.9219447377	0.9216790232	0.9215073549	0.9218227954	0.9218263856	0.9214845759	0.9216073022	0.9213035813	0.9217009769	0.9215686768	0.9218714072	0.9217064241	0.9215472595	0.9214225112	0.9213740231	0.9210231348	0.9217721615	0.9216295448	0.9214702151	0.9215115641	0.9216430802	0.9211371952	0.9218833745	0.9215383460	0.9212463448	0.9217176073	0.9217740185	0.9212536077	0.9215700386	0.9217081986	0.9214206129	0.9212368948	0.9214558957	0.9216949933	0.9211203172	0.9215524178	0.9213591672	0.9214882073	0.9214728975	0.9213953166	0.9215270803	0.9214975335	0.9214972034	0.9239257733	0.9222644286	0.9216275227	0.9214905595	0.9208933519	0.9209563657	0.9219330180	0.9215258423	0.9221303540	0.9214490867	0.9227006559	0.9215945509	0.9219911211	0.9209913184	0.9215259661	0.9219543115	0.9213253700	0.9217982832	0.9212105668	0.9216610723	0.9217662191	0.9220265690	0.9214655933	0.9213516155	0.9214459505	0.9211688465	0.9214119057	0.9214496232	0.9214767765	0.9222259683	0.9215997092	0.9217173184	0.9216134509	0.9219355765	0.9214364592	0.9220949887	0.9219560034	0.9214393891	0.9214353450	0.9212900460	0.9216207963	0.9215677689	0.9214819761	0.9214466933	0.9213552882	0.9217374977	0.9217430274	0.9217725329	0.9212447767	0.9217498776	0.9215419362	0.9217833447	0.9204016213	0.9219617807	0.9219302119
0.9221305603	0.9215756508	0.9223742798	1.0000000000	0.9220377934	0.9220677116	0.9222140423	0.9213078731	0.9219643392	0.9216768774	0.9218476378	0.9218817651	0.9217509506	0.9213902408	0.9219668977	0.9219365256	0.9220124146	0.9213298681	0.9216011535	0.9216721730	0.9214684407	0.9219649582	0.9216650339	0.9216389535	0.9218370323	0.9217289968	0.9219485342	0.9214545339	0.9218632778	0.9216654053	0.9214733101	0.9216815817	0.9218155325	0.9218068253	0.9217363423	0.9219402396	0.9212231531	0.9218736769	0.9216841402	0.9213294967	0.9218729754	0.9218703756	0.9214778082	0.9219357829	0.9215296388	0.9210419935	0.9214294027	0.9216992438	0.9215227060	0.9210625029	0.9213763340	0.9214470234	0.9213622209	0.9216082926	0.9212208834	0.9220163762	0.9214859376	0.9216312780	0.9218284902	0.9214079441	0.9215741652	0.9214027033	0.9208181232	0.9215019490	0.9223425047	0.9213245034	0.9221447560	0.9219952478	0.9218664553	0.9220632135	0.9219629362	0.9212823704	0.9218366609	0.9218459046	0.9217020911	0.9221609737	0.9217015134	0.9220728699	0.9215755270	0.9220800915	0.9218986018	0.9219524958	0.9220502972	0.9208668176	0.9217031228	0.9215917035	0.9222210163	0.9218456983	0.9219632250	0.9218149135	0.9218359181	0.9220357301	0.9218696328	0.9215968618	0.9220782758	0.9218579544	0.9222106172	0.9215070660	0.9214948099	0.9217480619	0.9214408334	0.9217569755	0.9216779503	0.9220570236	0.9219381763	0.9217944454	0.9221034896	0.9223278963	0.9222294759	0.9217055575	0.9204026529	0.9221915108	0.9222737548
0.9222523375	0.9217687364	0.9213788100	0.9220377934	1.0000000000	0.9221852796	0.9219895117	0.9219071852	0.9216374679	0.9225682732	0.9241212110	0.9215267501	0.9218926182	0.9221445497	0.9223040856	0.9220408884	0.9218805684	0.9219049156	0.9223888881	0.9218036891	0.9217211150	0.9218552308	0.9223376352	0.9217035355	0.9214509850	0.9218460697	0.9220371332	0.9217403864	0.9215577825	0.9220857037	0.9215952524	0.9216871527	0.9223766320	0.9218063714	0.9223518309	0.9218294393	0.9219084645	0.9219652471	0.9219188224	0.9216632182	0.9220371744	0.9217901949	0.9215557604	0.9217791768	0.9216368902	0.9218326168	0.9211280340	0.9218357118	0.9219129625	0.9215886085	0.9216341253	0.9215396665	0.9217620512	0.9217474842	0.9213808733	0.9224042392	0.9219810108	0.9217475255	0.9213448065	0.9209899566	0.9220264864	0.9217445955	0.9212790278	0.9214590732	0.9224030425	0.9220745205	0.9221773977	0.9224801694	0.9222324471	0.9221792134	0.9222567943	0.9218626175	0.9219698276	0.9221024579	0.9218711596	0.9223089138	0.9214764051	0.9222153628	0.9222303013	0.9223678422	0.9221897364	0.9222577434	0.9221641512	0.9210491739	0.9216157618	0.9221562693	0.9223153101	0.9222773863	0.9223471265	0.9221642337	0.9221783056	0.9222797384	0.9222867950	0.9223657789	0.9219000461	0.9213664301	0.9218064126	0.9217117887	0.9214389765	0.9221284970	0.9214214795	0.9220993629	0.9221303540	0.9220076277	0.9219993744	0.9218779273	0.9216095718	0.9224418329	0.9221965866	0.9218847776	0.9203995580	0.9222364500	0.9223719276
0.9223782414	0.9221484287	0.9218487932	0.9220677116	0.9221852796	1.0000000000	0.9218701280	0.9215298864	0.9221589516	0.9219720148	0.9217350630	0.9216443182	0.9218416542	0.9218369085	0.9221506158	0.9224092737	0.9226030195	0.9220090307	0.9222636445	0.9221785119	0.9221295287	0.9219634726	0.9218734293	0.9218208559	0.9218431397	0.9221849907	0.9219983015	0.9215480436	0.9220498845	0.9222788718	0.9219189049	0.9220942459	0.9224548318	0.9223706896	0.9224534701	0.9224853690	0.9215485801	0.9221570946	0.9218845300	0.9216772075	0.9220854974	0.9221020452	0.9221076987	0.9223569479	0.9218528374	0.9217844589	0.9216653640	0.9219519593	0.9222827509	0.9214966256	0.9216577710	0.9218738007	0.9218090537	0.9217894521	0.9218440889	0.9220294164	0.9219198127	0.9216269037	0.9219736654	0.9209264476	0.9223061489	0.9225622071	0.9214192924	0.9215648390	0.9225242420	0.9222134646	0.9225135127	0.9222991337	0.9220946586	0.9219289326	0.9226085080	0.9218244461	0.9221790071	0.9221677826	0.9221829274	0.9224498386	0.9218098790	0.9225132651	0.9225196201	0.9226045877	0.9224135242	0.9219699927	0.9223110184	0.9211116100	0.9220828564	0.9220524843	0.9221373280	0.9225494557	0.9221187169	0.9220547539	0.9226219608	0.9223189003	0.9225308033	0.9223029302	0.9223743211	0.9219813410	0.9217430687	0.9216449784	0.9218043080	0.9219297992	0.9216073022	0.9222110711	0.9224912288	0.9221270114	0.9221500381	0.9222448270	0.9217226831	0.9223662741	0.9223465075	0.9223586398	0.9206306912	0.9224648596	0.9224550794
0.9225542014	0.9219631425	0.9217806211	0.9222140423	0.9219895117	0.9218701280	1.0000000000	0.9216881018	0.9219511340	0.9221091018	0.9219373510	0.9216620627	0.9220517002	0.9220160873	0.9224918066	0.9220604074	0.9222645524	0.9222866712	0.9221774803	0.9223104819	0.9220487290	0.9218343087	0.9218448729	0.9220096085	0.9217493824	0.9220429517	0.9222695869	0.9214537086	0.9218449555	0.9218381465	0.9215581539	0.9222476744	0.9222836587	0.9220139827	0.9223297533	0.9223264933	0.9215831613	0.9224114608	0.9223620649	0.9214706278	0.9224193427	0.9220615216	0.9217457923	0.9219647519	0.9221189232	0.9218544467	0.9216883907	0.9221711665	0.9224942825	0.9217234259	0.9218185450	0.9222127630	0.9217751327	0.9221138062	0.9216895049	0.9223021048	0.9219087533	0.9217665493	0.9218772671	0.9211185840	0.9222638096	0.9218955894	0.9212986294	0.9217691903	0.9227378369	0.9216134509	0.9228136846	0.9220727461	0.9221177678	0.9219181208	0.9225121922	0.9215429266	0.9224477340	0.9224751349	0.9218826730	0.9223876914	0.9214515215	0.9222810177	0.9224177746	0.9225041452	0.9220059770	0.9225060435	0.9218983542	0.9213125774	0.9223121326	0.9218968274	0.9223888881	0.9222727231	0.9225131413	0.9220005299	0.9219710244	0.9226382198	0.9223899198	0.9223311564	0.9223902499	0.9218887391	0.9221251132	0.9219315324	0.9215685943	0.9218028637	0.9215466405	0.9222766022	0.9222433827	0.9221815656	0.9221633259	0.9219134577	0.9219070614	0.9226289761	0.9222545659	0.9219712307	0.9210738925	0.9221230911	0.9222564229
0.9221462003	0.9216611136	0.9213455493	0.9213078731	0.9219071852	0.9215298864	0.9216881018	1.0000000000	0.9221682366	0.9215287722	0.9216685003	0.9218347627	0.9213765404	0.9215852246	0.9218808573	0.9218622048	0.9220950712	0.9218916278	0.9217935788	0.9215385111	0.9218285727	0.9217067542	0.9214465282	0.9218983955	0.9210577160	0.9216407280	0.9218757815	0.9210412507	0.9217881316	0.9218960433	0.9216063943	0.9215227473	0.9217907314	0.9217829320	0.9221212341	0.9220641627	0.9215694196	0.9217980356	0.9215339718	0.9213631288	0.9219974761	0.9218977352	0.9213586720	0.9218203607	0.9214615905	0.9218123963	0.9212338411	0.9216614024	0.9220706828	0.9214526769	0.9213735692	0.9215774666	0.9215652104	0.9216396138	0.9214487153	0.9217752565	0.9217229307	0.9218732230	0.9211291482	0.9204326949	0.9220619756	0.9215107800	0.9210744289	0.9213096888	0.9219056171	0.9217270573	0.9221995165	0.9220279720	0.9213987004	0.9216874828	0.9219571176	0.9212014470	0.9223105232	0.9217698506	0.9216218280	0.9220212043	0.9216968503	0.9217500427	0.9220427041	0.9221150442	0.9219007064	0.9219405698	0.9218146247	0.9208730488	0.9214985652	0.9223100280	0.9218509804	0.9220427454	0.9217625464	0.9219631838	0.9218792066	0.9221116191	0.9220736952	0.9214324976	0.9223642108	0.9214589494	0.9215790347	0.9212444878	0.9211570443	0.9217215276	0.9216000806	0.9215762698	0.9219289739	0.9222557214	0.9220535985	0.9216130795	0.9212166330	0.9219121372	0.9217763294	0.9216624341	0.9202268993	0.9222019512	0.9220630072
0.9224626312	0.9219266217	0.9212537728	0.9219643392	0.9216374679	0.9221589516	0.9219511340	0.9221682366	1.0000000000	0.9219420966	0.9216723793	0.9216777852	0.9218674457	0.9221614689	0.9223103581	0.9223679660	0.9221614276	0.9218694265	0.9220439009	0.9220575600	0.9219403222	0.9217983657	0.9217433163	0.9218221351	0.9216871940	0.9226278207	0.9219326466	0.9216141937	0.9217768246	0.9218622048	0.9214473535	0.9220047390	0.9222282379	0.9219160575	0.9219014492	0.9222690092	0.9216880193	0.9221432704	0.9220394854	0.9213983703	0.9221726934	0.9220780695	0.9218834983	0.9221172313	0.9216559553	0.9218494535	0.9215738764	0.9220583854	0.9223431237	0.9215043425	0.9214504073	0.9218641031	0.9219378462	0.9214020018	0.9213092348	0.9220107227	0.9219602951	0.9218073618	0.9218621223	0.9208257988	0.9218591099	0.9218300170	0.9208801466	0.9215028156	0.9222496140	0.9221070385	0.9222397100	0.9223578558	0.9220800915	0.9221447147	0.9223695342	0.9216337539	0.9222442493	0.9221120317	0.9220038724	0.9222546072	0.9214816047	0.9222125567	0.9221192946	0.9223201383	0.9221712490	0.9221788420	0.9219540226	0.9209362690	0.9219803093	0.9221328300	0.9223290105	0.9225126874	0.9222212639	0.9221386486	0.9222354183	0.9224587522	0.9219988379	0.9221648115	0.9223458060	0.9216469592	0.9218063301	0.9211013759	0.9214604350	0.9219852200	0.9219486992	0.9219898419	0.9222368214	0.9222830398	0.9224452993	0.9220443135	0.9216642086	0.9221023754	0.9224085309	0.9223575256	0.9205018987	0.9224515305	0.9222313742
0.9221757471	0.9218980653	0.9211722303	0.9216768774	0.9225682732	0.9219720148	0.9221091018	0.9215287722	0.9219420966	1.0000000000	0.9227733673	0.9216442769	0.9217324220	0.9219777508	0.9223919006	0.9219647106	0.9218232906	0.9218617509	0.9221625831	0.9220074626	0.9219525370	0.9216928062	0.9219071440	0.9220968869	0.9216191044	0.9220887162	0.9220276419	0.9215695434	0.9215775078	0.9218112821	0.9211651738	0.9220170364	0.9221855685	0.9221542473	0.9220952363	0.9220707653	0.9214966256	0.9216712651	0.9219725512	0.9213561960	0.9218356293	0.9220675878	0.9216026391	0.9219341735	0.9218028637	0.9218029050	0.9213692775	0.9222002593	0.9222787480	0.9215758984	0.9217690665	0.9217735646	0.9217628766	0.9214855250	0.9214556481	0.9216285131	0.9219556733	0.9219519593	0.9215928177	0.9210366702	0.9220082467	0.9215676451	0.9212233182	0.9215117292	0.9222828747	0.9221267638	0.9221175614	0.9219087946	0.9221042736	0.9220773679	0.9223171258	0.9213312711	0.9218226716	0.9219537337	0.9220047803	0.9223201383	0.9215065296	0.9219290564	0.9223208398	0.9223189003	0.9220492655	0.9223765907	0.9218900597	0.9208963231	0.9222979782	0.9220371744	0.9222315393	0.9222155692	0.9222745801	0.9218595225	0.9219620696	0.9223814189	0.9219858803	0.9220817009	0.9223326007	0.9217677047	0.9217294095	0.9214092234	0.9216166697	0.9219635964	0.9216155142	0.9220836817	0.9221421562	0.9220406408	0.9219921115	0.9219305833	0.9215295150	0.9224739382	0.9220688258	0.9218345151	0.9203864352	0.9221633259	0.9222459825
0.9223652425	0.9215877419	0.9215456914	0.9218476378	0.9241212110	0.9217350630	0.9219373510	0.9216685003	0.9216723793	0.9227733673	1.0000000000	0.9218690138	0.9217603180	0.9220585504	0.9222144550	0.9220959378	0.9221897364	0.9219131689	0.9219040077	0.9222263397	0.9218213098	0.9218688487	0.9220855799	0.9220306956	0.9213668015	0.9220644515	0.9224685323	0.9213687410	0.9215548113	0.9218861394	0.9215310418	0.9221295287	0.9220442723	0.9215879895	0.9222521312	0.9217530139	0.9215582777	0.9220276419	0.9220274356	0.9211746238	0.9219968159	0.9221195835	0.9217459161	0.9217153789	0.9220268578	0.9215419362	0.9216376743	0.9221767375	0.9218343913	0.9215111102	0.9216914857	0.9218523009	0.9213427019	0.9221563519	0.9214743830	0.9221239577	0.9216254594	0.9215112340	0.9218979415	0.9211579109	0.9218232081	0.9215896814	0.9212416405	0.9212648734	0.9224698116	0.9221967517	0.9223881866	0.9217966325	0.9219599237	0.9224850801	0.9221745091	0.9217917218	0.9221555265	0.9221916759	0.9220401869	0.9220746031	0.9216657354	0.9221672462	0.9224233456	0.9223429999	0.9221951010	0.9221196660	0.9218179260	0.9212863733	0.9221747567	0.9220207504	0.9221518951	0.9220396917	0.9221979897	0.9223348291	0.9221945646	0.9221730235	0.9221862700	0.9223500151	0.9219976825	0.9217492999	0.9214575463	0.9216283480	0.9215792823	0.9218577068	0.9217176898	0.9217944866	0.9221615514	0.9218875424	0.9223390795	0.9217665080	0.9212673082	0.9221241640	0.9220638738	0.9219563335	0.9204210990	0.9224455882	0.9225961693
0.9219785349	0.9216764234	0.9214170640	0.9218817651	0.9215267501	0.9216443182	0.9216620627	0.9218347627	0.9216777852	0.9216442769	0.9218690138	1.0000000000	0.9222443319	0.9218659601	0.9222156517	0.9221293223	0.9219720560	0.9217490523	0.9219283136	0.9222255556	0.9220754697	0.9215811805	0.9212817514	0.9218323279	0.9217077034	0.9220381648	0.9219785761	0.9214745894	0.9216168347	0.9217872238	0.9212811737	0.9219597999	0.9219669803	0.9217928773	0.9222348406	0.9218063714	0.9214963368	0.9224922605	0.9217744312	0.9211059152	0.9219423855	0.9220595408	0.9215493641	0.9219786999	0.9215887323	0.9215217569	0.9213434034	0.9216646625	0.9222344692	0.9212795643	0.9218124375	0.9225876272	0.9218013781	0.9212034690	0.9212303747	0.9217013483	0.9215390063	0.9216431627	0.9218369085	0.9209007799	0.9219684246	0.9217187215	0.9212079258	0.9215324036	0.9221955137	0.9220155508	0.9222658317	0.9222000943	0.9220004886	0.9221490477	0.9223830283	0.9218870059	0.9219884388	0.9218274998	0.9218986018	0.9222756118	0.9216105622	0.9217571818	0.9218907199	0.9225766090	0.9221502444	0.9219293040	0.9219619870	0.9206231807	0.9217171534	0.9215775078	0.9220931730	0.9223493136	0.9224536351	0.9220442723	0.9219785349	0.9222891884	0.9221802038	0.9218163991	0.9224264818	0.9219725100	0.9216604533	0.9213936659	0.9215354986	0.9215816757	0.9215052091	0.9218010480	0.9220935856	0.9224071279	0.9219050806	0.9216040421	0.9219599650	0.9221097621	0.9218074030	0.9221755820	0.9203245769	0.9220950300	0.9221212341
0.9222015386	0.9218755752	0.9216762996	0.9217509506	0.9218926182	0.9218416542	0.9220517002	0.9213765404	0.9218674457	0.9217324220	0.9217603180	0.9222443319	1.0000000000	0.9218641444	0.9222593116	0.9220343271	0.9220990741	0.9220058120	0.9218444603	0.9221488001	0.9220228963	0.9217460811	0.9217443479	0.9219640503	0.9215453613	0.9221150854	0.9220037486	0.9216824071	0.9216884732	0.9217845827	0.9211558888	0.9221325411	0.9219998283	0.9220868592	0.9221193771	0.9216901651	0.9213034575	0.9220438596	0.9215292261	0.9214491693	0.9221024166	0.9216363950	0.9213720011	0.9217355582	0.9215061169	0.9216292146	0.9210535481	0.9218071967	0.9219330593	0.9212818752	0.9213339947	0.9221804927	0.9216330112	0.9216517874	0.9214079028	0.9221243291	0.9216055277	0.9215121831	0.9213534312	0.9209989939	0.9220314797	0.9218237033	0.9209353198	0.9213548755	0.9221410420	0.9217508680	0.9220979599	0.9215558430	0.9217887093	0.9219805982	0.9222534517	0.9214964606	0.9219162226	0.9222186229	0.9217859445	0.9220778631	0.9213853301	0.9218693439	0.9223767558	0.9219933495	0.9220266102	0.9219269931	0.9218031113	0.9208127586	0.9219132514	0.9221477272	0.9219800205	0.9223952019	0.9221569296	0.9219961556	0.9219390842	0.9221988150	0.9222596830	0.9221920886	0.9222597655	0.9217177311	0.9217481857	0.9216333413	0.9217529726	0.9215366953	0.9213790989	0.9219973111	0.9215236139	0.9218052984	0.9221538346	0.9218243223	0.9214863916	0.9221145490	0.9218384354	0.9218958782	0.9204945120	0.9220836404	0.9222433827
0.9224717098	0.9225967883	0.9213333344	0.9213902408	0.9221445497	0.9218369085	0.9220160873	0.9215852246	0.9221614689	0.9219777508	0.9220585504	0.9218659601	0.9218641444	1.0000000000	0.9221043562	0.9218989319	0.9222691330	0.9221386486	0.9223044570	0.9219612442	0.9219699514	0.9215788283	0.9221141363	0.9219748209	0.9217485984	0.9223628077	0.9222843190	0.9215767238	0.9214609715	0.9219428394	0.9213712583	0.9222417733	0.9224562762	0.9222332312	0.9225085607	0.9223769621	0.9220174078	0.9217369613	0.9218182974	0.9212786152	0.9221777279	0.9219832392	0.9221912632	0.9217970864	0.9217426973	0.9218357531	0.9214217684	0.9221469431	0.9223503040	0.9213093999	0.9218426858	0.9216792295	0.9215435868	0.9220515352	0.9216077561	0.9222095443	0.9218279950	0.9217518172	0.9219794840	0.9210422824	0.9221332014	0.9217974166	0.9209284284	0.9214784684	0.9227626380	0.9220189759	0.9226675602	0.9222633557	0.9220400631	0.9219708180	0.9222796559	0.9215092119	0.9219308721	0.9221904379	0.9216829848	0.9224583808	0.9215751969	0.9221738488	0.9224333320	0.9224422043	0.9223246776	0.9224671292	0.9222113600	0.9214154546	0.9222290633	0.9224733605	0.9219915338	0.9227463378	0.9225658385	0.9222121853	0.9222062842	0.9225263465	0.9221431879	0.9224053947	0.9223253378	0.9218442127	0.9218086410	0.9218242810	0.9218356293	0.9219526196	0.9214159498	0.9215704100	0.9221476859	0.9224772395	0.9217637432	0.9219557558	0.9220001997	0.9225211470	0.9219978475	0.9223234396	0.9206499626	0.9228222680	0.9221646051
0.9227050301	0.9221947709	0.9221067496	0.9219668977	0.9223040856	0.9221506158	0.9224918066	0.9218808573	0.9223103581	0.9223919006	0.9222144550	0.9222156517	0.9222593116	0.9221043562	1.0000000000	0.9223379241	0.9223369750	0.9223305374	0.9223698230	0.9223035079	0.9221284145	0.9219881087	0.9223255029	0.9225112018	0.9221062132	0.9223847615	0.9222995051	0.9219800617	0.9217310189	0.9219657835	0.9215694196	0.9219647931	0.9222874140	0.9222091316	0.9223146911	0.9222188292	0.9221576311	0.9224013506	0.9221773977	0.9215811805	0.9222021576	0.9222036019	0.9218244873	0.9221372042	0.9219489468	0.9220023043	0.9215018252	0.9224915177	0.9223352005	0.9219032236	0.9218511042	0.9220683719	0.9220120432	0.9219440774	0.9215168049	0.9221999705	0.9219006239	0.9220297878	0.9219171717	0.9212557123	0.9225041865	0.9222079349	0.9210650202	0.9217311840	0.9228531766	0.9224615995	0.9223609507	0.9223519134	0.9220431168	0.9221935742	0.9230122999	0.9222164358	0.9228680325	0.9225466496	0.9220024694	0.9227419636	0.9218317089	0.9221817720	0.9223339625	0.9227621016	0.9223966462	0.9227517850	0.9223243474	0.9210121992	0.9219585206	0.9223364385	0.9230625624	0.9225240769	0.9226757722	0.9221755407	0.9224059311	0.9230147759	0.9225740093	0.9222578260	0.9224508703	0.9217408816	0.9218282838	0.9221715792	0.9216454736	0.9219768842	0.9214172703	0.9222909216	0.9225234579	0.9224177333	0.9222735485	0.9224708432	0.9218844062	0.9227366402	0.9223747750	0.9222267936	0.9208744519	0.9224817375	0.9226045051
0.9226083016	0.9221962565	0.9219447377	0.9219365256	0.9220408884	0.9224092737	0.9220604074	0.9218622048	0.9223679660	0.9219647106	0.9220959378	0.9221293223	0.9220343271	0.9218989319	0.9223379241	1.0000000000	0.9223829457	0.9220644515	0.9219541051	0.9219774207	0.9222454460	0.9220013965	0.9216853782	0.9222820906	0.9215383873	0.9225441324	0.9221533394	0.9216318557	0.9218949291	0.9222659555	0.9217977054	0.9223516245	0.9222648000	0.9220969695	0.9226203102	0.9220247945	0.9215721432	0.9221234625	0.9219831154	0.9212794405	0.9219690849	0.9219232379	0.9219819600	0.9222316218	0.9220469133	0.9218324517	0.9214440522	0.9223094503	0.9221510697	0.9217006055	0.9216298336	0.9219082582	0.9220368030	0.9220971758	0.9217184326	0.9226908757	0.9219623584	0.9217959722	0.9217859445	0.9210899864	0.9223061902	0.9219264154	0.9213883838	0.9219172955	0.9224306910	0.9222551849	0.9227482773	0.9222447858	0.9220655657	0.9220241343	0.9224970474	0.9220881797	0.9223125040	0.9222532454	0.9221076162	0.9224957681	0.9214538736	0.9224249962	0.9221677414	0.9227537658	0.9222414019	0.9226431718	0.9223452282	0.9211236185	0.9216919396	0.9222237812	0.9226186183	0.9229956695	0.9226455652	0.9220050279	0.9222376467	0.9226981799	0.9223533165	0.9226317822	0.9220347397	0.9219688373	0.9217987371	0.9216905778	0.9217549947	0.9222921596	0.9218403336	0.9219935558	0.9220132399	0.9224873085	0.9221805340	0.9223395335	0.9218500725	0.9224550382	0.9223142784	0.9224394807	0.9208343409	0.9224316401	0.9226413148
0.9227653204	0.9219009127	0.9216790232	0.9220124146	0.9218805684	0.9226030195	0.9222645524	0.9220950712	0.9221614276	0.9218232906	0.9221897364	0.9219720560	0.9220990741	0.9222691330	0.9223369750	0.9223829457	1.0000000000	0.9221192121	0.9222097506	0.9220062659	0.9219575303	0.9218728516	0.9217077034	0.9222755293	0.9216977994	0.9223285979	0.9225497859	0.9215182492	0.9218480092	0.9218847776	0.9218739245	0.9220330065	0.9224543366	0.9222172611	0.9222908804	0.9221960089	0.9217893283	0.9221887047	0.9217857382	0.9216820769	0.9221786770	0.9218334009	0.9218999636	0.9220113829	0.9219805982	0.9220011076	0.9215447836	0.9222664919	0.9221551551	0.9215098309	0.9218764830	0.9221058005	0.9218849014	0.9220512463	0.9215536558	0.9222544834	0.9221433942	0.9219401984	0.9214740116	0.9211906352	0.9222519249	0.9224540065	0.9213177770	0.9217484746	0.9221791722	0.9219241045	0.9223362322	0.9225401295	0.9223611571	0.9223780763	0.9223283915	0.9219431283	0.9226781657	0.9224709257	0.9222509345	0.9224645295	0.9214905595	0.9223240998	0.9224606091	0.9224513242	0.9221166536	0.9221062544	0.9225068688	0.9208924028	0.9222281967	0.9218970750	0.9225343110	0.9223865359	0.9222247716	0.9221548663	0.9223127103	0.9225184647	0.9225303081	0.9221334077	0.9224495910	0.9216810865	0.9218036478	0.9218233319	0.9218727278	0.9221929139	0.9217221053	0.9223404826	0.9223151863	0.9225433070	0.9225968709	0.9220923064	0.9216876892	0.9222789544	0.9221002295	0.9217784340	0.9208292652	0.9228928749	0.9225353014
0.9227106836	0.9217222291	0.9215073549	0.9213298681	0.9219049156	0.9220090307	0.9222866712	0.9218916278	0.9218694265	0.9218617509	0.9219131689	0.9217490523	0.9220058120	0.9221386486	0.9223305374	0.9220644515	0.9221192121	1.0000000000	0.9231478188	0.9219897593	0.9223353656	0.9218544467	0.9219433346	0.9218818476	0.9216850894	0.9220181919	0.9222889821	0.9215860912	0.9216038771	0.9222460238	0.9214701739	0.9222111949	0.9222068207	0.9219250949	0.9223347878	0.9219476676	0.9214181782	0.9220886749	0.9221852796	0.9214523055	0.9221647289	0.9217599467	0.9220892939	0.9222116901	0.9218036478	0.9212316540	0.9214543276	0.9220735302	0.9222205211	0.9213672967	0.9219615744	0.9214527182	0.9218692201	0.9216134921	0.9216468354	0.9221796261	0.9220311495	0.9218037716	0.9217002341	0.9209169563	0.9222990511	0.9220293751	0.9214193749	0.9216594217	0.9226339281	0.9221021278	0.9226242718	0.9219219586	0.9220042026	0.9222097093	0.9224764554	0.9218374037	0.9221933678	0.9221289922	0.9220591282	0.9222684314	0.9214556481	0.9225623721	0.9220262388	0.9228638233	0.9222132995	0.9221775628	0.9221041086	0.9208986753	0.9219452741	0.9222095443	0.9221828036	0.9222354183	0.9226780419	0.9218329882	0.9222042622	0.9223978842	0.9224958919	0.9220626771	0.9223718451	0.9219950414	0.9215788283	0.9217243750	0.9215822947	0.9219427569	0.9215479611	0.9219272407	0.9223085837	0.9224545842	0.9221991451	0.9218885328	0.9218804859	0.9224413790	0.9221777279	0.9221095557	0.9210502055	0.9223814189	0.9222910867
0.9226855111	0.9222769323	0.9218227954	0.9216011535	0.9223888881	0.9222636445	0.9221774803	0.9217935788	0.9220439009	0.9221625831	0.9219040077	0.9219283136	0.9218444603	0.9223044570	0.9223698230	0.9219541051	0.9222097506	0.9231478188	1.0000000000	0.9223255029	0.9222262572	0.9217592039	0.9221943995	0.9222010846	0.9218288616	0.9223030952	0.9223437014	0.9215616615	0.9218113646	0.9221259385	0.9214818110	0.9224911463	0.9222138360	0.9222199021	0.9226578213	0.9224004427	0.9219325228	0.9221514824	0.9221223896	0.9216369315	0.9223529038	0.9221705475	0.9221019214	0.9220514114	0.9215266676	0.9219085058	0.9214160323	0.9220634611	0.9222258032	0.9214540387	0.9219994569	0.9220358126	0.9219794840	0.9217616386	0.9217239211	0.9223897547	0.9216443182	0.9221060894	0.9215270803	0.9212757265	0.9223082948	0.9222357897	0.9213224814	0.9219336783	0.9227479059	0.9221595706	0.9222836587	0.9224396871	0.9222329011	0.9223676772	0.9225119446	0.9218194941	0.9224756301	0.9220516590	0.9223055712	0.9225222199	0.9214940259	0.9227271077	0.9223103994	0.9229385155	0.9223584748	0.9222920358	0.9225093448	0.9211523812	0.9218301408	0.9219893467	0.9226620718	0.9228723242	0.9223773748	0.9225056308	0.9222648413	0.9227443570	0.9225681907	0.9228179350	0.9220994042	0.9219550130	0.9219633488	0.9217946104	0.9218421081	0.9220031709	0.9217424084	0.9221178090	0.9223944178	0.9221695158	0.9221350996	0.9220415487	0.9218845300	0.9227236413	0.9225240356	0.9219944224	0.9209587592	0.9224264818	0.9220954014
0.9228464089	0.9221548250	0.9218263856	0.9216721730	0.9218036891	0.9221785119	0.9223104819	0.9215385111	0.9220575600	0.9220074626	0.9222263397	0.9222255556	0.9221488001	0.9219612442	0.9223035079	0.9219774207	0.9220062659	0.9219897593	0.9223255029	1.0000000000	0.9227417160	0.9217453796	0.9220722922	0.9216507144	0.9219944637	0.9227335452	0.9295751870	0.9215764762	0.9219791951	0.9219808045	0.9215430916	0.9254524656	0.9246492561	0.9227531055	0.9229532476	0.9245936290	0.9220463768	0.9220962267	0.9222977306	0.9214947687	0.9218567577	0.9220221122	0.9219929368	0.9223986683	0.9215587316	0.9220316035	0.9216570695	0.9222232034	0.9223008668	0.9215071486	0.9219451916	0.9217432750	0.9218973226	0.9220746443	0.9217781039	0.9221388136	0.9216129969	0.9215457327	0.9219471311	0.9212798944	0.9219146544	0.9219161813	0.9211015822	0.9216020201	0.9229956282	0.9221941106	0.9226412322	0.9221540822	0.9222254318	0.9221250719	0.9224053534	0.9215513036	0.9224172381	0.9220719208	0.9219257138	0.9224003602	0.9219597174	0.9223764669	0.9225134714	0.9227036683	0.9219252187	0.9226443272	0.9224228091	0.9211381443	0.9219921940	0.9219506800	0.9219455630	0.9229458197	0.9224039916	0.9219657423	0.9218700455	0.9225851099	0.9230740757	0.9225086433	0.9227918134	0.9217119951	0.9217435226	0.9214396780	0.9217432750	0.9219026047	0.9215972744	0.9223311151	0.9222764371	0.9222430939	0.9224621360	0.9220952363	0.9217751327	0.9227970542	0.9224667166	0.9219452741	0.9206285866	0.9229180886	0.9223800984
0.9237405283	0.9232324149	0.9214845759	0.9214684407	0.9217211150	0.9221295287	0.9220487290	0.9218285727	0.9219403222	0.9219525370	0.9218213098	0.9220754697	0.9220228963	0.9219699514	0.9221284145	0.9222454460	0.9219575303	0.9223353656	0.9222262572	0.9227417160	1.0000000000	0.9218515581	0.9220427867	0.9216797247	0.9218338961	0.9228452534	0.9225828815	0.9218608430	0.9219411062	0.9217457923	0.9212359457	0.9221953486	0.9226728011	0.9225078592	0.9229004679	0.9220727048	0.9218524660	0.9219546416	0.9215449074	0.9216372616	0.9222367801	0.9222946769	0.9221270940	0.9223543069	0.9220794725	0.9217725742	0.9211811439	0.9221313857	0.9225929093	0.9215556366	0.9217239623	0.9220247532	0.9219499372	0.9215399554	0.9214556068	0.9221959676	0.9218036065	0.9215949635	0.9218365784	0.9212734981	0.9224429884	0.9219045854	0.9212378027	0.9216869051	0.9224034964	0.9218030288	0.9221814006	0.9222077698	0.9219654947	0.9220209567	0.9222248128	0.9216836450	0.9224289165	0.9222194482	0.9218585734	0.9240900136	0.9216857496	0.9229212249	0.9224046519	0.9226702838	0.9222565467	0.9226798576	0.9221351409	0.9208002961	0.9216526127	0.9217958897	0.9223557924	0.9228353495	0.9222319519	0.9219456455	0.9220703114	0.9235906487	0.9253308122	0.9223686263	0.9224122862	0.9217804561	0.9216685415	0.9216082513	0.9215945921	0.9219719735	0.9214880422	0.9219584381	0.9218728103	0.9224038266	0.9222918295	0.9219110643	0.9219294278	0.9224254502	0.9224603203	0.9219414364	0.9212329332	0.9224679133	0.9222546897
0.9220153445	0.9217136457	0.9216073022	0.9219649582	0.9218552308	0.9219634726	0.9218343087	0.9217067542	0.9217983657	0.9216928062	0.9218688487	0.9215811805	0.9217460811	0.9215788283	0.9219881087	0.9220013965	0.9218728516	0.9218544467	0.9217592039	0.9217453796	0.9218515581	1.0000000000	0.9222303013	0.9221962977	0.9215827487	0.9219439123	0.9218005528	0.9213488919	0.9214718245	0.9215151130	0.9214246983	0.9218129740	0.9220604900	0.9220847959	0.9218711184	0.9221028293	0.9215400792	0.9223830695	0.9217348154	0.9216869464	0.9218233731	0.9219598412	0.9213691949	0.9221541647	0.9218142120	0.9216459688	0.9211310465	0.9216244690	0.9222642635	0.9215972332	0.9215541923	0.9219961144	0.9215943033	0.9220774917	0.9214817697	0.9217715838	0.9222398751	0.9215564207	0.9215969856	0.9209795987	0.9222014973	0.9215628170	0.9211641009	0.9214979874	0.9222300949	0.9216982121	0.9224105117	0.9219099913	0.9223227793	0.9221300651	0.9221110826	0.9215315370	0.9218919579	0.9221596944	0.9214712468	0.9225246134	0.9215142464	0.9221454163	0.9221556503	0.9221722807	0.9219373922	0.9221348933	0.9219520006	0.9207351777	0.9219123435	0.9220590869	0.9221143839	0.9223024350	0.9221196247	0.9217652288	0.9219541877	0.9221459940	0.9221092256	0.9220416312	0.9221731060	0.9218101679	0.9218986431	0.9214896516	0.9215481261	0.9217752978	0.9213462508	0.9221115365	0.9220294576	0.9219674755	0.9218284076	0.9216598343	0.9214528007	0.9220808756	0.9219313673	0.9218254777	0.9204942644	0.9225103352	0.9223177448
0.9223698230	0.9221842479	0.9213035813	0.9216650339	0.9223376352	0.9218734293	0.9218448729	0.9214465282	0.9217433163	0.9219071440	0.9220855799	0.9212817514	0.9217443479	0.9221141363	0.9223255029	0.9216853782	0.9217077034	0.9219433346	0.9221943995	0.9220722922	0.9220427867	0.9222303013	1.0000000000	0.9220135700	0.9216775789	0.9220190997	0.9217251178	0.9216229834	0.9217395610	0.9222596417	0.9214751258	0.9218454094	0.9221848669	0.9219175844	0.9223835647	0.9219706117	0.9216146063	0.9218730992	0.9222031892	0.9212160965	0.9221396390	0.9221672462	0.9216843053	0.9222007132	0.9216787756	0.9219533211	0.9213988655	0.9219799379	0.9222941404	0.9215898052	0.9215161447	0.9216638372	0.9216008233	0.9217714600	0.9215730510	0.9221216055	0.9217789292	0.9217140584	0.9213749722	0.9209688694	0.9221222658	0.9220008187	0.9215116466	0.9213716297	0.9225064149	0.9221211929	0.9222127630	0.9221174789	0.9218969099	0.9218341849	0.9221209040	0.9215785807	0.9222352120	0.9218919579	0.9216392011	0.9222834524	0.9216114701	0.9219365256	0.9220665974	0.9221768200	0.9222910454	0.9217622576	0.9217256955	0.9209722120	0.9217939914	0.9224029187	0.9221834639	0.9222957498	0.9222240288	0.9219794840	0.9218829618	0.9222511408	0.9221224309	0.9222909629	0.9221692270	0.9218584496	0.9221035721	0.9217162042	0.9216889271	0.9217634956	0.9213362643	0.9215833264	0.9224066327	0.9221624180	0.9221326237	0.9216972217	0.9217651875	0.9222791194	0.9222446620	0.9219406936	0.9205994937	0.9224056835	0.9221171075
0.9222036844	0.9216695732	0.9217009769	0.9216389535	0.9217035355	0.9218208559	0.9220096085	0.9218983955	0.9218221351	0.9220968869	0.9220306956	0.9218323279	0.9219640503	0.9219748209	0.9225112018	0.9222820906	0.9222755293	0.9218818476	0.9222010846	0.9216507144	0.9216797247	0.9221962977	0.9220135700	1.0000000000	0.9220299115	0.9216824483	0.9218657537	0.9220891289	0.9221471082	0.9218115709	0.9216861623	0.9221479748	0.9223773335	0.9216176600	0.9223638394	0.9218703343	0.9217063828	0.9218782162	0.9217985308	0.9214201177	0.9221804102	0.9218327406	0.9215337654	0.9217599879	0.9215067772	0.9215520464	0.9214662948	0.9219747384	0.9221376582	0.9213545041	0.9218647633	0.9219874484	0.9214842870	0.9217764120	0.9216147301	0.9220374220	0.9214948512	0.9217944454	0.9218384766	0.9210958049	0.9219171717	0.9218729754	0.9212241022	0.9214411223	0.9221114127	0.9219547241	0.9222135884	0.9219881499	0.9219248885	0.9223009906	0.9223444029	0.9217703871	0.9217802910	0.9222891059	0.9219331005	0.9223812538	0.9216561203	0.9219348750	0.9220433231	0.9221434767	0.9222396275	0.9219830329	0.9218432223	0.9212415992	0.9217545408	0.9217311840	0.9223201383	0.9221049339	0.9222326122	0.9219427569	0.9224003602	0.9225215184	0.9222804812	0.9220181094	0.9218659188	0.9218444190	0.9218962496	0.9217884205	0.9216238913	0.9217505379	0.9216678813	0.9218160690	0.9221814006	0.9222831635	0.9221322110	0.9219156036	0.9220123733	0.9217327521	0.9218970337	0.9218868821	0.9204894775	0.9219817124	0.9224575554
0.9219084645	0.9212276924	0.9215686768	0.9218370323	0.9214509850	0.9218431397	0.9217493824	0.9210577160	0.9216871940	0.9216191044	0.9213668015	0.9217077034	0.9215453613	0.9217485984	0.9221062132	0.9215383873	0.9216977994	0.9216850894	0.9218288616	0.9219944637	0.9218338961	0.9215827487	0.9216775789	0.9220299115	1.0000000000	0.9219538163	0.9215507259	0.9219650820	0.9228744700	0.9217359709	0.9212404025	0.9218463998	0.9219236505	0.9220046565	0.9220734889	0.9217353931	0.9218251476	0.9218093013	0.9218036478	0.9214859789	0.9216083751	0.9219077630	0.9211742524	0.9218338548	0.9215960777	0.9214330341	0.9212356981	0.9215955000	0.9220078340	0.9210379907	0.9211722303	0.9212918617	0.9216302876	0.9214724435	0.9214669138	0.9216271513	0.9218606367	0.9214998032	0.9214442173	0.9207177220	0.9219401984	0.9212565376	0.9206986982	0.9214787573	0.9221359250	0.9216732872	0.9218416954	0.9217733995	0.9219872833	0.9218260142	0.9220454690	0.9212404437	0.9220535572	0.9219144894	0.9215879482	0.9217680349	0.9210084027	0.9220680005	0.9219248885	0.9217686951	0.9220342033	0.9221219357	0.9217085287	0.9209386212	0.9219580667	0.9217410879	0.9215899703	0.9219503499	0.9219118071	0.9217766183	0.9216503843	0.9221573835	0.9220589631	0.9216708937	0.9218486694	0.9219243933	0.9217610608	0.9214504485	0.9215805615	0.9213850000	0.9214693898	0.9219639678	0.9219336370	0.9220280546	0.9217058464	0.9215626106	0.9214494994	0.9220216995	0.9218404162	0.9216000806	0.9204683491	0.9223649123	0.9222208513
0.9225943949	0.9224699766	0.9218714072	0.9217289968	0.9218460697	0.9221849907	0.9220429517	0.9216407280	0.9226278207	0.9220887162	0.9220644515	0.9220381648	0.9221150854	0.9223628077	0.9223847615	0.9225441324	0.9223285979	0.9220181919	0.9223030952	0.9227335452	0.9228452534	0.9219439123	0.9220190997	0.9216824483	0.9219538163	1.0000000000	0.9223817490	0.9215841930	0.9217140584	0.9219872833	0.9215224172	0.9222480871	0.9221928726	0.9226834891	0.9231359341	0.9222553500	0.9224848325	0.9221124444	0.9218604304	0.9216728332	0.9225016280	0.9223401525	0.9226349185	0.9216418834	0.9219536099	0.9220807518	0.9212081321	0.9219987554	0.9225325778	0.9214580828	0.9216350745	0.9215083453	0.9221836702	0.9214904357	0.9218776797	0.9223428761	0.9222174261	0.9217491348	0.9217944866	0.9209771227	0.9222940991	0.9222121853	0.9211563428	0.9216573583	0.9230508840	0.9222468904	0.9226386325	0.9220802566	0.9218608430	0.9221502032	0.9226207228	0.9219357829	0.9227880169	0.9219938860	0.9218532088	0.9225922903	0.9218226716	0.9224281737	0.9223209636	0.9227689931	0.9223859582	0.9227221970	0.9221827624	0.9216172061	0.9223074282	0.9220448913	0.9221947709	0.9229000552	0.9225728125	0.9222079349	0.9224315576	0.9227589653	0.9228039870	0.9225973248	0.9222355834	0.9216383345	0.9221050577	0.9213553707	0.9219015317	0.9217179374	0.9214664186	0.9217442654	0.9221735599	0.9223765907	0.9226057019	0.9220105163	0.9218975702	0.9224682022	0.9222156104	0.9225186710	0.9206939938	0.9228709211	0.9224501275
0.9229805660	0.9219458106	0.9217064241	0.9219485342	0.9220371332	0.9219983015	0.9222695869	0.9218757815	0.9219326466	0.9220276419	0.9224685323	0.9219785761	0.9220037486	0.9222843190	0.9222995051	0.9221533394	0.9225497859	0.9222889821	0.9223437014	0.9295751870	0.9225828815	0.9218005528	0.9217251178	0.9218657537	0.9215507259	0.9223817490	1.0000000000	0.9216357760	0.9217536742	0.9218029875	0.9213038702	0.9236990143	0.9228591602	0.9226198562	0.9224141019	0.9254031523	0.9216850894	0.9224752587	0.9228056789	0.9218076094	0.9223183225	0.9215799425	0.9218865933	0.9221015088	0.9216844704	0.9220217408	0.9218204432	0.9227511247	0.9222037670	0.9212261655	0.9217373327	0.9219726750	0.9221148378	0.9221344394	0.9216588027	0.9220937920	0.9218168943	0.9217598641	0.9218197417	0.9214152895	0.9222549786	0.9221449211	0.9211695480	0.9217441829	0.9225591533	0.9221688143	0.9225314223	0.9220791011	0.9225409961	0.9220243406	0.9224650659	0.9217799609	0.9222123504	0.9222997526	0.9220354412	0.9224194665	0.9215148241	0.9220464594	0.9228303562	0.9223682962	0.9221132697	0.9226854698	0.9221381946	0.9210174400	0.9223698230	0.9219720148	0.9222298473	0.9226824161	0.9226687157	0.9219291390	0.9222337264	0.9225742569	0.9233681814	0.9223872787	0.9225183409	0.9217889569	0.9217738534	0.9215182905	0.9218698391	0.9217669619	0.9217544582	0.9221055942	0.9222764784	0.9224980790	0.9223399461	0.9223018572	0.9215768476	0.9224660563	0.9222884869	0.9222881568	0.9209467094	0.9230092462	0.9223701532
