0.4766951830	-0.0031673487	-0.0058519094	-0.0047722762	-0.0051866623	-0.0048233000	-0.0040647331	-0.0049490636	-0.0041108912	-0.0053430688	-0.0043075786	-0.0050382936	-0.0046571726	-0.0042047744	-0.0043464274	-0.0036082683	-0.0042661759	-0.0031628203	-0.0029166832	-0.0032888968	0.0008359269	-0.0058549575	-0.0045295955	-0.0051274731	-0.0050558972	-0.0039660617	-0.0026675845	-0.0057511826	-0.0043295953	-0.0048884241	-0.0047166278	-0.0022481716	-0.0033966256	-0.0031744305	-0.0025751460	-0.0024919730	-0.0050496592	-0.0025763319	-0.0044630340	-0.0042578995	-0.0039431997	-0.0042203108	-0.0031502244	-0.0051972541	-0.0055288545	-0.0051097654	-0.0058528644	-0.0047319438	-0.0041134838	-0.0051096612	-0.0059039648	-0.0033688213	-0.0051906969	-0.0041844584	-0.0052788556	-0.0042243509	-0.0052549555	-0.0055393610	-0.0044185290	-0.0053973356	-0.0039700911	-0.0040892145	-0.0059877287	-0.0044242354	-0.0034255361	-0.0036950813	-0.0048555442	-0.0049726419	-0.0041073416	-0.0041956704	-0.0046741094	-0.0043373934	-0.0039352345	-0.0042719437	-0.0052669850	-0.0044656345	-0.0056311549	-0.0026149998	-0.0030933714	-0.0049245912	-0.0049393801	-0.0038664553	-0.0043518865	-0.0049024026	-0.0046056919	-0.0042477970	-0.0044071846	-0.0038991568	-0.0035886787	-0.0048829760	-0.0058864500	-0.0009729306	-0.0024809443	-0.0038725514	-0.0045303416	-0.0039810554	-0.0038261515	-0.0042895355	-0.0038353421	-0.0049396543	-0.0049000357	-0.0047161316	-0.0059739815	-0.0030883293	-0.0035798078	-0.0048331434	-0.0043213401	-0.0032087364	-0.0044512119	-0.0027170024	-0.0049162318	-0.0022983451	-0.0043758378
-0.0031673487	0.4995256921	-0.0051432225	-0.0052901927	-0.0053162925	-0.0046126301	-0.0048054290	-0.0054555644	-0.0044751552	-0.0043692591	-0.0058004170	-0.0045658410	-0.0045325707	-0.0022009718	-0.0042614952	-0.0043232322	-0.0049930855	-0.0058060676	-0.0038074752	-0.0046051420	0.0021139534	-0.0055007081	-0.0037412646	-0.0056414696	-0.0060751308	-0.0032270755	-0.0050812406	-0.0058901984	-0.0046314833	-0.0047268988	-0.0050863758	-0.0041308676	-0.0049848898	-0.0026506528	-0.0042619869	-0.0022175288	-0.0025020773	-0.0053903579	-0.0051758723	-0.0039107860	-0.0055926949	-0.0050414362	-0.0038708965	-0.0052487265	-0.0053784775	-0.0053299899	-0.0062401939	-0.0040315941	-0.0024874417	-0.0052331336	-0.0044327030	-0.0035733597	-0.0049542515	-0.0054012644	-0.0046881369	-0.0050510598	-0.0048127984	-0.0055149102	-0.0052759951	-0.0055501682	-0.0054688935	-0.0043911375	-0.0049353579	-0.0051603581	-0.0020994823	-0.0043765345	-0.0044907250	-0.0043883253	-0.0051225832	-0.0054543688	-0.0053879204	-0.0043972653	-0.0040311628	-0.0031160759	-0.0045680912	0.0027779053	-0.0057217064	-0.0013499911	-0.0042267567	-0.0039940013	-0.0035875035	-0.0043636937	-0.0045971239	-0.0051636626	-0.0049858552	-0.0050295626	-0.0051609783	-0.0032384807	-0.0037568686	-0.0036649346	-0.0065791432	-0.0037280117	-0.0030040594	-0.0048112821	-0.0044736580	-0.0048929137	-0.0042952000	-0.0047964260	-0.0045982117	-0.0049703979	-0.0059712917	-0.0054425579	-0.0046151106	-0.0045306404	-0.0044899348	-0.0045602357	-0.0057910005	-0.0042830027	-0.0041684019	-0.0040374243	-0.0055890967	-0.0044371252	-0.0040555345
-0.0058519094	-0.0051432225	0.5187852525	0.0008188972	-0.0051410364	-0.0043806649	-0.0039468222	-0.0049600138	-0.0056830950	-0.0059523416	-0.0045645670	-0.0047943996	-0.0043751841	-0.0055948394	-0.0035550734	-0.0043485058	-0.0048828622	-0.0049842575	-0.0044569537	-0.0058295725	-0.0057529889	-0.0051336685	-0.0045663085	-0.0045894897	-0.0047534559	-0.0049234238	-0.0050556825	-0.0036404945	-0.0049939477	-0.0057324088	-0.0059819821	-0.0050338423	-0.0055953440	-0.0056122569	-0.0056790282	-0.0061085447	-0.0054510720	-0.0043253223	-0.0046881034	-0.0047555718	-0.0050730308	-0.0048660175	-0.0053776337	-0.0042577954	-0.0029319430	-0.0054072890	-0.0042851561	-0.0055792188	-0.0046512674	-0.0049282941	-0.0043165270	-0.0048806419	-0.0050299462	-0.0049726803	-0.0038971155	-0.0042010094	-0.0047853157	-0.0046102702	0.0089756518	0.0055560426	-0.0057602102	-0.0051215868	-0.0057721385	-0.0056957347	-0.0056035075	-0.0050441957	-0.0040510068	-0.0056659173	0.0019625763	-0.0050026208	-0.0044112327	-0.0054124067	-0.0058472593	-0.0045628600	-0.0057638053	-0.0061309417	-0.0045445907	-0.0050369841	-0.0052154946	-0.0046762967	-0.0054353102	-0.0062610867	-0.0054015819	-0.0035776077	-0.0053297246	-0.0058952839	-0.0051523005	-0.0041025838	-0.0055118882	-0.0050837526	-0.0049147081	-0.0056441824	-0.0059286380	-0.0032602074	-0.0046700881	-0.0043152735	-0.0046283364	-0.0034480893	-0.0029310779	-0.0044562507	-0.0048708817	-0.0052366841	-0.0059461355	-0.0049825952	-0.0044009017	-0.0045366132	-0.0047556758	-0.0052879732	-0.0054706660	-0.0047446819	-0.0048794385	-0.0051793799	-0.0056706221
-0.0047722762	-0.0052901927	0.0008188972	0.5157279180	-0.0043640981	-0.0041886532	-0.0039245124	-0.0055944707	-0.0038378361	-0.0045184946	-0.0043317605	-0.0032063554	-0.0042656661	-0.0060309317	-0.0044844476	-0.0041573153	-0.0046936650	-0.0061645703	-0.0054506220	-0.0063189964	-0.0056705222	-0.0039468198	-0.0055367441	-0.0042409107	-0.0028515705	-0.0047263112	-0.0050651178	-0.0044355349	-0.0037092186	-0.0054351625	-0.0042405635	-0.0057188275	-0.0051569114	-0.0054359076	-0.0060139521	-0.0046815157	-0.0053276941	-0.0041064070	-0.0050342059	-0.0046323076	-0.0041095027	-0.0047562470	-0.0048637919	-0.0038031921	-0.0048954455	-0.0057594424	-0.0040390313	-0.0052657816	-0.0059445060	-0.0055453101	-0.0051829412	-0.0048726089	-0.0055571887	-0.0038970094	-0.0053489480	-0.0038766415	-0.0049751826	-0.0045430042	-0.0030475412	-0.0014787351	-0.0059228626	-0.0053328743	-0.0061077156	-0.0038929787	-0.0042688183	-0.0060151149	-0.0045754914	-0.0037249185	-0.0044714247	-0.0028450671	-0.0050100218	-0.0048832438	-0.0048900383	-0.0043940995	-0.0051220497	-0.0048398477	-0.0035934289	-0.0045890497	-0.0062279239	-0.0050317840	-0.0047947829	-0.0050512153	-0.0047059023	-0.0048176278	-0.0044918075	-0.0054937359	-0.0032448490	-0.0055447869	-0.0046858038	-0.0047529508	-0.0048295792	-0.0056321035	-0.0052436010	-0.0062045057	-0.0043635410	-0.0033503483	-0.0028060637	-0.0043364931	-0.0046214664	-0.0042797991	-0.0049336273	-0.0038578932	-0.0055535304	-0.0044027478	-0.0037659142	-0.0035916928	-0.0025074917	-0.0036486757	-0.0037715105	-0.0045920206	-0.0047900322	-0.0048262714	-0.0039925706
-0.0051866623	-0.0053162925	-0.0051410364	-0.0043640981	0.5145647365	-0.0042085279	-0.0048449770	-0.0036710281	-0.0060159932	0.0008148214	0.0084606931	-0.0052335451	-0.0044223938	-0.0043805323	-0.0043087442	-0.0046776096	-0.0047289500	-0.0054484471	-0.0034761706	-0.0058863221	-0.0056456815	-0.0042971332	-0.0037782589	-0.0054486840	-0.0058210158	-0.0055031084	-0.0053160746	-0.0038710846	-0.0052626032	-0.0041068594	-0.0048521802	-0.0055294838	-0.0042570793	-0.0054616538	-0.0046656641	-0.0060090003	-0.0033359027	-0.0046890775	-0.0043729533	-0.0040173327	-0.0041258539	-0.0047770061	-0.0061534276	-0.0049360041	-0.0048048651	-0.0049162209	-0.0057084534	-0.0052612082	-0.0050186421	-0.0049809055	-0.0044399073	-0.0050492614	-0.0047079296	-0.0045420922	-0.0051682309	-0.0036616749	-0.0034167096	-0.0045858153	-0.0057542548	-0.0056289831	-0.0048838846	-0.0043274847	-0.0048617097	-0.0047363788	-0.0045243837	-0.0046861386	-0.0044548894	-0.0036037625	-0.0038646337	-0.0041824645	-0.0048080918	-0.0038326581	-0.0049361830	-0.0048520680	-0.0046384831	-0.0047320984	-0.0052509457	-0.0043217559	-0.0048087916	-0.0048116579	-0.0043496704	-0.0044085845	-0.0043969436	-0.0046827768	-0.0061083325	-0.0045418428	-0.0050268470	-0.0051292184	-0.0045973381	-0.0037617105	-0.0041769615	-0.0054507448	-0.0046479291	-0.0046639247	-0.0057253993	-0.0059024820	-0.0048288068	-0.0043207435	-0.0058200604	-0.0035012263	-0.0056347288	-0.0043508424	-0.0043792824	-0.0052984030	-0.0044004570	-0.0045228536	-0.0050789225	-0.0038191850	-0.0046059368	-0.0050006623	-0.0055464964	-0.0047949630	-0.0040579040
-0.0048233000	-0.0046126301	-0.0043806649	-0.0041886532	-0.0042085279	0.5192938154	-0.0052350293	-0.0056209589	-0.0047373757	-0.0050906234	-0.0057412514	-0.0057258229	-0.0048931361	-0.0054198915	-0.0052059312	-0.0039284116	-0.0035801345	-0.0052189221	-0.0043538858	-0.0053073142	-0.0043907713	-0.0053336175	-0.0047221148	-0.0050733245	-0.0048189542	-0.0048149068	-0.0059181878	-0.0057967842	-0.0047602475	-0.0042679236	-0.0039302306	-0.0049876688	-0.0047776760	-0.0035515746	-0.0044348151	-0.0043779418	-0.0054059407	-0.0044565375	-0.0054787321	-0.0046633379	-0.0046039642	-0.0044685507	-0.0040845246	-0.0040419923	-0.0044431239	-0.0062172921	-0.0045099477	-0.0051904982	-0.0045746857	-0.0047784760	-0.0054729060	-0.0036574480	-0.0052571626	-0.0047403686	-0.0045879885	-0.0046350304	-0.0052703159	-0.0056360090	-0.0044861979	-0.0052851054	-0.0041694515	-0.0017720485	-0.0039537013	-0.0054101346	-0.0043169321	-0.0044690836	-0.0046740111	-0.0038579329	-0.0040405823	-0.0055070420	-0.0033110026	-0.0046911887	-0.0043977850	-0.0045577311	-0.0039094967	-0.0048133856	-0.0044416522	-0.0042725944	-0.0044080462	-0.0038861596	-0.0036521823	-0.0058002092	-0.0043015724	-0.0047898776	-0.0042521186	-0.0048556115	-0.0051895270	-0.0038721270	-0.0051784826	-0.0047336332	-0.0030785279	-0.0048530423	-0.0045743160	-0.0046943172	-0.0043296060	-0.0041433855	-0.0056818870	-0.0044069804	-0.0048724154	-0.0043769619	-0.0049239150	-0.0040516070	-0.0037335104	-0.0050927455	-0.0040808446	-0.0043742045	-0.0048702529	-0.0047334318	-0.0048522848	-0.0044081511	-0.0052117530	-0.0040024731	-0.0042865595
-0.0040647331	-0.0048054290	-0.0039468222	-0.0039245124	-0.0048449770	-0.0052350293	0.5016628323	-0.0052098307	-0.0046503033	-0.0042987177	-0.0044466526	-0.0052705635	-0.0036791075	-0.0047600537	-0.0038021621	-0.0053790220	-0.0037812311	-0.0040508400	-0.0045204915	-0.0050947492	-0.0052800627	-0.0043880577	-0.0046385184	-0.0041654652	-0.0049626834	-0.0047587391	-0.0049506339	-0.0060842487	-0.0044659324	-0.0055759363	-0.0053695177	-0.0049585865	-0.0039209260	-0.0048104691	-0.0051603833	-0.0044035609	-0.0050493324	-0.0035918495	-0.0029748046	-0.0045572049	-0.0033107125	-0.0040492468	-0.0053697662	-0.0053567763	-0.0031514156	-0.0048646279	-0.0043815677	-0.0037993347	-0.0033059849	-0.0043453665	-0.0049822762	-0.0032864494	-0.0047423569	-0.0043729922	-0.0048146810	-0.0037301246	-0.0049157371	-0.0049777231	-0.0047511346	-0.0046898266	-0.0042443200	-0.0046516861	-0.0045829390	-0.0043554915	-0.0034924429	-0.0057768020	-0.0025659982	-0.0040944928	-0.0040996706	-0.0049664420	-0.0045571676	-0.0057427914	-0.0040073321	-0.0033318980	-0.0050443670	-0.0040153205	-0.0057920401	-0.0045653249	-0.0038638837	-0.0045088625	-0.0045862309	-0.0039916768	-0.0052129527	-0.0049384194	-0.0035273221	-0.0052473576	-0.0035729167	-0.0049056353	-0.0037432567	-0.0046198863	-0.0046637143	-0.0042411545	-0.0047179724	-0.0036047309	-0.0041026154	-0.0042006721	-0.0046339385	-0.0033656833	-0.0054201628	-0.0051009686	-0.0052622695	-0.0035793154	-0.0042548397	-0.0048474205	-0.0044681161	-0.0048627230	-0.0046453119	-0.0035772487	-0.0049855717	-0.0046148481	-0.0033976414	-0.0051723156	-0.0043084295
-0.0049490636	-0.0054555644	-0.0049600138	-0.0055944707	-0.0036710281	-0.0056209589	-0.0052098307	0.5302835872	-0.0025596624	-0.0051001318	-0.0048983028	-0.0038366066	-0.0053425197	-0.0051552952	-0.0054133860	-0.0048650514	-0.0042449674	-0.0049910404	-0.0049392324	-0.0064409277	-0.0045808140	-0.0046179055	-0.0056243322	-0.0041017163	-0.0057541107	-0.0056666674	-0.0052280962	-0.0056859089	-0.0041210479	-0.0038015458	-0.0040495432	-0.0055951043	-0.0054610993	-0.0049339616	-0.0047913446	-0.0037736624	-0.0042273172	-0.0045971230	-0.0050523146	-0.0048961927	-0.0043156107	-0.0041182334	-0.0061304622	-0.0046409747	-0.0045141323	-0.0044044911	-0.0048984856	-0.0046449838	-0.0039392184	-0.0036634177	-0.0046845696	-0.0044422656	-0.0037918438	-0.0040845693	-0.0048955291	-0.0045316229	-0.0043391019	-0.0033564820	-0.0058138155	-0.0062228398	-0.0040504821	-0.0049402478	-0.0042566363	-0.0048947104	-0.0057977964	-0.0051580812	-0.0041194513	-0.0043268783	-0.0058843149	-0.0053829321	-0.0050666555	-0.0047391878	-0.0038359340	-0.0044791778	-0.0042140120	-0.0051219607	-0.0038325099	-0.0055587000	-0.0040625314	-0.0044448945	-0.0044810172	-0.0047778615	-0.0042530500	-0.0047971232	-0.0054013233	-0.0031530358	-0.0047486338	-0.0051580945	-0.0056815997	-0.0037170543	-0.0039379053	-0.0053832010	-0.0045234349	-0.0064146567	-0.0034080541	-0.0042964221	-0.0047170899	-0.0049897721	-0.0058995306	-0.0039678716	-0.0038767820	-0.0046610572	-0.0043371744	-0.0040520417	-0.0042101062	-0.0053777631	-0.0063586552	-0.0043721375	-0.0050010985	-0.0050154470	-0.0052020533	-0.0043865511	-0.0043183832
-0.0041108912	-0.0044751552	-0.0056830950	-0.0038378361	-0.0060159932	-0.0047373757	-0.0046503033	-0.0025596624	0.5056231411	-0.0048948266	-0.0052689755	-0.0055278017	-0.0044385670	-0.0039596025	-0.0045519615	-0.0039617094	-0.0043634725	-0.0050199484	-0.0048812102	-0.0050569078	-0.0050307353	-0.0049397158	-0.0048050886	-0.0047425629	-0.0052198111	-0.0022652194	-0.0052909607	-0.0045795615	-0.0044291703	-0.0050768861	-0.0052978429	-0.0048223957	-0.0045356988	-0.0045177993	-0.0049018108	-0.0038841187	-0.0048600225	-0.0040274828	-0.0048409961	-0.0042377589	-0.0043086625	-0.0038893653	-0.0042479385	-0.0043271514	-0.0046462470	-0.0040062060	-0.0043474737	-0.0037788198	-0.0038867788	-0.0049669809	-0.0056105213	-0.0044475244	-0.0040155111	-0.0056920752	-0.0053928647	-0.0051393554	-0.0036972649	-0.0040616759	-0.0043784127	-0.0055119222	-0.0048633862	-0.0041028819	-0.0049447948	-0.0047702375	-0.0054040446	-0.0039262014	-0.0053320265	-0.0019525035	-0.0045411881	-0.0036579308	-0.0042117553	-0.0042125849	-0.0046159531	-0.0040606254	-0.0045572901	-0.0042993800	-0.0049723949	-0.0043101811	-0.0044301820	-0.0037675536	-0.0031935621	-0.0048373884	-0.0048518435	-0.0056554249	-0.0050106476	-0.0040881596	-0.0046934966	-0.0031422991	-0.0045373456	-0.0042096840	-0.0043213999	-0.0046402864	-0.0055181825	-0.0048129902	-0.0039650225	-0.0051914835	-0.0048212780	-0.0066624249	-0.0054698897	-0.0038116357	-0.0033820451	-0.0040949313	-0.0041611559	-0.0044862541	-0.0030832062	-0.0047592866	-0.0047610194	-0.0050499751	-0.0033443633	-0.0037523028	-0.0052789271	-0.0038645386	-0.0045839102
-0.0053430688	-0.0043692591	-0.0059523416	-0.0045184946	0.0008148214	-0.0050906234	-0.0042987177	-0.0051001318	-0.0048948266	0.5184307280	0.0001520973	-0.0052556876	-0.0050135940	-0.0046124696	-0.0041166560	-0.0047266578	-0.0052557796	-0.0046518769	-0.0042213631	-0.0046346015	-0.0052285502	-0.0048174190	-0.0046026339	-0.0037511201	-0.0051925960	-0.0045083950	-0.0047344344	-0.0050209015	-0.0050459264	-0.0050972831	-0.0057157860	-0.0048014987	-0.0046995915	-0.0041047072	-0.0052617674	-0.0036263527	-0.0053419853	-0.0055099420	-0.0039933888	-0.0051673929	-0.0053408130	-0.0023371796	-0.0056928015	-0.0047065031	-0.0036187950	-0.0045688183	-0.0045816163	-0.0039759048	-0.0041301308	-0.0045681260	-0.0046628502	-0.0041938107	-0.0049824357	-0.0055120638	-0.0052212292	-0.0054353811	-0.0045357258	-0.0042994508	-0.0049317044	-0.0049163050	-0.0044557642	-0.0052573189	-0.0048833466	-0.0043942909	-0.0044630849	-0.0043072889	-0.0053588256	-0.0052164006	-0.0042240340	-0.0043932246	-0.0037488914	-0.0043239919	-0.0057783875	-0.0043246694	-0.0038638177	-0.0046493805	-0.0043438766	-0.0050736089	-0.0043982119	-0.0048041356	-0.0044409178	-0.0040901552	-0.0046969594	-0.0058638142	-0.0036469190	-0.0050211266	-0.0045628126	-0.0047901467	-0.0046768745	-0.0050973778	-0.0046506240	-0.0048461291	-0.0051822159	-0.0048545308	-0.0040350767	-0.0049349547	-0.0043648426	-0.0050251951	-0.0055083784	-0.0042203982	-0.0045773418	-0.0039669622	-0.0041764798	-0.0049562830	-0.0050427796	-0.0048572610	-0.0054055068	-0.0040627764	-0.0047744287	-0.0050117700	-0.0057250760	-0.0051694334	-0.0044100815
-0.0043075786	-0.0058004170	-0.0045645670	-0.0043317605	0.0084606931	-0.0057412514	-0.0044466526	-0.0048983028	-0.0052689755	0.0001520973	0.5158678907	-0.0042040173	-0.0051539735	-0.0041706123	-0.0044539628	-0.0046757374	-0.0043464692	-0.0047906927	-0.0056432319	-0.0051326673	-0.0058927989	-0.0046288832	-0.0033304024	-0.0046867293	-0.0057878181	-0.0043755603	-0.0031032182	-0.0054867745	-0.0053723409	-0.0048827443	-0.0048625604	-0.0043357135	-0.0051776086	-0.0059870372	-0.0048229395	-0.0060455871	-0.0048242966	-0.0041603728	-0.0047195175	-0.0055370086	-0.0041826962	-0.0029454187	-0.0050254929	-0.0058211344	-0.0047800362	-0.0054989710	-0.0039130367	-0.0037093545	-0.0056853671	-0.0043434751	-0.0046229102	-0.0045552546	-0.0062562948	-0.0030594810	-0.0045746200	-0.0049237521	-0.0050624769	-0.0051224115	-0.0040850496	-0.0051064215	-0.0049532041	-0.0044713298	-0.0043449072	-0.0052629030	-0.0049051082	-0.0045783809	-0.0038782323	-0.0057025957	-0.0044539630	-0.0033523977	-0.0042895517	-0.0036008390	-0.0048528550	-0.0039455476	-0.0044457676	-0.0055880179	-0.0046104509	-0.0044189676	-0.0040206035	-0.0045119561	-0.0047151851	-0.0049981331	-0.0053237390	-0.0045347413	-0.0043210386	-0.0046341105	-0.0052096706	-0.0056447502	-0.0052443197	-0.0037937979	-0.0042066502	-0.0052152936	-0.0048404493	-0.0036997096	-0.0052601491	-0.0049041450	-0.0060727140	-0.0051216705	-0.0053858017	-0.0044890956	-0.0044862396	-0.0047808516	-0.0040657358	-0.0055520633	-0.0047546265	-0.0053448705	-0.0056843269	-0.0052319499	-0.0052726292	-0.0047883347	-0.0055931743	-0.0044223327	-0.0034763660
-0.0050382936	-0.0045658410	-0.0047943996	-0.0032063554	-0.0052335451	-0.0057258229	-0.0052705635	-0.0038366066	-0.0055278017	-0.0052556876	-0.0042040173	0.5150721274	-0.0014311702	-0.0048649387	-0.0043160355	-0.0038944698	-0.0047427088	-0.0057423772	-0.0049052640	-0.0038537157	-0.0042382448	-0.0052394047	-0.0058881204	-0.0050168370	-0.0045409275	-0.0042556822	-0.0050958001	-0.0044719627	-0.0049279773	-0.0047853534	-0.0052222645	-0.0048561855	-0.0046397818	-0.0052370427	-0.0043240687	-0.0051071383	-0.0045348560	-0.0032141199	-0.0056265006	-0.0047460524	-0.0046040570	-0.0035911185	-0.0053421802	-0.0041643130	-0.0045466758	-0.0043961817	-0.0046233266	-0.0051316710	-0.0038980935	-0.0050177566	-0.0045343061	0.0008296090	-0.0046537491	-0.0059865055	-0.0055480881	-0.0050473920	-0.0052570121	-0.0051016845	-0.0035909508	-0.0049939362	-0.0049574716	-0.0043092076	-0.0048036918	-0.0049140409	-0.0042735834	-0.0044963871	-0.0045546888	-0.0037296935	-0.0043485111	-0.0042213755	-0.0047164337	-0.0026979067	-0.0050115703	-0.0046357099	-0.0040055502	-0.0049242892	-0.0041980489	-0.0054190168	-0.0049364341	-0.0040463738	-0.0049858223	-0.0056213260	-0.0044597247	-0.0053879015	-0.0053949904	-0.0052429897	-0.0043484023	-0.0040506354	-0.0042003364	-0.0044353024	-0.0044808361	-0.0049377284	-0.0045857419	-0.0051859958	-0.0034937918	-0.0032896592	-0.0049622316	-0.0052639430	-0.0044628477	-0.0051387042	-0.0054916045	-0.0051216809	-0.0044278515	-0.0036957250	-0.0040820772	-0.0054032225	-0.0036866466	-0.0048523703	-0.0057639169	-0.0033030067	-0.0047862305	-0.0054458632	-0.0043057124
-0.0046571726	-0.0045325707	-0.0043751841	-0.0042656661	-0.0044223938	-0.0048931361	-0.0036791075	-0.0053425197	-0.0044385670	-0.0050135940	-0.0051539735	-0.0014311702	0.5043589775	-0.0039985052	-0.0035558897	-0.0038806749	-0.0037657827	-0.0036674928	-0.0043775283	-0.0043704639	-0.0040456403	-0.0048895663	-0.0048174587	-0.0034972201	-0.0047862346	-0.0044929302	-0.0046957546	-0.0042222334	-0.0040657937	-0.0048156123	-0.0052159582	-0.0041091765	-0.0044259571	-0.0036921982	-0.0040955804	-0.0052857482	-0.0055400568	-0.0039184318	-0.0054427311	-0.0039763035	-0.0038841757	-0.0048566494	-0.0049448556	-0.0041744637	-0.0046530756	-0.0045505227	-0.0052682709	-0.0049098032	-0.0041132769	-0.0055358843	-0.0051312083	-0.0018824775	-0.0044290415	-0.0046825719	-0.0046135655	-0.0038854415	-0.0044102399	-0.0055549368	-0.0053408392	-0.0041184555	-0.0045359346	-0.0035614016	-0.0054163015	-0.0050632628	-0.0045316430	-0.0050563594	-0.0049158623	-0.0060019084	-0.0041419208	-0.0044812951	-0.0045266811	-0.0046193396	-0.0048093061	-0.0035411694	-0.0044663484	-0.0043911326	-0.0046213493	-0.0050016075	-0.0041851856	-0.0053872799	-0.0038124193	-0.0048425950	-0.0044842828	-0.0052799950	-0.0043800743	-0.0042736459	-0.0048510453	-0.0038488331	-0.0042435153	-0.0047326319	-0.0048292497	-0.0050564425	-0.0041799610	-0.0040984175	-0.0033918253	-0.0046128369	-0.0046184085	-0.0042445210	-0.0042054387	-0.0050881931	-0.0050641600	-0.0044877109	-0.0055636865	-0.0050578680	-0.0040299660	-0.0044434073	-0.0049162668	-0.0043940257	-0.0048667081	-0.0042180530	-0.0045265340	-0.0049585699	-0.0047106659
-0.0042047744	-0.0022009718	-0.0055948394	-0.0060309317	-0.0043805323	-0.0054198915	-0.0047600537	-0.0051552952	-0.0039596025	-0.0046124696	-0.0041706123	-0.0048649387	-0.0039985052	0.4904491615	-0.0047701703	-0.0054839936	-0.0042525787	-0.0037381041	-0.0038302397	-0.0047880695	-0.0041774063	-0.0052246731	-0.0037925579	-0.0047192224	-0.0045781449	-0.0027270922	-0.0041853542	-0.0046439639	-0.0058339654	-0.0048892554	-0.0058887817	-0.0042175792	-0.0039259033	-0.0035079356	-0.0035319226	-0.0033932804	-0.0033737125	-0.0054539006	-0.0054498968	-0.0047547175	-0.0041613156	-0.0041352558	-0.0029871932	-0.0048995612	-0.0042989702	-0.0040815092	-0.0050625330	-0.0039422714	-0.0033236904	-0.0055744676	-0.0048230888	-0.0051830195	-0.0058793674	-0.0038101291	-0.0052462869	-0.0047998581	-0.0037548168	-0.0048378537	-0.0034407410	-0.0052808023	-0.0041520598	-0.0043943077	-0.0058221316	-0.0049583963	-0.0026668555	-0.0047310271	-0.0033942523	-0.0041342206	-0.0051266298	-0.0049533337	-0.0047644402	-0.0050247206	-0.0055117817	-0.0038567408	-0.0057068356	-0.0045606663	-0.0047756889	-0.0047061416	-0.0035634615	-0.0036810862	-0.0039975060	-0.0031353969	-0.0040922810	-0.0040675413	-0.0039226343	-0.0014582093	-0.0048345867	-0.0023241139	-0.0038302044	-0.0042809694	-0.0036882421	-0.0044608506	-0.0043058059	-0.0035790068	-0.0033322199	-0.0042207558	-0.0047031225	-0.0043229060	-0.0047122432	-0.0048746598	-0.0055035784	-0.0058931390	-0.0049092249	-0.0028905581	-0.0056679074	-0.0049969399	-0.0036678792	-0.0038906738	-0.0050641242	-0.0039067255	-0.0044097231	-0.0024520880	-0.0045599945
-0.0043464274	-0.0042614952	-0.0035550734	-0.0044844476	-0.0043087442	-0.0052059312	-0.0038021621	-0.0054133860	-0.0045519615	-0.0041166560	-0.0044539628	-0.0043160355	-0.0035558897	-0.0047701703	0.5006726704	-0.0042609922	-0.0038433048	-0.0044672263	-0.0046491815	-0.0052714385	-0.0053237148	-0.0048005793	-0.0037989589	-0.0038250093	-0.0040935334	-0.0047437862	-0.0050676589	-0.0035303626	-0.0058221828	-0.0056145618	-0.0055014624	-0.0051745032	-0.0048143592	-0.0046843925	-0.0053719916	-0.0050536266	-0.0032117534	-0.0041005824	-0.0044450865	-0.0050843051	-0.0052987911	-0.0046040122	-0.0049149262	-0.0047894849	-0.0047503136	-0.0051555120	-0.0049320163	-0.0037493233	-0.0040139576	-0.0033611423	-0.0051416864	-0.0047296056	-0.0045222667	-0.0049384185	-0.0052118157	-0.0049506699	-0.0046180991	-0.0046903297	-0.0050433113	-0.0048693410	-0.0035126402	-0.0043559387	-0.0055464329	-0.0048221869	-0.0041956085	-0.0040279251	-0.0048582359	-0.0043591861	-0.0050404610	-0.0047324015	-0.0028546808	-0.0037122954	-0.0026640063	-0.0027358881	-0.0052424056	-0.0035373738	-0.0043967060	-0.0050746441	-0.0047472003	-0.0036341368	-0.0045234328	-0.0034259000	-0.0030091663	-0.0061365740	-0.0058420705	-0.0041476675	-0.0022255541	-0.0049766559	-0.0039916830	-0.0043591908	-0.0038960422	-0.0034305105	-0.0044500631	-0.0044520697	-0.0041158419	-0.0051653903	-0.0052985203	-0.0039339869	-0.0052458773	-0.0049810034	-0.0057267181	-0.0046310217	-0.0036237566	-0.0039656581	-0.0042949845	-0.0040184766	-0.0049584492	-0.0032557604	-0.0049704683	-0.0049308448	-0.0043248094	-0.0045778207	-0.0037544269
-0.0036082683	-0.0043232322	-0.0043485058	-0.0041573153	-0.0046776096	-0.0039284116	-0.0053790220	-0.0048650514	-0.0039617094	-0.0047266578	-0.0046757374	-0.0038944698	-0.0038806749	-0.0054839936	-0.0042609922	0.5008707188	-0.0035885501	-0.0046820513	-0.0054549858	-0.0049759141	-0.0043903054	-0.0048792167	-0.0051683412	-0.0037620797	-0.0055927159	-0.0027180969	-0.0044058318	-0.0053466899	-0.0043416233	-0.0042706380	-0.0042212681	-0.0038377342	-0.0046354097	-0.0047679386	-0.0038633621	-0.0051470159	-0.0048490789	-0.0045313255	-0.0052778955	-0.0058420241	-0.0050999720	-0.0047673386	-0.0045389027	-0.0041772242	-0.0043615800	-0.0053039706	-0.0050026413	-0.0034934069	-0.0045685132	-0.0046733092	-0.0055615249	-0.0049173435	-0.0041694939	-0.0046599480	-0.0046896345	-0.0033379202	-0.0043612239	-0.0052232416	-0.0044721974	-0.0048562863	-0.0042362980	-0.0039187382	-0.0049369868	-0.0038464352	-0.0044503892	-0.0042453317	-0.0035074119	-0.0041039836	-0.0047425014	-0.0050216742	-0.0043706654	-0.0031383005	-0.0043769735	-0.0040285784	-0.0049865662	-0.0038367795	-0.0057075552	-0.0050109434	-0.0052939037	-0.0033697080	-0.0044362092	-0.0028510526	-0.0037309956	-0.0049514826	-0.0058724174	-0.0041845034	-0.0042236301	-0.0018884767	-0.0037325434	-0.0051004878	-0.0046226406	-0.0043545491	-0.0044580336	-0.0038426760	-0.0054110842	-0.0046659359	-0.0051600418	-0.0051034177	-0.0049700334	-0.0039066119	-0.0042281435	-0.0047378771	-0.0062524410	-0.0037773103	-0.0040058768	-0.0039257375	-0.0050696829	-0.0041591082	-0.0047741658	-0.0036014626	-0.0042276915	-0.0047236912	-0.0038335663
-0.0042661759	-0.0049930855	-0.0048828622	-0.0046936650	-0.0047289500	-0.0035801345	-0.0037812311	-0.0042449674	-0.0043634725	-0.0052557796	-0.0043464692	-0.0047427088	-0.0037657827	-0.0042525787	-0.0038433048	-0.0035885501	0.5050213821	-0.0040373688	-0.0049948091	-0.0051859165	-0.0051783914	-0.0049763524	-0.0053524541	-0.0034980651	-0.0052661784	-0.0045614349	-0.0035830929	-0.0056961095	-0.0043964556	-0.0049788947	-0.0042520640	-0.0053551256	-0.0041762397	-0.0047797693	-0.0054377220	-0.0051566848	-0.0049695757	-0.0045346244	-0.0057344094	-0.0043795374	-0.0042824411	-0.0048667127	-0.0044324562	-0.0049402190	-0.0044247901	-0.0044584003	-0.0040779525	-0.0039054160	-0.0049980183	-0.0046629562	-0.0049576457	-0.0041601005	-0.0046755395	-0.0038285143	-0.0051079054	-0.0047533034	-0.0043655136	-0.0047462422	-0.0061005643	-0.0048078307	-0.0045115525	-0.0027203049	-0.0045447218	-0.0045813467	-0.0052524531	-0.0054093221	-0.0045475277	-0.0022992144	-0.0038788830	-0.0042948338	-0.0050055431	-0.0032869702	-0.0027913164	-0.0037501834	-0.0041290518	-0.0048747138	-0.0053210405	-0.0046553276	-0.0042807432	-0.0046387958	-0.0042913593	-0.0049196248	-0.0033699839	-0.0049600880	-0.0041222128	-0.0050193450	-0.0035503187	-0.0050863673	-0.0045359141	-0.0041374319	-0.0038306097	-0.0049115437	-0.0046218940	-0.0054985751	-0.0044007254	-0.0050239417	-0.0050988771	-0.0042910222	-0.0041195443	-0.0032469056	-0.0048959079	-0.0039731230	-0.0040717712	-0.0039279377	-0.0038770727	-0.0047256576	-0.0053332835	-0.0049447829	-0.0050378741	-0.0059176166	-0.0047273495	-0.0036662753	-0.0037490840
-0.0031628203	-0.0058060676	-0.0049842575	-0.0061645703	-0.0054484471	-0.0052189221	-0.0040508400	-0.0049910404	-0.0050199484	-0.0046518769	-0.0047906927	-0.0057423772	-0.0036674928	-0.0037381041	-0.0044672263	-0.0046820513	-0.0040373688	0.5126276605	-0.0001540240	-0.0059367052	-0.0039522061	-0.0049878051	-0.0053334047	-0.0049264875	-0.0051561270	-0.0053792954	-0.0043056466	-0.0050340431	-0.0047165291	-0.0041401205	-0.0048522691	-0.0045065531	-0.0053712856	-0.0053953971	-0.0044564675	-0.0056539355	-0.0055255279	-0.0042668734	-0.0042294103	-0.0049792896	-0.0049428785	-0.0056363586	-0.0033208242	-0.0041613285	-0.0053757051	-0.0063725034	-0.0052238500	-0.0035617464	-0.0040962761	-0.0047603393	-0.0033874474	-0.0053192273	-0.0040589991	-0.0056317224	-0.0049232253	-0.0045363733	-0.0043856194	-0.0052649582	-0.0049890116	-0.0053014806	-0.0036145108	-0.0038774619	-0.0046999646	-0.0046199916	-0.0031635113	-0.0043290284	-0.0026917367	-0.0050672053	-0.0047396107	-0.0038301006	-0.0037277972	-0.0036573416	-0.0043297519	-0.0045899320	-0.0037596640	-0.0047207922	-0.0049182303	-0.0036577935	-0.0048815110	-0.0032377576	-0.0044799455	-0.0051363719	-0.0046586571	-0.0054605203	-0.0045976284	-0.0046940506	-0.0046845846	-0.0048447966	-0.0037458853	-0.0054056276	-0.0042026013	-0.0049151327	-0.0042986025	-0.0053749591	-0.0028430262	-0.0046108802	-0.0056868318	-0.0044526760	-0.0052340695	-0.0043234506	-0.0055032510	-0.0047514068	-0.0033568600	-0.0036989858	-0.0044585821	-0.0048222202	-0.0038529906	-0.0049936725	-0.0050535219	-0.0043841520	-0.0035560240	-0.0045189975	-0.0047796231
-0.0029166832	-0.0038074752	-0.0044569537	-0.0054506220	-0.0034761706	-0.0043538858	-0.0045204915	-0.0049392324	-0.0048812102	-0.0042213631	-0.0056432319	-0.0049052640	-0.0043775283	-0.0038302397	-0.0046491815	-0.0054549858	-0.0049948091	-0.0001540240	0.4959317615	-0.0043081730	-0.0050029619	-0.0050948466	-0.0040795529	-0.0041481571	-0.0049594958	-0.0041096364	-0.0046385371	-0.0051016644	-0.0052399637	-0.0046857735	-0.0051873450	-0.0037706374	-0.0053073789	-0.0046842453	-0.0041669052	-0.0048710359	-0.0042617811	-0.0044423194	-0.0047973019	-0.0046069656	-0.0033332266	-0.0046161978	-0.0041133859	-0.0052926596	-0.0053759457	-0.0045228712	-0.0053468010	-0.0038119543	-0.0044150820	-0.0052614764	-0.0048927338	-0.0045721427	-0.0040784376	-0.0050918549	-0.0041826739	-0.0043288373	-0.0051758793	-0.0043199385	-0.0055092797	-0.0049128365	-0.0039817584	-0.0033613634	-0.0045781953	-0.0041806946	-0.0033984680	-0.0045089943	-0.0050289548	-0.0041093210	-0.0043131976	-0.0038790579	-0.0040723843	-0.0049906305	-0.0037812202	-0.0048606377	-0.0040131747	-0.0039626988	-0.0054362168	-0.0034681119	-0.0045067965	-0.0022021345	-0.0039934483	-0.0050233642	-0.0028040708	-0.0046164707	-0.0053960346	-0.0050678465	-0.0031526152	-0.0026830218	-0.0050563520	-0.0032235364	-0.0041380012	-0.0039363305	-0.0039197121	-0.0027286398	-0.0049177155	-0.0044770886	-0.0045529820	-0.0045316332	-0.0045241872	-0.0047639132	-0.0052195361	-0.0050436964	-0.0046134967	-0.0053777575	-0.0044596545	-0.0054784705	-0.0046529064	-0.0034976554	-0.0037365628	-0.0051142209	-0.0044182023	-0.0048055964	-0.0057207861
-0.0032888968	-0.0046051420	-0.0058295725	-0.0063189964	-0.0058863221	-0.0053073142	-0.0050947492	-0.0064409277	-0.0050569078	-0.0046346015	-0.0051326673	-0.0038537157	-0.0043704639	-0.0047880695	-0.0052714385	-0.0049759141	-0.0051859165	-0.0059367052	-0.0043081730	0.4658096189	-0.0026743828	-0.0060909868	-0.0048502710	-0.0061609612	-0.0043879062	-0.0025195648	0.0351777365	-0.0052870657	-0.0051940013	-0.0057382759	-0.0057748955	0.0118077629	0.0082184698	-0.0016031094	-0.0020793271	0.0073409047	-0.0043829064	-0.0049418987	-0.0046288687	-0.0055132316	-0.0061540637	-0.0054106246	-0.0048325639	-0.0045615082	-0.0059825446	-0.0047140663	-0.0048876834	-0.0045391624	-0.0047836609	-0.0057242318	-0.0051396097	-0.0052681216	-0.0046136801	-0.0052919027	-0.0044639813	-0.0055523447	-0.0062683472	-0.0063766760	-0.0049199707	-0.0052789696	-0.0056948839	-0.0048150305	-0.0063711107	-0.0050990412	-0.0028421979	-0.0047103560	-0.0038839799	-0.0048573357	-0.0049120640	-0.0052169348	-0.0051554803	-0.0049394270	-0.0044521900	-0.0051576740	-0.0054199105	-0.0048186245	-0.0046069378	-0.0037144896	-0.0041835068	-0.0044541785	-0.0058841509	-0.0038199826	-0.0036029647	-0.0049694321	-0.0052515886	-0.0054333569	-0.0059930992	-0.0032762188	-0.0050670060	-0.0059242784	-0.0054653023	-0.0051897810	-0.0017223349	-0.0040945376	-0.0032817109	-0.0058643039	-0.0059795466	-0.0060317609	-0.0051516396	-0.0050001224	-0.0057782430	-0.0047260610	-0.0049599275	-0.0052825895	-0.0042550363	-0.0051052814	-0.0054079264	-0.0031754404	-0.0045951870	-0.0055611522	-0.0061648344	-0.0029434693	-0.0052130124
0.0008359269	0.0021139534	-0.0057529889	-0.0056705222	-0.0056456815	-0.0043907713	-0.0052800627	-0.0045808140	-0.0050307353	-0.0052285502	-0.0058927989	-0.0042382448	-0.0040456403	-0.0041774063	-0.0053237148	-0.0043903054	-0.0051783914	-0.0039522061	-0.0050029619	-0.0026743828	0.4730668743	-0.0051710805	-0.0048155215	-0.0056086073	-0.0046862621	-0.0016230699	-0.0027821699	-0.0043104613	-0.0047812233	-0.0057515692	-0.0060193003	-0.0044406306	-0.0037460966	-0.0017175657	-0.0019764452	-0.0045998054	-0.0043943470	-0.0053295869	-0.0060247303	-0.0043003937	-0.0043654934	-0.0040506589	-0.0037319396	-0.0043041026	-0.0039671705	-0.0051799497	-0.0060280709	-0.0044464259	-0.0030660409	-0.0049427755	-0.0048162283	-0.0039389652	-0.0050358783	-0.0063231028	-0.0058483857	-0.0045138163	-0.0052661562	-0.0061332200	-0.0047030958	-0.0040597201	-0.0036905646	-0.0041256412	-0.0054537414	-0.0057698742	-0.0045051276	-0.0055245895	-0.0054616525	-0.0047618260	-0.0050323696	-0.0049612211	-0.0047364526	-0.0046360768	-0.0043626962	-0.0046221334	-0.0049735624	0.0052200511	-0.0043975679	-0.0011559271	-0.0037619821	-0.0029339394	-0.0043587191	-0.0021773234	-0.0042150855	-0.0062528137	-0.0057774436	-0.0058819037	-0.0044869676	-0.0016747028	-0.0040661471	-0.0054108738	-0.0049038338	-0.0002788761	0.0107700304	-0.0043312115	-0.0038616995	-0.0049671752	-0.0051603768	-0.0056095825	-0.0051570323	-0.0047014447	-0.0056230578	-0.0051821421	-0.0058720110	-0.0042754734	-0.0037712577	-0.0046804982	-0.0051358591	-0.0036943787	-0.0038021228	-0.0055529956	-0.0033194462	-0.0039997040	-0.0057014891
-0.0058549575	-0.0055007081	-0.0051336685	-0.0039468198	-0.0042971332	-0.0053336175	-0.0043880577	-0.0046179055	-0.0049397158	-0.0048174190	-0.0046288832	-0.0052394047	-0.0048895663	-0.0052246731	-0.0048005793	-0.0048792167	-0.0049763524	-0.0049878051	-0.0050948466	-0.0060909868	-0.0051710805	0.5225241631	-0.0028770533	-0.0029219404	-0.0053983906	-0.0048047378	-0.0060085497	-0.0051783718	-0.0051651310	-0.0057185769	-0.0041023292	-0.0052591953	-0.0044308267	-0.0041135984	-0.0049986897	-0.0039060798	-0.0042951557	-0.0027353783	-0.0054316458	-0.0035210935	-0.0047679797	-0.0043682018	-0.0062285997	-0.0035766047	-0.0044286738	-0.0048400246	-0.0047584502	-0.0047693205	-0.0042964989	-0.0037271741	-0.0048213800	-0.0025260802	-0.0049273067	-0.0030305515	-0.0044457784	-0.0046287465	-0.0031331808	-0.0053347176	-0.0048145503	-0.0051378298	-0.0038039040	-0.0051092115	-0.0044043237	-0.0047186350	-0.0050267378	-0.0046248934	-0.0033469791	-0.0050741302	-0.0036406448	-0.0044310014	-0.0048675499	-0.0047375194	-0.0052740606	-0.0047831585	-0.0053387796	-0.0037371285	-0.0043437988	-0.0047564888	-0.0043115102	-0.0042709644	-0.0052277904	-0.0051324507	-0.0045461787	-0.0055194372	-0.0045782715	-0.0039495760	-0.0046827162	-0.0045921138	-0.0047120111	-0.0052956327	-0.0046617166	-0.0053482924	-0.0049257592	-0.0045707720	-0.0048678814	-0.0042680127	-0.0043143027	-0.0045069096	-0.0046813212	-0.0045176876	-0.0052061956	-0.0037364480	-0.0038008481	-0.0053156586	-0.0054469913	-0.0054071648	-0.0055943595	-0.0047207569	-0.0051549193	-0.0048718509	-0.0050337060	-0.0039541233	-0.0045390963
-0.0045295955	-0.0037412646	-0.0045663085	-0.0055367441	-0.0037782589	-0.0047221148	-0.0046385184	-0.0056243322	-0.0048050886	-0.0046026339	-0.0033304024	-0.0058881204	-0.0048174587	-0.0037925579	-0.0037989589	-0.0051683412	-0.0053524541	-0.0053334047	-0.0040795529	-0.0048502710	-0.0048155215	-0.0028770533	0.5196117936	-0.0046178190	-0.0049245835	-0.0045936552	-0.0062205532	-0.0042111295	-0.0049959608	-0.0041598386	-0.0047899248	-0.0049496670	-0.0048093097	-0.0049914523	-0.0048998768	-0.0055617571	-0.0051523647	-0.0043536324	-0.0033577606	-0.0057141312	-0.0050508000	-0.0037615706	-0.0046478268	-0.0034108338	-0.0043665901	-0.0040210000	-0.0046200854	-0.0043752068	-0.0043816055	-0.0043134700	-0.0051894383	-0.0047128459	-0.0048850539	-0.0046205968	-0.0049768571	-0.0047488119	-0.0042405580	-0.0046164553	-0.0059740215	-0.0052620435	-0.0048920878	-0.0040440576	-0.0033085973	-0.0049772725	-0.0043517515	-0.0040777139	-0.0045109204	-0.0039374324	-0.0048804485	-0.0051279474	-0.0052426789	-0.0046895975	-0.0044264794	-0.0042708844	-0.0044788664	-0.0045677591	-0.0046543946	-0.0052952537	-0.0047457927	-0.0044116560	-0.0039068455	-0.0062476359	-0.0048553960	-0.0047982377	-0.0048054426	-0.0037769995	-0.0041288367	-0.0045656313	-0.0053517442	-0.0040335991	-0.0050744090	-0.0052400660	-0.0048265718	-0.0046651102	-0.0048031522	-0.0046446647	-0.0034022008	-0.0050922838	-0.0049782136	-0.0046048985	-0.0057705395	-0.0050193012	-0.0040406232	-0.0034525697	-0.0047209880	-0.0051500830	-0.0045308750	-0.0041131601	-0.0047021417	-0.0045651573	-0.0049286615	-0.0044199527	-0.0043761654
-0.0051274731	-0.0056414696	-0.0045894897	-0.0042409107	-0.0054486840	-0.0050733245	-0.0041654652	-0.0041017163	-0.0047425629	-0.0037511201	-0.0046867293	-0.0050168370	-0.0034972201	-0.0047192224	-0.0038250093	-0.0037620797	-0.0034980651	-0.0049264875	-0.0041481571	-0.0061609612	-0.0056086073	-0.0029219404	-0.0046178190	0.5199988222	-0.0026025294	-0.0064932580	-0.0057448519	-0.0033661206	-0.0010279579	-0.0045761161	-0.0046105992	-0.0045205339	-0.0044823018	-0.0060895511	-0.0046664948	-0.0059448084	-0.0048681320	-0.0040602736	-0.0052059544	-0.0042515899	-0.0041288015	-0.0047802248	-0.0055460101	-0.0053560371	-0.0054067303	-0.0053997725	-0.0042601665	-0.0047477898	-0.0041867988	-0.0054689090	-0.0039585544	-0.0040822134	-0.0059759787	-0.0038775921	-0.0039048212	-0.0047127975	-0.0055817342	-0.0042775069	-0.0040272548	-0.0050367424	-0.0051498062	-0.0040414547	-0.0046519290	-0.0047304774	-0.0052055102	-0.0040439322	-0.0043841721	-0.0050997437	-0.0046099165	-0.0036815807	-0.0052895200	-0.0043726791	-0.0058355065	-0.0040598548	-0.0043782480	-0.0046287371	-0.0049053017	-0.0053731375	-0.0052768258	-0.0050906884	-0.0040546869	-0.0051500830	-0.0050833871	-0.0042270326	-0.0056336279	-0.0054809159	-0.0045471650	-0.0051154140	-0.0047306610	-0.0047522909	-0.0018073603	-0.0038503401	-0.0046135803	-0.0051433880	-0.0053314242	-0.0045476732	-0.0041954467	-0.0043903796	-0.0043882508	-0.0048989832	-0.0039243265	-0.0042332917	-0.0038916182	-0.0045922046	-0.0043226436	-0.0045767264	-0.0043690543	-0.0061506020	-0.0055129121	-0.0050263716	-0.0055077076	-0.0053824938	-0.0042588970
-0.0050558972	-0.0060751308	-0.0047534559	-0.0028515705	-0.0058210158	-0.0048189542	-0.0049626834	-0.0057541107	-0.0052198111	-0.0051925960	-0.0057878181	-0.0045409275	-0.0047862346	-0.0045781449	-0.0040935334	-0.0055927159	-0.0052661784	-0.0051561270	-0.0049594958	-0.0043879062	-0.0046862621	-0.0053983906	-0.0049245835	-0.0026025294	0.5226758932	-0.0046789791	-0.0061156163	-0.0023240916	0.0033027771	-0.0050631917	-0.0048064432	-0.0049563983	-0.0046437340	-0.0044674018	-0.0040558177	-0.0054207453	-0.0029136189	-0.0050303969	-0.0047556045	-0.0037642612	-0.0058025000	-0.0039819803	-0.0058188018	-0.0043808985	-0.0042629962	-0.0049543407	-0.0047394149	-0.0051221576	-0.0044443709	-0.0055406904	-0.0059068427	-0.0051011740	-0.0042477287	-0.0053142767	-0.0037004069	-0.0052359204	-0.0032750905	-0.0046561094	-0.0047078052	-0.0045369913	-0.0044815034	-0.0055393663	-0.0052735121	-0.0043953433	-0.0042214674	-0.0053576202	-0.0050253414	-0.0053686612	-0.0035852589	-0.0044370986	-0.0048445263	-0.0050996199	-0.0043595241	-0.0045006368	-0.0055499174	-0.0054108658	-0.0054901041	-0.0037774598	-0.0046692392	-0.0056943188	-0.0035554420	-0.0044022158	-0.0048763583	-0.0039107907	-0.0038609997	-0.0053931079	-0.0056274143	-0.0051886570	-0.0051272131	-0.0042059589	-0.0049334881	-0.0050078920	-0.0044745811	-0.0050125578	-0.0048007788	-0.0027714059	-0.0042895690	-0.0045700105	-0.0042490289	-0.0053064398	-0.0046681605	-0.0035168791	-0.0046349537	-0.0046639158	-0.0050812195	-0.0050298982	-0.0044537415	-0.0046050212	-0.0049272896	-0.0055273759	-0.0053785499	-0.0045232229	-0.0043302773
