1.0000000000	0.9266702350	0.9274906032	0.9271333471	0.9265072055	0.9271171825	0.9270860484	0.9272241706	0.9270376176	0.9269348435	0.9274107237	0.9270191258	0.9268969794	0.9272997731	0.9274931819	0.9271245415	0.9265686561	0.9263256213	0.9259669186	0.9259121980	0.9261836623	0.9259009394	0.9261027136	0.9267542657	0.9262182558	0.9270907028	0.9270212643	0.9275272093	0.9271748592	0.9267223768	0.9264899088	0.9261795740	0.9266409249	0.9262694541	0.9263212185	0.9260122675	0.9265327418	0.9261808320	0.9262169978	0.9261345396	0.9274351907	0.9261224005	0.9248880430	0.9259485526	0.9268689902	0.9260878699	0.9268593669	0.9260702587	0.9268789279	0.9271495117	0.9267352707	0.9266853304	0.9265936262	0.9261402004	0.9260047198	0.9261690702	0.9271061755	0.9275873390	0.9261403262	0.9271000745	0.9252151713	0.9256641315	0.9254881451	0.9259847814	0.9269919542	0.9271426559	0.9256592255	0.9259967948	0.9267040108	0.9264229862	0.9266077781	0.9264346850	0.9269713868	0.9276418709	0.9255492183	0.9259361619	0.9260998833	0.9258920080	0.9262764357	0.9255022341	0.9261134062	0.9261366152	0.9261893860	0.9263247407	0.9271227175	0.9270425864	0.9275458269	0.9266155774	0.9267491081	0.9263344269	0.9261663027	0.9258233243	0.9268177290	0.9269577381	0.9260320801	0.9273870744	0.9276166491	0.9276213035	0.9280346010	0.9268154647	0.9270640973	0.9261589437	0.9259795609	0.9268364094	0.9270336550	0.9265146274	0.9256099770
0.9266702350	1.0000000000	0.9265901040	0.9268784248	0.9264419811	0.9268350886	0.9263637999	0.9273204662	0.9267424410	0.9270062319	0.9274531793	0.9273433608	0.9266599199	0.9272690163	0.9271988860	0.9266043188	0.9265695995	0.9262434147	0.9257527536	0.9261076196	0.9261687557	0.9257198584	0.9257458978	0.9264559443	0.9262166834	0.9261387537	0.9267392962	0.9271971877	0.9270788152	0.9263006511	0.9266050735	0.9261330930	0.9261384392	0.9264340561	0.9262624096	0.9259700635	0.9266032495	0.9263928584	0.9260456030	0.9259164750	0.9265211058	0.9260874925	0.9248418136	0.9252275621	0.9261335333	0.9264577683	0.9267326291	0.9256806106	0.9266869028	0.9270310762	0.9267180998	0.9266786004	0.9263003366	0.9267442021	0.9260654156	0.9261375587	0.9264386476	0.9270653552	0.9261583777	0.9267906832	0.9247578458	0.9249909428	0.9255762641	0.9261555473	0.9267269683	0.9271027162	0.9260961723	0.9258586096	0.9263580134	0.9259305640	0.9262333511	0.9264205332	0.9265980920	0.9267358368	0.9255797235	0.9254194614	0.9258332620	0.9259548423	0.9260532135	0.9253488278	0.9259603773	0.9257571564	0.9259888068	0.9262441694	0.9266851417	0.9272687019	0.9272127862	0.9262216522	0.9263324142	0.9261061730	0.9258595531	0.9262171236	0.9271627201	0.9265229298	0.9259232050	0.9268162823	0.9269769218	0.9275889115	0.9278536458	0.9275217373	0.9271503293	0.9261212683	0.9258989896	0.9266157032	0.9270353533	0.9259349039	0.9257038825
0.9274906032	0.9265901040	1.0000000000	0.9271183776	0.9265178980	0.9275770868	0.9270149746	0.9277780433	0.9271635377	0.9274222968	0.9278536458	0.9276306123	0.9277604321	0.9278801884	0.9279553505	0.9278559101	0.9265209800	0.9266165837	0.9261541006	0.9265757634	0.9267704932	0.9258708746	0.9268888028	0.9271233464	0.9261932227	0.9272576319	0.9277019377	0.9278950321	0.9273629219	0.9268339564	0.9269325792	0.9264387105	0.9275510474	0.9269099991	0.9269237736	0.9264319176	0.9273265044	0.9270051626	0.9265521141	0.9269050303	0.9274685262	0.9269985584	0.9255709807	0.9257308025	0.9268453408	0.9270787523	0.9269811359	0.9266913056	0.9274328006	0.9278981141	0.9269331453	0.9274797219	0.9266141307	0.9266869028	0.9263428551	0.9268403091	0.9275997927	0.9277928871	0.9269885577	0.9269937782	0.9252735399	0.9258392373	0.9261508300	0.9266273391	0.9280303869	0.9279595647	0.9267258362	0.9257853344	0.9269678017	0.9267748331	0.9269275475	0.9272198936	0.9279939694	0.9273636137	0.9266331886	0.9260927759	0.9269546562	0.9263749327	0.9270391271	0.9258953416	0.9262241052	0.9262763728	0.9262896441	0.9266872802	0.9275155733	0.9281463064	0.9280570553	0.9270551030	0.9269861048	0.9272122202	0.9270484988	0.9263043620	0.9273844327	0.9277937676	0.9267325033	0.9280230908	0.9273219129	0.9280741633	0.9282695849	0.9279209458	0.9276869053	0.9270932187	0.9261789450	0.9271681292	0.9275037487	0.9264513528	0.9260780579
0.9271333471	0.9268784248	0.9271183776	1.0000000000	0.9263367541	0.9266979098	0.9262770647	0.9270129619	0.9265228669	0.9269288054	0.9272300830	0.9268862869	0.9272450525	0.9271252962	0.9276256434	0.9270666761	0.9263839899	0.9264094004	0.9252731625	0.9261963676	0.9261924679	0.9252557400	0.9258068452	0.9264113502	0.9263435470	0.9263305273	0.9270932187	0.9270075527	0.9267690465	0.9266052622	0.9262262437	0.9262717813	0.9267145147	0.9266660838	0.9263092680	0.9263463774	0.9268308745	0.9262580697	0.9257018698	0.9261719006	0.9267464664	0.9266132502	0.9248832628	0.9251174291	0.9266986646	0.9261763034	0.9265061363	0.9259575469	0.9265415474	0.9269218238	0.9263475724	0.9265997902	0.9265932489	0.9263241118	0.9259313817	0.9260605096	0.9269723303	0.9270900738	0.9260625852	0.9269775507	0.9247821870	0.9254088947	0.9258971027	0.9260373635	0.9267716882	0.9273913514	0.9258671636	0.9257028133	0.9265686561	0.9260776806	0.9261068649	0.9259599370	0.9266314904	0.9270262332	0.9258421935	0.9251985035	0.9265502272	0.9258910017	0.9259401873	0.9257928192	0.9256806735	0.9263844302	0.9262246084	0.9266797325	0.9270125216	0.9271139119	0.9273370082	0.9265918022	0.9267828210	0.9262863734	0.9260059149	0.9254975168	0.9266804873	0.9267929475	0.9259587420	0.9271620282	0.9271532226	0.9277184168	0.9276204859	0.9271398884	0.9272004584	0.9263600890	0.9264980854	0.9266016771	0.9269072317	0.9258437659	0.9254499665
0.9265072055	0.9264419811	0.9265178980	0.9263367541	1.0000000000	0.9269391205	0.9261904552	0.9266473405	0.9266380317	0.9264628001	0.9269146535	0.9269126408	0.9269774249	0.9273941818	0.9271464297	0.9265649451	0.9260090597	0.9259836492	0.9250466697	0.9259346523	0.9261793224	0.9255316700	0.9253393304	0.9263849963	0.9264418553	0.9263108405	0.9270062319	0.9267079734	0.9270019548	0.9261322124	0.9260435274	0.9259771079	0.9262999592	0.9261210796	0.9263221620	0.9259664154	0.9264066329	0.9260124562	0.9253037935	0.9256574644	0.9266300437	0.9262358041	0.9247740104	0.9248053961	0.9264793420	0.9260972416	0.9262525977	0.9255604769	0.9263408424	0.9267794875	0.9263042363	0.9261510187	0.9262269985	0.9266206720	0.9253773203	0.9255934979	0.9260569874	0.9270713933	0.9262739827	0.9261622144	0.9249557204	0.9252757413	0.9255493441	0.9254357518	0.9265828079	0.9264266971	0.9256384065	0.9254661311	0.9260737180	0.9257543261	0.9260054117	0.9259727051	0.9265590957	0.9267843934	0.9257423756	0.9253198322	0.9259988075	0.9257664023	0.9259441498	0.9253556207	0.9259189909	0.9256473379	0.9258973543	0.9265055702	0.9267490452	0.9267743299	0.9270872434	0.9263435470	0.9260044682	0.9262490754	0.9259389293	0.9254980829	0.9269307552	0.9263556233	0.9259188022	0.9268916332	0.9266307356	0.9269562915	0.9275376503	0.9269267298	0.9272302088	0.9258693021	0.9258762208	0.9260732777	0.9268874191	0.9258780449	0.9251741623
0.9271171825	0.9268350886	0.9275770868	0.9266979098	0.9269391205	1.0000000000	0.9262575036	0.9270313907	0.9274549404	0.9268278554	0.9271454862	0.9268254653	0.9273715388	0.9270765509	0.9275974026	0.9272944268	0.9263650578	0.9270688775	0.9256473379	0.9263860026	0.9270026467	0.9258072855	0.9261743535	0.9265666434	0.9263788323	0.9264991547	0.9271781928	0.9269200627	0.9272614687	0.9265390315	0.9265177722	0.9263415343	0.9266918088	0.9267040108	0.9265835627	0.9264926134	0.9267342015	0.9262961225	0.9261259856	0.9259513201	0.9270294409	0.9262787000	0.9248487322	0.9253900884	0.9269768589	0.9266597941	0.9267526304	0.9263499625	0.9271314602	0.9273596512	0.9266075265	0.9272017792	0.9269318245	0.9269767960	0.9260661704	0.9260477415	0.9270244720	0.9272476313	0.9263715991	0.9268879222	0.9246257617	0.9257206761	0.9262976949	0.9259354071	0.9271234722	0.9275468961	0.9260783095	0.9259425145	0.9265877139	0.9266298550	0.9261217715	0.9270061061	0.9273602802	0.9269686822	0.9259064115	0.9256770883	0.9259630819	0.9261457982	0.9260683089	0.9257852086	0.9259393696	0.9260181798	0.9262653029	0.9265337481	0.9270338437	0.9272970056	0.9277071582	0.9269862305	0.9267101748	0.9265528689	0.9263300241	0.9260901971	0.9272954332	0.9268307487	0.9261917761	0.9272979490	0.9274177053	0.9275940690	0.9278177944	0.9272532920	0.9271592607	0.9258842717	0.9258428853	0.9268537062	0.9271612734	0.9262946759	0.9254483941
0.9270860484	0.9263637999	0.9270149746	0.9262770647	0.9261904552	0.9262575036	1.0000000000	0.9272007729	0.9270997600	0.9264008463	0.9268960989	0.9266051364	0.9266486613	0.9265553219	0.9270813311	0.9268510645	0.9263268792	0.9257971591	0.9253109008	0.9255851326	0.9264224201	0.9258829508	0.9252730996	0.9264222943	0.9259888068	0.9263173189	0.9264210992	0.9261638497	0.9267340757	0.9267330693	0.9264705364	0.9259533957	0.9262475659	0.9259109401	0.9259137705	0.9258287335	0.9264186463	0.9258150219	0.9259544649	0.9259466028	0.9270490019	0.9258622577	0.9246762052	0.9248283536	0.9264220427	0.9258330105	0.9263427293	0.9260111353	0.9261543522	0.9270774315	0.9265386541	0.9265790341	0.9263165012	0.9260629626	0.9255216693	0.9255294057	0.9260864862	0.9269566060	0.9262771905	0.9268452150	0.9245521091	0.9249937732	0.9253222223	0.9255278962	0.9263579505	0.9269383658	0.9256270221	0.9253926043	0.9259094935	0.9257355198	0.9260422065	0.9260935306	0.9261812722	0.9264958840	0.9253456830	0.9254782703	0.9261164881	0.9258308720	0.9255395321	0.9255577094	0.9256785349	0.9258374762	0.9261810835	0.9259038327	0.9261757373	0.9266103569	0.9275347570	0.9257955237	0.9262766244	0.9260121417	0.9257285382	0.9254069449	0.9265393460	0.9264575796	0.9257490427	0.9268374787	0.9267859030	0.9269018854	0.9273658780	0.9272663118	0.9270034644	0.9254273235	0.9257525021	0.9263480756	0.9266194141	0.9255565773	0.9251866789
0.9272241706	0.9273204662	0.9277780433	0.9270129619	0.9266473405	0.9270313907	0.9272007729	1.0000000000	0.9273790235	0.9271943574	0.9274839361	0.9273093334	0.9272575062	0.9276059566	0.9279471739	0.9276195424	0.9272758721	0.9265907959	0.9260313253	0.9267759023	0.9262919713	0.9257343877	0.9262336656	0.9269253461	0.9262679446	0.9270849162	0.9274352536	0.9271797652	0.9270364854	0.9273162521	0.9265905443	0.9262380684	0.9267474728	0.9263604034	0.9272113396	0.9266509256	0.9270885014	0.9263704041	0.9261514590	0.9265129291	0.9273150571	0.9265679642	0.9253748673	0.9255545646	0.9271076221	0.9266056396	0.9268348370	0.9262993303	0.9271224659	0.9274044969	0.9274205986	0.9271910238	0.9273785833	0.9269332082	0.9260056004	0.9263943679	0.9272549903	0.9274321088	0.9268924508	0.9265717380	0.9253486392	0.9260976190	0.9262509623	0.9264489627	0.9274752562	0.9278774209	0.9265492208	0.9260184314	0.9262862477	0.9262144191	0.9265378364	0.9267272828	0.9269297489	0.9268621973	0.9257286011	0.9256218017	0.9263894620	0.9262295144	0.9265626179	0.9260549747	0.9259116320	0.9261846687	0.9262765615	0.9269717013	0.9272597076	0.9270961748	0.9274259448	0.9273558774	0.9267634487	0.9265730589	0.9266843240	0.9263049910	0.9270358564	0.9275581547	0.9263141111	0.9272977604	0.9274839361	0.9274455688	0.9280383748	0.9274246869	0.9276404872	0.9267001112	0.9265172062	0.9271435993	0.9273258754	0.9267070928	0.9259310043
0.9270376176	0.9267424410	0.9271635377	0.9265228669	0.9266380317	0.9274549404	0.9270997600	0.9273790235	1.0000000000	0.9278577970	0.9276533811	0.9272982635	0.9274415433	0.9274796590	0.9282791453	0.9270879353	0.9267203641	0.9264580828	0.9259499363	0.9265618003	0.9263378863	0.9259572953	0.9262605856	0.9268674806	0.9263241747	0.9270710789	0.9274834329	0.9272963766	0.9266492903	0.9265627437	0.9265607310	0.9267929475	0.9264865752	0.9267184143	0.9263677624	0.9262941727	0.9267377866	0.9272437946	0.9262468111	0.9264533026	0.9270354162	0.9264000287	0.9251364869	0.9256501683	0.9274501603	0.9265670207	0.9266268989	0.9265905443	0.9272278816	0.9276626270	0.9266962745	0.9268091120	0.9269458505	0.9270076785	0.9262414649	0.9264747505	0.9270647891	0.9273152458	0.9260227084	0.9269975520	0.9250754137	0.9254668859	0.9259255322	0.9266235653	0.9275846974	0.9276921258	0.9258944610	0.9259989333	0.9273207807	0.9264902862	0.9267138228	0.9265724299	0.9273263786	0.9270642231	0.9262077520	0.9260479931	0.9263123500	0.9259523893	0.9266901734	0.9259557229	0.9264517931	0.9267016836	0.9260921469	0.9269538385	0.9271798281	0.9272212145	0.9275833136	0.9269301891	0.9267457117	0.9269062882	0.9259845298	0.9263165641	0.9271841680	0.9269252832	0.9267746444	0.9274924901	0.9270301957	0.9278496204	0.9284082103	0.9272035404	0.9272768156	0.9267422523	0.9267931991	0.9274590917	0.9273700292	0.9264853173	0.9259955368
0.9269348435	0.9270062319	0.9274222968	0.9269288054	0.9264628001	0.9268278554	0.9264008463	0.9271943574	0.9278577970	1.0000000000	0.9274400338	0.9274656959	0.9274734951	0.9274430529	0.9278162219	0.9268934572	0.9267025013	0.9264900346	0.9258806236	0.9258828879	0.9263719765	0.9262956822	0.9265619890	0.9265966453	0.9265845691	0.9268544609	0.9274639347	0.9271538516	0.9271108299	0.9270912060	0.9269288054	0.9263920407	0.9270425864	0.9264411634	0.9268920734	0.9268818841	0.9263232941	0.9263302757	0.9258789883	0.9268991179	0.9269974262	0.9270827148	0.9250891882	0.9256736919	0.9265531205	0.9265207284	0.9268604991	0.9263843673	0.9268498694	0.9271320262	0.9267894881	0.9270057287	0.9266943876	0.9266984759	0.9261825931	0.9261879393	0.9271045402	0.9275499781	0.9265782164	0.9270688775	0.9251101330	0.9255133040	0.9260796304	0.9261068020	0.9275153847	0.9275324927	0.9263870719	0.9259404389	0.9263273824	0.9262527863	0.9264071361	0.9263603406	0.9270819601	0.9265986580	0.9257805542	0.9257662136	0.9265767698	0.9259014426	0.9263471321	0.9260958578	0.9266680336	0.9265553848	0.9263854994	0.9269207546	0.9273073836	0.9271160504	0.9278912583	0.9267690465	0.9269413219	0.9268259056	0.9262632902	0.9259920146	0.9273440527	0.9267472841	0.9266234395	0.9268748396	0.9274836845	0.9281397022	0.9280176188	0.9275478396	0.9273068805	0.9260653527	0.9264534284	0.9273203404	0.9273176988	0.9265038091	0.9259432063
0.9274107237	0.9274531793	0.9278536458	0.9272300830	0.9269146535	0.9271454862	0.9268960989	0.9274839361	0.9276533811	0.9274400338	1.0000000000	0.9282107761	0.9281061151	0.9283965744	0.9286747687	0.9282273809	0.9268738333	0.9269353467	0.9262519687	0.9263446791	0.9267840790	0.9264770777	0.9261779387	0.9274896597	0.9264119791	0.9272354921	0.9277650865	0.9280399473	0.9277189200	0.9267414976	0.9269212577	0.9269762299	0.9273832376	0.9266531270	0.9269194966	0.9269797521	0.9271747963	0.9267636374	0.9271657391	0.9268364723	0.9273395870	0.9267435732	0.9254432994	0.9256974670	0.9272969427	0.9266063944	0.9269722045	0.9264917957	0.9271064900	0.9278577341	0.9268625747	0.9272434801	0.9275541922	0.9271587576	0.9261671204	0.9269171694	0.9277803076	0.9280942904	0.9269349693	0.9273695261	0.9253083850	0.9258128205	0.9266625616	0.9267220623	0.9281810886	0.9283375768	0.9263786436	0.9259203118	0.9269914510	0.9268581090	0.9266973437	0.9269656632	0.9275431223	0.9279342171	0.9267584798	0.9260390617	0.9265113567	0.9266869028	0.9269249058	0.9262653029	0.9263938019	0.9264626743	0.9264241183	0.9273796525	0.9273448704	0.9276915597	0.9280071149	0.9274051888	0.9275686586	0.9266891671	0.9266004191	0.9265067652	0.9273105914	0.9276015538	0.9262416535	0.9278342734	0.9274053146	0.9283026060	0.9282032913	0.9278058439	0.9276614948	0.9263267534	0.9267859030	0.9271368064	0.9276476575	0.9267660904	0.9260013234
0.9270191258	0.9273433608	0.9276306123	0.9268862869	0.9269126408	0.9268254653	0.9266051364	0.9273093334	0.9272982635	0.9274656959	0.9282107761	1.0000000000	0.9283588360	0.9282417215	0.9282226636	0.9280761761	0.9268548383	0.9263999658	0.9265904814	0.9266084700	0.9265877139	0.9257733839	0.9264809774	0.9268531401	0.9269028289	0.9269381142	0.9275814267	0.9274133654	0.9273353729	0.9272420334	0.9272572546	0.9264380815	0.9267699900	0.9268600588	0.9266863996	0.9267012434	0.9268716319	0.9265894121	0.9265771472	0.9267892994	0.9269164147	0.9265648193	0.9252718417	0.9262488238	0.9273005907	0.9272280703	0.9263636112	0.9266607376	0.9269045900	0.9273536760	0.9270357935	0.9274273915	0.9272436059	0.9269201256	0.9258525086	0.9262230360	0.9275869617	0.9275060759	0.9265125518	0.9269482406	0.9250825840	0.9255554451	0.9257591063	0.9262683220	0.9274981508	0.9280067375	0.9260309479	0.9259713843	0.9262785742	0.9263507802	0.9267099232	0.9262980723	0.9275647590	0.9273744320	0.9259365392	0.9260545344	0.9265472081	0.9261911471	0.9261371813	0.9260177395	0.9260269854	0.9264451889	0.9265592215	0.9269735882	0.9272615945	0.9276328137	0.9279170461	0.9271928478	0.9267550205	0.9268672919	0.9261434081	0.9264774551	0.9274104721	0.9271997665	0.9263871977	0.9274011633	0.9273621671	0.9280517719	0.9278447773	0.9271127168	0.9277462803	0.9267035077	0.9261862411	0.9275780932	0.9270996971	0.9270150375	0.9253742383
0.9268969794	0.9266599199	0.9277604321	0.9272450525	0.9269774249	0.9273715388	0.9266486613	0.9272575062	0.9274415433	0.9274734951	0.9281061151	0.9283588360	1.0000000000	0.9278994349	0.9284073298	0.9277039504	0.9268613796	0.9267940796	0.9261954870	0.9261808949	0.9268833307	0.9259430806	0.9264793420	0.9268083573	0.9268140180	0.9270286862	0.9274275802	0.9276606772	0.9274874583	0.9267735751	0.9266652662	0.9267862804	0.9268756573	0.9266207978	0.9267788585	0.9268710658	0.9264711025	0.9268647761	0.9264907264	0.9263841157	0.9267410573	0.9267201754	0.9249192400	0.9258396147	0.9271007034	0.9262687622	0.9266315533	0.9266847643	0.9267582911	0.9270373031	0.9272886403	0.9272639846	0.9273730483	0.9274736209	0.9267489194	0.9265254457	0.9272653054	0.9274854456	0.9271427817	0.9265636872	0.9250985599	0.9260552263	0.9258178522	0.9264907264	0.9276699860	0.9282140467	0.9262319674	0.9264034880	0.9264343077	0.9266685368	0.9267661533	0.9264340561	0.9271842309	0.9270911431	0.9261292563	0.9260562955	0.9269011935	0.9264056265	0.9267296729	0.9261357347	0.9265163256	0.9265929973	0.9258063421	0.9269977407	0.9273550597	0.9275524311	0.9282295194	0.9271539774	0.9267038221	0.9267267796	0.9263543653	0.9261764292	0.9270997600	0.9269501905	0.9270708902	0.9274580224	0.9276260837	0.9282236071	0.9282727298	0.9279375506	0.9271607074	0.9266367108	0.9265812355	0.9271291330	0.9270188113	0.9273292719	0.9261000720
0.9272997731	0.9272690163	0.9278801884	0.9271252962	0.9273941818	0.9270765509	0.9265553219	0.9276059566	0.9274796590	0.9274430529	0.9283965744	0.9282417215	0.9278994349	1.0000000000	0.9286458360	0.9282160594	0.9269449071	0.9271045402	0.9263430438	0.9267132567	0.9269760412	0.9268466617	0.9262358041	0.9271839793	0.9266182820	0.9268354660	0.9274614189	0.9279908875	0.9277184168	0.9271344792	0.9269364789	0.9265379622	0.9268777958	0.9267413089	0.9266037527	0.9265024882	0.9269732737	0.9266667757	0.9262203943	0.9266173385	0.9271878790	0.9269098734	0.9250825211	0.9258388599	0.9268931427	0.9266226219	0.9269491841	0.9263257471	0.9270998229	0.9278316947	0.9269162889	0.9276794834	0.9273724193	0.9276463366	0.9264607245	0.9268767894	0.9274562613	0.9275494749	0.9267167161	0.9268772926	0.9251955474	0.9257924418	0.9257318089	0.9265540010	0.9278108757	0.9281472499	0.9262934808	0.9262202056	0.9266924377	0.9266918088	0.9266533157	0.9264236151	0.9272175664	0.9274485249	0.9262090099	0.9263678882	0.9267474728	0.9265369559	0.9266658951	0.9265209171	0.9265228669	0.9264105954	0.9267114327	0.9268675435	0.9276555825	0.9279485576	0.9281668738	0.9275787850	0.9271836019	0.9271944832	0.9259098079	0.9259039585	0.9274600351	0.9275776529	0.9269060995	0.9276696086	0.9274485878	0.9280696347	0.9281876928	0.9276867166	0.9276209890	0.9265377106	0.9262380684	0.9274234919	0.9273658780	0.9260186201	0.9262453645
0.9274931819	0.9271988860	0.9279553505	0.9276256434	0.9271464297	0.9275974026	0.9270813311	0.9279471739	0.9282791453	0.9278162219	0.9286747687	0.9282226636	0.9284073298	0.9286458360	1.0000000000	0.9285058268	0.9268464730	0.9275895404	0.9259445901	0.9267392333	0.9270197548	0.9261115821	0.9271869984	0.9272528518	0.9264862607	0.9269106281	0.9281583827	0.9276681619	0.9278235180	0.9273834892	0.9272997102	0.9267130051	0.9276313671	0.9268503097	0.9271251076	0.9270344098	0.9275572742	0.9265860786	0.9270291893	0.9270064834	0.9272806523	0.9267290439	0.9255432431	0.9259990591	0.9271678148	0.9272783251	0.9269320132	0.9268468504	0.9273869486	0.9275635639	0.9272645506	0.9272364985	0.9274166361	0.9272472539	0.9264599068	0.9269065398	0.9274041195	0.9277282917	0.9264694672	0.9272137297	0.9253944912	0.9257912467	0.9267277860	0.9263556862	0.9288692468	0.9290459879	0.9266024948	0.9262752406	0.9270770541	0.9270373031	0.9266190367	0.9268361578	0.9271972506	0.9273664441	0.9264041799	0.9262364960	0.9269686822	0.9264575167	0.9268154018	0.9262756809	0.9267054575	0.9270666761	0.9266797954	0.9274904145	0.9276663379	0.9275616770	0.9277579791	0.9274827410	0.9268030110	0.9271497633	0.9266068976	0.9264785244	0.9274871438	0.9274041195	0.9263488933	0.9279040264	0.9276858990	0.9286133810	0.9283583329	0.9276950819	0.9275591611	0.9271073705	0.9264270745	0.9277996800	0.9271264284	0.9270675566	0.9263196461
0.9271245415	0.9266043188	0.9278559101	0.9270666761	0.9265649451	0.9272944268	0.9268510645	0.9276195424	0.9270879353	0.9268934572	0.9282273809	0.9280761761	0.9277039504	0.9282160594	0.9285058268	1.0000000000	0.9265855125	0.9267359626	0.9260806367	0.9260621449	0.9265913620	0.9258702456	0.9262560570	0.9266650775	0.9267537625	0.9268211254	0.9273298379	0.9271624056	0.9270666761	0.9269285538	0.9263359364	0.9263390813	0.9269016967	0.9268859724	0.9269963570	0.9262814675	0.9274160700	0.9264979596	0.9259750952	0.9264748134	0.9264854431	0.9265238104	0.9250924589	0.9252759300	0.9266070862	0.9260531506	0.9263631080	0.9264421069	0.9267605554	0.9269069801	0.9267204270	0.9271636006	0.9270027096	0.9268533288	0.9265481516	0.9265297227	0.9272993957	0.9273332344	0.9263712847	0.9267699900	0.9250501291	0.9254700307	0.9257442625	0.9260718311	0.9282223491	0.9280945420	0.9261622773	0.9257075935	0.9262173123	0.9261347912	0.9266626245	0.9266686626	0.9271573109	0.9269561657	0.9264983370	0.9256947624	0.9262334769	0.9263649949	0.9261223376	0.9257359601	0.9261203249	0.9260294384	0.9264967017	0.9268069106	0.9273467573	0.9272946784	0.9283244942	0.9264956953	0.9268421960	0.9266725622	0.9265400378	0.9264626114	0.9270973699	0.9268163452	0.9260288094	0.9270544740	0.9269777394	0.9278006863	0.9282109647	0.9280447275	0.9278798739	0.9263005882	0.9263058716	0.9270210756	0.9263419117	0.9262310868	0.9257580370
0.9265686561	0.9265695995	0.9265209800	0.9263839899	0.9260090597	0.9263650578	0.9263268792	0.9272758721	0.9267203641	0.9267025013	0.9268738333	0.9268548383	0.9268613796	0.9269449071	0.9268464730	0.9265855125	1.0000000000	0.9261100097	0.9252400786	0.9257887937	0.9260418920	0.9253466893	0.9263604663	0.9262393892	0.9265123631	0.9267097974	0.9266521835	0.9271536000	0.9260838445	0.9260634658	0.9261780645	0.9254817925	0.9261725924	0.9260496913	0.9265706688	0.9260405712	0.9264092117	0.9265368301	0.9258652767	0.9260220794	0.9264625485	0.9258121915	0.9244666318	0.9252195741	0.9266009223	0.9266012368	0.9260261049	0.9258760321	0.9264317289	0.9267023126	0.9264455663	0.9267831984	0.9264625485	0.9267279118	0.9253124733	0.9256952027	0.9262267469	0.9267937022	0.9262204572	0.9255549420	0.9247659595	0.9256417401	0.9257133171	0.9260645350	0.9266562090	0.9268994953	0.9258720696	0.9253131022	0.9260718940	0.9260415776	0.9260471125	0.9260132738	0.9265341255	0.9262619064	0.9252824084	0.9247109245	0.9261649190	0.9259079839	0.9258387970	0.9254091463	0.9258606852	0.9259997509	0.9257330039	0.9264125452	0.9264562588	0.9269746575	0.9269539643	0.9262638563	0.9266374027	0.9263329174	0.9256046307	0.9256366454	0.9268243961	0.9260994430	0.9256845102	0.9267170934	0.9264086456	0.9275933772	0.9277115610	0.9268100555	0.9260558552	0.9256507344	0.9256201664	0.9263664416	0.9265531205	0.9261207651	0.9256689746
0.9263256213	0.9262434147	0.9266165837	0.9264094004	0.9259836492	0.9270688775	0.9257971591	0.9265907959	0.9264580828	0.9264900346	0.9269353467	0.9263999658	0.9267940796	0.9271045402	0.9275895404	0.9267359626	0.9261100097	1.0000000000	0.9254509100	0.9258207455	0.9261251679	0.9252219013	0.9258315009	0.9265863302	0.9258246451	0.9263793355	0.9264078908	0.9266470260	0.9265838772	0.9261703910	0.9261324011	0.9257992976	0.9258665347	0.9259493074	0.9262127837	0.9257757740	0.9258018763	0.9262697686	0.9257931965	0.9259535215	0.9268310003	0.9257157072	0.9245772050	0.9254299023	0.9265074571	0.9258050841	0.9261212054	0.9256394129	0.9263936132	0.9266796696	0.9261178719	0.9266789148	0.9261281870	0.9261990721	0.9256451994	0.9253530420	0.9265013561	0.9267578508	0.9264953179	0.9264537429	0.9245760100	0.9252241027	0.9254595898	0.9259335831	0.9265757005	0.9268682983	0.9251944152	0.9254929882	0.9259429548	0.9259271047	0.9259935241	0.9260727746	0.9266605489	0.9265821790	0.9256057000	0.9257322492	0.9260855427	0.9253523501	0.9258315009	0.9252214610	0.9256631880	0.9254077625	0.9257921273	0.9258888632	0.9266576556	0.9266888526	0.9270117039	0.9264816063	0.9261190040	0.9260551634	0.9260795046	0.9259966690	0.9261754228	0.9264803484	0.9262258034	0.9267646437	0.9264922989	0.9271744819	0.9276270272	0.9271551095	0.9266389122	0.9260809512	0.9260400680	0.9262313384	0.9269930234	0.9258940836	0.9255626783
0.9259669186	0.9257527536	0.9261541006	0.9252731625	0.9250466697	0.9256473379	0.9253109008	0.9260313253	0.9259499363	0.9258806236	0.9262519687	0.9265904814	0.9261954870	0.9263430438	0.9259445901	0.9260806367	0.9252400786	0.9254509100	1.0000000000	0.9253415318	0.9257184118	0.9244626693	0.9250677403	0.9256503570	0.9251391286	0.9253804651	0.9261757373	0.9257472816	0.9258781078	0.9256656410	0.9252872515	0.9248759038	0.9252655520	0.9251444120	0.9248231960	0.9250840936	0.9255249400	0.9252815907	0.9250623940	0.9249599345	0.9258980462	0.9251290650	0.9238706808	0.9243047344	0.9257140090	0.9253849937	0.9253467522	0.9252506453	0.9256182794	0.9261656108	0.9259598112	0.9259527667	0.9256752643	0.9258303059	0.9248791745	0.9252645456	0.9258344571	0.9261211425	0.9255370792	0.9253281976	0.9236768946	0.9243380699	0.9249612553	0.9250407574	0.9260506977	0.9259442756	0.9248274101	0.9252359274	0.9250123907	0.9250848483	0.9251661115	0.9252393238	0.9258742710	0.9258185441	0.9244541152	0.9244064392	0.9252022774	0.9249516321	0.9249727655	0.9245611034	0.9251828421	0.9250339645	0.9251251025	0.9251381851	0.9258543955	0.9259712585	0.9261523395	0.9256060145	0.9252912140	0.9251038433	0.9247931940	0.9248686078	0.9257681635	0.9255724274	0.9249738348	0.9260595033	0.9256638799	0.9266787891	0.9268850290	0.9261837881	0.9260064809	0.9248948988	0.9250864836	0.9253679486	0.9258718809	0.9248826338	0.9243269371
0.9259121980	0.9261076196	0.9265757634	0.9261963676	0.9259346523	0.9263860026	0.9255851326	0.9267759023	0.9265618003	0.9258828879	0.9263446791	0.9266084700	0.9261808949	0.9267132567	0.9267392333	0.9260621449	0.9257887937	0.9258207455	0.9253415318	1.0000000000	0.9257009263	0.9250667339	0.9257315573	0.9261024620	0.9253770058	0.9262982610	0.9266508627	0.9267518756	0.9265740023	0.9259138334	0.9258672894	0.9258101788	0.9259922662	0.9263183252	0.9260573648	0.9258081661	0.9259677363	0.9261912100	0.9252861822	0.9256209840	0.9263891475	0.9259337718	0.9243713425	0.9250625198	0.9261213312	0.9260557294	0.9262182558	0.9257069016	0.9261961789	0.9267820034	0.9258279787	0.9257867181	0.9262142933	0.9256003537	0.9252298893	0.9256342553	0.9259372311	0.9265968969	0.9260166074	0.9262308981	0.9238893613	0.9250144664	0.9253304619	0.9256737548	0.9267561526	0.9265751345	0.9256029325	0.9256091593	0.9256541937	0.9253605896	0.9253778235	0.9257582257	0.9265002239	0.9262395779	0.9250544061	0.9246046911	0.9255947559	0.9255531808	0.9257441367	0.9248625067	0.9250971762	0.9256724968	0.9258362182	0.9259764790	0.9262919084	0.9267406170	0.9265166401	0.9264712283	0.9260367974	0.9259290545	0.9254147441	0.9254086431	0.9263074440	0.9260573648	0.9257342619	0.9266024319	0.9266296034	0.9267564042	0.9273222903	0.9267623165	0.9265031172	0.9259372311	0.9259392438	0.9261444774	0.9262185703	0.9255655716	0.9246058233
0.9261836623	0.9261687557	0.9267704932	0.9261924679	0.9261793224	0.9270026467	0.9264224201	0.9262919713	0.9263378863	0.9263719765	0.9267840790	0.9265877139	0.9268833307	0.9269760412	0.9270197548	0.9265913620	0.9260418920	0.9261251679	0.9257184118	0.9257009263	1.0000000000	0.9253610928	0.9258184812	0.9261814609	0.9263678882	0.9255858874	0.9268016902	0.9265262005	0.9264200300	0.9264123565	0.9256374631	0.9253787040	0.9263349301	0.9262310239	0.9262870653	0.9259493074	0.9264231120	0.9254092721	0.9256816798	0.9258841459	0.9267305534	0.9253577592	0.9244651851	0.9248609972	0.9263288920	0.9259319478	0.9261744793	0.9256268964	0.9257996749	0.9264565733	0.9259337718	0.9261135320	0.9262686364	0.9259359732	0.9255656345	0.9251684387	0.9264314773	0.9264478305	0.9258554648	0.9263363138	0.9244005897	0.9251519596	0.9252562432	0.9254656908	0.9266288487	0.9271999552	0.9253092026	0.9252000760	0.9258503072	0.9259128270	0.9257447657	0.9256223678	0.9262590761	0.9263745553	0.9255783397	0.9252412107	0.9255196566	0.9257227517	0.9258708117	0.9251074284	0.9252180646	0.9255387774	0.9257009892	0.9259782401	0.9269956022	0.9264621082	0.9266225590	0.9264349995	0.9261877506	0.9256569612	0.9256080901	0.9253890192	0.9268254653	0.9262080664	0.9261204506	0.9269488696	0.9265456986	0.9276428773	0.9273353729	0.9268936459	0.9268113134	0.9255590932	0.9257497975	0.9261722779	0.9265929344	0.9257190407	0.9254399659
0.9259009394	0.9257198584	0.9258708746	0.9252557400	0.9255316700	0.9258072855	0.9258829508	0.9257343877	0.9259572953	0.9262956822	0.9264770777	0.9257733839	0.9259430806	0.9268466617	0.9261115821	0.9258702456	0.9253466893	0.9252219013	0.9244626693	0.9250667339	0.9253610928	1.0000000000	0.9253172535	0.9255005988	0.9255184616	0.9253961265	0.9261625918	0.9260941596	0.9259854733	0.9255059450	0.9256418030	0.9248988613	0.9253361855	0.9252785717	0.9253032903	0.9251583751	0.9261602646	0.9249242718	0.9247538833	0.9253754963	0.9259889326	0.9256936932	0.9237986636	0.9243458063	0.9258227582	0.9252323422	0.9254513503	0.9246292839	0.9254636152	0.9257313057	0.9255750691	0.9257574709	0.9258533263	0.9254880822	0.9253868178	0.9252936670	0.9252733512	0.9258662202	0.9255712323	0.9255539356	0.9243409003	0.9245107227	0.9246236861	0.9251781878	0.9263192058	0.9261105129	0.9249181707	0.9251528402	0.9251505759	0.9255326135	0.9252996422	0.9251015161	0.9254938059	0.9258484203	0.9251435314	0.9248728219	0.9250093717	0.9250249073	0.9253653069	0.9247053266	0.9251337194	0.9252517775	0.9246265165	0.9252537273	0.9259339605	0.9260425210	0.9263652465	0.9249626391	0.9258104304	0.9257766546	0.9248322532	0.9247482854	0.9261217086	0.9256547598	0.9252349210	0.9259111288	0.9263498996	0.9260383069	0.9269683677	0.9261339106	0.9262807756	0.9246089052	0.9256435641	0.9257430046	0.9256281543	0.9248130066	0.9244999673
0.9261027136	0.9257458978	0.9268888028	0.9258068452	0.9253393304	0.9261743535	0.9252730996	0.9262336656	0.9262605856	0.9265619890	0.9261779387	0.9264809774	0.9264793420	0.9262358041	0.9271869984	0.9262560570	0.9263604663	0.9258315009	0.9250677403	0.9257315573	0.9258184812	0.9253172535	1.0000000000	0.9264048089	0.9257033793	0.9261730327	0.9267913121	0.9262422196	0.9262612146	0.9258834540	0.9253393933	0.9253612815	0.9258865360	0.9257170909	0.9257908693	0.9253505890	0.9259076694	0.9256782834	0.9256665216	0.9256643202	0.9263621646	0.9262575036	0.9244465047	0.9250125165	0.9263815369	0.9260463577	0.9258043293	0.9256324942	0.9259471689	0.9268827018	0.9262601453	0.9264258165	0.9257516844	0.9262836060	0.9256804219	0.9252786975	0.9268776071	0.9262472514	0.9256726226	0.9263765051	0.9243533539	0.9249866029	0.9248020625	0.9252711498	0.9262407101	0.9264943116	0.9252701435	0.9255415449	0.9254884596	0.9256082159	0.9253356194	0.9259585533	0.9262525977	0.9258677926	0.9252913398	0.9247387250	0.9256100399	0.9257647041	0.9254702194	0.9247840739	0.9253094542	0.9259054051	0.9254102155	0.9257209277	0.9262719700	0.9263907199	0.9266992306	0.9263246149	0.9260261677	0.9252620297	0.9253599607	0.9255155054	0.9268340822	0.9266577185	0.9260586227	0.9265377106	0.9270083075	0.9271013953	0.9271981941	0.9271064271	0.9264078279	0.9255999135	0.9255845665	0.9261431565	0.9261705797	0.9252534128	0.9246277744
0.9267542657	0.9264559443	0.9271233464	0.9264113502	0.9263849963	0.9265666434	0.9264222943	0.9269253461	0.9268674806	0.9265966453	0.9274896597	0.9268531401	0.9268083573	0.9271839793	0.9272528518	0.9266650775	0.9262393892	0.9265863302	0.9256503570	0.9261024620	0.9261814609	0.9255005988	0.9264048089	1.0000000000	0.9260799449	0.9262334769	0.9267582911	0.9270686259	0.9269520145	0.9262878201	0.9261133433	0.9259743405	0.9268659082	0.9263785807	0.9264556298	0.9267269683	0.9265377106	0.9260816431	0.9257757740	0.9264066958	0.9268738333	0.9262771905	0.9249008111	0.9252619039	0.9268929540	0.9261387537	0.9263982676	0.9259041472	0.9266231250	0.9271071819	0.9267725688	0.9269895641	0.9267970987	0.9265234330	0.9255439978	0.9259770450	0.9269294973	0.9267420636	0.9258783593	0.9265050041	0.9247965905	0.9250456634	0.9258525086	0.9260418292	0.9269774249	0.9267475986	0.9260637174	0.9261787563	0.9260485592	0.9258437659	0.9262129724	0.9261398859	0.9268509387	0.9271071819	0.9253129135	0.9256497909	0.9262072488	0.9260691894	0.9262802724	0.9250432733	0.9260896939	0.9258008071	0.9256773399	0.9264036767	0.9269831486	0.9273961316	0.9276006104	0.9262695799	0.9268520708	0.9263848076	0.9261566794	0.9261534717	0.9270890046	0.9267736380	0.9261407035	0.9277384810	0.9269752864	0.9280613952	0.9276580355	0.9274211018	0.9272129749	0.9258076629	0.9259661638	0.9264195897	0.9269311955	0.9258366585	0.9255609801
0.9262182558	0.9262166834	0.9261932227	0.9263435470	0.9264418553	0.9263788323	0.9259888068	0.9262679446	0.9263241747	0.9265845691	0.9264119791	0.9269028289	0.9268140180	0.9266182820	0.9264862607	0.9267537625	0.9265123631	0.9258246451	0.9251391286	0.9253770058	0.9263678882	0.9255184616	0.9257033793	0.9260799449	1.0000000000	0.9265223008	0.9264419182	0.9269014451	0.9263478240	0.9263357477	0.9264342448	0.9259295577	0.9264550637	0.9262049845	0.9258243935	0.9258256515	0.9264096520	0.9261660511	0.9256615527	0.9257186005	0.9264243699	0.9260488736	0.9248337627	0.9252003905	0.9264444970	0.9253770687	0.9260454143	0.9262330995	0.9263478869	0.9269061624	0.9261634723	0.9265072684	0.9261500123	0.9260411373	0.9257045115	0.9260461062	0.9262341059	0.9267932619	0.9258321928	0.9260175508	0.9242544166	0.9254102155	0.9252746092	0.9258176635	0.9267614360	0.9266151371	0.9255719871	0.9249894962	0.9260359797	0.9256715534	0.9256208582	0.9258528231	0.9265011045	0.9268422589	0.9255506649	0.9253286378	0.9263881411	0.9258308091	0.9256445076	0.9254245561	0.9260942225	0.9259104998	0.9251895093	0.9255265124	0.9269296860	0.9266689142	0.9271549208	0.9265039348	0.9260801964	0.9257554582	0.9254630492	0.9258583580	0.9268096152	0.9266020545	0.9256170215	0.9265779020	0.9263982676	0.9270025838	0.9275409209	0.9268970423	0.9268691789	0.9254520421	0.9259004992	0.9262218409	0.9266258925	0.9258906243	0.9254149328
0.9270907028	0.9261387537	0.9272576319	0.9263305273	0.9263108405	0.9264991547	0.9263173189	0.9270849162	0.9270710789	0.9268544609	0.9272354921	0.9269381142	0.9270286862	0.9268354660	0.9269106281	0.9268211254	0.9267097974	0.9263793355	0.9253804651	0.9262982610	0.9255858874	0.9253961265	0.9261730327	0.9262334769	0.9265223008	1.0000000000	0.9266130615	0.9273629219	0.9268087976	0.9265370817	0.9262803353	0.9263660013	0.9267038221	0.9267692352	0.9263039847	0.9259888697	0.9257975993	0.9259118835	0.9260478044	0.9257197955	0.9267889849	0.9260923356	0.9250608845	0.9254207193	0.9267921298	0.9260780579	0.9258781706	0.9260208215	0.9265701027	0.9270461087	0.9263708444	0.9270315165	0.9267669709	0.9268869159	0.9257355198	0.9257602384	0.9268480454	0.9272455557	0.9265602278	0.9263353704	0.9244395231	0.9248273472	0.9256797300	0.9261218973	0.9266170869	0.9272036662	0.9258913162	0.9259564148	0.9268197417	0.9259857249	0.9263961920	0.9258532634	0.9268425734	0.9263632967	0.9254664456	0.9252308327	0.9259205005	0.9261042232	0.9257337587	0.9254700307	0.9260573019	0.9262097018	0.9255138701	0.9263442389	0.9261660511	0.9269347806	0.9271968733	0.9267262764	0.9263115952	0.9262779452	0.9258251483	0.9256699809	0.9270457942	0.9269647826	0.9260740954	0.9269672985	0.9271235351	0.9273893387	0.9279968627	0.9272939865	0.9267915008	0.9262272501	0.9263592084	0.9265456986	0.9265396605	0.9259714472	0.9258146445
0.9270212643	0.9267392962	0.9277019377	0.9270932187	0.9270062319	0.9271781928	0.9264210992	0.9274352536	0.9274834329	0.9274639347	0.9277650865	0.9275814267	0.9274275802	0.9274614189	0.9281583827	0.9273298379	0.9266521835	0.9264078908	0.9261757373	0.9266508627	0.9268016902	0.9261625918	0.9267913121	0.9267582911	0.9264419182	0.9266130615	1.0000000000	0.9275332475	0.9275550099	0.9269952248	0.9265335594	0.9264294017	0.9267759023	0.9266319935	0.9270636570	0.9261788192	0.9268698707	0.9267197351	0.9263585165	0.9267935764	0.9278684266	0.9264339932	0.9252203918	0.9257934481	0.9268765378	0.9270684372	0.9265985951	0.9261947951	0.9272262462	0.9271566819	0.9270418317	0.9272340455	0.9273933012	0.9270210127	0.9260432129	0.9260474270	0.9270972441	0.9275558904	0.9264213508	0.9269516371	0.9246714879	0.9251551674	0.9262002672	0.9264606616	0.9274004086	0.9273755013	0.9258870392	0.9259962916	0.9263885185	0.9263226022	0.9264671400	0.9266540705	0.9274177053	0.9269245913	0.9262161802	0.9261970594	0.9264840593	0.9262038523	0.9265501643	0.9255222354	0.9261277467	0.9261855492	0.9262896441	0.9266585991	0.9271586947	0.9271040999	0.9279790628	0.9270712047	0.9267453343	0.9264468871	0.9262854300	0.9259206892	0.9267745815	0.9271429075	0.9264043057	0.9272951187	0.9274347504	0.9278332671	0.9282119711	0.9276626899	0.9276471543	0.9261127772	0.9260332751	0.9271766833	0.9271646070	0.9265260747	0.9257829443
0.9275272093	0.9271971877	0.9278950321	0.9270075527	0.9267079734	0.9269200627	0.9261638497	0.9271797652	0.9272963766	0.9271538516	0.9280399473	0.9274133654	0.9276606772	0.9279908875	0.9276681619	0.9271624056	0.9271536000	0.9266470260	0.9257472816	0.9267518756	0.9265262005	0.9260941596	0.9262422196	0.9270686259	0.9269014451	0.9273629219	0.9275332475	1.0000000000	0.9275448205	0.9267657759	0.9262812159	0.9267227542	0.9269370449	0.9269444668	0.9263886443	0.9264759456	0.9270457313	0.9265987209	0.9265311064	0.9268890544	0.9272476313	0.9267002999	0.9251040320	0.9257284124	0.9273999683	0.9268456553	0.9266645114	0.9264369493	0.9270503857	0.9271940429	0.9268263459	0.9271926591	0.9270544111	0.9270117039	0.9261122740	0.9262473143	0.9272733562	0.9273270704	0.9264765746	0.9270925268	0.9251173033	0.9258881713	0.9263092051	0.9264916070	0.9273565063	0.9274470783	0.9259724535	0.9259785546	0.9268120682	0.9265377106	0.9263858768	0.9266519320	0.9272792057	0.9274671425	0.9260942854	0.9259355329	0.9266630648	0.9265836256	0.9261425905	0.9262802724	0.9264648757	0.9262195137	0.9262749262	0.9265694108	0.9274768287	0.9277105547	0.9278596839	0.9272681987	0.9269912623	0.9270724626	0.9264323578	0.9259347781	0.9275216744	0.9275021762	0.9266727509	0.9273458138	0.9275974026	0.9280565521	0.9281824094	0.9274209131	0.9272472539	0.9265460131	0.9260695039	0.9275034971	0.9271254849	0.9263849334	0.9260822092
