1.0000000000	0.9201256395	0.9210234941	0.9204500826	0.9196364591	0.9207036906	0.9206248179	0.9206300456	0.9205758737	0.9205324186	0.9210620483	0.9204127700	0.9203199787	0.9208813665	0.9212116254	0.9206467089	0.9200790478	0.9197025239	0.9190935642	0.9190865721	0.9195286381	0.9193482830	0.9197202980	0.9202143141	0.9194233003	0.9202884165	0.9204411302	0.9210230367	0.9205062802	0.9202328070	0.9199844267	0.9194917176	0.9202540445	0.9196213641	0.9197236307	0.9194013440	0.9199179698	0.9193376316	0.9196320155	0.9195578478	0.9209015584	0.9192549035	0.9179524263	0.9192313790	0.9204387124	0.9194860325	0.9202780918	0.9192275235	0.9203710139	0.9207140153	0.9200850596	0.9201869341	0.9199269222	0.9196897161	0.9193032596	0.9195754259	0.9206080240	0.9209972250	0.9194437536	0.9205036664	0.9183326095	0.9187237056	0.9186314370	0.9192316403	0.9204464232	0.9207350567	0.9188482551	0.9193043051	0.9200012207	0.9198901324	0.9199060115	0.9198570673	0.9203575526	0.9212155461	0.9189249714	0.9192351690	0.9196199265	0.9192673193	0.9196103206	0.9190032559	0.9194315992	0.9194225161	0.9195004740	0.9198068162	0.9207354488	0.9204970011	0.9209936963	0.9201215227	0.9203610160	0.9197522522	0.9193035863	0.9191443380	0.9202684860	0.9204606687	0.9193738987	0.9210493058	0.9210343416	0.9211219053	0.9217574609	0.9202562663	0.9206297189	0.9195168105	0.9193895817	0.9202429357	0.9204794230	0.9199428013	0.9190124044
0.9201256395	1.0000000000	0.9199524072	0.9203764376	0.9197828995	0.9202250309	0.9198126320	0.9209327938	0.9201526274	0.9205464680	0.9210788422	0.9209867043	0.9200944695	0.9208843071	0.9207784465	0.9201526274	0.9201045981	0.9197510760	0.9191165006	0.9194046113	0.9195122362	0.9192104682	0.9194136291	0.9197953806	0.9196048969	0.9195525547	0.9203064520	0.9206958491	0.9205467294	0.9197389870	0.9199982147	0.9194794979	0.9195579131	0.9197881926	0.9197489196	0.9193060041	0.9200738201	0.9197940737	0.9195686952	0.9192561451	0.9200438916	0.9193817402	0.9180796550	0.9185285823	0.9196254809	0.9198656276	0.9200077553	0.9188383879	0.9200470936	0.9206103111	0.9202541098	0.9201794193	0.9196939636	0.9203253370	0.9192778400	0.9196916765	0.9198854928	0.9205559432	0.9195008007	0.9203003748	0.9178561715	0.9181957749	0.9188744589	0.9194532288	0.9203717327	0.9206743502	0.9192662737	0.9191532904	0.9198049865	0.9193160674	0.9196418174	0.9199273143	0.9200700954	0.9202950165	0.9188517185	0.9186705139	0.9192520937	0.9194622465	0.9194985136	0.9187548756	0.9194142825	0.9191128412	0.9194784523	0.9197637532	0.9202621474	0.9208149096	0.9208213788	0.9198518396	0.9196446273	0.9195787585	0.9191187224	0.9197033734	0.9206178912	0.9199524725	0.9194065063	0.9202980224	0.9206693839	0.9210821095	0.9214962727	0.9211974453	0.9206659859	0.9194004292	0.9191805397	0.9199358746	0.9204647201	0.9194204904	0.9190728495
0.9210234941	0.9199524072	1.0000000000	0.9206473623	0.9198685029	0.9211988176	0.9207375398	0.9214792174	0.9208464717	0.9209276968	0.9215690682	0.9213640123	0.9214079249	0.9216565666	0.9218158802	0.9215983432	0.9201711204	0.9202354209	0.9195162877	0.9199922029	0.9203408240	0.9193589344	0.9206934966	0.9207715198	0.9196840963	0.9205765272	0.9213951171	0.9216165748	0.9208134719	0.9202991333	0.9203940811	0.9197589175	0.9212173105	0.9204711894	0.9204530885	0.9198302101	0.9210155873	0.9204430906	0.9200556539	0.9205485591	0.9210639433	0.9203062560	0.9188320493	0.9191102927	0.9205117039	0.9205196108	0.9203548734	0.9199656071	0.9209019505	0.9215058132	0.9204249244	0.9211460179	0.9201015922	0.9202990679	0.9197389217	0.9204136195	0.9212730507	0.9214302732	0.9204258392	0.9203765683	0.9185305427	0.9191493043	0.9196343026	0.9199963851	0.9218397969	0.9217261601	0.9200845369	0.9193292020	0.9204166254	0.9204159720	0.9205283018	0.9207789039	0.9216150065	0.9208501964	0.9202126151	0.9196824627	0.9206336396	0.9198940532	0.9205767232	0.9193682136	0.9195121709	0.9196438432	0.9199039858	0.9203067787	0.9212393321	0.9219499703	0.9216285331	0.9207270845	0.9205901845	0.9208820199	0.9205683590	0.9198903938	0.9210849847	0.9213095791	0.9203007016	0.9217884349	0.9209872271	0.9216959702	0.9220536745	0.9216539527	0.9213403571	0.9204740646	0.9195647745	0.9206242298	0.9209765103	0.9198875839	0.9195767981
0.9204500826	0.9203764376	0.9206473623	1.0000000000	0.9195124323	0.9201607957	0.9199705734	0.9205900538	0.9200236997	0.9206014240	0.9209574946	0.9205028169	0.9206937580	0.9207519813	0.9212844209	0.9206058022	0.9197840758	0.9199661298	0.9185378614	0.9195143273	0.9196522728	0.9186421537	0.9194045460	0.9198952947	0.9196530570	0.9196473719	0.9205868519	0.9204236828	0.9202569197	0.9200778062	0.9195777130	0.9195245213	0.9202298665	0.9200339590	0.9196853379	0.9198998036	0.9203521289	0.9195698714	0.9191928901	0.9197400325	0.9202177774	0.9198464159	0.9181063815	0.9183723399	0.9203175608	0.9196693935	0.9198456317	0.9191688428	0.9198654969	0.9205537868	0.9199346330	0.9200097156	0.9201302791	0.9198355685	0.9191291778	0.9195947683	0.9204884407	0.9205105277	0.9193738333	0.9205921449	0.9180477008	0.9185344634	0.9191870090	0.9192166108	0.9204222452	0.9210347336	0.9192425531	0.9191762269	0.9200463094	0.9195449746	0.9194613970	0.9193868372	0.9201596848	0.9207308092	0.9193329921	0.9185988293	0.9199870406	0.9191923020	0.9193200535	0.9191874011	0.9191840684	0.9197197099	0.9197323217	0.9202086943	0.9205727371	0.9207066312	0.9207145380	0.9201930113	0.9204404767	0.9197956420	0.9193491979	0.9191310074	0.9202118963	0.9201858232	0.9194942661	0.9207153875	0.9205672481	0.9212557340	0.9212714170	0.9206547464	0.9207665535	0.9197378108	0.9198975818	0.9200590519	0.9203252063	0.9191097700	0.9189207892
0.9196364591	0.9197828995	0.9198685029	0.9195124323	1.0000000000	0.9203135094	0.9195175293	0.9201477265	0.9200075592	0.9198863423	0.9204689023	0.9204751755	0.9203823841	0.9209269127	0.9208052383	0.9200465055	0.9194036965	0.9193005804	0.9182647803	0.9189786858	0.9196305126	0.9188396948	0.9189133398	0.9196439085	0.9198451090	0.9195959445	0.9205137297	0.9202078448	0.9203002441	0.9195543191	0.9191525063	0.9192787548	0.9198084498	0.9196220829	0.9196698509	0.9192687569	0.9198606613	0.9194800206	0.9186530665	0.9189794700	0.9201134198	0.9193060695	0.9178301638	0.9179916992	0.9199243737	0.9195731388	0.9195153075	0.9187224640	0.9196503124	0.9203297152	0.9197024586	0.9195415113	0.9196933101	0.9201819678	0.9184496443	0.9190254082	0.9196123464	0.9206540930	0.9196229978	0.9194325794	0.9181086686	0.9183842329	0.9186882227	0.9184989152	0.9202312387	0.9199688744	0.9188054535	0.9188300889	0.9193395920	0.9190657921	0.9194561040	0.9193803679	0.9199759971	0.9201768708	0.9191958307	0.9185796829	0.9195091650	0.9191566884	0.9193232555	0.9187678141	0.9191478014	0.9189706483	0.9192158919	0.9197757768	0.9202067340	0.9202031399	0.9205920142	0.9201249861	0.9194165696	0.9197214743	0.9192835251	0.9188802747	0.9204289105	0.9198710514	0.9194414011	0.9206114220	0.9200431075	0.9205380384	0.9211875780	0.9203586635	0.9207820405	0.9191742012	0.9192249750	0.9194662980	0.9203018778	0.9191822387	0.9184129851
0.9207036906	0.9202250309	0.9211988176	0.9201607957	0.9203135094	1.0000000000	0.9198053132	0.9205954776	0.9209106415	0.9203186717	0.9208012522	0.9205350325	0.9209089425	0.9206055408	0.9212030650	0.9208547053	0.9199009798	0.9206122061	0.9188527640	0.9199872366	0.9204210690	0.9193750096	0.9197201020	0.9198672613	0.9199062729	0.9199843614	0.9206671622	0.9203770911	0.9206749383	0.9199066649	0.9199915495	0.9194729633	0.9203189331	0.9202514960	0.9201092377	0.9198719008	0.9202352248	0.9197787827	0.9195986237	0.9193874907	0.9205060188	0.9195162224	0.9179473946	0.9186890722	0.9206311565	0.9201199544	0.9201282534	0.9197119337	0.9205326147	0.9208000760	0.9201285148	0.9207905355	0.9204758943	0.9206010973	0.9194555812	0.9196678905	0.9206327901	0.9208008602	0.9198068815	0.9203289964	0.9176538602	0.9188034931	0.9197235653	0.9193337762	0.9208380421	0.9213216681	0.9193691284	0.9192530085	0.9200325214	0.9200501648	0.9196339759	0.9205512383	0.9209316176	0.9205264721	0.9193544909	0.9190525268	0.9193803026	0.9195984277	0.9194295082	0.9191891654	0.9194916522	0.9192434026	0.9196205146	0.9200798973	0.9207689713	0.9207992265	0.9212942228	0.9206073705	0.9203431765	0.9199841653	0.9197669551	0.9197580027	0.9209608273	0.9204944526	0.9196643618	0.9207746564	0.9209156078	0.9211129529	0.9214732709	0.9208146482	0.9207578625	0.9191637458	0.9193590651	0.9201824906	0.9206472970	0.9197566304	0.9187173670
0.9206248179	0.9198126320	0.9207375398	0.9199705734	0.9195175293	0.9198053132	1.0000000000	0.9208450341	0.9207248627	0.9200321293	0.9205286939	0.9202576385	0.9202360743	0.9202658068	0.9209077663	0.9203970870	0.9198449783	0.9193904312	0.9186648941	0.9188681857	0.9198765404	0.9194358467	0.9190009688	0.9198781741	0.9194379378	0.9196672371	0.9200133750	0.9196525995	0.9200917249	0.9201905935	0.9200665014	0.9194212746	0.9198941185	0.9194855751	0.9191910605	0.9192860736	0.9199226747	0.9192214464	0.9194559733	0.9194314685	0.9205634580	0.9191729596	0.9177535129	0.9179086444	0.9200227195	0.9193434474	0.9199134609	0.9192535313	0.9196528609	0.9206877462	0.9201612531	0.9201525621	0.9198830097	0.9195690873	0.9187823210	0.9191470172	0.9198051825	0.9205174544	0.9197027853	0.9202020290	0.9177702415	0.9179306660	0.9188402829	0.9188747203	0.9200753884	0.9207666842	0.9189479732	0.9188261028	0.9193264574	0.9193898431	0.9193206417	0.9195772556	0.9197524483	0.9200265096	0.9189068052	0.9189320941	0.9197103654	0.9192858776	0.9189786858	0.9191216630	0.9189191556	0.9192718282	0.9196921992	0.9195901287	0.9197887153	0.9202554821	0.9212158729	0.9194732900	0.9197103001	0.9196147642	0.9190249508	0.9188775955	0.9201742570	0.9200658479	0.9193724611	0.9204860229	0.9202931868	0.9205258187	0.9211498734	0.9208876397	0.9206902293	0.9188761579	0.9190650733	0.9199064036	0.9201713818	0.9190465150	0.9187885288
0.9206300456	0.9209327938	0.9214792174	0.9205900538	0.9201477265	0.9205954776	0.9208450341	1.0000000000	0.9209986626	0.9208005988	0.9212542963	0.9208963307	0.9210368247	0.9214658215	0.9216751902	0.9213276146	0.9209625263	0.9201612531	0.9194148053	0.9202130072	0.9199988682	0.9190921265	0.9198059013	0.9204574014	0.9198126320	0.9205437888	0.9211263488	0.9208029512	0.9205448344	0.9208102046	0.9200198443	0.9195898673	0.9202098706	0.9198849701	0.9207921691	0.9201649778	0.9206582098	0.9198529505	0.9196917418	0.9200125255	0.9209005129	0.9198439327	0.9185686394	0.9190314201	0.9206236417	0.9200005672	0.9201862153	0.9197472860	0.9206837601	0.9209297879	0.9211801286	0.9208188303	0.9209616114	0.9206118794	0.9193848115	0.9201539997	0.9208122957	0.9211268716	0.9203335053	0.9200816616	0.9185081290	0.9194114073	0.9196368511	0.9197112803	0.9212921317	0.9216751248	0.9199735139	0.9194095123	0.9198656930	0.9197798283	0.9201553720	0.9202492742	0.9206083507	0.9205492779	0.9192253018	0.9190834355	0.9200467669	0.9197192525	0.9200734934	0.9194341477	0.9194429694	0.9194223854	0.9197459137	0.9205113772	0.9210518543	0.9207011421	0.9210522464	0.9210921728	0.9204585123	0.9201316514	0.9201554373	0.9197968836	0.9207634169	0.9212467815	0.9199324766	0.9208601944	0.9208624815	0.9210480642	0.9218281653	0.9210515276	0.9212553419	0.9200697687	0.9200802894	0.9207343379	0.9209305721	0.9202691394	0.9194402903
0.9205758737	0.9201526274	0.9208464717	0.9200236997	0.9200075592	0.9209106415	0.9207248627	0.9209986626	1.0000000000	0.9215145043	0.9214271366	0.9209463204	0.9211563426	0.9211935245	0.9220298231	0.9208604558	0.9203466398	0.9201262930	0.9191887733	0.9199276410	0.9198170102	0.9194517258	0.9199965157	0.9203530437	0.9198368754	0.9205743054	0.9211546436	0.9209642906	0.9201385780	0.9200007632	0.9200018741	0.9201547839	0.9200350699	0.9202467911	0.9199703120	0.9198691563	0.9202813591	0.9208175234	0.9198083845	0.9199096055	0.9204056473	0.9198412536	0.9184037714	0.9190480833	0.9211351052	0.9201140733	0.9201275999	0.9198754295	0.9207896860	0.9214615086	0.9203701644	0.9204596231	0.9205111812	0.9204728884	0.9196521421	0.9201386434	0.9206716057	0.9210351911	0.9194957037	0.9206199170	0.9183674390	0.9188071525	0.9192935884	0.9200361154	0.9215333239	0.9214676512	0.9192729390	0.9194465635	0.9209044990	0.9201040100	0.9201688986	0.9200267710	0.9209861162	0.9207594961	0.9197695690	0.9195125630	0.9197927668	0.9194968799	0.9202865868	0.9192917587	0.9199929871	0.9202616246	0.9194538822	0.9205786183	0.9208943050	0.9208054997	0.9212733120	0.9206826492	0.9202345714	0.9206284773	0.9192941112	0.9198514475	0.9208845031	0.9204028374	0.9204898130	0.9211645109	0.9205762005	0.9214528830	0.9221553529	0.9209344928	0.9209484115	0.9201239405	0.9203229192	0.9210994262	0.9210530959	0.9199522765	0.9192916280
0.9205324186	0.9205464680	0.9209276968	0.9206014240	0.9198863423	0.9203186717	0.9200321293	0.9208005988	0.9215145043	1.0000000000	0.9211246498	0.9212102531	0.9210795610	0.9211942433	0.9218158149	0.9205488205	0.9202843651	0.9200654558	0.9193008418	0.9194161776	0.9199177084	0.9198297527	0.9201853005	0.9201923578	0.9200985863	0.9204428946	0.9211911721	0.9206750037	0.9206875501	0.9205929944	0.9204128354	0.9197507493	0.9206567068	0.9201108060	0.9204334194	0.9205311771	0.9199086907	0.9197514028	0.9195771249	0.9204794883	0.9204873952	0.9207156489	0.9183710330	0.9189454247	0.9202622781	0.9201406691	0.9204222452	0.9196312314	0.9203835603	0.9208335985	0.9205252306	0.9207626327	0.9201952331	0.9203859128	0.9196626628	0.9197072942	0.9208896654	0.9211130182	0.9199500547	0.9206431148	0.9184184742	0.9188712569	0.9195309906	0.9194819157	0.9212448212	0.9210455811	0.9198799384	0.9193484791	0.9197617928	0.9197765610	0.9199069263	0.9197691115	0.9208621547	0.9203920553	0.9192373254	0.9191938703	0.9202179735	0.9194133023	0.9196810251	0.9195911089	0.9202101320	0.9200220007	0.9198051172	0.9206607583	0.9210317277	0.9207413953	0.9216450657	0.9205742401	0.9206184794	0.9204890942	0.9196940943	0.9193361940	0.9211051767	0.9202786146	0.9203232460	0.9204973932	0.9212135204	0.9219706196	0.9218524740	0.9211628772	0.9210219258	0.9197037001	0.9200082780	0.9208296124	0.9208452301	0.9200626459	0.9195563448
0.9210620483	0.9210788422	0.9215690682	0.9209574946	0.9204689023	0.9208012522	0.9205286939	0.9212542963	0.9214271366	0.9211246498	1.0000000000	0.9222180851	0.9217796132	0.9222740866	0.9225612172	0.9221152304	0.9205524799	0.9206515445	0.9196186196	0.9198472654	0.9205254919	0.9201471384	0.9201809223	0.9212029344	0.9199256153	0.9208211828	0.9214943123	0.9217323680	0.9212689339	0.9203362498	0.9203761762	0.9206205704	0.9213798914	0.9203636298	0.9205555511	0.9205501928	0.9209511561	0.9203248143	0.9207051936	0.9205175851	0.9209891875	0.9201673303	0.9188338790	0.9190265191	0.9210348643	0.9202034667	0.9205173237	0.9197852520	0.9208175234	0.9215337814	0.9206026656	0.9209966369	0.9212804348	0.9209550115	0.9196220829	0.9207347300	0.9214834649	0.9218011774	0.9204859576	0.9210919768	0.9186963909	0.9191557082	0.9202064726	0.9202542405	0.9221181710	0.9221076503	0.9199151599	0.9195992118	0.9207548566	0.9205660065	0.9203662436	0.9206789245	0.9210301594	0.9216972118	0.9204537420	0.9195282460	0.9201601422	0.9201862807	0.9205362087	0.9198137429	0.9200101077	0.9200137018	0.9199857990	0.9211501348	0.9211053727	0.9212678883	0.9218054902	0.9212000591	0.9214070100	0.9204749141	0.9202008528	0.9201779164	0.9210857689	0.9213677371	0.9197988440	0.9216174896	0.9211411823	0.9220556348	0.9220463557	0.9216789149	0.9215429298	0.9198564138	0.9203205668	0.9207404151	0.9214570651	0.9204508668	0.9196233245
0.9204127700	0.9209867043	0.9213640123	0.9205028169	0.9204751755	0.9205350325	0.9202576385	0.9208963307	0.9209463204	0.9212102531	0.9222180851	1.0000000000	0.9221851507	0.9220892880	0.9221697944	0.9218925311	0.9204518470	0.9201407998	0.9199937059	0.9200874774	0.9201108060	0.9193334495	0.9201794847	0.9204796844	0.9204285184	0.9203184103	0.9212793239	0.9211246498	0.9210229714	0.9207603456	0.9209629837	0.9199438468	0.9204906625	0.9204769398	0.9201794193	0.9203527170	0.9205555511	0.9201291682	0.9201913123	0.9204817754	0.9205239236	0.9201228950	0.9184672877	0.9195802615	0.9210427059	0.9208154977	0.9199039858	0.9199449577	0.9204412609	0.9210592384	0.9208978990	0.9211488932	0.9209279582	0.9206474930	0.9193413563	0.9199943593	0.9212689992	0.9212891258	0.9200081473	0.9206021429	0.9184909430	0.9189362762	0.9192543808	0.9198504020	0.9213538837	0.9219182775	0.9195344539	0.9196619440	0.9199299281	0.9199414290	0.9203090005	0.9198789582	0.9212859238	0.9211544476	0.9194450605	0.9195982970	0.9201421067	0.9198012618	0.9195983623	0.9195720932	0.9195796080	0.9199513616	0.9201120475	0.9207098331	0.9210916500	0.9213375472	0.9218230029	0.9209304414	0.9205071951	0.9205899231	0.9197169000	0.9200548044	0.9212280926	0.9207622407	0.9200484659	0.9211973146	0.9212611577	0.9220417815	0.9216201688	0.9207153222	0.9215932463	0.9200873467	0.9195905208	0.9212081620	0.9207423101	0.9206787938	0.9189412425
0.9203199787	0.9200944695	0.9214079249	0.9206937580	0.9203823841	0.9209089425	0.9202360743	0.9210368247	0.9211563426	0.9210795610	0.9217796132	0.9221851507	1.0000000000	0.9216089946	0.9221831250	0.9215332586	0.9205825390	0.9204023147	0.9197792402	0.9197804817	0.9205240543	0.9195186402	0.9202189537	0.9203819267	0.9203915326	0.9205054307	0.9210230367	0.9212971633	0.9209750074	0.9201837322	0.9201079961	0.9201614492	0.9203990474	0.9202312387	0.9203895722	0.9203650021	0.9201016575	0.9203478161	0.9201011348	0.9198676534	0.9203502339	0.9202637811	0.9180113030	0.9191842645	0.9208205293	0.9197182070	0.9200736241	0.9200857131	0.9203007669	0.9206947382	0.9208453608	0.9209902330	0.9209734391	0.9212797813	0.9202354209	0.9201931420	0.9209275008	0.9213448006	0.9206354693	0.9201111327	0.9182783070	0.9193496553	0.9191832843	0.9199958623	0.9214444533	0.9220565497	0.9196778231	0.9199451538	0.9200252027	0.9202718186	0.9202772423	0.9199083639	0.9208826081	0.9208188303	0.9197615967	0.9195053749	0.9205573155	0.9199195381	0.9204282570	0.9195400737	0.9201725580	0.9200603588	0.9191625696	0.9207221182	0.9210725690	0.9211287012	0.9221337887	0.9208488895	0.9203171688	0.9203873504	0.9197971450	0.9196637737	0.9208581033	0.9205300008	0.9207287181	0.9210615255	0.9213110820	0.9219485980	0.9221213730	0.9216531686	0.9208050423	0.9201150535	0.9201480532	0.9206880076	0.9205034050	0.9208271293	0.9196016296
0.9208813665	0.9208843071	0.9216565666	0.9207519813	0.9209269127	0.9206055408	0.9202658068	0.9214658215	0.9211935245	0.9211942433	0.9222740866	0.9220892880	0.9216089946	1.0000000000	0.9226410047	0.9220345281	0.9205773767	0.9207088529	0.9199063382	0.9201747144	0.9204735418	0.9206306337	0.9201314553	0.9208302659	0.9202120270	0.9203239648	0.9212603082	0.9215880186	0.9214109308	0.9207401537	0.9205610402	0.9201602076	0.9206402396	0.9203600358	0.9200072325	0.9199601834	0.9206305030	0.9201662194	0.9198420377	0.9201619066	0.9208371272	0.9203456596	0.9182807248	0.9192870538	0.9204623677	0.9203093926	0.9206323981	0.9196154176	0.9206980055	0.9215334546	0.9205420898	0.9213664301	0.9211367388	0.9216076224	0.9199981494	0.9205620204	0.9212963792	0.9213148068	0.9203065827	0.9205405215	0.9186073243	0.9192211196	0.9192494798	0.9199330647	0.9216094521	0.9220402785	0.9196649499	0.9197865589	0.9203538279	0.9203297806	0.9201795500	0.9199767812	0.9208026899	0.9213302938	0.9198228260	0.9200091275	0.9205579036	0.9200829686	0.9203631070	0.9201044674	0.9202722107	0.9199369202	0.9204035562	0.9206857204	0.9215639059	0.9215963829	0.9219090637	0.9215106489	0.9208765962	0.9209704331	0.9194396368	0.9195548419	0.9213268304	0.9211504615	0.9206967639	0.9214221703	0.9211079212	0.9218030724	0.9220116569	0.9216301014	0.9214292930	0.9200427154	0.9198752335	0.9211073331	0.9211783642	0.9195194897	0.9198901324
0.9212116254	0.9207784465	0.9218158802	0.9212844209	0.9208052383	0.9212030650	0.9209077663	0.9216751902	0.9220298231	0.9218158149	0.9225612172	0.9221697944	0.9221831250	0.9226410047	1.0000000000	0.9224059550	0.9205273216	0.9213666262	0.9194736167	0.9202950818	0.9206707562	0.9196896507	0.9211992096	0.9209859202	0.9202206527	0.9204379283	0.9219162517	0.9215213656	0.9216234361	0.9210193120	0.9210754442	0.9202953432	0.9212376331	0.9205671827	0.9207239479	0.9207155836	0.9212949416	0.9202411060	0.9207144074	0.9206602355	0.9208393490	0.9202460723	0.9187419371	0.9194583911	0.9209668391	0.9208742438	0.9204449856	0.9204911853	0.9208592795	0.9213287908	0.9210890362	0.9210004923	0.9209933696	0.9209141702	0.9201157723	0.9206499762	0.9212207085	0.9216608794	0.9199598566	0.9210239515	0.9188196989	0.9191975951	0.9202690087	0.9200327828	0.9229098383	0.9229100343	0.9202603831	0.9198801345	0.9208615666	0.9207462962	0.9202769156	0.9206597781	0.9210767511	0.9211930671	0.9200604242	0.9199304509	0.9206931699	0.9200450679	0.9204947140	0.9198903938	0.9202963887	0.9206643523	0.9203158618	0.9213600916	0.9215760602	0.9212714823	0.9215176409	0.9212687378	0.9205650263	0.9209999695	0.9201742570	0.9200763033	0.9214130872	0.9211213171	0.9201504710	0.9216873445	0.9214384415	0.9225769002	0.9222968271	0.9215787394	0.9213165058	0.9208345787	0.9199805713	0.9215979512	0.9209192018	0.9207975275	0.9199539101
0.9206467089	0.9201526274	0.9215983432	0.9206058022	0.9200465055	0.9208547053	0.9203970870	0.9213276146	0.9208604558	0.9205488205	0.9221152304	0.9218925311	0.9215332586	0.9220345281	0.9224059550	1.0000000000	0.9200584638	0.9204058433	0.9195054403	0.9194953116	0.9202132686	0.9194002331	0.9201482493	0.9203876771	0.9202237239	0.9201495562	0.9210310089	0.9208192224	0.9205752203	0.9205279751	0.9198612494	0.9198940532	0.9205982221	0.9203685961	0.9206088735	0.9196786073	0.9211485011	0.9200517985	0.9195892139	0.9200217393	0.9200429768	0.9199984761	0.9182732100	0.9186787475	0.9200919210	0.9196038514	0.9197207555	0.9197673472	0.9203580100	0.9205520224	0.9204566826	0.9208249075	0.9205399334	0.9204607340	0.9199779575	0.9201817718	0.9210749215	0.9210346683	0.9199363974	0.9203885920	0.9183941001	0.9187395847	0.9191221204	0.9195066818	0.9219778077	0.9219574851	0.9194506803	0.9194068331	0.9197557156	0.9196723340	0.9201171445	0.9202305199	0.9208069373	0.9206528514	0.9199484864	0.9193154793	0.9197878005	0.9199072531	0.9197235653	0.9191155858	0.9195590894	0.9194326448	0.9202363357	0.9204186512	0.9211324260	0.9210968124	0.9220724941	0.9202108508	0.9203362498	0.9203033154	0.9201013961	0.9202060152	0.9207595615	0.9204328966	0.9195463469	0.9207134925	0.9208105314	0.9216629051	0.9219803562	0.9217847755	0.9214903916	0.9198933997	0.9196681519	0.9207270845	0.9199511003	0.9197869510	0.9192694104
0.9200790478	0.9201045981	0.9201711204	0.9197840758	0.9194036965	0.9199009798	0.9198449783	0.9209625263	0.9203466398	0.9202843651	0.9205524799	0.9204518470	0.9205825390	0.9205773767	0.9205273216	0.9200584638	1.0000000000	0.9196553441	0.9186484269	0.9191853753	0.9193769046	0.9187562479	0.9199314964	0.9196905002	0.9201005466	0.9202901155	0.9202117656	0.9207372131	0.9196208414	0.9194056568	0.9194346051	0.9186840405	0.9197972757	0.9194360428	0.9199408409	0.9195763407	0.9197515988	0.9200408857	0.9193438395	0.9194875354	0.9199058154	0.9191141482	0.9177001905	0.9185110042	0.9201472691	0.9200995011	0.9192958102	0.9192599352	0.9200071672	0.9204010077	0.9199433894	0.9204317204	0.9200976061	0.9203691842	0.9187812754	0.9193531186	0.9197351316	0.9203496458	0.9196503778	0.9189880303	0.9179219750	0.9189518939	0.9189728047	0.9194381338	0.9204865457	0.9207073500	0.9192990121	0.9188359047	0.9197249376	0.9194419892	0.9195165491	0.9195477191	0.9202731255	0.9199061422	0.9185999402	0.9180342395	0.9196054197	0.9193605027	0.9193209684	0.9188538749	0.9194438843	0.9194554505	0.9190289369	0.9199275757	0.9199686783	0.9204375362	0.9204608647	0.9199845574	0.9202345060	0.9200674815	0.9191576033	0.9191691695	0.9203919900	0.9195591547	0.9193153486	0.9202945590	0.9199661952	0.9212915436	0.9214001487	0.9203213509	0.9195677150	0.9190039747	0.9190530496	0.9198911126	0.9200174265	0.9196307086	0.9191934129
0.9197025239	0.9197510760	0.9202354209	0.9199661298	0.9193005804	0.9206122061	0.9193904312	0.9201612531	0.9201262930	0.9200654558	0.9206515445	0.9201407998	0.9204023147	0.9207088529	0.9213666262	0.9204058433	0.9196553441	1.0000000000	0.9188896845	0.9191835457	0.9195641863	0.9185538059	0.9193341029	0.9201868688	0.9193690631	0.9198095607	0.9199485518	0.9201914430	0.9201886985	0.9196709618	0.9196912844	0.9193279604	0.9194148706	0.9195198164	0.9196642965	0.9193225367	0.9193535107	0.9197529711	0.9194946582	0.9195046561	0.9204283224	0.9190320735	0.9176871213	0.9186560724	0.9201352454	0.9191668824	0.9195377212	0.9188649837	0.9198299487	0.9203433725	0.9196251542	0.9202128111	0.9197400325	0.9199086253	0.9190830434	0.9188912528	0.9201247247	0.9203521289	0.9199601180	0.9199895237	0.9177089469	0.9183812923	0.9188260375	0.9193811521	0.9201633442	0.9206018815	0.9186429379	0.9190183509	0.9195355648	0.9194553198	0.9193922609	0.9195945069	0.9201134198	0.9202260764	0.9191693656	0.9192512442	0.9195366757	0.9188189148	0.9193719383	0.9185752394	0.9193078338	0.9188647223	0.9193325346	0.9194847909	0.9203927741	0.9201611224	0.9205794024	0.9200955150	0.9198115865	0.9197930282	0.9195175293	0.9195405964	0.9198829443	0.9200849289	0.9197147436	0.9202812284	0.9200593786	0.9207209420	0.9212910208	0.9207112054	0.9202610365	0.9195253055	0.9195328202	0.9196910230	0.9205552244	0.9193927183	0.9190982691
0.9190935642	0.9191165006	0.9195162877	0.9185378614	0.9182647803	0.9188527640	0.9186648941	0.9194148053	0.9191887733	0.9193008418	0.9196186196	0.9199937059	0.9197792402	0.9199063382	0.9194736167	0.9195054403	0.9186484269	0.9188896845	1.0000000000	0.9185690968	0.9190516773	0.9176510503	0.9184548720	0.9188709955	0.9184599036	0.9185221784	0.9195409885	0.9190010342	0.9191200947	0.9190384774	0.9186218964	0.9180431919	0.9185809898	0.9185305427	0.9180639066	0.9183093463	0.9189292189	0.9184531730	0.9184555908	0.9181226527	0.9190938909	0.9183572450	0.9167411067	0.9174139095	0.9190687327	0.9186560724	0.9186203281	0.9183181027	0.9191504152	0.9196665836	0.9192888181	0.9194088588	0.9191399598	0.9195026304	0.9181983234	0.9185856294	0.9191934783	0.9196869716	0.9187251432	0.9185723641	0.9166663508	0.9174215550	0.9182551091	0.9182132223	0.9196742291	0.9194099043	0.9180491384	0.9185084557	0.9182820317	0.9185090438	0.9183356808	0.9186291498	0.9192931310	0.9192348423	0.9178108867	0.9176200109	0.9185951046	0.9181056627	0.9183682885	0.9180003902	0.9185177349	0.9183541737	0.9183569836	0.9185641305	0.9192055019	0.9193273723	0.9195436023	0.9190773583	0.9185921640	0.9185447228	0.9182524953	0.9182458953	0.9192594778	0.9188083940	0.9184508859	0.9194630307	0.9189659433	0.9201352454	0.9203902256	0.9197010210	0.9193100556	0.9181653890	0.9183452866	0.9187088067	0.9191861595	0.9183429342	0.9177464555
0.9190865721	0.9194046113	0.9199922029	0.9195143273	0.9189786858	0.9199872366	0.9188681857	0.9202130072	0.9199276410	0.9194161776	0.9198472654	0.9200874774	0.9197804817	0.9201747144	0.9202950818	0.9194953116	0.9191853753	0.9191835457	0.9185690968	1.0000000000	0.9189670542	0.9183138552	0.9191235580	0.9194065063	0.9186347043	0.9195446479	0.9200055335	0.9201143347	0.9198670652	0.9192077890	0.9191638112	0.9190094638	0.9192988161	0.9196120850	0.9194970106	0.9191113383	0.9193810867	0.9193471721	0.9186239875	0.9189066091	0.9197033734	0.9190657921	0.9173700623	0.9180436493	0.9195455627	0.9193955936	0.9195459548	0.9188973953	0.9194619198	0.9202445693	0.9191043463	0.9193013646	0.9196944210	0.9189940421	0.9185956927	0.9191387836	0.9193060695	0.9199079065	0.9193114932	0.9195544498	0.9169404775	0.9180438454	0.9186000709	0.9188051921	0.9203536319	0.9200597707	0.9188639382	0.9188548551	0.9190435091	0.9187718003	0.9186529358	0.9191194412	0.9199896544	0.9195143273	0.9183565915	0.9178487874	0.9190838276	0.9188747203	0.9191032354	0.9180345662	0.9183424114	0.9188410671	0.9190169133	0.9194403556	0.9196092751	0.9200931625	0.9198641247	0.9199307123	0.9197093852	0.9194659059	0.9185902690	0.9186658743	0.9197908064	0.9194826998	0.9192128860	0.9199058808	0.9199284252	0.9201888945	0.9209113603	0.9203035768	0.9199676328	0.9192232761	0.9191668824	0.9195241292	0.9197267673	0.9189483653	0.9177429922
0.9195286381	0.9195122362	0.9203408240	0.9196522728	0.9196305126	0.9204210690	0.9198765404	0.9199988682	0.9198170102	0.9199177084	0.9205254919	0.9201108060	0.9205240543	0.9204735418	0.9206707562	0.9202132686	0.9193769046	0.9195641863	0.9190516773	0.9189670542	1.0000000000	0.9188856984	0.9192552303	0.9196616826	0.9197302306	0.9188891617	0.9205616937	0.9199022868	0.9197796976	0.9199394687	0.9189888798	0.9188368849	0.9199366588	0.9197542126	0.9197081437	0.9194100350	0.9198019806	0.9187090681	0.9190850038	0.9194018668	0.9201310632	0.9185224398	0.9174874892	0.9180276395	0.9198446516	0.9192747687	0.9195483726	0.9188164316	0.9192272622	0.9199086253	0.9192466046	0.9195885604	0.9197830956	0.9194657752	0.9188909914	0.9185766116	0.9200121335	0.9200827072	0.9194274824	0.9197952499	0.9175043485	0.9181482030	0.9186349003	0.9186475121	0.9204457044	0.9207587773	0.9183528668	0.9186583595	0.9190765088	0.9193910847	0.9192177216	0.9189875075	0.9196869062	0.9200299729	0.9189016428	0.9184638897	0.9189534622	0.9191860942	0.9193655997	0.9184894400	0.9185443960	0.9188443997	0.9191604785	0.9194240844	0.9205750242	0.9200493153	0.9201215227	0.9197791748	0.9195530122	0.9192266740	0.9188684471	0.9186975672	0.9203900950	0.9196599836	0.9197034388	0.9203787901	0.9199959276	0.9212901713	0.9211078559	0.9204466193	0.9204196314	0.9189814304	0.9192610461	0.9197312108	0.9201285801	0.9191990980	0.9188123801
0.9193482830	0.9192104682	0.9193589344	0.9186421537	0.9188396948	0.9193750096	0.9194358467	0.9190921265	0.9194517258	0.9198297527	0.9201471384	0.9193334495	0.9195186402	0.9206306337	0.9196896507	0.9194002331	0.9187562479	0.9185538059	0.9176510503	0.9183138552	0.9188856984	1.0000000000	0.9189716284	0.9190146261	0.9187980040	0.9188294355	0.9198129587	0.9195775169	0.9193750749	0.9188660946	0.9190931721	0.9182861485	0.9189673156	0.9188736094	0.9185841918	0.9186511061	0.9195143273	0.9179773231	0.9182811168	0.9189028844	0.9195928733	0.9189900560	0.9167983498	0.9176189654	0.9192817608	0.9186699258	0.9186848900	0.9177177033	0.9188235543	0.9194447991	0.9191083324	0.9193453425	0.9193701086	0.9191748546	0.9186269934	0.9187757864	0.9188910568	0.9194921097	0.9188947815	0.9190526575	0.9176630086	0.9175908013	0.9178763635	0.9185123765	0.9199750822	0.9197962301	0.9181463733	0.9186545695	0.9186022273	0.9191417242	0.9187091987	0.9185771344	0.9190126658	0.9194280052	0.9185594910	0.9182402756	0.9184572244	0.9183810309	0.9187361867	0.9181506861	0.9185551128	0.9187559212	0.9180026774	0.9187435708	0.9195602002	0.9197020665	0.9198210616	0.9185373387	0.9192403967	0.9192385670	0.9181186666	0.9182694199	0.9198068162	0.9191326411	0.9187591885	0.9194810662	0.9201006120	0.9197069674	0.9205576422	0.9196794568	0.9197940084	0.9179594183	0.9189317020	0.9193750749	0.9191219897	0.9182070144	0.9179231512
0.9197202980	0.9194136291	0.9206934966	0.9194045460	0.9189133398	0.9197201020	0.9190009688	0.9198059013	0.9199965157	0.9201853005	0.9201809223	0.9201794847	0.9202189537	0.9201314553	0.9211992096	0.9201482493	0.9199314964	0.9193341029	0.9184548720	0.9191235580	0.9192552303	0.9189716284	1.0000000000	0.9199869099	0.9193444930	0.9197387256	0.9203448101	0.9200252027	0.9198304715	0.9194473476	0.9188594293	0.9188867439	0.9194675396	0.9191912565	0.9193630512	0.9188686431	0.9196720073	0.9193372395	0.9192511788	0.9193220793	0.9199262034	0.9196729875	0.9176551018	0.9184409533	0.9199775001	0.9196018257	0.9194270250	0.9189532009	0.9194315992	0.9206751997	0.9200632341	0.9202219596	0.9193559285	0.9200551311	0.9191639418	0.9189060210	0.9205564006	0.9199735139	0.9191419856	0.9200384026	0.9176809788	0.9182606635	0.9181328467	0.9187654617	0.9201850391	0.9204347263	0.9186624110	0.9191789714	0.9191332946	0.9191995554	0.9189569256	0.9195435370	0.9198481149	0.9194400942	0.9189386940	0.9181327813	0.9191964842	0.9193716116	0.9190790573	0.9183707063	0.9187714735	0.9195082501	0.9190961127	0.9194834840	0.9200099770	0.9201016575	0.9204169522	0.9201138119	0.9196598529	0.9189304604	0.9190069153	0.9191025166	0.9205935172	0.9201453087	0.9197989093	0.9202566583	0.9207696901	0.9207848504	0.9211910414	0.9209770331	0.9203180183	0.9190572971	0.9190388042	0.9196319502	0.9198144617	0.9188247305	0.9181333694
0.9202143141	0.9197953806	0.9207715198	0.9198952947	0.9196439085	0.9198672613	0.9198781741	0.9204574014	0.9203530437	0.9201923578	0.9212029344	0.9204796844	0.9203819267	0.9208302659	0.9209859202	0.9203876771	0.9196905002	0.9201868688	0.9188709955	0.9194065063	0.9196616826	0.9190146261	0.9199869099	1.0000000000	0.9195138699	0.9196282908	0.9202371199	0.9207701475	0.9202665909	0.9197097773	0.9194883196	0.9192754222	0.9204287798	0.9199746248	0.9198296220	0.9199715536	0.9201973895	0.9195225609	0.9192162840	0.9198630138	0.9203615387	0.9194764266	0.9179204067	0.9184795074	0.9204713854	0.9195439291	0.9197289237	0.9190195924	0.9200339590	0.9207051282	0.9203039689	0.9204870031	0.9203206975	0.9201914430	0.9188863519	0.9196232592	0.9204829517	0.9204464886	0.9192419650	0.9200356580	0.9179994754	0.9181746681	0.9190747445	0.9193307049	0.9206207665	0.9202886126	0.9195041987	0.9196938982	0.9194997551	0.9192966597	0.9195939188	0.9194951809	0.9203493190	0.9206232496	0.9187765052	0.9190464497	0.9196322116	0.9195026957	0.9197079476	0.9183947536	0.9195666041	0.9191624389	0.9191577993	0.9199568507	0.9206061943	0.9209644866	0.9211111885	0.9197425157	0.9203163193	0.9199299935	0.9194282666	0.9195709170	0.9206668354	0.9202788760	0.9195529468	0.9212976208	0.9206487999	0.9216795684	0.9212502449	0.9210801491	0.9207534843	0.9191367579	0.9191734170	0.9198563485	0.9204309362	0.9191654448	0.9190359290
0.9194233003	0.9196048969	0.9196840963	0.9196530570	0.9198451090	0.9199062729	0.9194379378	0.9198126320	0.9198368754	0.9200985863	0.9199256153	0.9204285184	0.9203915326	0.9202120270	0.9202206527	0.9202237239	0.9201005466	0.9193690631	0.9184599036	0.9186347043	0.9197302306	0.9187980040	0.9193444930	0.9195138699	1.0000000000	0.9198855582	0.9200140938	0.9204755022	0.9196611599	0.9198815721	0.9198490951	0.9193095982	0.9199064689	0.9196866448	0.9192813033	0.9192666658	0.9198355685	0.9194223854	0.9190529843	0.9189860046	0.9198234141	0.9192739192	0.9177740969	0.9183920091	0.9199135263	0.9186786821	0.9195166144	0.9193276990	0.9196629896	0.9205538521	0.9194953116	0.9200815309	0.9196080989	0.9196322769	0.9188760925	0.9195498756	0.9197268326	0.9203944078	0.9191153897	0.9193182238	0.9172709324	0.9184413453	0.9183844943	0.9189580365	0.9203936890	0.9202169279	0.9189161497	0.9183010474	0.9194683237	0.9190859187	0.9189981589	0.9192062861	0.9199727298	0.9205381037	0.9190329884	0.9188274751	0.9197219317	0.9191834803	0.9191397638	0.9187177591	0.9194336250	0.9192916280	0.9185199566	0.9192007317	0.9205026208	0.9201270771	0.9207823019	0.9200490540	0.9195264817	0.9193137150	0.9187587964	0.9192811073	0.9203149470	0.9201302137	0.9190218796	0.9201268158	0.9199721417	0.9206222041	0.9210721769	0.9203729089	0.9204652429	0.9187323312	0.9191657715	0.9196870369	0.9200676776	0.9193412910	0.9186618229
0.9202884165	0.9195525547	0.9205765272	0.9196473719	0.9195959445	0.9199843614	0.9196672371	0.9205437888	0.9205743054	0.9204428946	0.9208211828	0.9203184103	0.9205054307	0.9203239648	0.9204379283	0.9201495562	0.9202901155	0.9198095607	0.9185221784	0.9195446479	0.9188891617	0.9188294355	0.9197387256	0.9196282908	0.9198855582	1.0000000000	0.9199237203	0.9208658141	0.9202033360	0.9196475679	0.9197366345	0.9196124771	0.9200663707	0.9202583573	0.9197283356	0.9192641173	0.9192413769	0.9191315302	0.9194912602	0.9190188736	0.9201964746	0.9192633985	0.9180369840	0.9185793562	0.9203729743	0.9194434269	0.9190822593	0.9192309215	0.9199026135	0.9206376911	0.9197835530	0.9205962617	0.9201986311	0.9204004196	0.9190789920	0.9192080504	0.9203114837	0.9208103353	0.9199045739	0.9196885399	0.9174899070	0.9178194471	0.9188346631	0.9192816954	0.9201271425	0.9206925818	0.9191340787	0.9193378930	0.9203535665	0.9194127142	0.9196903695	0.9191187877	0.9203226578	0.9198053786	0.9189443138	0.9184619947	0.9193538374	0.9195220381	0.9190325310	0.9188486472	0.9194593059	0.9195589587	0.9189054329	0.9198798731	0.9195965980	0.9204099601	0.9205817549	0.9202718186	0.9197529057	0.9197923747	0.9191466251	0.9191499578	0.9206027963	0.9204063008	0.9196297938	0.9205435275	0.9205924716	0.9209708252	0.9217676548	0.9207998146	0.9203812732	0.9195000819	0.9197408820	0.9199524072	0.9200872161	0.9192822835	0.9193332534
0.9204411302	0.9203064520	0.9213951171	0.9205868519	0.9205137297	0.9206671622	0.9200133750	0.9211263488	0.9211546436	0.9211911721	0.9214943123	0.9212793239	0.9210230367	0.9212603082	0.9219162517	0.9210310089	0.9202117656	0.9199485518	0.9195409885	0.9200055335	0.9205616937	0.9198129587	0.9203448101	0.9202371199	0.9200140938	0.9199237203	1.0000000000	0.9210790383	0.9212169184	0.9205488858	0.9201563522	0.9198331506	0.9206376911	0.9202049696	0.9205741094	0.9196809597	0.9204613221	0.9201359642	0.9200214126	0.9205039931	0.9215118251	0.9198275309	0.9183440451	0.9191136907	0.9205498660	0.9205803826	0.9200985863	0.9194472823	0.9207861573	0.9209106415	0.9206702334	0.9209626570	0.9209382829	0.9207460348	0.9193876213	0.9196129998	0.9206882036	0.9212327975	0.9198933997	0.9206102458	0.9178357836	0.9183680271	0.9195740536	0.9197927668	0.9212025423	0.9210499593	0.9192678421	0.9194442110	0.9199793297	0.9199043125	0.9201239405	0.9201992845	0.9209369760	0.9206406970	0.9196745558	0.9194244765	0.9200436956	0.9195819605	0.9202124844	0.9189467316	0.9196740984	0.9195441251	0.9198392932	0.9202663949	0.9207890979	0.9208596063	0.9216776733	0.9207759633	0.9203865663	0.9200190601	0.9197835530	0.9194208171	0.9204524351	0.9206580791	0.9199462646	0.9209237761	0.9211969879	0.9215511634	0.9219827087	0.9212573023	0.9213770815	0.9194808048	0.9193913461	0.9206733700	0.9206553999	0.9200154008	0.9191864209
0.9210230367	0.9206958491	0.9216165748	0.9204236828	0.9202078448	0.9203770911	0.9196525995	0.9208029512	0.9209642906	0.9206750037	0.9217323680	0.9211246498	0.9212971633	0.9215880186	0.9215213656	0.9208192224	0.9207372131	0.9201914430	0.9190010342	0.9201143347	0.9199022868	0.9195775169	0.9200252027	0.9207701475	0.9204755022	0.9208658141	0.9210790383	1.0000000000	0.9210452544	0.9201862807	0.9196553441	0.9200700300	0.9205402602	0.9205841727	0.9196920032	0.9199935098	0.9204944526	0.9200593133	0.9200311492	0.9203308914	0.9206934966	0.9199384231	0.9182121114	0.9189726086	0.9208307886	0.9203878078	0.9201404731	0.9197119991	0.9205322879	0.9208773804	0.9204115285	0.9209465165	0.9205036664	0.9206147546	0.9194355200	0.9199536487	0.9209518749	0.9210041517	0.9198554336	0.9205545056	0.9183694647	0.9192848974	0.9196372432	0.9197920480	0.9209865736	0.9211730059	0.9193853996	0.9195360222	0.9203044263	0.9200115453	0.9200195829	0.9202058845	0.9209141702	0.9210981846	0.9196616826	0.9194076826	0.9203020085	0.9200867586	0.9195852278	0.9197153971	0.9200885883	0.9195121709	0.9195445172	0.9202322189	0.9212139125	0.9213692400	0.9216671526	0.9208641151	0.9206830413	0.9207700822	0.9198718355	0.9195083155	0.9212797813	0.9211061569	0.9203526517	0.9208632003	0.9211501348	0.9217170770	0.9218599234	0.9210521810	0.9209295265	0.9199714882	0.9196067920	0.9210229060	0.9206772908	0.9198289685	0.9194426427
