0.4798638544	-0.0041481793	-0.0022572390	-0.0029611959	-0.0045922011	-0.0042320364	-0.0030655994	-0.0036746278	-0.0047515554	-0.0042303746	-0.0038080112	-0.0038070122	-0.0045983400	-0.0037838137	-0.0032715593	-0.0038995906	-0.0041917098	-0.0057595529	-0.0038146249	-0.0052880058	-0.0053037323	-0.0044274198	-0.0047108444	-0.0046908675	-0.0054602099	-0.0025015478	-0.0047670525	-0.0032823565	-0.0042525505	-0.0044223820	-0.0046342422	-0.0050747056	-0.0045304962	-0.0051415349	-0.0049778811	-0.0055399194	-0.0052307455	-0.0051436609	-0.0042991178	-0.0053165259	-0.0030609440	-0.0058943910	-0.0058144237	-0.0040255116	-0.0045419314	-0.0052595146	-0.0031116949	-0.0055629624	-0.0037721001	-0.0040751743	-0.0044948861	-0.0054758313	-0.0044198059	-0.0054695823	-0.0042363055	-0.0050567379	-0.0036851214	-0.0032688671	-0.0058956993	-0.0035117472	-0.0044327427	-0.0043064259	-0.0060946125	-0.0054673798	-0.0044334298	-0.0042352804	-0.0055407831	-0.0042583639	-0.0039439595	-0.0043957477	-0.0041681065	-0.0046418341	-0.0045604708	-0.0019710249	-0.0058440954	-0.0041355644	-0.0055674111	-0.0051946657	-0.0048757603	-0.0058706056	-0.0044556758	-0.0054773902	-0.0049840595	-0.0050270914	-0.0047151721	-0.0043987424	-0.0033655526	-0.0047144449	-0.0046843371	-0.0049372089	-0.0052673155	-0.0057738081	-0.0046793945	-0.0044953760	-0.0053545880	-0.0039813319	-0.0033643530	-0.0039591206	-0.0029045610	-0.0053505013	-0.0048103284	-0.0047387854	-0.0054197637	-0.0048020397	-0.0047413910	-0.0040236922	-0.0050233113
-0.0041481793	0.4857106898	-0.0054654558	-0.0027249376	-0.0040341450	-0.0042382534	-0.0044286911	-0.0032384950	-0.0048257313	-0.0038531072	-0.0036044545	-0.0030724646	-0.0051524075	-0.0038534934	-0.0038794822	-0.0046426986	-0.0038085550	-0.0047025857	-0.0047020825	-0.0047081049	-0.0048680894	-0.0047758697	-0.0051396593	-0.0049032573	-0.0041236973	-0.0050589802	-0.0052590216	-0.0037296264	-0.0038166396	-0.0057506544	-0.0036096652	-0.0045064658	-0.0052522403	-0.0035883008	-0.0043831131	-0.0053450418	-0.0046308825	-0.0044739621	-0.0041031629	-0.0055968671	-0.0049167105	-0.0049634283	-0.0054348164	-0.0054669643	-0.0057179671	-0.0047764395	-0.0037298912	-0.0054548652	-0.0042974501	-0.0038971227	-0.0038537498	-0.0047754122	-0.0054219634	-0.0041064168	-0.0037356908	-0.0044088772	-0.0050086234	-0.0040986732	-0.0041960761	-0.0035901257	-0.0056770092	-0.0059841748	-0.0050813868	-0.0041464620	-0.0051018596	-0.0040303480	-0.0029322246	-0.0045175249	-0.0044240910	-0.0050457758	-0.0046759083	-0.0046594489	-0.0050582360	-0.0044394713	-0.0054993070	-0.0049688479	-0.0057134422	-0.0050991234	-0.0048565574	-0.0061340999	-0.0048403044	-0.0061483321	-0.0052734049	-0.0052888596	-0.0049579113	-0.0038551231	-0.0036242823	-0.0053204172	-0.0050628032	-0.0058069629	-0.0049361815	-0.0037804061	-0.0039096133	-0.0046565118	-0.0052275071	-0.0049363336	-0.0043020074	-0.0040399518	-0.0029931088	-0.0023993509	-0.0044584636	-0.0050359900	-0.0052836324	-0.0049180935	-0.0037192343	-0.0052562387	-0.0037845796
-0.0022572390	-0.0054654558	0.4443689543	-0.0033896039	-0.0054404934	-0.0038200291	-0.0036913796	-0.0031904632	-0.0047103886	-0.0040957456	-0.0034886384	-0.0029274421	-0.0030394659	-0.0027223723	-0.0037638764	-0.0021663598	-0.0052267840	-0.0051636667	-0.0050333302	-0.0047522683	-0.0044615029	-0.0057420115	-0.0037567400	-0.0040253628	-0.0064485019	-0.0039324111	-0.0034520305	-0.0028340487	-0.0039286508	-0.0050636642	-0.0039991088	-0.0048402826	-0.0027754577	-0.0046885240	-0.0041501814	-0.0049402323	-0.0037991785	-0.0036943121	-0.0048830062	-0.0038695767	-0.0040541541	-0.0044625522	-0.0054159481	-0.0058285388	-0.0054053765	-0.0041078318	-0.0044684859	-0.0046725393	-0.0032882481	-0.0030809287	-0.0050769799	-0.0035442688	-0.0056967553	-0.0053040304	-0.0052273456	-0.0033614160	-0.0030837270	-0.0035101248	-0.0033929372	-0.0049238323	-0.0053028067	-0.0052698700	-0.0049170440	-0.0043105907	-0.0024944928	-0.0027547107	-0.0038257657	-0.0064925258	-0.0041553446	-0.0040687096	-0.0044828716	-0.0035287918	-0.0022752017	-0.0038184240	-0.0035139734	-0.0042433154	-0.0035813803	-0.0049905722	-0.0037620845	-0.0057667722	-0.0055419825	-0.0059613657	-0.0050595696	-0.0051054133	-0.0042613917	-0.0018134782	-0.0033221153	-0.0045558152	-0.0044067776	-0.0026414218	-0.0030929620	-0.0054889415	-0.0041518177	-0.0022159844	-0.0046680921	-0.0030942933	-0.0046061276	-0.0036634630	-0.0040251142	-0.0030576357	-0.0032723882	-0.0034422260	-0.0060983149	-0.0046813197	-0.0039989735	-0.0057191426	-0.0053317714
-0.0029611959	-0.0027249376	-0.0033896039	0.4816545728	-0.0053140782	-0.0047377052	-0.0049737797	-0.0039618182	-0.0052244432	-0.0043546241	-0.0040057175	-0.0044915053	-0.0030811819	-0.0035429751	-0.0028799417	-0.0035792500	-0.0050093925	-0.0049627231	-0.0061797775	-0.0050302593	-0.0048564118	-0.0060051186	-0.0053351465	-0.0053822377	-0.0045757965	-0.0054390691	-0.0036633830	-0.0041924426	-0.0051092873	-0.0043289973	-0.0049207708	-0.0043331611	-0.0040019928	-0.0045152947	-0.0049009419	-0.0044723492	-0.0037567983	-0.0044172604	-0.0057169549	-0.0043104931	-0.0038474889	-0.0041065200	-0.0056524477	-0.0057500055	-0.0043252449	-0.0048765975	-0.0044952894	-0.0048372627	-0.0054791455	-0.0037361091	-0.0051048831	-0.0048280161	-0.0045254495	-0.0050264256	-0.0045332657	-0.0050948061	-0.0034619889	-0.0038312289	-0.0056879273	-0.0035530240	-0.0057867932	-0.0054874235	-0.0036774809	-0.0052556262	-0.0042153442	-0.0034261353	-0.0047937474	-0.0054441935	-0.0038818021	-0.0048345776	-0.0050326498	-0.0051655951	-0.0047100493	-0.0031822542	-0.0056437485	-0.0061977074	-0.0029657774	-0.0052461533	-0.0059730611	-0.0049242704	-0.0054947347	-0.0039434383	-0.0036584886	-0.0038186138	-0.0037258513	-0.0045362766	-0.0037318293	-0.0043196805	-0.0034890985	-0.0049340692	-0.0046074053	-0.0058340813	-0.0050485928	-0.0042617972	-0.0057394407	-0.0038437409	-0.0033608861	-0.0025129260	-0.0040223690	-0.0049828021	-0.0040218052	-0.0043001435	-0.0047070667	-0.0042178871	-0.0039638299	-0.0057890212	-0.0055523625
-0.0045922011	-0.0040341450	-0.0054404934	-0.0053140782	0.5079431258	-0.0036689205	-0.0047010237	-0.0046046208	-0.0039205655	-0.0051274172	-0.0041816657	-0.0038453082	-0.0033117220	-0.0030064313	-0.0045102592	-0.0052528240	-0.0048333717	-0.0051945521	-0.0060702020	-0.0046977349	-0.0040971456	-0.0050418665	-0.0060415989	-0.0050698854	-0.0035825444	-0.0050376413	-0.0031226372	-0.0048355651	-0.0040740250	-0.0050072546	-0.0035780899	-0.0047180428	-0.0050553387	-0.0051731097	-0.0043010523	-0.0046252866	-0.0037266965	-0.0052037974	-0.0062238945	-0.0056809822	-0.0045849806	-0.0049185884	-0.0053501082	-0.0064687981	-0.0045966829	-0.0047921465	-0.0046339269	-0.0054291323	-0.0048898717	-0.0041554411	-0.0049359188	-0.0059245083	-0.0053897317	-0.0039799392	-0.0055732168	-0.0052380635	-0.0058841602	-0.0037019528	-0.0043615208	-0.0043455593	-0.0043686858	-0.0046680177	-0.0052495595	-0.0062319116	-0.0046285545	-0.0059850352	-0.0057730748	-0.0052187231	-0.0050230448	-0.0055624864	-0.0047808086	-0.0049827263	-0.0045771057	-0.0041564690	-0.0048414780	-0.0056827582	-0.0046871618	-0.0047322995	-0.0051865512	-0.0053031815	-0.0040664701	-0.0058707616	-0.0044852387	-0.0039458437	-0.0046709965	-0.0048256476	-0.0041135301	-0.0046865057	-0.0058282486	-0.0047941995	-0.0037691253	-0.0059377829	-0.0038929178	-0.0046962464	-0.0048282180	-0.0040943495	-0.0043830368	-0.0047366043	-0.0039004226	-0.0044341740	-0.0034403995	-0.0048770398	-0.0055461225	-0.0060977559	-0.0038986870	-0.0054654353	-0.0053594936
-0.0042320364	-0.0042382534	-0.0038200291	-0.0047377052	-0.0036689205	0.4774260537	-0.0052557538	-0.0048121856	-0.0031550931	-0.0048873742	-0.0044844200	-0.0048805240	-0.0029303522	-0.0046783544	-0.0032714878	-0.0031985730	-0.0051653814	-0.0035033465	-0.0059747902	-0.0041725836	-0.0027673000	-0.0050987969	-0.0048207691	-0.0054907445	-0.0048751023	-0.0050175494	-0.0045717053	-0.0053245325	-0.0041008294	-0.0048323650	-0.0044418917	-0.0042397290	-0.0042058349	-0.0046289272	-0.0037141671	-0.0046996196	-0.0042040912	-0.0047927637	-0.0047111139	-0.0057227050	-0.0045069712	-0.0053366377	-0.0060659983	-0.0053068394	-0.0043096826	-0.0044050856	-0.0036759110	-0.0046683501	-0.0034587168	-0.0044511731	-0.0049180822	-0.0040907836	-0.0046679894	-0.0035744714	-0.0046478026	-0.0049119241	-0.0034302301	-0.0043254020	-0.0048175368	-0.0037965911	-0.0062452634	-0.0048231083	-0.0039676902	-0.0055133663	-0.0032166954	-0.0030909263	-0.0051617683	-0.0050603497	-0.0036692618	-0.0040666761	-0.0055919892	-0.0030852735	-0.0033359651	-0.0042981375	-0.0047529949	-0.0050547152	-0.0057591099	-0.0048430287	-0.0055264130	-0.0046738378	-0.0054149087	-0.0057904250	-0.0048666578	-0.0045994390	-0.0044220537	-0.0040858523	-0.0031143660	-0.0033211431	-0.0045555778	-0.0049355879	-0.0042327347	-0.0043985852	-0.0042448947	-0.0039195460	-0.0047442012	-0.0045820307	-0.0041603816	-0.0039964516	-0.0036907515	-0.0042309428	-0.0047007117	-0.0066196062	-0.0061966115	-0.0041332373	-0.0041375505	-0.0041429592	-0.0057583941
-0.0030655994	-0.0044286911	-0.0036913796	-0.0049737797	-0.0047010237	-0.0052557538	0.5043301161	-0.0034628706	-0.0032328347	-0.0049962038	-0.0046582263	-0.0048829314	-0.0047345853	-0.0055216768	-0.0042680418	-0.0033249340	-0.0043033288	-0.0052880992	-0.0058948723	-0.0055747224	-0.0042733099	-0.0031163730	-0.0063492627	-0.0045546951	-0.0044679860	-0.0047424229	-0.0050947462	-0.0059541141	-0.0041935255	-0.0028332923	-0.0032710846	-0.0045757804	-0.0041697389	-0.0051740275	-0.0050251683	-0.0048702447	-0.0041224963	-0.0060272220	-0.0040676756	-0.0055787214	-0.0032678316	-0.0047010705	-0.0052301390	-0.0056925506	-0.0046267649	-0.0048567779	-0.0045335302	-0.0044975195	-0.0050124436	-0.0035404345	-0.0044388772	-0.0046516119	-0.0043311776	-0.0048927650	-0.0047801572	-0.0051925957	-0.0056094011	-0.0042087397	-0.0039647926	-0.0030242025	-0.0053738264	-0.0054586408	-0.0063091028	-0.0051456328	-0.0052579516	-0.0047722720	-0.0056517913	-0.0048630817	-0.0047793902	-0.0050790647	-0.0046006741	-0.0044744074	-0.0058336242	-0.0043481147	-0.0051055985	-0.0047221466	-0.0041406153	-0.0049064826	-0.0059679706	-0.0048460835	-0.0056156550	-0.0047902385	-0.0039472673	-0.0053822180	-0.0058139691	-0.0055928803	-0.0026008360	-0.0060589299	-0.0049794613	-0.0049049081	-0.0051339992	-0.0056735686	-0.0051563640	-0.0049366735	-0.0051882998	-0.0044185360	-0.0043785979	-0.0050932175	-0.0043693678	-0.0030852481	-0.0038715719	-0.0061341110	-0.0050082640	-0.0053334763	-0.0041985116	-0.0058815885	-0.0053710602
-0.0036746278	-0.0032384950	-0.0031904632	-0.0039618182	-0.0046046208	-0.0048121856	-0.0034628706	0.4663518407	-0.0031593553	-0.0041838382	-0.0041417499	-0.0044897386	-0.0038623836	-0.0033458629	-0.0030161650	-0.0031657616	-0.0027984437	-0.0054668071	-0.0052352945	-0.0042910949	-0.0052476736	-0.0055859442	-0.0046723416	-0.0049898857	-0.0058124804	-0.0040036090	-0.0032983341	-0.0047678875	-0.0050449764	-0.0033234668	-0.0043668770	-0.0048604650	-0.0045381309	-0.0054484368	-0.0034658864	-0.0036449155	-0.0034015051	-0.0048002888	-0.0050277595	-0.0049951875	-0.0037656876	-0.0049151666	-0.0051178220	-0.0061321588	-0.0041843764	-0.0048242172	-0.0042918410	-0.0052930737	-0.0037581841	-0.0040003050	-0.0031208829	-0.0039285601	-0.0034566205	-0.0042231679	-0.0047164301	-0.0049477064	-0.0036559009	-0.0038076062	-0.0044186789	-0.0055147468	-0.0052564287	-0.0040413996	-0.0052037538	-0.0040750016	-0.0037622132	-0.0031766607	-0.0036945183	-0.0053837046	-0.0051669123	-0.0048328590	-0.0044468733	-0.0040134314	-0.0052496080	-0.0053048035	-0.0061738161	-0.0052612733	-0.0045295547	-0.0049408189	-0.0052616700	-0.0054642353	-0.0055662752	-0.0053560711	-0.0053035570	-0.0040507925	-0.0042825691	-0.0051355542	-0.0042082222	-0.0033374891	-0.0049877682	-0.0050054510	-0.0040354005	-0.0050404870	-0.0048484565	-0.0032605528	-0.0041603025	-0.0044644400	-0.0025360280	-0.0047932355	-0.0035335632	-0.0040711331	-0.0034236240	-0.0043094429	-0.0051247230	-0.0044134280	-0.0039816906	-0.0041358181	-0.0042754680
-0.0047515554	-0.0048257313	-0.0047103886	-0.0052244432	-0.0039205655	-0.0031550931	-0.0032328347	-0.0031593553	0.4519851136	-0.0017830603	-0.0034912385	-0.0038068233	-0.0029579918	-0.0029850695	-0.0018836480	-0.0038727243	-0.0043357559	-0.0050348552	-0.0046898812	-0.0041147101	-0.0054662968	-0.0045806315	-0.0050317557	-0.0043279393	-0.0048998037	-0.0035690565	-0.0027731626	-0.0041305861	-0.0060798898	-0.0054600411	-0.0048931400	-0.0035576895	-0.0054350766	-0.0042784123	-0.0054465800	-0.0053528948	-0.0042787878	-0.0023570509	-0.0047880283	-0.0045972728	-0.0047801886	-0.0053471398	-0.0060983637	-0.0053439199	-0.0029305212	-0.0049008007	-0.0046582310	-0.0050533070	-0.0036085257	-0.0034052414	-0.0049550571	-0.0046261439	-0.0036827871	-0.0032368611	-0.0042141635	-0.0039174018	-0.0044171727	-0.0037380636	-0.0055217794	-0.0040245038	-0.0057684796	-0.0054157094	-0.0048670988	-0.0040098902	-0.0030207183	-0.0032451158	-0.0054983396	-0.0056715595	-0.0033356687	-0.0045198960	-0.0043981963	-0.0042348152	-0.0038589525	-0.0040473268	-0.0045368578	-0.0046054314	-0.0047526176	-0.0056364605	-0.0043138026	-0.0047226071	-0.0040006467	-0.0033512015	-0.0054455361	-0.0026918854	-0.0040209573	-0.0039002879	-0.0042747173	-0.0048830408	-0.0044754381	-0.0040147597	-0.0052747467	-0.0044464677	-0.0045169560	-0.0044774757	-0.0033576423	-0.0032844118	-0.0047347796	-0.0039468790	-0.0027435388	-0.0044500711	-0.0046028262	-0.0041578435	-0.0030695339	-0.0033401042	-0.0039195546	-0.0042981580	-0.0041461157
-0.0042303746	-0.0038531072	-0.0040957456	-0.0043546241	-0.0051274172	-0.0048873742	-0.0049962038	-0.0041838382	-0.0017830603	0.4668927638	-0.0035082105	-0.0033710587	-0.0032227804	-0.0044837132	-0.0026689060	-0.0047762242	-0.0047563149	-0.0048866795	-0.0049585791	-0.0061834348	-0.0055986382	-0.0040007634	-0.0042147134	-0.0049463740	-0.0040798663	-0.0049838306	-0.0033326820	-0.0047844671	-0.0042511472	-0.0042014373	-0.0032160932	-0.0048382232	-0.0041878069	-0.0054328618	-0.0036012684	-0.0035548829	-0.0053082606	-0.0053334667	-0.0055090560	-0.0038599080	-0.0043897008	-0.0031759917	-0.0048705276	-0.0052454546	-0.0053081199	-0.0046434381	-0.0036287438	-0.0040536691	-0.0044244677	-0.0046374967	-0.0037314281	-0.0037306449	-0.0048363936	-0.0046712981	-0.0039613767	-0.0047271295	-0.0039481518	-0.0030061397	-0.0049707504	-0.0039851763	-0.0057329988	-0.0053319314	-0.0047814747	-0.0049832062	-0.0034875296	-0.0038150060	-0.0043225961	-0.0056863991	-0.0052174493	-0.0052022971	-0.0047904596	-0.0050895401	-0.0041468506	-0.0047280458	-0.0059148234	-0.0047119228	-0.0045308908	-0.0056079430	-0.0050417193	-0.0040376879	-0.0040337955	-0.0043843542	-0.0038005276	-0.0036118368	-0.0034183387	-0.0046779802	-0.0032387909	-0.0046067614	-0.0039570225	-0.0036658563	-0.0048377599	-0.0057587883	-0.0038684968	-0.0047127491	-0.0045275653	-0.0053916805	-0.0038273560	-0.0026393169	-0.0035194156	-0.0041455830	-0.0043952080	-0.0054814588	-0.0044497112	-0.0033433938	-0.0047646755	-0.0041556835	-0.0050083932
-0.0038080112	-0.0036044545	-0.0034886384	-0.0040057175	-0.0041816657	-0.0044844200	-0.0046582263	-0.0041417499	-0.0034912385	-0.0035082105	0.4193705805	-0.0007704024	-0.0005007688	0.0000036974	-0.0004071745	-0.0003112193	-0.0043759876	-0.0046673364	-0.0052980031	-0.0054341460	-0.0042566368	-0.0031370159	-0.0057691171	-0.0036124887	-0.0050886962	-0.0034032390	-0.0022625688	-0.0026550034	-0.0033800613	-0.0047660083	-0.0043821282	-0.0032623303	-0.0037976218	-0.0052131221	-0.0037394840	-0.0036795944	-0.0040753933	-0.0047691972	-0.0022311252	-0.0037723988	-0.0042434244	-0.0051058738	-0.0060294022	-0.0062716270	-0.0042943697	-0.0049650918	-0.0044421960	-0.0048574634	-0.0040227381	-0.0036281241	-0.0052315066	-0.0043625672	-0.0028902318	-0.0040286211	-0.0043654591	-0.0036439472	-0.0025845560	-0.0022601284	-0.0042213255	-0.0034303286	-0.0060212976	-0.0052279804	-0.0034224572	-0.0041162173	-0.0013947447	-0.0015110075	-0.0058830201	-0.0061974208	-0.0039111460	-0.0047205197	-0.0050142514	-0.0037767861	-0.0030846379	-0.0025322807	-0.0032079109	-0.0045116373	-0.0052919554	-0.0036634689	-0.0040748429	-0.0042143138	-0.0050707773	-0.0052856657	-0.0049399489	-0.0030761097	-0.0043193828	-0.0037275201	-0.0031410578	-0.0036824360	-0.0026252681	-0.0051455815	-0.0051606912	-0.0045755618	-0.0048426999	-0.0034698401	-0.0052069651	-0.0036242849	-0.0043209816	-0.0029774199	-0.0033152169	-0.0037090975	-0.0038713515	-0.0052363093	-0.0039192743	-0.0051548393	-0.0039097858	-0.0047025310	-0.0053161996
-0.0038070122	-0.0030724646	-0.0029274421	-0.0044915053	-0.0038453082	-0.0048805240	-0.0048829314	-0.0044897386	-0.0038068233	-0.0033710587	-0.0007704024	0.4366467327	-0.0005074473	-0.0008437355	-0.0016057682	-0.0005350585	-0.0037656533	-0.0055028898	-0.0034377758	-0.0044562712	-0.0047708835	-0.0050833204	-0.0042171839	-0.0045734071	-0.0037014699	-0.0041321756	-0.0034401209	-0.0036400867	-0.0048622668	-0.0032064285	-0.0026562930	-0.0042789544	-0.0054445569	-0.0038018856	-0.0044350665	-0.0038006705	-0.0041455548	-0.0044656722	-0.0041449484	-0.0036175071	-0.0058706877	-0.0049233329	-0.0053689573	-0.0042603266	-0.0034338130	-0.0026243467	-0.0049995843	-0.0041899683	-0.0048059738	-0.0044892205	-0.0036021240	-0.0031726853	-0.0034893156	-0.0043330231	-0.0047480906	-0.0051573330	-0.0027114044	-0.0032232208	-0.0052032998	-0.0039549156	-0.0055595646	-0.0058697840	-0.0062729497	-0.0051131763	-0.0026866236	-0.0024701683	-0.0053835235	-0.0051745239	-0.0052033550	-0.0053937852	-0.0043161291	-0.0056423514	-0.0031465366	-0.0033720307	-0.0055320740	-0.0039418742	-0.0044030092	-0.0050622820	-0.0053824407	-0.0046334435	-0.0059729109	-0.0042243330	-0.0035309896	-0.0037823097	-0.0043880159	-0.0033963481	-0.0026862159	-0.0035580527	-0.0043544774	-0.0038488131	-0.0052397462	-0.0042160256	-0.0039991253	-0.0044567112	-0.0048983599	-0.0038661056	-0.0038228715	-0.0032622938	-0.0047019478	-0.0057405213	-0.0032489178	-0.0036635325	-0.0055384894	-0.0030051388	-0.0049343627	-0.0036201840	-0.0061504213
-0.0045983400	-0.0051524075	-0.0030394659	-0.0030811819	-0.0033117220	-0.0029303522	-0.0047345853	-0.0038623836	-0.0029579918	-0.0032227804	-0.0005007688	-0.0005074473	0.4331604202	-0.0018846016	-0.0013905278	-0.0020714765	-0.0040845385	-0.0033250883	-0.0043365570	-0.0052185628	-0.0039710771	-0.0050927702	-0.0048208378	-0.0045447339	-0.0038549410	-0.0045355893	-0.0032833262	-0.0033362676	-0.0033641067	-0.0046672051	-0.0046958601	-0.0035790569	-0.0053481250	-0.0048698256	-0.0050209498	-0.0039887672	-0.0053815471	-0.0038260639	-0.0038858637	-0.0049620757	-0.0053861326	-0.0047029485	-0.0068442097	-0.0050917147	-0.0046604678	-0.0056014902	-0.0047052366	-0.0044224923	-0.0046453129	-0.0048628150	-0.0036914533	-0.0034009753	-0.0031089997	-0.0028326673	-0.0027020188	-0.0039112015	-0.0037065062	-0.0032320606	-0.0035765249	-0.0053606598	-0.0054780503	-0.0045496655	-0.0052850368	-0.0044312408	-0.0016594990	-0.0017180855	-0.0053833733	-0.0041649258	-0.0048522679	-0.0039994079	-0.0040193825	-0.0053960620	-0.0035167272	-0.0038875669	-0.0045566115	-0.0040417548	-0.0042853604	-0.0046913193	-0.0047450188	-0.0047673698	-0.0045892972	-0.0051623703	-0.0063674066	-0.0036622448	-0.0037916322	-0.0038806756	-0.0019521098	-0.0042520319	-0.0045630942	-0.0044994881	-0.0050998586	-0.0056020234	-0.0045613388	-0.0051555050	-0.0030803233	-0.0042083946	-0.0036060066	-0.0029161470	-0.0031268558	-0.0032577180	-0.0048621143	-0.0048140478	-0.0047836597	-0.0040275440	-0.0050405723	-0.0029420131	-0.0042415645
-0.0037838137	-0.0038534934	-0.0027223723	-0.0035429751	-0.0030064313	-0.0046783544	-0.0055216768	-0.0033458629	-0.0029850695	-0.0044837132	0.0000036974	-0.0008437355	-0.0018846016	0.4316721299	-0.0001497271	-0.0005168035	-0.0041821545	-0.0037153744	-0.0041384815	-0.0036394832	-0.0037407480	-0.0026397771	-0.0053015187	-0.0041698822	-0.0057309943	-0.0051940655	-0.0031969543	-0.0028883210	-0.0031537325	-0.0035933515	-0.0039232185	-0.0036798001	-0.0048353754	-0.0048204407	-0.0048948049	-0.0046676575	-0.0042311830	-0.0047060076	-0.0047274722	-0.0048442997	-0.0036261687	-0.0048715302	-0.0061877933	-0.0057027354	-0.0045817231	-0.0050164668	-0.0047941747	-0.0056295975	-0.0038091511	-0.0033607503	-0.0046354865	-0.0028713977	-0.0032678791	-0.0025568889	-0.0046427779	-0.0035575755	-0.0031051437	-0.0041556656	-0.0048183476	-0.0037319829	-0.0062333523	-0.0056792543	-0.0063798607	-0.0043834553	-0.0020705541	-0.0010396489	-0.0056313278	-0.0049166474	-0.0043933923	-0.0041558734	-0.0054232251	-0.0056947793	-0.0044897194	-0.0037723154	-0.0050387577	-0.0040683132	-0.0038424002	-0.0048690291	-0.0044114203	-0.0043944814	-0.0045028754	-0.0053620546	-0.0039071517	-0.0045640655	-0.0027764505	-0.0025967324	-0.0023767034	-0.0033173094	-0.0037262210	-0.0040128693	-0.0066925813	-0.0059364058	-0.0040782364	-0.0027028907	-0.0041243911	-0.0034518613	-0.0044733699	-0.0035917336	-0.0039833591	-0.0039573062	-0.0037984867	-0.0054618839	-0.0053094294	-0.0038974339	-0.0042513300	-0.0060394596	-0.0050384626
-0.0032715593	-0.0038794822	-0.0037638764	-0.0028799417	-0.0045102592	-0.0032714878	-0.0042680418	-0.0030161650	-0.0018836480	-0.0026689060	-0.0004071745	-0.0016057682	-0.0013905278	-0.0001497271	0.4176167242	0.0004811993	-0.0044898732	-0.0024793982	-0.0058008325	-0.0042382564	-0.0045748390	-0.0048442122	-0.0030597820	-0.0041869624	-0.0051760283	-0.0049868990	-0.0022232285	-0.0040076558	-0.0036872577	-0.0036991942	-0.0031034410	-0.0043778326	-0.0035141423	-0.0055338745	-0.0044798293	-0.0034490620	-0.0028509495	-0.0054278058	-0.0029211593	-0.0046116207	-0.0046251383	-0.0050790298	-0.0060223032	-0.0052078612	-0.0045607681	-0.0038040872	-0.0047459304	-0.0042966731	-0.0041855261	-0.0040459829	-0.0041346645	-0.0039190306	-0.0031878756	-0.0038474624	-0.0037909406	-0.0039300625	-0.0035704185	-0.0037414249	-0.0056841354	-0.0043208664	-0.0057370401	-0.0060742989	-0.0040985692	-0.0055201120	0.0016661933	0.0012843409	-0.0047567653	-0.0057605414	-0.0038786599	-0.0045712158	-0.0053259793	-0.0051904649	-0.0048436585	-0.0038494294	-0.0047609911	-0.0047866883	-0.0040719876	-0.0051119533	-0.0047413920	-0.0052685979	-0.0040880423	-0.0036635727	-0.0041291246	-0.0031744818	-0.0040208609	-0.0043412473	-0.0041198420	-0.0037585894	-0.0051319069	-0.0037946896	-0.0047148804	-0.0046845637	-0.0044465076	-0.0042362087	-0.0050105547	-0.0037432115	-0.0041478319	-0.0025586209	-0.0038572647	-0.0043608348	-0.0041393005	-0.0038093469	-0.0055022902	-0.0033289714	-0.0052128824	-0.0035635322	-0.0037700695
-0.0038995906	-0.0046426986	-0.0021663598	-0.0035792500	-0.0052528240	-0.0031985730	-0.0033249340	-0.0031657616	-0.0038727243	-0.0047762242	-0.0003112193	-0.0005350585	-0.0020714765	-0.0005168035	0.0004811993	0.4417987773	-0.0048207091	-0.0047495791	-0.0042121999	-0.0058027894	-0.0033479321	-0.0039204927	-0.0045389685	-0.0052486716	-0.0041565583	-0.0048028593	-0.0037537795	-0.0048820167	-0.0048250815	-0.0038943523	-0.0050865809	-0.0045208541	-0.0046127097	-0.0039867691	-0.0038862244	-0.0053007176	-0.0023538803	-0.0044479922	-0.0055437133	-0.0043430237	-0.0057413113	-0.0049828808	-0.0055322137	-0.0054841387	-0.0054101770	-0.0060453423	-0.0060339894	-0.0045049860	-0.0046789392	-0.0047728668	-0.0048295532	-0.0037653101	-0.0038234735	-0.0039969488	-0.0032511843	-0.0044226262	-0.0029816680	-0.0034061526	-0.0058558864	-0.0046448732	-0.0058705170	-0.0060964197	-0.0055600197	-0.0047840860	0.0007990492	-0.0008615969	-0.0049718876	-0.0064366007	-0.0047925859	-0.0056969248	-0.0038882933	-0.0034263407	-0.0034588249	-0.0038935507	-0.0033296666	-0.0048194471	-0.0055540006	-0.0036464241	-0.0045300632	-0.0055129161	-0.0046192315	-0.0052194257	-0.0038808593	-0.0037487243	-0.0034519904	-0.0038119825	-0.0010801007	-0.0052711803	-0.0032319716	-0.0047001248	-0.0040651976	-0.0043372749	-0.0039830522	-0.0049532739	-0.0057058136	-0.0048899359	-0.0047174137	-0.0037582883	-0.0033415063	-0.0023115907	-0.0019723303	-0.0042776157	-0.0049522228	-0.0042379222	-0.0065032231	-0.0049993721	-0.0054107609
-0.0041917098	-0.0038085550	-0.0052267840	-0.0050093925	-0.0048333717	-0.0051653814	-0.0043033288	-0.0027984437	-0.0043357559	-0.0047563149	-0.0043759876	-0.0037656533	-0.0040845385	-0.0041821545	-0.0044898732	-0.0048207091	0.5069680744	-0.0043620587	-0.0057244596	-0.0051651447	-0.0050735078	-0.0054743782	-0.0035785597	-0.0053509155	-0.0034360824	-0.0039594581	-0.0046792746	-0.0039025171	-0.0061051095	-0.0051728706	-0.0047241024	-0.0063138302	-0.0050809326	-0.0055390776	-0.0038295625	-0.0051676721	-0.0039611919	-0.0038855608	-0.0046594865	-0.0046160839	-0.0053639400	-0.0053347337	-0.0055221344	-0.0056816141	-0.0041117944	-0.0033726687	-0.0050463833	-0.0057353050	-0.0044957070	-0.0047902940	-0.0046613016	-0.0038478439	-0.0051403883	-0.0031332389	-0.0055925757	-0.0051903724	-0.0052373119	-0.0047107315	-0.0047529577	-0.0067648874	-0.0051472875	-0.0039559914	-0.0050370207	-0.0044040007	-0.0046166613	-0.0046304151	-0.0047686640	-0.0056365203	-0.0047712809	-0.0046765100	-0.0048586734	-0.0051030044	-0.0049576316	-0.0047064315	-0.0056882332	-0.0071196700	-0.0044740580	-0.0046218719	-0.0047494204	-0.0055924346	-0.0050361782	-0.0044550309	-0.0050905941	-0.0042025953	-0.0045516730	-0.0039751750	-0.0053229911	-0.0047216536	-0.0034697758	-0.0037319793	-0.0054004885	-0.0054909321	-0.0049797824	-0.0056729341	-0.0055540823	-0.0047487990	-0.0054397884	-0.0030052447	-0.0033404813	-0.0046148396	-0.0062054376	-0.0054066466	-0.0059648164	-0.0047318863	-0.0053528615	-0.0045462735	-0.0040433781
-0.0057595529	-0.0047025857	-0.0051636667	-0.0049627231	-0.0051945521	-0.0035033465	-0.0052880992	-0.0054668071	-0.0050348552	-0.0048866795	-0.0046673364	-0.0055028898	-0.0033250883	-0.0037153744	-0.0024793982	-0.0047495791	-0.0043620587	0.5194142800	-0.0055581252	-0.0049588692	-0.0048342759	-0.0055857731	-0.0060901405	-0.0042172257	-0.0050254180	-0.0044782103	-0.0052870765	-0.0050943072	-0.0050591582	-0.0055584392	-0.0041125183	-0.0046934638	-0.0052091864	-0.0051562088	-0.0049542552	-0.0048578341	-0.0065705909	-0.0043083955	-0.0049870115	-0.0054989051	-0.0040653038	-0.0059852852	-0.0057014948	-0.0054595444	-0.0044422923	-0.0054076622	-0.0046668476	-0.0049411042	-0.0042427393	-0.0041811787	-0.0057041197	-0.0046955533	-0.0056784031	-0.0046029478	-0.0048822138	-0.0062213199	-0.0042793010	-0.0046040892	-0.0032717243	-0.0034807062	-0.0058377665	-0.0049751406	-0.0055515109	-0.0047063645	-0.0048685071	-0.0047897630	-0.0063542684	-0.0053705834	-0.0049724619	-0.0049326795	-0.0052356736	-0.0049376177	-0.0047032805	-0.0040040638	-0.0056230982	-0.0041501982	-0.0043892217	-0.0061456455	-0.0057859254	-0.0061686594	-0.0056999034	-0.0069062381	-0.0046409097	-0.0052455001	-0.0051394287	-0.0049147845	-0.0045427839	-0.0046484455	-0.0048902483	-0.0054101861	-0.0040986983	-0.0043906975	-0.0061650408	-0.0049479038	-0.0037233319	-0.0048438320	-0.0049218603	-0.0043611859	-0.0039384101	-0.0033351776	-0.0047762129	-0.0048892690	-0.0040690851	-0.0054255984	-0.0031056482	-0.0048497361	-0.0046579215
-0.0038146249	-0.0047020825	-0.0050333302	-0.0061797775	-0.0060702020	-0.0059747902	-0.0058948723	-0.0052352945	-0.0046898812	-0.0049585791	-0.0052980031	-0.0034377758	-0.0043365570	-0.0041384815	-0.0058008325	-0.0042121999	-0.0057244596	-0.0055581252	0.5688324614	-0.0044092058	-0.0043980673	-0.0058360817	-0.0052236557	-0.0054132173	-0.0063518477	-0.0054179694	-0.0042751068	-0.0057845250	-0.0055115440	-0.0050966608	-0.0051907233	-0.0057799427	-0.0057934277	-0.0057256666	-0.0073617970	-0.0056978945	-0.0054129227	-0.0055576868	-0.0046617383	-0.0053252915	-0.0045706549	-0.0058814405	-0.0058195986	-0.0064343397	-0.0054842864	-0.0054670184	-0.0043069660	-0.0050741735	-0.0054691848	-0.0037735602	-0.0042265751	-0.0042846200	-0.0054810874	-0.0044271992	-0.0048644136	-0.0047245437	-0.0047510383	-0.0048069852	-0.0046955344	-0.0062042081	-0.0069650560	-0.0052794726	-0.0057245837	-0.0059870790	-0.0043770089	-0.0056777394	-0.0056603923	-0.0038281843	-0.0057517779	-0.0055118341	-0.0058252331	-0.0057889977	-0.0051295551	-0.0044109743	-0.0061493547	-0.0055373441	-0.0061507866	-0.0061213167	-0.0062274125	-0.0064311606	-0.0049320401	-0.0059107493	-0.0050673487	-0.0056708261	-0.0051605068	-0.0054618395	-0.0051306638	-0.0054718582	-0.0064127169	-0.0062028804	-0.0063916806	-0.0048623859	-0.0062490405	-0.0052778786	-0.0065331069	-0.0046456507	-0.0060701192	-0.0039513341	-0.0037523257	-0.0050880071	-0.0053037521	-0.0065289799	-0.0059002164	-0.0063795898	-0.0054631805	-0.0058026034	-0.0066436470
-0.0052880058	-0.0047081049	-0.0047522683	-0.0050302593	-0.0046977349	-0.0041725836	-0.0055747224	-0.0042910949	-0.0041147101	-0.0061834348	-0.0054341460	-0.0044562712	-0.0052185628	-0.0036394832	-0.0042382564	-0.0058027894	-0.0051651447	-0.0049588692	-0.0044092058	0.5298089042	-0.0050942651	-0.0060430307	-0.0044243413	-0.0056993176	-0.0056265987	-0.0051009276	-0.0042886248	-0.0041702985	-0.0045471496	-0.0053964825	-0.0049737450	-0.0045334637	-0.0049757682	-0.0035807414	-0.0043888689	-0.0050545210	-0.0051271692	-0.0036060583	-0.0048710959	-0.0061826440	-0.0050193799	-0.0049162876	-0.0056588428	-0.0055610954	-0.0052429523	-0.0045140366	-0.0039545686	-0.0053463603	-0.0043164770	-0.0032138324	-0.0052784439	-0.0062580975	-0.0046436802	-0.0067373287	-0.0057369167	-0.0045589532	-0.0056682450	-0.0047215103	-0.0039103960	-0.0044808089	-0.0067957262	-0.0047348736	-0.0052678773	-0.0049662612	-0.0039731895	-0.0050731005	-0.0048947822	-0.0042566801	-0.0054095442	-0.0062156515	-0.0062871371	-0.0045278052	-0.0044898337	-0.0049199491	-0.0058409173	-0.0070842048	-0.0052733012	-0.0056257868	-0.0049035642	-0.0064342148	-0.0060573521	-0.0049169792	-0.0042917838	-0.0049807044	-0.0051669925	-0.0045575255	-0.0057665343	-0.0038287863	-0.0049705577	-0.0049652457	-0.0058251849	-0.0048513389	-0.0051262435	-0.0052517689	-0.0051479013	-0.0050834588	-0.0040502387	-0.0049681542	-0.0037259388	-0.0042510263	-0.0045931697	-0.0043847642	-0.0045329821	-0.0050049448	-0.0052624220	-0.0053036583	-0.0064098738
-0.0053037323	-0.0048680894	-0.0044615029	-0.0048564118	-0.0040971456	-0.0027673000	-0.0042733099	-0.0052476736	-0.0054662968	-0.0055986382	-0.0042566368	-0.0047708835	-0.0039710771	-0.0037407480	-0.0045748390	-0.0033479321	-0.0050735078	-0.0048342759	-0.0043980673	-0.0050942651	0.5361063844	-0.0042594224	-0.0046780921	-0.0055009974	-0.0040323370	-0.0065024221	-0.0041165476	-0.0047495712	-0.0049386089	-0.0044898383	-0.0058714541	-0.0065384391	-0.0046644731	-0.0041007292	-0.0041538978	-0.0042773825	-0.0041789184	-0.0061872544	-0.0047069007	-0.0051630445	-0.0040331259	-0.0068936552	-0.0062580332	-0.0064725413	-0.0049346898	-0.0050406240	-0.0045867178	-0.0056964555	-0.0065536940	-0.0053818014	-0.0060891867	-0.0051251669	-0.0053108408	-0.0054007003	-0.0043170066	-0.0070266260	-0.0048921706	-0.0061650514	-0.0049610054	-0.0051137143	-0.0063619887	-0.0045288256	-0.0057464619	-0.0058507079	-0.0046904112	-0.0035351868	-0.0063855137	-0.0052016636	-0.0056308443	-0.0044051746	-0.0051801400	-0.0058907646	-0.0054319434	-0.0047828460	-0.0048592829	-0.0056594337	-0.0060447324	-0.0039455050	-0.0052198906	-0.0060734386	-0.0066742015	-0.0055282082	-0.0055155436	-0.0055002883	-0.0037716242	-0.0048498840	-0.0051811448	-0.0048068327	-0.0052281684	-0.0060855328	-0.0054708035	-0.0060809993	-0.0044714654	-0.0050165541	-0.0042054836	-0.0041810793	-0.0050178835	-0.0033725428	-0.0044282760	-0.0048189333	-0.0046188683	-0.0055402050	-0.0051762808	-0.0057715404	-0.0048310194	-0.0050552953	-0.0051174996
-0.0044274198	-0.0047758697	-0.0057420115	-0.0060051186	-0.0050418665	-0.0050987969	-0.0031163730	-0.0055859442	-0.0045806315	-0.0040007634	-0.0031370159	-0.0050833204	-0.0050927702	-0.0026397771	-0.0048442122	-0.0039204927	-0.0054743782	-0.0055857731	-0.0058360817	-0.0060430307	-0.0042594224	0.5277083159	-0.0043156288	-0.0055799652	-0.0044471211	-0.0052441660	-0.0042957127	-0.0047195814	-0.0041169573	-0.0045463860	-0.0045543448	-0.0057560472	-0.0059516483	-0.0055354073	-0.0050963847	-0.0047117451	-0.0033328879	-0.0065874843	-0.0057447536	-0.0047395280	-0.0041291972	-0.0045587088	-0.0055821674	-0.0057774089	-0.0053173114	-0.0053447281	-0.0047410559	-0.0067552204	-0.0057836094	-0.0054806496	-0.0049015214	-0.0049637817	-0.0045399615	-0.0051785409	-0.0030786314	-0.0039714456	-0.0065504398	-0.0052173768	-0.0046508992	-0.0047233450	-0.0042704325	-0.0053939530	-0.0054515985	-0.0048419865	-0.0035312059	-0.0046583012	-0.0050451667	-0.0046205680	-0.0053099956	-0.0042300171	-0.0049865924	-0.0062782626	-0.0057846632	-0.0046688645	-0.0045430322	-0.0042635028	-0.0061007219	-0.0053426314	-0.0048159896	-0.0056549956	-0.0044664106	-0.0046350357	-0.0065474538	-0.0056671793	-0.0037695657	-0.0056075022	-0.0044015515	-0.0064932211	-0.0041304983	-0.0041571194	-0.0058733250	-0.0058205106	-0.0046747164	-0.0056579847	-0.0049151174	-0.0048561079	-0.0037039784	-0.0057269208	-0.0033523155	-0.0052252324	-0.0046279404	-0.0066343640	-0.0043521851	-0.0046471612	-0.0055141574	-0.0062266412	-0.0054188188
-0.0047108444	-0.0051396593	-0.0037567400	-0.0053351465	-0.0060415989	-0.0048207691	-0.0063492627	-0.0046723416	-0.0050317557	-0.0042147134	-0.0057691171	-0.0042171839	-0.0048208378	-0.0053015187	-0.0030597820	-0.0045389685	-0.0035785597	-0.0060901405	-0.0052236557	-0.0044243413	-0.0046780921	-0.0043156288	0.5148806415	-0.0034288781	-0.0052928513	-0.0039115384	-0.0037428905	-0.0050535259	-0.0044504669	-0.0051675008	-0.0059648372	-0.0056768187	-0.0054345358	-0.0054133832	-0.0050032010	-0.0054455622	-0.0053633445	-0.0049796594	-0.0047172522	-0.0051966397	-0.0043503754	-0.0036469647	-0.0056997507	-0.0056927240	-0.0042620340	-0.0039682824	-0.0051423239	-0.0050201849	-0.0052384754	-0.0036684972	-0.0043244914	-0.0039288529	-0.0053320629	-0.0032380873	-0.0037908951	-0.0056738472	-0.0028132539	-0.0046865684	-0.0050947785	-0.0034392820	-0.0056117875	-0.0056126497	-0.0063389502	-0.0055330784	-0.0051988933	-0.0047751251	-0.0056321672	-0.0045984053	-0.0056147724	-0.0050385416	-0.0062576173	-0.0037560791	-0.0044094807	-0.0056385916	-0.0048996268	-0.0067779032	-0.0055342160	-0.0041166101	-0.0058784774	-0.0064216282	-0.0057245847	-0.0047809162	-0.0043265321	-0.0053667838	-0.0050131872	-0.0055445148	-0.0041803016	-0.0042870366	-0.0044993182	-0.0064664100	-0.0055319952	-0.0049585215	-0.0037426674	-0.0036545202	-0.0037648797	-0.0049687805	-0.0026427649	-0.0039486587	-0.0037811938	-0.0033898244	-0.0047044444	-0.0049957402	-0.0051892252	-0.0051457422	-0.0050375729	-0.0056461417	-0.0065985069
-0.0046908675	-0.0049032573	-0.0040253628	-0.0053822377	-0.0050698854	-0.0054907445	-0.0045546951	-0.0049898857	-0.0043279393	-0.0049463740	-0.0036124887	-0.0045734071	-0.0045447339	-0.0041698822	-0.0041869624	-0.0052486716	-0.0053509155	-0.0042172257	-0.0054132173	-0.0056993176	-0.0055009974	-0.0055799652	-0.0034288781	0.4967475169	-0.0054189563	-0.0049908778	-0.0047340431	-0.0041223132	-0.0045560382	-0.0056697496	-0.0052303935	-0.0053242845	-0.0035806623	-0.0044226940	-0.0047891017	-0.0030279352	-0.0041275563	-0.0054565406	-0.0051196299	-0.0042088920	-0.0039848042	-0.0050621694	-0.0056714893	-0.0059673485	-0.0038245682	-0.0049159317	-0.0043476238	-0.0052733419	-0.0043015477	-0.0038029861	-0.0038708649	-0.0040776396	-0.0041651367	-0.0045402215	-0.0053301410	-0.0052975670	-0.0035571954	-0.0049945099	-0.0059941709	-0.0049420775	-0.0056249477	-0.0059025191	-0.0054034643	-0.0048876576	-0.0042475900	-0.0056095972	-0.0045104258	-0.0032547993	-0.0055286193	-0.0057427225	-0.0047537034	-0.0059505794	-0.0040831387	-0.0037223291	-0.0065883172	-0.0046697054	-0.0050229053	-0.0047203838	-0.0046832982	-0.0073271835	-0.0048890668	-0.0056472058	-0.0055083951	-0.0050509102	-0.0037966761	-0.0030308014	-0.0029351662	-0.0057371547	-0.0034366262	-0.0043497345	-0.0048604264	-0.0044202133	-0.0031107244	-0.0043560433	-0.0041580164	-0.0027335761	-0.0040369291	-0.0024156967	-0.0038044527	-0.0026112716	-0.0036219726	-0.0059486396	-0.0051850189	-0.0056173756	-0.0040728154	-0.0053519214	-0.0052178838
-0.0054602099	-0.0041236973	-0.0064485019	-0.0045757965	-0.0035825444	-0.0048751023	-0.0044679860	-0.0058124804	-0.0048998037	-0.0040798663	-0.0050886962	-0.0037014699	-0.0038549410	-0.0057309943	-0.0051760283	-0.0041565583	-0.0034360824	-0.0050254180	-0.0063518477	-0.0056265987	-0.0040323370	-0.0044471211	-0.0052928513	-0.0054189563	0.4974450136	-0.0027050747	-0.0048519107	-0.0041659580	-0.0046807394	-0.0045630946	-0.0025097383	-0.0043546498	-0.0032641698	-0.0040085423	-0.0049439505	-0.0048810318	-0.0040807670	-0.0043634659	-0.0047765944	-0.0057318345	-0.0045356374	-0.0049751670	-0.0051939670	-0.0050995395	-0.0043302589	-0.0065345290	-0.0042077174	-0.0036487053	-0.0046853888	-0.0040906435	-0.0048147763	-0.0041081197	-0.0051274196	-0.0051563771	-0.0044244578	-0.0034125518	-0.0049077236	-0.0036738290	-0.0054233868	-0.0050006167	-0.0067565468	-0.0040738640	-0.0054553137	-0.0044887693	-0.0042894061	-0.0046608680	-0.0049559441	-0.0058555575	-0.0041931881	-0.0047514157	-0.0056646290	-0.0047917211	-0.0046836367	-0.0034505553	-0.0044051292	-0.0057125956	-0.0039328651	-0.0046068467	-0.0056670122	-0.0041439962	-0.0044288736	-0.0041301118	-0.0065206800	-0.0058621674	-0.0037417845	-0.0047756259	-0.0037396306	-0.0043121230	-0.0050090924	-0.0053182976	-0.0056349743	-0.0049917922	-0.0045068682	-0.0044311368	-0.0052556739	-0.0049185399	-0.0049306486	-0.0044568789	-0.0036580339	-0.0042790005	-0.0048783529	-0.0061025147	-0.0044867553	-0.0043364273	-0.0042578458	-0.0042476846	-0.0047954157
-0.0025015478	-0.0050589802	-0.0039324111	-0.0054390691	-0.0050376413	-0.0050175494	-0.0047424229	-0.0040036090	-0.0035690565	-0.0049838306	-0.0034032390	-0.0041321756	-0.0045355893	-0.0051940655	-0.0049868990	-0.0048028593	-0.0039594581	-0.0044782103	-0.0054179694	-0.0051009276	-0.0065024221	-0.0052441660	-0.0039115384	-0.0049908778	-0.0027050747	0.4949725712	-0.0046093860	-0.0031292560	-0.0040926565	-0.0041371051	-0.0046215420	-0.0044769490	-0.0039039785	-0.0029699305	-0.0050071934	-0.0053686169	-0.0064403768	-0.0051341367	-0.0044505058	-0.0059440442	-0.0042088259	-0.0054538176	-0.0045794536	-0.0047584295	-0.0044162898	-0.0052260791	-0.0058232992	-0.0048424088	-0.0047852005	-0.0040161460	-0.0048383993	-0.0034074005	-0.0045128627	-0.0039991081	-0.0045281470	-0.0054620376	-0.0043168755	-0.0037037863	-0.0038717264	-0.0048391947	-0.0061532928	-0.0067042443	-0.0052862018	-0.0047814374	-0.0051150815	-0.0039224800	-0.0047497752	-0.0042577018	-0.0025406003	-0.0048805823	-0.0038000544	-0.0057814890	-0.0046042596	-0.0046243052	-0.0054992994	-0.0054856832	-0.0059204331	-0.0051671920	-0.0063222896	-0.0059060099	-0.0044223618	-0.0044110186	-0.0058906927	-0.0044778445	-0.0063399905	-0.0045527392	-0.0046202120	-0.0047056759	-0.0050463351	-0.0046701132	-0.0056017253	-0.0051337616	-0.0036143450	-0.0035273529	-0.0044948749	-0.0042986326	-0.0041684816	-0.0039858050	-0.0032379682	-0.0037475677	-0.0048343252	-0.0045483342	-0.0044687567	-0.0050909245	-0.0050354795	-0.0048857260	-0.0041323584
