0.4800126038	-0.0039189474	-0.0023522591	-0.0031211768	-0.0048923322	-0.0039201132	-0.0027797840	-0.0036991875	-0.0046028570	-0.0041436600	-0.0036632773	-0.0040294783	-0.0047660906	-0.0037614456	-0.0030440019	-0.0038931586	-0.0039911053	-0.0058121753	-0.0041539865	-0.0054073041	-0.0054050170	-0.0043861042	-0.0045204998	-0.0047317431	-0.0057031176	-0.0027238629	-0.0049430411	-0.0033991024	-0.0043443383	-0.0042380804	-0.0043369164	-0.0050349463	-0.0043497557	-0.0053294460	-0.0049477666	-0.0054361679	-0.0053951804	-0.0053479892	-0.0042811307	-0.0051733277	-0.0029937681	-0.0059905503	-0.0056656001	-0.0038160211	-0.0044307050	-0.0052070204	-0.0028759118	-0.0054057683	-0.0034141402	-0.0041144614	-0.0046727957	-0.0055328372	-0.0046573601	-0.0053223542	-0.0041311274	-0.0052911747	-0.0036337195	-0.0035471255	-0.0059947745	-0.0035794660	-0.0042995984	-0.0042256973	-0.0063104953	-0.0055172392	-0.0046566518	-0.0040034599	-0.0058075854	-0.0043500788	-0.0042721379	-0.0043511423	-0.0041184744	-0.0045814695	-0.0046506896	-0.0018947119	-0.0058778266	-0.0041084051	-0.0052470447	-0.0053284245	-0.0047992183	-0.0055157304	-0.0043800285	-0.0054253684	-0.0051723999	-0.0050342963	-0.0045696551	-0.0044288869	-0.0036549859	-0.0047282552	-0.0044783533	-0.0051036393	-0.0057247447	-0.0059950131	-0.0049033901	-0.0043800126	-0.0056684032	-0.0036902126	-0.0035589902	-0.0041009175	-0.0025542500	-0.0054761804	-0.0046996746	-0.0047310109	-0.0051769251	-0.0046051744	-0.0048999632	-0.0038299623	-0.0048692733
-0.0039189474	0.4850954157	-0.0056940643	-0.0025106813	-0.0040291738	-0.0042089878	-0.0045027983	-0.0030874301	-0.0050569568	-0.0038530985	-0.0035800700	-0.0029806754	-0.0052189304	-0.0039584517	-0.0040395556	-0.0046595191	-0.0036564137	-0.0047509931	-0.0044811786	-0.0047969186	-0.0048073841	-0.0046414055	-0.0050029362	-0.0049886652	-0.0042050118	-0.0048224803	-0.0052227150	-0.0037074153	-0.0036430553	-0.0056967601	-0.0035582480	-0.0044843438	-0.0053186603	-0.0039288497	-0.0039476692	-0.0052158585	-0.0046399343	-0.0043529349	-0.0038721405	-0.0057970786	-0.0047613598	-0.0048537414	-0.0051154035	-0.0053473026	-0.0056630901	-0.0047225850	-0.0038123099	-0.0054391418	-0.0043349573	-0.0038830914	-0.0036633779	-0.0049604051	-0.0054931695	-0.0040922700	-0.0039982397	-0.0042889005	-0.0050917155	-0.0041686941	-0.0042713800	-0.0034904932	-0.0057372115	-0.0056522254	-0.0049031263	-0.0040410313	-0.0051279089	-0.0042088331	-0.0032522844	-0.0047993851	-0.0043650553	-0.0051870916	-0.0045926903	-0.0046513612	-0.0052177170	-0.0045508150	-0.0055094307	-0.0051087201	-0.0057281790	-0.0050256719	-0.0048860046	-0.0060056789	-0.0048003327	-0.0060633763	-0.0050540834	-0.0054336926	-0.0050072776	-0.0037153247	-0.0035389296	-0.0053353276	-0.0053591784	-0.0059340255	-0.0050232305	-0.0039250047	-0.0042267508	-0.0047815090	-0.0052431248	-0.0049353525	-0.0039246746	-0.0041743212	-0.0028917333	-0.0022260747	-0.0045538915	-0.0051768760	-0.0054222652	-0.0049090798	-0.0036305097	-0.0050958225	-0.0038732057
-0.0023522591	-0.0056940643	0.4442891851	-0.0032626594	-0.0055956863	-0.0036333916	-0.0034369485	-0.0031489693	-0.0044372218	-0.0044442734	-0.0034094761	-0.0029050477	-0.0029384193	-0.0026541268	-0.0035472370	-0.0018812006	-0.0049290252	-0.0050939717	-0.0052123941	-0.0047254341	-0.0044472761	-0.0058671117	-0.0036655261	-0.0037301277	-0.0064285942	-0.0042728374	-0.0031961009	-0.0026942411	-0.0039559262	-0.0051744850	-0.0039869832	-0.0051227381	-0.0027445197	-0.0047636381	-0.0039499215	-0.0050277083	-0.0037152269	-0.0037621310	-0.0048919110	-0.0038547324	-0.0039549196	-0.0047151435	-0.0052452655	-0.0057161971	-0.0052330413	-0.0041497394	-0.0045721945	-0.0047443697	-0.0034157808	-0.0032342888	-0.0051306342	-0.0035269166	-0.0058287701	-0.0053496245	-0.0052161631	-0.0034709974	-0.0029316791	-0.0036240674	-0.0033008348	-0.0051709551	-0.0051047462	-0.0052378024	-0.0048193287	-0.0042058638	-0.0023819521	-0.0027693784	-0.0038066226	-0.0064771554	-0.0043890329	-0.0038313540	-0.0043287776	-0.0034960428	-0.0023898230	-0.0039562340	-0.0036284999	-0.0040026355	-0.0034085406	-0.0049538036	-0.0037722175	-0.0057476381	-0.0059522059	-0.0060965733	-0.0050219371	-0.0052240514	-0.0039568239	-0.0014694269	-0.0036009094	-0.0046677854	-0.0042494734	-0.0025639028	-0.0030386501	-0.0055348041	-0.0041115021	-0.0023435598	-0.0047391084	-0.0029851031	-0.0045004111	-0.0037201756	-0.0041369313	-0.0030145654	-0.0033017569	-0.0036838259	-0.0062379928	-0.0046085947	-0.0042808096	-0.0060368120	-0.0054189180
-0.0031211768	-0.0025106813	-0.0032626594	0.4818138909	-0.0054378666	-0.0047565570	-0.0045880231	-0.0038189978	-0.0053653651	-0.0042266481	-0.0038440938	-0.0045888750	-0.0032544627	-0.0035223046	-0.0030067595	-0.0035364932	-0.0054440745	-0.0048472253	-0.0061491258	-0.0051518323	-0.0047618638	-0.0061260047	-0.0052208889	-0.0052535315	-0.0049061935	-0.0054128147	-0.0039227357	-0.0044475742	-0.0050760928	-0.0043110006	-0.0047976772	-0.0045362176	-0.0039779437	-0.0046256361	-0.0049254664	-0.0042061270	-0.0036288149	-0.0044476983	-0.0055652708	-0.0040472877	-0.0036993246	-0.0040990897	-0.0054492020	-0.0057952469	-0.0041815521	-0.0046751149	-0.0045607776	-0.0048245202	-0.0056486880	-0.0036964911	-0.0048598590	-0.0050690065	-0.0043252036	-0.0051883994	-0.0047246186	-0.0052357289	-0.0036058584	-0.0041134087	-0.0056191677	-0.0034107061	-0.0054738556	-0.0055834268	-0.0040149570	-0.0053461007	-0.0042372527	-0.0033107711	-0.0044401774	-0.0051772676	-0.0038832063	-0.0050034721	-0.0052319876	-0.0050084144	-0.0048297378	-0.0028997901	-0.0055862855	-0.0061389737	-0.0032403536	-0.0056427657	-0.0059028623	-0.0049297833	-0.0054036123	-0.0040637310	-0.0035684746	-0.0039434738	-0.0036291038	-0.0044380941	-0.0041315102	-0.0042686308	-0.0031776969	-0.0048473540	-0.0047280306	-0.0055358890	-0.0051262760	-0.0045219770	-0.0056854291	-0.0037746871	-0.0036293671	-0.0026140459	-0.0039789643	-0.0051108571	-0.0039146025	-0.0043913523	-0.0046708983	-0.0042064505	-0.0038149417	-0.0059580126	-0.0053869618
-0.0048923322	-0.0040291738	-0.0055956863	-0.0054378666	0.5073916067	-0.0038442217	-0.0049176403	-0.0045134461	-0.0040554838	-0.0053151820	-0.0043067890	-0.0037018806	-0.0034002230	-0.0030995437	-0.0045667154	-0.0052294240	-0.0047338804	-0.0054641723	-0.0059936213	-0.0050852741	-0.0040999833	-0.0051136824	-0.0058348022	-0.0053424830	-0.0034997134	-0.0049384652	-0.0030838927	-0.0046620440	-0.0042579572	-0.0046782760	-0.0038844433	-0.0047121403	-0.0051115823	-0.0051557492	-0.0042467182	-0.0047549308	-0.0037167230	-0.0047866659	-0.0061719262	-0.0057180260	-0.0042675444	-0.0050555390	-0.0049988289	-0.0063443696	-0.0044436611	-0.0046116766	-0.0046024459	-0.0051700133	-0.0048915706	-0.0040916199	-0.0048501078	-0.0060058906	-0.0053542236	-0.0038271495	-0.0058050064	-0.0052552021	-0.0057672632	-0.0035014000	-0.0043770078	-0.0045860472	-0.0043186647	-0.0044995649	-0.0053684353	-0.0064735705	-0.0044253218	-0.0060125064	-0.0058040379	-0.0051422779	-0.0053010328	-0.0056476808	-0.0046261271	-0.0048526655	-0.0047840443	-0.0042417323	-0.0046569784	-0.0057844377	-0.0047627984	-0.0045700753	-0.0052692780	-0.0051455062	-0.0044061739	-0.0057602748	-0.0044440189	-0.0041692770	-0.0047759453	-0.0045728754	-0.0041020911	-0.0044570935	-0.0058365207	-0.0048469724	-0.0034528556	-0.0059741966	-0.0038183954	-0.0044064299	-0.0046814039	-0.0036471978	-0.0045737049	-0.0045070134	-0.0037580791	-0.0045476542	-0.0034986355	-0.0049303587	-0.0055167708	-0.0061389609	-0.0037792520	-0.0056000412	-0.0057433485
-0.0039201132	-0.0042089878	-0.0036333916	-0.0047565570	-0.0038442217	0.4779702041	-0.0052190838	-0.0048331662	-0.0032747534	-0.0050152379	-0.0045746585	-0.0046382102	-0.0030080567	-0.0048963254	-0.0033064913	-0.0032984951	-0.0049580904	-0.0034530250	-0.0061729398	-0.0035782448	-0.0030777440	-0.0048446451	-0.0050927870	-0.0058457960	-0.0045641217	-0.0048341868	-0.0044555793	-0.0053626903	-0.0041472139	-0.0049611872	-0.0044838463	-0.0047179872	-0.0041429210	-0.0046600525	-0.0037598279	-0.0046649123	-0.0045097752	-0.0046760872	-0.0048338632	-0.0056449048	-0.0045161734	-0.0054823523	-0.0061016084	-0.0050155515	-0.0041067037	-0.0044043418	-0.0035976738	-0.0042176723	-0.0036075113	-0.0046420225	-0.0047561782	-0.0042485947	-0.0046546322	-0.0035652821	-0.0046143262	-0.0048579191	-0.0033334329	-0.0045127655	-0.0045587232	-0.0040226937	-0.0064506736	-0.0050670429	-0.0037490062	-0.0052930493	-0.0032210058	-0.0030472202	-0.0054082833	-0.0052820439	-0.0037078380	-0.0044338535	-0.0052675516	-0.0031398488	-0.0033362254	-0.0043445031	-0.0046987019	-0.0050333061	-0.0056757464	-0.0049665039	-0.0057059131	-0.0047161704	-0.0051703317	-0.0059565309	-0.0051650670	-0.0046057323	-0.0040238962	-0.0043066480	-0.0030390998	-0.0033219273	-0.0044083303	-0.0052074906	-0.0039265642	-0.0041135963	-0.0041961378	-0.0035955266	-0.0048351317	-0.0046622470	-0.0043301185	-0.0042513770	-0.0037740640	-0.0041111121	-0.0047255258	-0.0066451525	-0.0059689630	-0.0043389856	-0.0042314929	-0.0039669146	-0.0058614152
-0.0027797840	-0.0045027983	-0.0034369485	-0.0045880231	-0.0049176403	-0.0052190838	0.5036887691	-0.0033564399	-0.0032930614	-0.0048487724	-0.0048179515	-0.0047491539	-0.0048322063	-0.0054877399	-0.0040339395	-0.0036162058	-0.0043570266	-0.0052684444	-0.0058758376	-0.0057641804	-0.0044540306	-0.0032099161	-0.0060129626	-0.0045455304	-0.0044715625	-0.0046871655	-0.0051670113	-0.0059993341	-0.0044856010	-0.0028649713	-0.0031361679	-0.0043506306	-0.0040008340	-0.0052242522	-0.0053283052	-0.0047827869	-0.0042658831	-0.0059043311	-0.0041005764	-0.0055428819	-0.0031935284	-0.0049135674	-0.0053079019	-0.0059504906	-0.0045395811	-0.0047457644	-0.0044027271	-0.0043951059	-0.0049335071	-0.0037051673	-0.0044033955	-0.0046952912	-0.0043517322	-0.0050963606	-0.0048935276	-0.0049176000	-0.0053124553	-0.0043119424	-0.0038535158	-0.0033391825	-0.0053753012	-0.0056548744	-0.0059182816	-0.0052044595	-0.0051887507	-0.0045404896	-0.0057345114	-0.0049835845	-0.0049586132	-0.0048900994	-0.0051003336	-0.0045926211	-0.0058284055	-0.0044929427	-0.0049017825	-0.0046186991	-0.0039170018	-0.0049027595	-0.0059208305	-0.0046369864	-0.0060707429	-0.0046250673	-0.0038640639	-0.0052506796	-0.0058333369	-0.0053763791	-0.0025933396	-0.0059136895	-0.0053723174	-0.0049444017	-0.0054050919	-0.0055816968	-0.0050690867	-0.0047842252	-0.0049929329	-0.0043839506	-0.0046356188	-0.0050439557	-0.0041714228	-0.0031382843	-0.0038479127	-0.0060235296	-0.0052626836	-0.0052170054	-0.0042275374	-0.0060241247	-0.0051320473
-0.0036991875	-0.0030874301	-0.0031489693	-0.0038189978	-0.0045134461	-0.0048331662	-0.0033564399	0.4655815746	-0.0031589552	-0.0042630958	-0.0041071637	-0.0045564238	-0.0036477558	-0.0029342342	-0.0031338814	-0.0029998211	-0.0026500252	-0.0053730396	-0.0053360422	-0.0042437322	-0.0049090477	-0.0056664311	-0.0047164233	-0.0050642074	-0.0056674405	-0.0039635910	-0.0033549778	-0.0046840514	-0.0051022443	-0.0035241789	-0.0044070866	-0.0048633798	-0.0048779836	-0.0055815781	-0.0034307106	-0.0036269219	-0.0035840623	-0.0046606035	-0.0049218256	-0.0049374147	-0.0037537617	-0.0051105224	-0.0051749551	-0.0058084061	-0.0044749096	-0.0049110646	-0.0044655165	-0.0050854332	-0.0035999270	-0.0042814868	-0.0027174588	-0.0038950090	-0.0036418290	-0.0044065795	-0.0047588149	-0.0048790201	-0.0038267626	-0.0036896048	-0.0044281303	-0.0056206294	-0.0055923736	-0.0039776004	-0.0052477518	-0.0043604496	-0.0036013671	-0.0031465486	-0.0036083290	-0.0054795769	-0.0051214336	-0.0047738203	-0.0044295262	-0.0041805018	-0.0050080149	-0.0053882890	-0.0061075725	-0.0051503450	-0.0043435444	-0.0048606735	-0.0051312911	-0.0055141861	-0.0053623936	-0.0057034855	-0.0051455502	-0.0042994032	-0.0040168626	-0.0050429272	-0.0042372414	-0.0030535054	-0.0047729278	-0.0049686301	-0.0041176777	-0.0051391304	-0.0047620108	-0.0032680287	-0.0040755968	-0.0046323363	-0.0028767872	-0.0051481177	-0.0033945304	-0.0040541811	-0.0034614383	-0.0044791081	-0.0049693274	-0.0042737305	-0.0040221731	-0.0040730836	-0.0042724055
-0.0046028570	-0.0050569568	-0.0044372218	-0.0053653651	-0.0040554838	-0.0032747534	-0.0032930614	-0.0031589552	0.4517409117	-0.0018226999	-0.0032758764	-0.0038569612	-0.0029809967	-0.0031094582	-0.0019754433	-0.0035814248	-0.0042053868	-0.0048821654	-0.0049296305	-0.0042410985	-0.0054711660	-0.0046711151	-0.0050495543	-0.0043946994	-0.0048416206	-0.0034832649	-0.0028068778	-0.0039815395	-0.0062052042	-0.0054804974	-0.0050543368	-0.0037652180	-0.0053262476	-0.0042619818	-0.0053013192	-0.0052993244	-0.0043692126	-0.0022398988	-0.0048380667	-0.0047380304	-0.0050809624	-0.0052590000	-0.0059887045	-0.0052193044	-0.0028629524	-0.0048667920	-0.0047513078	-0.0051008935	-0.0035695144	-0.0031754777	-0.0048704776	-0.0047173134	-0.0037980348	-0.0036819713	-0.0042614585	-0.0037659664	-0.0044103128	-0.0037528546	-0.0053735460	-0.0040186905	-0.0056788458	-0.0055450011	-0.0049799256	-0.0039055066	-0.0026133710	-0.0030614141	-0.0053390438	-0.0058628632	-0.0032865452	-0.0045100534	-0.0044565705	-0.0043394248	-0.0036568091	-0.0039575824	-0.0044393982	-0.0044516974	-0.0049624237	-0.0056562416	-0.0042737178	-0.0048720222	-0.0038456584	-0.0030809735	-0.0055592423	-0.0028386941	-0.0040058762	-0.0040755388	-0.0041758416	-0.0047402079	-0.0046449133	-0.0037522408	-0.0054596843	-0.0044436174	-0.0042942842	-0.0045994957	-0.0033344827	-0.0031652371	-0.0048290817	-0.0041359631	-0.0027538280	-0.0044434582	-0.0044923413	-0.0042556380	-0.0029634389	-0.0031992353	-0.0037079692	-0.0043811443	-0.0045038612
-0.0041436600	-0.0038530985	-0.0044442734	-0.0042266481	-0.0053151820	-0.0050152379	-0.0048487724	-0.0042630958	-0.0018226999	0.4673201193	-0.0035636230	-0.0034670950	-0.0032777237	-0.0044161235	-0.0022723361	-0.0045906889	-0.0047569555	-0.0047383743	-0.0051123080	-0.0058873525	-0.0055583802	-0.0040310713	-0.0043541179	-0.0048927356	-0.0042483526	-0.0047599638	-0.0032864258	-0.0049250299	-0.0040380876	-0.0042955658	-0.0034538476	-0.0048495926	-0.0041150804	-0.0051458909	-0.0037208352	-0.0033947912	-0.0052510992	-0.0053398626	-0.0053030711	-0.0039880794	-0.0044084008	-0.0029015595	-0.0045236667	-0.0054864229	-0.0049936509	-0.0044558802	-0.0037193628	-0.0042614206	-0.0042331688	-0.0046145628	-0.0034775419	-0.0035594236	-0.0051114310	-0.0045617606	-0.0039033856	-0.0049263360	-0.0036571131	-0.0032872349	-0.0052797978	-0.0040468915	-0.0056803450	-0.0051526028	-0.0047866516	-0.0050191790	-0.0035342100	-0.0043550059	-0.0042669660	-0.0057637335	-0.0053398429	-0.0053468736	-0.0047817936	-0.0053798155	-0.0038578046	-0.0045572425	-0.0058915726	-0.0048364418	-0.0043758303	-0.0056435294	-0.0054918566	-0.0040810163	-0.0041149229	-0.0044853549	-0.0040822569	-0.0035998028	-0.0033281865	-0.0046323109	-0.0030407082	-0.0045254381	-0.0038674731	-0.0037511000	-0.0049460764	-0.0062678187	-0.0038022789	-0.0049680361	-0.0044459681	-0.0053672745	-0.0038730258	-0.0024251311	-0.0034812376	-0.0043825357	-0.0043836347	-0.0050698129	-0.0043980786	-0.0034988959	-0.0049201008	-0.0042225651	-0.0049216392
-0.0036632773	-0.0035800700	-0.0034094761	-0.0038440938	-0.0043067890	-0.0045746585	-0.0048179515	-0.0041071637	-0.0032758764	-0.0035636230	0.4191984244	-0.0004637872	-0.0007271799	-0.0001430218	-0.0004701030	-0.0001885651	-0.0044376916	-0.0048246403	-0.0054731747	-0.0054775352	-0.0040336649	-0.0029149750	-0.0052948910	-0.0035364819	-0.0053363221	-0.0034640484	-0.0022817158	-0.0028314808	-0.0035140375	-0.0047108986	-0.0044619872	-0.0030324408	-0.0033391352	-0.0052085989	-0.0037601529	-0.0038376262	-0.0038356919	-0.0047253104	-0.0022709149	-0.0037491587	-0.0042534781	-0.0050203218	-0.0058896787	-0.0064185548	-0.0042914560	-0.0048658068	-0.0046189953	-0.0050004062	-0.0037407032	-0.0037037481	-0.0050629719	-0.0044654781	-0.0030539914	-0.0038840685	-0.0047314250	-0.0035389923	-0.0027222032	-0.0024719644	-0.0044917918	-0.0034126122	-0.0061468216	-0.0053218642	-0.0032922725	-0.0041606499	-0.0013888817	-0.0016290080	-0.0058339044	-0.0060352916	-0.0037897770	-0.0047779808	-0.0049241146	-0.0037375565	-0.0035202711	-0.0025975561	-0.0030484859	-0.0045848879	-0.0052856632	-0.0038383208	-0.0040998864	-0.0042193943	-0.0050709871	-0.0052142215	-0.0051893248	-0.0030963795	-0.0043423565	-0.0039017996	-0.0031516082	-0.0036658848	-0.0022957120	-0.0051056130	-0.0052485232	-0.0045052191	-0.0047870158	-0.0034352561	-0.0053268492	-0.0034280925	-0.0042366133	-0.0030088505	-0.0032670888	-0.0036243472	-0.0035661854	-0.0052564743	-0.0041363526	-0.0052618501	-0.0038186962	-0.0045903033	-0.0053073730
-0.0040294783	-0.0029806754	-0.0029050477	-0.0045888750	-0.0037018806	-0.0046382102	-0.0047491539	-0.0045564238	-0.0038569612	-0.0034670950	-0.0004637872	0.4359338930	-0.0003482461	-0.0006869220	-0.0014304254	-0.0003604091	-0.0037067474	-0.0053732751	-0.0037145842	-0.0045161710	-0.0048671877	-0.0050459637	-0.0044253529	-0.0045597520	-0.0037365602	-0.0045624100	-0.0035371261	-0.0036101506	-0.0045955632	-0.0033659918	-0.0025630490	-0.0042316407	-0.0053736935	-0.0038583948	-0.0044648205	-0.0037386215	-0.0042229600	-0.0043101386	-0.0041546773	-0.0036260399	-0.0058557429	-0.0049699514	-0.0054341366	-0.0044445750	-0.0034426977	-0.0026361148	-0.0049805646	-0.0044331536	-0.0049208663	-0.0044511797	-0.0032651271	-0.0031302296	-0.0033686668	-0.0043015488	-0.0048636492	-0.0049723232	-0.0028312468	-0.0031131454	-0.0052731539	-0.0038589100	-0.0051975702	-0.0057872518	-0.0062037817	-0.0048597081	-0.0027078299	-0.0022619284	-0.0052960780	-0.0051964904	-0.0051772121	-0.0055002822	-0.0043018709	-0.0057980361	-0.0030861118	-0.0032115215	-0.0057506481	-0.0039664781	-0.0043327381	-0.0048166219	-0.0056352226	-0.0046913501	-0.0060208585	-0.0043010937	-0.0036709605	-0.0037425889	-0.0042674585	-0.0032671644	-0.0023885953	-0.0036468346	-0.0042570412	-0.0039438631	-0.0050864151	-0.0044230984	-0.0038928378	-0.0045505397	-0.0049663154	-0.0038170775	-0.0035790404	-0.0028826690	-0.0048225210	-0.0061018305	-0.0031292254	-0.0039292952	-0.0057969747	-0.0032169971	-0.0051495261	-0.0035530283	-0.0062798643
-0.0047660906	-0.0052189304	-0.0029384193	-0.0032544627	-0.0034002230	-0.0030080567	-0.0048322063	-0.0036477558	-0.0029809967	-0.0032777237	-0.0007271799	-0.0003482461	0.4333285621	-0.0020108144	-0.0015112432	-0.0019598783	-0.0037979525	-0.0033966409	-0.0040770012	-0.0049473727	-0.0037734048	-0.0051480451	-0.0046937925	-0.0046322323	-0.0039208233	-0.0044678722	-0.0035278937	-0.0033098905	-0.0033842986	-0.0048423553	-0.0048745860	-0.0038740367	-0.0055546967	-0.0047658216	-0.0049388158	-0.0039910998	-0.0053598569	-0.0039248850	-0.0037102846	-0.0049837621	-0.0053006234	-0.0042315726	-0.0070014670	-0.0050479884	-0.0043486868	-0.0055699256	-0.0047662735	-0.0042160172	-0.0047259502	-0.0048819544	-0.0038832409	-0.0033407882	-0.0031614634	-0.0026837690	-0.0027512202	-0.0039791905	-0.0037041196	-0.0027714605	-0.0036622385	-0.0055122238	-0.0056107867	-0.0045711632	-0.0054296056	-0.0042617994	-0.0016546348	-0.0016940826	-0.0053452838	-0.0041332892	-0.0048088407	-0.0040049707	-0.0041269551	-0.0054275559	-0.0034740388	-0.0037819489	-0.0044506648	-0.0042831589	-0.0040736450	-0.0047638427	-0.0045274860	-0.0049234760	-0.0045103552	-0.0050789999	-0.0065556945	-0.0032674606	-0.0037213376	-0.0041185147	-0.0016260060	-0.0042485508	-0.0046232770	-0.0044991217	-0.0052432094	-0.0059860235	-0.0045036533	-0.0051538177	-0.0031298952	-0.0042848490	-0.0035678928	-0.0027610163	-0.0030298917	-0.0032988954	-0.0050706901	-0.0047494719	-0.0048264628	-0.0040553285	-0.0053616257	-0.0032024705	-0.0041869999
-0.0037614456	-0.0039584517	-0.0026541268	-0.0035223046	-0.0030995437	-0.0048963254	-0.0054877399	-0.0029342342	-0.0031094582	-0.0044161235	-0.0001430218	-0.0006869220	-0.0020108144	0.4316865585	-0.0000908033	-0.0005755513	-0.0041020413	-0.0038847511	-0.0042481147	-0.0038033248	-0.0040257766	-0.0023584908	-0.0049730013	-0.0041406264	-0.0056955485	-0.0053754279	-0.0030896932	-0.0032135281	-0.0030328539	-0.0036414648	-0.0038992590	-0.0036588567	-0.0046996229	-0.0047312255	-0.0052975807	-0.0049293557	-0.0042085622	-0.0048726005	-0.0047119510	-0.0047854028	-0.0037568393	-0.0047824184	-0.0063869660	-0.0055593201	-0.0046920569	-0.0047066438	-0.0045396033	-0.0058721395	-0.0039345479	-0.0036237592	-0.0047886136	-0.0030746391	-0.0032902528	-0.0023665676	-0.0047162360	-0.0037273788	-0.0029675172	-0.0040993744	-0.0049377156	-0.0038431504	-0.0062610769	-0.0057128907	-0.0065391190	-0.0044574523	-0.0020784516	-0.0008937161	-0.0057700561	-0.0049950811	-0.0043136555	-0.0043038042	-0.0054426411	-0.0057125375	-0.0045186375	-0.0034133029	-0.0050379572	-0.0039582305	-0.0035632699	-0.0050020026	-0.0042390589	-0.0043811073	-0.0042324153	-0.0053243415	-0.0036734491	-0.0042756846	-0.0026768201	-0.0025599208	-0.0023725237	-0.0031475999	-0.0036723982	-0.0039685842	-0.0066681817	-0.0059736249	-0.0040423312	-0.0028308810	-0.0039515667	-0.0035345123	-0.0047598259	-0.0036426543	-0.0038939436	-0.0036797180	-0.0037587390	-0.0056774673	-0.0052451259	-0.0037819824	-0.0040146615	-0.0062692470	-0.0050726431
-0.0030440019	-0.0040395556	-0.0035472370	-0.0030067595	-0.0045667154	-0.0033064913	-0.0040339395	-0.0031338814	-0.0019754433	-0.0022723361	-0.0004701030	-0.0014304254	-0.0015112432	-0.0000908033	0.4175832665	0.0005700121	-0.0045784639	-0.0025290527	-0.0058640028	-0.0043450227	-0.0044311840	-0.0051883849	-0.0027114200	-0.0041149832	-0.0048822131	-0.0049623758	-0.0022747526	-0.0038176425	-0.0034903551	-0.0037898016	-0.0029344409	-0.0042311306	-0.0038693114	-0.0056765142	-0.0046070098	-0.0033388272	-0.0028602212	-0.0053847760	-0.0030479921	-0.0047439384	-0.0047448455	-0.0051242671	-0.0063157693	-0.0052506546	-0.0044701776	-0.0038822545	-0.0049318051	-0.0038910774	-0.0042655384	-0.0042661260	-0.0039952771	-0.0038671098	-0.0035737083	-0.0040982221	-0.0036959331	-0.0042144279	-0.0034367626	-0.0036213133	-0.0058514307	-0.0040768252	-0.0057214236	-0.0060730016	-0.0043822047	-0.0054137552	0.0017718137	0.0012131413	-0.0046104479	-0.0058533616	-0.0037098890	-0.0046482307	-0.0053917657	-0.0048932342	-0.0046837336	-0.0036882175	-0.0048226011	-0.0047102145	-0.0040293012	-0.0052927980	-0.0048312856	-0.0053181522	-0.0043027059	-0.0038310916	-0.0041702212	-0.0030508656	-0.0038214312	-0.0042775599	-0.0040928124	-0.0039804215	-0.0050861725	-0.0037227126	-0.0047634851	-0.0050643026	-0.0041848462	-0.0042362814	-0.0050300991	-0.0036345585	-0.0041727472	-0.0023560432	-0.0037390128	-0.0043820204	-0.0042686979	-0.0035139377	-0.0056914842	-0.0031144339	-0.0051178698	-0.0036384934	-0.0041440292
-0.0038931586	-0.0046595191	-0.0018812006	-0.0035364932	-0.0052294240	-0.0032984951	-0.0036162058	-0.0029998211	-0.0035814248	-0.0045906889	-0.0001885651	-0.0003604091	-0.0019598783	-0.0005755513	0.0005700121	0.4420395712	-0.0050232962	-0.0046729210	-0.0043659401	-0.0058345725	-0.0034667139	-0.0040969389	-0.0042135821	-0.0050348227	-0.0041413714	-0.0049781519	-0.0036614742	-0.0048872010	-0.0048421519	-0.0037974189	-0.0050320890	-0.0045349457	-0.0045546774	-0.0041276428	-0.0037311173	-0.0054700701	-0.0025056781	-0.0042400312	-0.0056004370	-0.0044141971	-0.0057781160	-0.0047367356	-0.0055323552	-0.0055692287	-0.0057578811	-0.0059314404	-0.0062418385	-0.0045160464	-0.0045935450	-0.0047349279	-0.0047776996	-0.0038538310	-0.0040102430	-0.0041141893	-0.0033970346	-0.0044118303	-0.0027248941	-0.0034449034	-0.0055376969	-0.0046514138	-0.0059774319	-0.0061580177	-0.0056233596	-0.0047818223	0.0006806351	-0.0006424379	-0.0053288327	-0.0058584544	-0.0049510528	-0.0058698077	-0.0040835045	-0.0036105009	-0.0035188666	-0.0037130013	-0.0037038966	-0.0046562816	-0.0056990314	-0.0039057037	-0.0045144274	-0.0056885506	-0.0047861094	-0.0053422928	-0.0035072177	-0.0038909097	-0.0033175055	-0.0034594370	-0.0011324294	-0.0050087623	-0.0038275633	-0.0048929498	-0.0041873988	-0.0041575051	-0.0039214348	-0.0048973550	-0.0059359544	-0.0048897977	-0.0043655874	-0.0035221976	-0.0033643398	-0.0021107679	-0.0024328103	-0.0040706024	-0.0053537382	-0.0039769917	-0.0062638169	-0.0050439801	-0.0054316533
-0.0039911053	-0.0036564137	-0.0049290252	-0.0054440745	-0.0047338804	-0.0049580904	-0.0043570266	-0.0026500252	-0.0042053868	-0.0047569555	-0.0044376916	-0.0037067474	-0.0037979525	-0.0041020413	-0.0045784639	-0.0050232962	0.5072492148	-0.0043445501	-0.0056344608	-0.0052557113	-0.0051976577	-0.0055848847	-0.0036697431	-0.0053973774	-0.0033135052	-0.0035537990	-0.0047904114	-0.0038496984	-0.0060210071	-0.0052364047	-0.0050076793	-0.0067023125	-0.0050374588	-0.0059408036	-0.0041153003	-0.0048966490	-0.0044491046	-0.0038806455	-0.0047196456	-0.0045605540	-0.0054142087	-0.0053672879	-0.0054926380	-0.0055492233	-0.0042847530	-0.0033911599	-0.0052485627	-0.0055004812	-0.0043740883	-0.0046782783	-0.0048885329	-0.0037702227	-0.0051599168	-0.0029211192	-0.0053871757	-0.0050956669	-0.0053109681	-0.0046023877	-0.0047054226	-0.0067077823	-0.0053740436	-0.0040016581	-0.0053695897	-0.0044274852	-0.0044227692	-0.0043172566	-0.0046252384	-0.0053957013	-0.0043524336	-0.0050097570	-0.0048903395	-0.0049947106	-0.0046408164	-0.0044643000	-0.0060617591	-0.0073103513	-0.0047479597	-0.0047741721	-0.0048028914	-0.0055047779	-0.0049637983	-0.0044923410	-0.0054280834	-0.0042936325	-0.0046167404	-0.0042059007	-0.0052180917	-0.0045765017	-0.0034994032	-0.0035410301	-0.0051524851	-0.0055414079	-0.0050590028	-0.0057004711	-0.0053802744	-0.0047136684	-0.0054817835	-0.0030057916	-0.0033729074	-0.0047287810	-0.0062984687	-0.0054046071	-0.0058564614	-0.0047989912	-0.0053664000	-0.0045598618	-0.0041669009
-0.0058121753	-0.0047509931	-0.0050939717	-0.0048472253	-0.0054641723	-0.0034530250	-0.0052684444	-0.0053730396	-0.0048821654	-0.0047383743	-0.0048246403	-0.0053732751	-0.0033966409	-0.0038847511	-0.0025290527	-0.0046729210	-0.0043445501	0.5195021517	-0.0053301138	-0.0051417476	-0.0048474132	-0.0059254572	-0.0062935629	-0.0039883573	-0.0047055027	-0.0044986305	-0.0054792481	-0.0051476066	-0.0049356691	-0.0055730889	-0.0038763085	-0.0044132429	-0.0052437301	-0.0051940432	-0.0051576220	-0.0047960134	-0.0065912446	-0.0043707499	-0.0047587702	-0.0055222405	-0.0040750631	-0.0059667586	-0.0057619313	-0.0054296284	-0.0043882875	-0.0055783769	-0.0047578239	-0.0049760460	-0.0045482223	-0.0041392365	-0.0056967802	-0.0049518850	-0.0056494686	-0.0045474902	-0.0047968325	-0.0063364838	-0.0041374004	-0.0047039856	-0.0032053420	-0.0034127653	-0.0059751329	-0.0052084831	-0.0054207903	-0.0042959776	-0.0051171679	-0.0047578400	-0.0059287147	-0.0051737626	-0.0049036894	-0.0049973779	-0.0053840753	-0.0049654711	-0.0051355097	-0.0037982212	-0.0052725831	-0.0040274595	-0.0045607546	-0.0062871865	-0.0057492174	-0.0063880592	-0.0055439934	-0.0067509195	-0.0044685008	-0.0052719675	-0.0049883553	-0.0050914931	-0.0046198265	-0.0046952662	-0.0048178858	-0.0052263533	-0.0040243970	-0.0044449048	-0.0059330782	-0.0048897611	-0.0040377891	-0.0050098076	-0.0049729920	-0.0045145452	-0.0040681680	-0.0035859958	-0.0048957263	-0.0048531374	-0.0040249580	-0.0053662430	-0.0030646197	-0.0048718907	-0.0045625135
-0.0041539865	-0.0044811786	-0.0052123941	-0.0061491258	-0.0059936213	-0.0061729398	-0.0058758376	-0.0053360422	-0.0049296305	-0.0051123080	-0.0054731747	-0.0037145842	-0.0040770012	-0.0042481147	-0.0058640028	-0.0043659401	-0.0056344608	-0.0053301138	0.5686438360	-0.0042844356	-0.0045003345	-0.0059177289	-0.0051859892	-0.0052627656	-0.0062384805	-0.0055636654	-0.0044434392	-0.0061298498	-0.0055440316	-0.0049775091	-0.0051428022	-0.0056839546	-0.0059700811	-0.0057194321	-0.0072140689	-0.0056676645	-0.0054270949	-0.0055072130	-0.0045499917	-0.0055530778	-0.0047016737	-0.0057104360	-0.0058048065	-0.0063157693	-0.0056170665	-0.0056739917	-0.0040308721	-0.0052241661	-0.0048564197	-0.0037641896	-0.0044208690	-0.0044815425	-0.0054132157	-0.0039437893	-0.0045261424	-0.0048475307	-0.0049240314	-0.0046657256	-0.0047559116	-0.0064019898	-0.0071385677	-0.0051987719	-0.0055457491	-0.0059273279	-0.0042161989	-0.0057947420	-0.0057099242	-0.0040636879	-0.0058580548	-0.0054110998	-0.0059221075	-0.0055511749	-0.0049617316	-0.0044261853	-0.0059642437	-0.0053597147	-0.0061945181	-0.0063892920	-0.0062420964	-0.0061246801	-0.0048617498	-0.0056526215	-0.0053566062	-0.0056218478	-0.0052834879	-0.0055506143	-0.0050644590	-0.0055825856	-0.0066174680	-0.0061811332	-0.0058852273	-0.0046864711	-0.0062343641	-0.0054039768	-0.0062668319	-0.0046765056	-0.0063237840	-0.0041644993	-0.0038220801	-0.0048849861	-0.0056294054	-0.0064243121	-0.0058686723	-0.0063450394	-0.0056290213	-0.0055826072	-0.0063554041
-0.0054073041	-0.0047969186	-0.0047254341	-0.0051518323	-0.0050852741	-0.0035782448	-0.0057641804	-0.0042437322	-0.0042410985	-0.0058873525	-0.0054775352	-0.0045161710	-0.0049473727	-0.0038033248	-0.0043450227	-0.0058345725	-0.0052557113	-0.0051417476	-0.0042844356	0.5305137143	-0.0052168975	-0.0060154802	-0.0047169516	-0.0057136917	-0.0054124928	-0.0052046960	-0.0043568291	-0.0042008167	-0.0046683705	-0.0054354946	-0.0048289290	-0.0045683431	-0.0052266519	-0.0037563358	-0.0041065919	-0.0049375935	-0.0050862639	-0.0039666309	-0.0049118395	-0.0063841429	-0.0052270361	-0.0050868152	-0.0057068103	-0.0058636139	-0.0051529522	-0.0044178412	-0.0036539531	-0.0052203668	-0.0043783897	-0.0033279849	-0.0054879350	-0.0061283084	-0.0045314511	-0.0067441108	-0.0054056903	-0.0043823323	-0.0059032936	-0.0049161650	-0.0037758568	-0.0046753712	-0.0065000298	-0.0047470814	-0.0050480745	-0.0050434579	-0.0038682842	-0.0050546321	-0.0046504801	-0.0044725834	-0.0054803171	-0.0061894483	-0.0063825278	-0.0043175487	-0.0044757382	-0.0053246267	-0.0056810649	-0.0069500507	-0.0050215026	-0.0056484032	-0.0046556190	-0.0064352441	-0.0061347543	-0.0050802530	-0.0045659542	-0.0050215490	-0.0054614830	-0.0046848106	-0.0057035497	-0.0038896499	-0.0044412603	-0.0047362827	-0.0059581146	-0.0049651411	-0.0049643341	-0.0050866186	-0.0050152347	-0.0053028511	-0.0041541492	-0.0050110770	-0.0035915025	-0.0040363399	-0.0046559491	-0.0041496273	-0.0046835259	-0.0051017287	-0.0049469701	-0.0053181118	-0.0067175915
-0.0054050170	-0.0048073841	-0.0044472761	-0.0047618638	-0.0040999833	-0.0030777440	-0.0044540306	-0.0049090477	-0.0054711660	-0.0055583802	-0.0040336649	-0.0048671877	-0.0037734048	-0.0040257766	-0.0044311840	-0.0034667139	-0.0051976577	-0.0048474132	-0.0045003345	-0.0052168975	0.5374175002	-0.0039772474	-0.0048186022	-0.0053351819	-0.0039564919	-0.0065741016	-0.0036150383	-0.0048743528	-0.0050617830	-0.0041992887	-0.0059771801	-0.0063902535	-0.0045636011	-0.0040145962	-0.0040916068	-0.0042661525	-0.0042478315	-0.0062877566	-0.0047580575	-0.0049441495	-0.0039730410	-0.0070683297	-0.0063488268	-0.0064767404	-0.0048898297	-0.0051732689	-0.0046526597	-0.0058276096	-0.0065283456	-0.0054723932	-0.0061995655	-0.0051885926	-0.0052723494	-0.0055442937	-0.0042300079	-0.0073305652	-0.0047333882	-0.0060337325	-0.0047586200	-0.0049663231	-0.0064100177	-0.0047774798	-0.0056181369	-0.0061368270	-0.0043470960	-0.0034626666	-0.0067434970	-0.0051977937	-0.0060867557	-0.0045292613	-0.0051436213	-0.0058987022	-0.0056435205	-0.0046123154	-0.0051085275	-0.0058995261	-0.0063232508	-0.0037589547	-0.0052018019	-0.0058809312	-0.0068030492	-0.0054016609	-0.0054691202	-0.0055761910	-0.0037478296	-0.0047851089	-0.0053777679	-0.0051819266	-0.0053741635	-0.0060537083	-0.0056457602	-0.0062876327	-0.0045083332	-0.0049468884	-0.0041658877	-0.0044942718	-0.0052143444	-0.0034614690	-0.0042810520	-0.0046989130	-0.0046704353	-0.0054096506	-0.0048540682	-0.0054580277	-0.0048037157	-0.0047489480	-0.0052430098
-0.0043861042	-0.0046414055	-0.0058671117	-0.0061260047	-0.0051136824	-0.0048446451	-0.0032099161	-0.0056664311	-0.0046711151	-0.0040310713	-0.0029149750	-0.0050459637	-0.0051480451	-0.0023584908	-0.0051883849	-0.0040969389	-0.0055848847	-0.0059254572	-0.0059177289	-0.0060154802	-0.0039772474	0.5263829406	-0.0041163893	-0.0054573820	-0.0045320655	-0.0051263640	-0.0041718867	-0.0047294625	-0.0040720738	-0.0046645724	-0.0045109673	-0.0057289210	-0.0056317378	-0.0054110785	-0.0053445131	-0.0045906299	-0.0037206442	-0.0071055992	-0.0055145292	-0.0046452101	-0.0038494874	-0.0044020889	-0.0057381828	-0.0055753594	-0.0053367946	-0.0053122410	-0.0049122092	-0.0065522449	-0.0058576669	-0.0052056039	-0.0050342195	-0.0049618209	-0.0045811107	-0.0049248327	-0.0033361888	-0.0042269980	-0.0063638327	-0.0050050443	-0.0046864175	-0.0046966583	-0.0040101490	-0.0055473710	-0.0055980906	-0.0047678239	-0.0034439926	-0.0044259945	-0.0050778243	-0.0044969411	-0.0052716468	-0.0038446262	-0.0050274645	-0.0061457366	-0.0058094922	-0.0046006987	-0.0048333274	-0.0041592276	-0.0061203537	-0.0053113993	-0.0049028652	-0.0057583722	-0.0043757686	-0.0043475672	-0.0064014002	-0.0058464384	-0.0037049514	-0.0054231777	-0.0045556423	-0.0066226262	-0.0043321687	-0.0043694206	-0.0059186642	-0.0058207751	-0.0046027812	-0.0055767693	-0.0050080422	-0.0046986820	-0.0032176920	-0.0057213492	-0.0034027377	-0.0054321690	-0.0048288314	-0.0065637698	-0.0046601054	-0.0043803745	-0.0053436095	-0.0063700686	-0.0053398477
-0.0045204998	-0.0050029362	-0.0036655261	-0.0052208889	-0.0058348022	-0.0050927870	-0.0060129626	-0.0047164233	-0.0050495543	-0.0043541179	-0.0052948910	-0.0044253529	-0.0046937925	-0.0049730013	-0.0027114200	-0.0042135821	-0.0036697431	-0.0062935629	-0.0051859892	-0.0047169516	-0.0048186022	-0.0041163893	0.5150607036	-0.0035447424	-0.0050570598	-0.0038093213	-0.0038844183	-0.0049805179	-0.0044873081	-0.0050601686	-0.0059310776	-0.0055940836	-0.0055424426	-0.0057946445	-0.0050888803	-0.0055427234	-0.0052150851	-0.0048347747	-0.0048818668	-0.0049558194	-0.0045389594	-0.0037144126	-0.0058771805	-0.0056272612	-0.0044693223	-0.0041644456	-0.0049637495	-0.0051093287	-0.0053622190	-0.0036277302	-0.0039755836	-0.0038121575	-0.0053942939	-0.0033725475	-0.0039536490	-0.0058153561	-0.0027743958	-0.0046813051	-0.0052097391	-0.0033478707	-0.0058419613	-0.0058948615	-0.0066452805	-0.0054530256	-0.0048537802	-0.0045014318	-0.0056364873	-0.0047096230	-0.0056000190	-0.0051826800	-0.0061874213	-0.0037999335	-0.0046508877	-0.0057016657	-0.0048751439	-0.0071621725	-0.0055696394	-0.0042325642	-0.0057118469	-0.0063918216	-0.0057807990	-0.0046769509	-0.0041871436	-0.0052281993	-0.0049801900	-0.0053161600	-0.0042579011	-0.0041464536	-0.0046299464	-0.0065518381	-0.0053256781	-0.0051061238	-0.0036557957	-0.0040996096	-0.0035993190	-0.0048783017	-0.0025657160	-0.0040708156	-0.0035662929	-0.0032269157	-0.0045685080	-0.0050737576	-0.0053472344	-0.0054486869	-0.0050053887	-0.0058010642	-0.0067834491
-0.0047317431	-0.0049886652	-0.0037301277	-0.0052535315	-0.0053424830	-0.0058457960	-0.0045455304	-0.0050642074	-0.0043946994	-0.0048927356	-0.0035364819	-0.0045597520	-0.0046322323	-0.0041406264	-0.0041149832	-0.0050348227	-0.0053973774	-0.0039883573	-0.0052627656	-0.0057136917	-0.0053351819	-0.0054573820	-0.0035447424	0.4980945781	-0.0052889800	-0.0049390990	-0.0047185166	-0.0037885721	-0.0047211662	-0.0055935707	-0.0051811299	-0.0054490963	-0.0034428383	-0.0041394897	-0.0049052374	-0.0032586902	-0.0036889745	-0.0053598014	-0.0051060181	-0.0040775098	-0.0039613484	-0.0052421439	-0.0058486665	-0.0059051967	-0.0037350761	-0.0049073696	-0.0043198345	-0.0054021545	-0.0043811596	-0.0038495148	-0.0039161299	-0.0040953594	-0.0042968011	-0.0043760986	-0.0054907065	-0.0052144297	-0.0036339254	-0.0048169352	-0.0061027022	-0.0047923620	-0.0054455111	-0.0061485219	-0.0055107258	-0.0049756590	-0.0045022910	-0.0057479425	-0.0044196572	-0.0031114088	-0.0055254431	-0.0058986623	-0.0050742846	-0.0061624558	-0.0042152085	-0.0036854407	-0.0065920714	-0.0046716855	-0.0051337719	-0.0047964056	-0.0046486075	-0.0073245952	-0.0046655717	-0.0058301643	-0.0054063533	-0.0051980604	-0.0036692862	-0.0029310350	-0.0031293245	-0.0058658761	-0.0035374544	-0.0044513542	-0.0051477662	-0.0046042355	-0.0031955844	-0.0043885597	-0.0042136992	-0.0027422515	-0.0036706421	-0.0024502534	-0.0039192144	-0.0025266732	-0.0037102206	-0.0061529689	-0.0055589210	-0.0054574099	-0.0039722544	-0.0054561077	-0.0051984651
-0.0057031176	-0.0042050118	-0.0064285942	-0.0049061935	-0.0034997134	-0.0045641217	-0.0044715625	-0.0056674405	-0.0048416206	-0.0042483526	-0.0053363221	-0.0037365602	-0.0039208233	-0.0056955485	-0.0048822131	-0.0041413714	-0.0033135052	-0.0047055027	-0.0062384805	-0.0054124928	-0.0039564919	-0.0045320655	-0.0050570598	-0.0052889800	0.4966351757	-0.0026728060	-0.0048143901	-0.0039157386	-0.0050135637	-0.0043662520	-0.0026637948	-0.0040776370	-0.0032423490	-0.0038865622	-0.0048432840	-0.0046211742	-0.0043506550	-0.0044014805	-0.0049733506	-0.0058198963	-0.0046242386	-0.0050533610	-0.0052795445	-0.0049661425	-0.0043241243	-0.0066886981	-0.0039494569	-0.0038356463	-0.0046559701	-0.0038186410	-0.0052034794	-0.0039785367	-0.0051330090	-0.0051981992	-0.0046907198	-0.0034238595	-0.0048822614	-0.0035684907	-0.0053953696	-0.0051274636	-0.0067752243	-0.0043043049	-0.0056988741	-0.0047722531	-0.0041862120	-0.0048883475	-0.0047872803	-0.0059357854	-0.0040327208	-0.0048959493	-0.0057816018	-0.0047629656	-0.0048098751	-0.0032439292	-0.0042933147	-0.0054812271	-0.0040868732	-0.0044946453	-0.0054742304	-0.0042390077	-0.0046331372	-0.0039592147	-0.0065832211	-0.0054754971	-0.0037103649	-0.0046618143	-0.0034648120	-0.0044515498	-0.0048085058	-0.0053236285	-0.0056255701	-0.0051101113	-0.0046257594	-0.0043713511	-0.0055139154	-0.0048839021	-0.0046491684	-0.0042705883	-0.0037957783	-0.0046066312	-0.0046610043	-0.0061491219	-0.0045915931	-0.0043671520	-0.0040679243	-0.0042198684	-0.0048960771
-0.0027238629	-0.0048224803	-0.0042728374	-0.0054128147	-0.0049384652	-0.0048341868	-0.0046871655	-0.0039635910	-0.0034832649	-0.0047599638	-0.0034640484	-0.0045624100	-0.0044678722	-0.0053754279	-0.0049623758	-0.0049781519	-0.0035537990	-0.0044986305	-0.0055636654	-0.0052046960	-0.0065741016	-0.0051263640	-0.0038093213	-0.0049390990	-0.0026728060	0.4950853928	-0.0051771159	-0.0030534492	-0.0041838934	-0.0045536568	-0.0043102938	-0.0046623138	-0.0040691706	-0.0030079357	-0.0047026077	-0.0055877848	-0.0063737685	-0.0052442869	-0.0043925147	-0.0059969263	-0.0042764011	-0.0055113544	-0.0045878719	-0.0048104062	-0.0043048561	-0.0051078253	-0.0057575717	-0.0046473059	-0.0047741457	-0.0039280282	-0.0050354762	-0.0032423672	-0.0046208342	-0.0042692179	-0.0045436644	-0.0054213253	-0.0043953393	-0.0035542219	-0.0039020498	-0.0049166290	-0.0060677465	-0.0067131935	-0.0056199318	-0.0048025294	-0.0051478253	-0.0041266438	-0.0046799192	-0.0042651352	-0.0023040860	-0.0049422338	-0.0039977722	-0.0058584822	-0.0046225777	-0.0046348089	-0.0052336839	-0.0056110993	-0.0059618306	-0.0048829208	-0.0066095344	-0.0058910450	-0.0044611653	-0.0041997341	-0.0057566134	-0.0045672549	-0.0063762382	-0.0045002153	-0.0046481396	-0.0046078084	-0.0050155540	-0.0046716984	-0.0056486564	-0.0049664816	-0.0036673264	-0.0035228014	-0.0042388278	-0.0042098505	-0.0043398158	-0.0039270273	-0.0029400103	-0.0039193151	-0.0046117821	-0.0046979150	-0.0042535169	-0.0051523202	-0.0048024513	-0.0049495804	-0.0038862813
