0.5783962779	-0.0048298572	-0.0026755683	-0.0073922229	-0.0065681124	-0.0050502765	-0.0057436850	-0.0062742047	-0.0053721992	-0.0047251592	-0.0060661702	-0.0056781158	-0.0050160136	-0.0068685486	-0.0085880009	-0.0066871660	-0.0054321479	-0.0059987186	-0.0059903549	-0.0059389088	-0.0052536438	-0.0066017804	-0.0053802205	-0.0037710848	-0.0076157669	-0.0070407400	-0.0088245569	-0.0059436410	-0.0059174695	-0.0027918588	-0.0055265243	-0.0046166904	-0.0078440402	-0.0050734577	-0.0055947765	-0.0056138944	-0.0049950144	-0.0055478892	-0.0061243197	-0.0069468291	-0.0063144687	-0.0063392562	-0.0044876401	-0.0059558889	-0.0052778263	-0.0040986847	-0.0059467980	-0.0049802866	-0.0060529203	-0.0069321968	-0.0069294844	-0.0058797046	-0.0039289277	-0.0045443101	-0.0058252370	-0.0060721389	-0.0044358561	-0.0059571617	-0.0055553616	-0.0039895833	-0.0057010750	-0.0051368991	-0.0056298559	-0.0066500012	-0.0053591962	-0.0043890060	-0.0044629273	-0.0053515987	-0.0074570795	-0.0075721550	-0.0068945460	-0.0072013290	-0.0069444178	-0.0048069413	-0.0033361553	-0.0054895602	-0.0065303273	-0.0066011219	-0.0061979142	-0.0057546252	-0.0030542159	-0.0066797210	-0.0053804612	-0.0053477903	-0.0066625407	-0.0046412724	-0.0060143419	-0.0058018495	-0.0053819194	-0.0056087562	-0.0055610165	-0.0054432885	-0.0063330323	-0.0046708169	-0.0056787707	-0.0053934224	-0.0049649609	-0.0059399625	-0.0077709857	-0.0056450618	-0.0055423288	-0.0059896692
-0.0048298572	0.5605775975	-0.0005136829	-0.0076384909	-0.0055335740	-0.0047268595	-0.0054118488	-0.0058172056	-0.0059020117	-0.0056559502	-0.0061262312	-0.0037457098	-0.0068418138	-0.0060627875	-0.0064092915	-0.0074888847	-0.0045950206	-0.0059087240	-0.0052087746	-0.0070344026	-0.0051314372	-0.0055537074	-0.0054403329	-0.0054892807	-0.0072810108	-0.0078489931	-0.0075167512	-0.0056953473	-0.0063233202	-0.0042690764	-0.0045776512	-0.0064414469	-0.0061160617	-0.0068439895	-0.0044549321	-0.0065765111	-0.0052619504	-0.0069688440	-0.0056790603	-0.0048386221	-0.0050347409	-0.0055715263	-0.0053733798	-0.0048600586	-0.0055901023	-0.0017439600	-0.0061527164	-0.0057454989	-0.0058112612	-0.0061041738	-0.0061192218	-0.0040572216	-0.0051506233	-0.0061879617	-0.0056627437	-0.0051033612	-0.0056651225	-0.0059319157	-0.0064143998	-0.0037268700	-0.0042050435	-0.0055239867	-0.0052210815	-0.0065337667	-0.0053818367	-0.0051114453	-0.0049864632	-0.0059016630	-0.0076901801	-0.0073560318	-0.0062553001	-0.0066494626	-0.0065953647	-0.0049184093	-0.0042125203	-0.0058217323	-0.0060469374	-0.0056184608	-0.0060951802	-0.0054516530	-0.0050004496	-0.0050567166	-0.0052566509	-0.0043292348	-0.0069380599	-0.0057655724	-0.0053440774	-0.0061072366	-0.0047328620	-0.0041840490	-0.0059240847	-0.0053787335	-0.0058191941	-0.0044616006	-0.0044397480	-0.0037446225	-0.0046829164	-0.0058885311	-0.0042025025	-0.0051772733	-0.0064527181	-0.0063479368
-0.0026755683	-0.0005136829	0.5604618990	-0.0080004867	-0.0069356820	-0.0047513650	-0.0069590377	-0.0059789449	-0.0066274254	-0.0058372216	-0.0062319579	-0.0050027924	-0.0061986794	-0.0060328612	-0.0079596470	-0.0071791364	-0.0053733980	-0.0052774991	-0.0046629718	-0.0055069220	-0.0051808108	-0.0059436706	-0.0057953227	-0.0045901859	-0.0060407600	-0.0069302234	-0.0067234946	-0.0051835056	-0.0058651209	-0.0035446956	-0.0054476757	-0.0064131661	-0.0076185059	-0.0063908209	-0.0049417302	-0.0046362620	-0.0058672066	-0.0054914718	-0.0052117498	-0.0065458329	-0.0041845150	-0.0063672371	-0.0043202966	-0.0071774946	-0.0066368983	-0.0020402404	-0.0053893400	-0.0038901400	-0.0044888575	-0.0049030425	-0.0057644727	-0.0048723182	-0.0055701439	-0.0036867273	-0.0051935530	-0.0055298458	-0.0070614654	-0.0056066660	-0.0062055595	-0.0045046805	-0.0052344225	-0.0055111879	-0.0045401475	-0.0069242523	-0.0040280015	-0.0052958424	-0.0055388894	-0.0046372200	-0.0071082671	-0.0077805804	-0.0067196939	-0.0065256971	-0.0076987495	-0.0050830166	-0.0046635171	-0.0050637998	-0.0058301642	-0.0066635767	-0.0050456980	-0.0048204894	-0.0032582294	-0.0065014349	-0.0057425706	-0.0049913099	-0.0078820300	-0.0057792427	-0.0058386934	-0.0050682435	-0.0044079214	-0.0046848369	-0.0061840475	-0.0054789711	-0.0059713000	-0.0058679172	-0.0047208229	-0.0058826790	-0.0048925324	-0.0055066709	-0.0053934642	-0.0046819008	-0.0055692072	-0.0059836733
-0.0073922229	-0.0076384909	-0.0080004867	0.4507931933	0.0049835259	-0.0060254492	-0.0052681073	-0.0060347182	-0.0047956886	-0.0050099608	-0.0071587225	-0.0050629926	-0.0053321938	-0.0044588171	0.0083511333	0.0073291930	-0.0070436258	-0.0069660691	-0.0073450737	-0.0051729220	-0.0065286280	-0.0068718019	-0.0074756470	-0.0065148530	0.0057991188	0.0085753813	0.0073207506	-0.0048018774	-0.0045705517	-0.0075086200	-0.0059103415	-0.0066489279	0.0057205831	-0.0073129431	-0.0063576712	-0.0070040471	-0.0072200012	-0.0061596369	-0.0062783931	-0.0066008106	-0.0048872874	-0.0044743166	-0.0056847703	-0.0072630092	-0.0081935382	-0.0065001879	-0.0068273571	-0.0055658457	-0.0071938803	-0.0060380173	-0.0080141239	-0.0066160037	-0.0073965963	-0.0059652275	-0.0056020074	-0.0066321190	-0.0070506732	-0.0071071103	-0.0058065973	-0.0054120725	-0.0053233826	-0.0057680993	-0.0058412342	0.0049954966	-0.0065497556	-0.0044035739	-0.0058090685	-0.0050836725	0.0074592727	0.0062896234	0.0081932958	0.0053680516	0.0066001721	-0.0048939308	-0.0071224125	-0.0046052705	-0.0061589382	0.0063579495	-0.0062015939	-0.0055533883	-0.0067251343	-0.0069772329	-0.0062622462	-0.0067745418	0.0058062191	-0.0067781444	-0.0073368285	-0.0071540166	-0.0084462470	-0.0056309736	-0.0073857648	-0.0063602338	-0.0077116157	-0.0070513001	-0.0073915136	-0.0066897153	-0.0072915203	-0.0070435877	-0.0070134486	-0.0065699477	-0.0070439293	-0.0062896630
-0.0065681124	-0.0055335740	-0.0069356820	0.0049835259	0.4240771461	-0.0059444393	-0.0058695731	-0.0075720794	-0.0061057833	-0.0052307952	-0.0059509879	-0.0061445177	-0.0068468316	-0.0056481109	0.0062256963	0.0070177775	-0.0058098444	-0.0074656848	-0.0065520490	-0.0049903510	-0.0057544207	-0.0058336430	-0.0065112266	-0.0068374929	0.0044370800	0.0055921034	0.0067579550	-0.0044827583	-0.0064457944	-0.0059027755	-0.0058360300	-0.0063926577	0.0057810364	-0.0077804113	-0.0062055309	-0.0062009637	-0.0064594178	-0.0055117927	-0.0063459970	-0.0064926511	-0.0051400317	-0.0058646264	-0.0072678349	-0.0062381424	-0.0064956376	-0.0057539386	-0.0077465969	-0.0054267783	-0.0063681567	-0.0052372964	-0.0073535256	-0.0051379504	-0.0058818140	-0.0055187596	-0.0048528615	-0.0056295598	-0.0062710286	-0.0054355847	-0.0056912468	-0.0043489783	-0.0072955741	-0.0048181163	-0.0063072286	0.0057127570	-0.0064657648	-0.0061838819	-0.0059714661	-0.0049222486	0.0070598199	0.0084378936	0.0067501099	0.0065481064	0.0063341927	-0.0060947679	-0.0064734716	-0.0051296942	-0.0046342399	0.0075647567	-0.0057220621	-0.0054952029	-0.0064218946	-0.0055399413	-0.0055541881	-0.0046415558	0.0078319743	-0.0054343258	-0.0060412792	-0.0067502126	-0.0070876501	-0.0053009231	-0.0068348365	-0.0059444264	-0.0066921832	-0.0073728153	-0.0062202649	-0.0065123675	-0.0070331549	-0.0056436311	-0.0063670419	-0.0067352577	-0.0057669742	-0.0058809590
-0.0050502765	-0.0047268595	-0.0047513650	-0.0060254492	-0.0059444393	0.5083252428	-0.0061740249	-0.0064932825	-0.0055256822	-0.0052778406	-0.0043983528	-0.0050292344	-0.0049056577	-0.0037741587	-0.0066072570	-0.0053550560	-0.0049222939	-0.0035845712	-0.0037641690	-0.0044701791	-0.0049482682	-0.0047179692	-0.0055369090	-0.0051858179	-0.0054079815	-0.0062056296	-0.0059710760	-0.0048275020	-0.0050305962	-0.0058055035	-0.0044085375	-0.0058380586	-0.0055576418	-0.0049208863	-0.0070908554	-0.0045254686	-0.0050013350	-0.0049078765	-0.0046520845	-0.0063585429	-0.0046678170	-0.0050537125	-0.0040395537	-0.0055705167	-0.0044925380	-0.0058056538	-0.0053370501	-0.0030620381	-0.0055301599	-0.0048810306	-0.0048548867	-0.0034298975	-0.0055065273	-0.0062559114	-0.0053977355	-0.0041952701	-0.0054893749	-0.0038585709	-0.0054793617	-0.0044595377	-0.0050654819	-0.0039065673	-0.0044898543	-0.0051470243	-0.0039875250	-0.0048363128	-0.0038972258	-0.0046522916	-0.0069252906	-0.0058394683	-0.0052595221	-0.0047074504	-0.0046472990	-0.0046596629	-0.0060341826	-0.0053391347	-0.0033023859	-0.0054661818	-0.0046494845	-0.0027295591	-0.0039084736	-0.0051586887	-0.0047864383	-0.0040112234	-0.0062366779	-0.0046395172	-0.0040060534	-0.0055707916	-0.0059526157	-0.0036651562	-0.0043735347	-0.0046280625	-0.0054668509	-0.0049225079	-0.0051801588	-0.0060264246	-0.0053711752	-0.0059777774	-0.0057995635	-0.0057114056	-0.0050062602	-0.0053381470
-0.0057436850	-0.0054118488	-0.0069590377	-0.0052681073	-0.0058695731	-0.0061740249	0.5515003101	-0.0059994993	-0.0056087944	-0.0046438720	-0.0062075209	-0.0045549109	-0.0050682227	-0.0049294288	-0.0050265861	-0.0058766435	-0.0053454813	-0.0062491101	-0.0060137013	-0.0048757196	-0.0066324551	-0.0056171912	-0.0044982305	-0.0060648040	-0.0063375708	-0.0046384310	-0.0067268535	-0.0051363615	-0.0066661811	-0.0055175686	-0.0048057191	-0.0056622543	-0.0066027740	-0.0069850331	-0.0055614862	-0.0063198411	-0.0062466384	-0.0050592794	-0.0058678786	-0.0062395413	-0.0044026324	-0.0053686441	-0.0029700204	-0.0059187163	-0.0045607750	-0.0060625473	-0.0070491979	-0.0046299045	-0.0050347093	-0.0056326410	-0.0058926658	-0.0050257389	-0.0048338789	-0.0051572482	-0.0055794496	-0.0063014465	-0.0056644744	-0.0057350175	-0.0043087717	-0.0050229516	-0.0057368606	-0.0044430548	-0.0048564988	-0.0060167013	-0.0055243699	-0.0057848892	-0.0055445177	-0.0051091891	-0.0058344074	-0.0047832556	-0.0065490918	-0.0050743000	-0.0061044027	-0.0058000116	-0.0047118156	-0.0048730600	-0.0041566612	-0.0074080618	-0.0056512586	-0.0034353836	-0.0048897207	-0.0049935324	-0.0060286381	-0.0045357825	-0.0015569594	-0.0044583023	-0.0050770471	-0.0052062980	-0.0051047682	-0.0058363648	-0.0050123895	-0.0062591190	-0.0051088502	-0.0067960002	-0.0061762615	-0.0049663267	-0.0058774255	-0.0059430259	-0.0072714525	-0.0048751217	-0.0050548816	-0.0049109588
-0.0062742047	-0.0058172056	-0.0059789449	-0.0060347182	-0.0075720794	-0.0064932825	-0.0059994993	0.5459796474	-0.0058772099	-0.0064005181	-0.0046849721	-0.0050177802	-0.0061754282	-0.0059745813	-0.0060324319	-0.0073264583	-0.0046140941	-0.0046624030	-0.0053889537	-0.0048753731	-0.0059998335	-0.0043275642	-0.0048600973	-0.0049341165	-0.0070810906	-0.0081063696	-0.0066589158	-0.0063959749	-0.0055561700	-0.0063116156	-0.0028417557	-0.0040948790	-0.0068369859	-0.0044192764	-0.0043265265	-0.0036781942	-0.0057578776	-0.0072220534	-0.0023086752	-0.0040755817	-0.0034543142	-0.0038814040	-0.0034467066	-0.0060211179	-0.0062471729	-0.0062684400	-0.0035756332	-0.0065657922	-0.0047300150	-0.0055426468	-0.0031615742	-0.0041548076	-0.0042495264	-0.0055050918	-0.0045809264	-0.0050312257	-0.0056651392	-0.0053324584	-0.0055807232	-0.0054479891	-0.0055357769	-0.0042334595	-0.0053299710	-0.0067917447	-0.0055257328	-0.0049608914	-0.0057434807	-0.0044113365	-0.0075335151	-0.0069536269	-0.0081693669	-0.0076908116	-0.0071166359	-0.0061766712	-0.0055603044	-0.0052597071	-0.0062340841	-0.0059698747	-0.0061254588	-0.0055610683	-0.0040182613	-0.0041829543	-0.0034824260	-0.0049349248	-0.0081189918	-0.0060214852	-0.0048584843	-0.0047911469	-0.0037974076	-0.0052336882	-0.0050066501	-0.0065668184	-0.0034132421	-0.0042952095	-0.0055656476	-0.0062053854	-0.0036235812	-0.0050413139	-0.0053344675	-0.0051633466	-0.0049463184	-0.0050579811
-0.0053721992	-0.0059020117	-0.0066274254	-0.0047956886	-0.0061057833	-0.0055256822	-0.0056087944	-0.0058772099	0.5015902814	-0.0047639830	0.0043361490	-0.0051514783	-0.0061827428	-0.0060752721	-0.0074752601	-0.0068792993	-0.0033637042	-0.0028914433	-0.0049356024	-0.0039221426	-0.0061661921	-0.0035841574	-0.0049687968	-0.0038094686	-0.0058003430	-0.0064521509	-0.0058631296	-0.0062328955	-0.0052293603	-0.0061347147	-0.0021636827	-0.0050278821	-0.0080444949	-0.0041535028	-0.0039576630	-0.0046670062	-0.0054348980	-0.0067404387	-0.0017697283	-0.0052434878	-0.0020638881	-0.0040433413	-0.0032236220	-0.0057904735	-0.0041249332	-0.0048996056	-0.0042942555	-0.0057881354	-0.0056698952	-0.0057594336	-0.0059094449	-0.0037180534	-0.0021283572	-0.0057876198	-0.0045877900	-0.0053099380	-0.0048670860	-0.0049634671	-0.0065283102	-0.0044840556	-0.0048743227	-0.0043688182	-0.0067979294	-0.0067409027	-0.0043961206	-0.0038757429	-0.0059944792	-0.0039824721	-0.0064670797	-0.0059277099	-0.0065645717	-0.0068953126	-0.0071066898	-0.0051410330	-0.0052539253	-0.0050868592	-0.0054628787	-0.0054025390	-0.0049666749	-0.0059467877	-0.0051443267	-0.0041580300	-0.0026199469	-0.0050877698	-0.0066048464	-0.0051715203	-0.0033556660	-0.0030615726	-0.0036745450	-0.0050401368	-0.0038085948	-0.0048315093	-0.0052312464	-0.0040901964	-0.0041439753	-0.0062157512	-0.0045978215	-0.0051179013	-0.0042899639	-0.0047919326	-0.0058565212	-0.0049383845
-0.0047251592	-0.0056559502	-0.0058372216	-0.0050099608	-0.0052307952	-0.0052778406	-0.0046438720	-0.0064005181	-0.0047639830	0.5332578954	-0.0059117596	-0.0048568784	-0.0046455648	-0.0049195645	-0.0047592495	-0.0062667536	-0.0050309558	-0.0058223684	-0.0055800699	-0.0050596674	-0.0061848180	-0.0054715542	-0.0043917401	-0.0061772408	-0.0060349758	-0.0066808557	-0.0060808818	-0.0034323757	-0.0053604826	-0.0051683622	-0.0051274853	-0.0056532008	-0.0059813931	-0.0046193256	-0.0060246045	-0.0063827828	-0.0045834707	-0.0039829527	-0.0054249074	-0.0048700516	-0.0052531072	-0.0053185362	-0.0050156701	-0.0060965974	-0.0050090152	-0.0066791849	-0.0060129144	-0.0038810040	-0.0040359967	-0.0050037634	-0.0053465764	-0.0044150105	-0.0061728524	-0.0062267619	-0.0049160304	-0.0062002717	-0.0048047730	-0.0029278112	-0.0053754002	-0.0039821590	-0.0043146957	-0.0039626189	-0.0044520940	-0.0063833407	-0.0044650126	-0.0058969122	-0.0053814525	-0.0054475791	-0.0069333754	-0.0062926829	-0.0062058576	-0.0077565544	-0.0057713694	-0.0046293035	-0.0061005777	-0.0036488698	-0.0019941674	-0.0068151149	-0.0054352945	-0.0043795552	-0.0053443156	-0.0057760740	-0.0045024263	-0.0045797384	-0.0056979285	-0.0036186216	-0.0045519182	-0.0071583257	-0.0054183076	-0.0047638030	-0.0059754245	-0.0047968355	-0.0068946292	-0.0060143078	-0.0061663965	-0.0045895253	-0.0055958975	-0.0043266077	-0.0054895279	-0.0051988707	-0.0049906117	-0.0048363438
-0.0060661702	-0.0061262312	-0.0062319579	-0.0071587225	-0.0059509879	-0.0043983528	-0.0062075209	-0.0046849721	0.0043361490	-0.0059117596	0.5124802644	-0.0056553901	-0.0053207828	-0.0063560539	-0.0076694150	-0.0072282375	-0.0049828093	-0.0050793938	-0.0051232630	-0.0062353578	-0.0062847883	-0.0037377218	-0.0055826979	-0.0042192109	-0.0066694238	-0.0067283755	-0.0067783174	-0.0043154980	-0.0053992224	-0.0060296718	-0.0025230429	-0.0050845176	-0.0067112212	-0.0047053466	-0.0044778064	-0.0042206979	-0.0049404361	-0.0055598954	-0.0036255966	-0.0048495859	-0.0029866003	-0.0052515881	-0.0030678807	-0.0062940496	-0.0052603235	-0.0050977528	-0.0050210532	-0.0055551951	-0.0058302297	-0.0058748343	-0.0047996401	-0.0021823938	-0.0025071905	-0.0031495670	-0.0042518088	-0.0052002109	-0.0048251101	-0.0056381577	-0.0059477459	-0.0048805990	-0.0059342191	-0.0059874255	-0.0048880093	-0.0065957544	-0.0037753717	-0.0043859625	-0.0054910380	-0.0048326952	-0.0060404876	-0.0064982244	-0.0065024124	-0.0074094493	-0.0077639847	-0.0053943195	-0.0048236807	-0.0058597917	-0.0055275708	-0.0057826802	-0.0058580965	-0.0046121287	-0.0057647946	-0.0037395781	-0.0035218289	-0.0049710772	-0.0078785860	-0.0049126513	-0.0041884972	-0.0031072858	-0.0049976756	-0.0050748185	-0.0034121612	-0.0044324207	-0.0017159391	-0.0018250530	-0.0043881598	-0.0066840010	-0.0046070369	-0.0047365714	-0.0042295640	-0.0044931854	-0.0058253126	-0.0058945291
-0.0056781158	-0.0037457098	-0.0050027924	-0.0050629926	-0.0061445177	-0.0050292344	-0.0045549109	-0.0050177802	-0.0051514783	-0.0048568784	-0.0056553901	0.5185796528	-0.0050033354	-0.0044119118	-0.0053306239	-0.0049975364	-0.0056800287	-0.0051590230	-0.0047969578	-0.0035990594	-0.0056133448	-0.0052645392	-0.0061492120	-0.0054302668	-0.0055939290	-0.0054459239	-0.0052215608	-0.0048824272	-0.0058241030	-0.0059800549	-0.0044572390	-0.0044049926	-0.0055244852	-0.0051550854	-0.0048866505	-0.0043503687	-0.0054882079	-0.0059864932	-0.0065136166	-0.0042992777	-0.0042377587	-0.0042013045	-0.0048461140	-0.0054549553	-0.0037767058	-0.0057742245	-0.0046119980	-0.0046243258	-0.0046389753	-0.0066292980	-0.0046278371	-0.0046035028	-0.0050089168	-0.0054984245	-0.0048861290	-0.0051898047	-0.0066860402	-0.0048257491	-0.0050235936	-0.0043274368	-0.0038125146	-0.0044940656	-0.0056739928	-0.0052484335	-0.0051634880	-0.0045447574	-0.0045400897	-0.0049856043	-0.0057724316	-0.0050547472	-0.0046283326	-0.0043167677	-0.0055941073	-0.0053520869	-0.0059968325	-0.0051813096	-0.0045662011	-0.0054426921	-0.0065129159	-0.0058232240	-0.0064120641	-0.0054299253	-0.0058029097	-0.0047918099	-0.0042426470	-0.0047573312	-0.0046192899	-0.0062001896	-0.0033510777	-0.0040195074	-0.0052264888	-0.0056353819	-0.0049715312	-0.0051172363	-0.0055985599	-0.0056683898	-0.0055260710	-0.0051252269	-0.0056130016	-0.0038143889	-0.0064336020	-0.0066952783
-0.0050160136	-0.0068418138	-0.0061986794	-0.0053321938	-0.0068468316	-0.0049056577	-0.0050682227	-0.0061754282	-0.0061827428	-0.0046455648	-0.0053207828	-0.0050033354	0.5733450516	-0.0032333326	-0.0063358785	-0.0066816681	-0.0056635298	-0.0066670882	-0.0052552025	-0.0053702835	-0.0054361833	-0.0054677464	-0.0062600817	-0.0057048009	-0.0066609829	-0.0056009519	-0.0060088173	-0.0045481722	-0.0059577601	-0.0062314444	-0.0066943490	-0.0059729508	-0.0052197290	-0.0059160014	-0.0051160163	-0.0068012178	-0.0067215150	-0.0050171869	-0.0071770351	-0.0049200528	-0.0054050906	-0.0058350854	-0.0060200274	-0.0067623866	-0.0053836925	-0.0072735599	-0.0068495812	-0.0057160689	-0.0048970898	-0.0045431119	-0.0059392105	-0.0061869071	-0.0061853588	-0.0037998175	-0.0047391620	-0.0060957156	-0.0061207364	-0.0051886151	-0.0057326278	-0.0044242596	-0.0038595682	-0.0045368628	-0.0050009763	-0.0071784548	-0.0057119805	-0.0064665856	-0.0065111901	-0.0063049986	-0.0064598945	-0.0066858859	-0.0076021808	-0.0060229178	-0.0079213707	-0.0055452985	-0.0056641638	-0.0037482037	-0.0038199834	-0.0063835628	-0.0072018657	-0.0054405641	-0.0055564856	-0.0050465215	-0.0042086475	-0.0050942289	-0.0063287605	-0.0059316460	-0.0045798791	-0.0056340011	-0.0060573282	-0.0057018810	-0.0052893371	-0.0050675659	-0.0054500004	-0.0060146276	-0.0055725694	-0.0055045859	-0.0053728930	-0.0049212911	-0.0061855983	-0.0048151257	-0.0057592907	-0.0039109291
-0.0068685486	-0.0060627875	-0.0060328612	-0.0044588171	-0.0056481109	-0.0037741587	-0.0049294288	-0.0059745813	-0.0060752721	-0.0049195645	-0.0063560539	-0.0044119118	-0.0032333326	0.5513273428	-0.0064269804	-0.0072284745	-0.0047453474	-0.0058113061	-0.0064287091	-0.0062812603	-0.0059732764	-0.0053310521	-0.0069663551	-0.0049773941	-0.0058255524	-0.0062308634	-0.0055176478	-0.0048424259	-0.0056505851	-0.0053901236	-0.0063797568	-0.0061782136	-0.0050310586	-0.0053413010	-0.0040983294	-0.0065481306	-0.0050222300	-0.0053627075	-0.0057545361	-0.0049517956	-0.0058633935	-0.0059195844	-0.0057528538	-0.0066733998	-0.0056767724	-0.0076270649	-0.0055691449	-0.0045167544	-0.0052127922	-0.0051100090	-0.0063533369	-0.0057942979	-0.0045953910	-0.0059991275	-0.0047127029	-0.0059301288	-0.0059585562	-0.0057733119	-0.0053398221	-0.0047287055	-0.0042880061	-0.0034232116	-0.0055669562	-0.0052615043	-0.0048666690	-0.0058053057	-0.0054198646	-0.0056111633	-0.0061218966	-0.0052239102	-0.0075937924	-0.0059080277	-0.0059252243	-0.0056291689	-0.0059368307	-0.0036115172	-0.0039973006	-0.0068001481	-0.0040613193	-0.0046533006	-0.0061647185	-0.0039910755	-0.0066653308	-0.0050081678	-0.0057594695	-0.0049350231	-0.0050942505	-0.0056919151	-0.0053765248	-0.0039623682	-0.0069107919	-0.0049483103	-0.0050492744	-0.0049467190	-0.0049757170	-0.0058824009	-0.0050396052	-0.0060211348	-0.0038660515	-0.0056564412	-0.0040461006	-0.0054828426
-0.0085880009	-0.0064092915	-0.0079596470	0.0083511333	0.0062256963	-0.0066072570	-0.0050265861	-0.0060324319	-0.0074752601	-0.0047592495	-0.0076694150	-0.0053306239	-0.0063358785	-0.0064269804	0.4315955394	0.0089859716	-0.0065605193	-0.0073332343	-0.0072046980	-0.0050746730	-0.0066386241	-0.0075557759	-0.0058894250	-0.0064955770	0.0085296926	0.0053749128	0.0075895447	-0.0058755024	-0.0072509857	-0.0062652655	-0.0061263501	-0.0060506177	0.0061566053	-0.0075676515	-0.0067173393	-0.0061088496	-0.0064502424	-0.0068158332	-0.0071152385	-0.0060522060	-0.0049460755	-0.0067863093	-0.0071975155	-0.0073999284	-0.0057123757	-0.0073343325	-0.0071251750	-0.0055248356	-0.0067525249	-0.0049779302	-0.0065856689	-0.0063175916	-0.0065075221	-0.0059998461	-0.0055431356	-0.0060342419	-0.0069947104	-0.0068508787	-0.0052214409	-0.0051323747	-0.0055664166	-0.0053331036	-0.0062847954	0.0083195374	-0.0061870182	-0.0062647885	-0.0057957830	-0.0036886797	0.0074713825	0.0072876325	0.0114907114	0.0052731795	0.0065626948	-0.0059613938	-0.0074512646	-0.0048280837	-0.0053980538	0.0063537037	-0.0053266253	-0.0063744119	-0.0067879759	-0.0062339527	-0.0056607389	-0.0064090099	0.0081044990	-0.0059468499	-0.0051675240	-0.0061190930	-0.0067779109	-0.0055006115	-0.0065285810	-0.0064856209	-0.0066940452	-0.0070818976	-0.0057904207	-0.0074769057	-0.0068967866	-0.0056911842	-0.0065417414	-0.0061677284	-0.0066033929	-0.0079364035
-0.0066871660	-0.0074888847	-0.0071791364	0.0073291930	0.0070177775	-0.0053550560	-0.0058766435	-0.0073264583	-0.0068792993	-0.0062667536	-0.0072282375	-0.0049975364	-0.0066816681	-0.0072284745	0.0089859716	0.4568526780	-0.0060820144	-0.0070234549	-0.0066640780	-0.0059632894	-0.0071103144	-0.0075586070	-0.0065981497	-0.0079106843	0.0133153158	0.0072631285	0.0106063121	-0.0054927604	-0.0073244293	-0.0073948750	-0.0071338624	-0.0067119241	0.0078318247	-0.0064769518	-0.0070355227	-0.0071005694	-0.0074435520	-0.0052105060	-0.0077392119	-0.0072224004	-0.0047333809	-0.0058574837	-0.0079851928	-0.0070774104	-0.0072526520	-0.0072352915	-0.0073238998	-0.0055776004	-0.0059172162	-0.0063288132	-0.0077682816	-0.0073140578	-0.0071528362	-0.0069490428	-0.0065214107	-0.0065858076	-0.0067851070	-0.0057467104	-0.0057705848	-0.0053791520	-0.0070928349	-0.0065265708	-0.0057061427	0.0101601570	-0.0071160264	-0.0055789010	-0.0059757466	-0.0047971465	0.0061102826	0.0087064171	0.0092307063	0.0056481309	0.0065304794	-0.0074914828	-0.0076675714	-0.0071886317	-0.0062926306	0.0052140535	-0.0056433950	-0.0052103305	-0.0071687479	-0.0066349307	-0.0066717539	-0.0067999551	0.0050761537	-0.0059859222	-0.0067840457	-0.0080995609	-0.0080784467	-0.0071800680	-0.0066816448	-0.0077044653	-0.0063768971	-0.0081572703	-0.0082612300	-0.0065755697	-0.0064079396	-0.0061769646	-0.0077509089	-0.0063281583	-0.0057272140	-0.0063850733
-0.0054321479	-0.0045950206	-0.0053733980	-0.0070436258	-0.0058098444	-0.0049222939	-0.0053454813	-0.0046140941	-0.0033637042	-0.0050309558	-0.0049828093	-0.0056800287	-0.0056635298	-0.0047453474	-0.0065605193	-0.0060820144	0.4819525930	-0.0020736955	-0.0037760497	-0.0062116924	-0.0056424127	-0.0036223412	-0.0075341539	-0.0044682492	-0.0066830098	-0.0067537042	-0.0065892803	-0.0050296981	-0.0058324552	-0.0051836515	-0.0039104849	-0.0052665621	-0.0064482675	-0.0040762992	-0.0034268161	-0.0046715484	-0.0042260254	-0.0050264009	-0.0046137141	-0.0039078190	-0.0038500237	-0.0032819050	-0.0036547871	-0.0034973100	-0.0040846631	-0.0044254025	-0.0029796157	-0.0030863774	-0.0064718507	-0.0061885169	-0.0045027458	-0.0035668047	-0.0044111246	-0.0057040877	-0.0039704126	-0.0037351313	-0.0047049525	-0.0047597261	-0.0049065508	-0.0037265301	-0.0048058119	-0.0060070368	-0.0028715792	-0.0062564932	-0.0036606525	-0.0046912182	-0.0046453235	-0.0054264973	-0.0069191481	-0.0072100239	-0.0070497339	-0.0062173049	-0.0078830465	-0.0039138277	-0.0044175938	-0.0047134322	-0.0045378964	-0.0051945266	-0.0053922844	-0.0050777422	-0.0047430762	-0.0019024494	-0.0036305656	-0.0032131408	-0.0070015305	-0.0047695724	-0.0048004695	-0.0007015661	-0.0004409518	-0.0050705029	-0.0030493677	-0.0043331630	-0.0047465086	-0.0034984274	-0.0036155942	-0.0037708098	-0.0034244766	-0.0059664821	-0.0042908772	-0.0052676396	-0.0051288268	-0.0059677569
-0.0059987186	-0.0059087240	-0.0052774991	-0.0069660691	-0.0074656848	-0.0035845712	-0.0062491101	-0.0046624030	-0.0028914433	-0.0058223684	-0.0050793938	-0.0051590230	-0.0066670882	-0.0058113061	-0.0073332343	-0.0070234549	-0.0020736955	0.5260997651	-0.0055166627	-0.0048771867	-0.0041263060	-0.0029492867	-0.0048180580	-0.0050310717	-0.0067034972	-0.0067670374	-0.0068780248	-0.0058244501	-0.0044574812	-0.0059060622	-0.0042223002	-0.0040552080	-0.0084178157	-0.0052373273	-0.0031940600	-0.0038814954	-0.0060191946	-0.0058673331	-0.0035092760	-0.0053029542	-0.0041109291	-0.0049279990	-0.0034738986	-0.0059150881	-0.0054982768	-0.0064195921	-0.0037322215	-0.0042540434	-0.0059847258	-0.0050592329	-0.0051712014	-0.0045391823	-0.0018326559	-0.0053418526	-0.0043530498	-0.0052627446	-0.0056488724	-0.0051854059	-0.0067005126	-0.0046042906	-0.0051938945	-0.0051291928	-0.0058602872	-0.0073589415	-0.0048331502	-0.0041952168	-0.0048172858	-0.0053939514	-0.0072602637	-0.0077421727	-0.0078419188	-0.0064409586	-0.0070298449	-0.0048007761	-0.0039418801	-0.0056196440	-0.0045867839	-0.0072805505	-0.0052363108	-0.0056131452	-0.0049786055	-0.0045632373	-0.0036670199	-0.0049930421	-0.0071206072	-0.0048487787	-0.0042599265	-0.0014593308	-0.0009414626	-0.0050522369	-0.0049854165	-0.0061817521	-0.0044943870	-0.0046262024	-0.0052650434	-0.0058307436	-0.0041427010	-0.0055537368	-0.0042490452	-0.0060586391	-0.0051532595	-0.0059467695
-0.0059903549	-0.0052087746	-0.0046629718	-0.0073450737	-0.0065520490	-0.0037641690	-0.0060137013	-0.0053889537	-0.0049356024	-0.0055800699	-0.0051232630	-0.0047969578	-0.0052552025	-0.0064287091	-0.0072046980	-0.0066640780	-0.0037760497	-0.0055166627	0.4982334711	-0.0060797705	-0.0040684667	-0.0038590536	-0.0052168128	-0.0030976689	-0.0063663172	-0.0070133919	-0.0074266375	-0.0054716809	-0.0050171127	-0.0047668002	-0.0037447066	-0.0045464759	-0.0073518872	-0.0033668959	-0.0045283141	-0.0027704652	-0.0048043062	-0.0051232826	-0.0037286402	-0.0051681636	-0.0048948306	-0.0045816323	-0.0047405778	-0.0058368068	-0.0051795361	-0.0049371787	-0.0034715279	-0.0049918658	-0.0048941417	-0.0044799825	-0.0018149695	-0.0042274876	-0.0041743516	-0.0032629793	-0.0027680016	-0.0038356475	-0.0050995719	-0.0061495802	-0.0063487062	-0.0041364036	-0.0046354076	-0.0050030474	-0.0038904636	-0.0072915465	-0.0030588798	-0.0046053138	-0.0049002128	-0.0040056081	-0.0071694073	-0.0071851639	-0.0072241752	-0.0067488773	-0.0077028182	-0.0032878697	-0.0041646451	-0.0049825979	-0.0052720834	-0.0070042003	-0.0048970344	-0.0033728735	-0.0040862412	-0.0029241007	-0.0027663507	-0.0047021314	-0.0073251799	-0.0052513329	-0.0047254078	-0.0037655318	-0.0040932675	-0.0036750338	-0.0037820663	-0.0052996507	-0.0040448314	-0.0039015910	-0.0045930361	-0.0054749364	-0.0037155026	-0.0043629668	-0.0035846040	-0.0054705928	-0.0058368451	-0.0049000739
-0.0059389088	-0.0070344026	-0.0055069220	-0.0051729220	-0.0049903510	-0.0044701791	-0.0048757196	-0.0048753731	-0.0039221426	-0.0050596674	-0.0062353578	-0.0035990594	-0.0053702835	-0.0062812603	-0.0050746730	-0.0059632894	-0.0062116924	-0.0048771867	-0.0060797705	0.5312875954	-0.0072843261	-0.0061124003	-0.0055265573	-0.0039385130	-0.0056178932	-0.0055323462	-0.0063837877	-0.0050056468	-0.0044905609	-0.0051921498	-0.0053096559	-0.0051129953	-0.0057522934	-0.0061989282	-0.0063359748	-0.0054540869	-0.0044848023	-0.0049174917	-0.0046556373	-0.0059256444	-0.0046928913	-0.0048598024	-0.0057362314	-0.0053409802	-0.0049854222	-0.0054774709	-0.0056796678	-0.0056623653	-0.0048981706	-0.0051745978	-0.0057694504	-0.0042062782	-0.0036179944	-0.0055110186	-0.0043364869	-0.0053455099	-0.0060487861	-0.0041982773	-0.0045969990	-0.0050753660	-0.0052957398	-0.0041770670	-0.0052526572	-0.0052547856	-0.0047909373	-0.0047834375	-0.0053202512	-0.0047465160	-0.0056158946	-0.0049389317	-0.0056704503	-0.0060974237	-0.0064539279	-0.0061003378	-0.0048198909	-0.0057676444	-0.0047059848	-0.0050177104	-0.0023257152	-0.0056330507	-0.0059116088	-0.0044314921	-0.0050065537	-0.0049222357	-0.0055053650	-0.0039326721	-0.0045274010	-0.0060469675	-0.0052758110	-0.0036133912	-0.0058070370	-0.0051911340	-0.0053982061	-0.0067225225	-0.0064161790	-0.0056528401	-0.0049922221	-0.0057463821	-0.0056740352	-0.0047940685	-0.0045679172	-0.0063985801
-0.0052536438	-0.0051314372	-0.0051808108	-0.0065286280	-0.0057544207	-0.0049482682	-0.0066324551	-0.0059998335	-0.0061661921	-0.0061848180	-0.0062847883	-0.0056133448	-0.0054361833	-0.0059732764	-0.0066386241	-0.0071103144	-0.0056424127	-0.0041263060	-0.0040684667	-0.0072843261	0.5457779608	-0.0042177391	-0.0057476624	-0.0049838526	-0.0066723677	-0.0075185099	-0.0081647262	-0.0055931352	-0.0039144953	-0.0052727399	-0.0050685705	-0.0058090922	-0.0069412734	-0.0063839846	-0.0053661093	-0.0054421451	-0.0044212610	-0.0040939721	-0.0054312894	-0.0050192752	-0.0053395396	-0.0060439873	-0.0049264105	-0.0056896507	-0.0061020565	-0.0051907905	-0.0045723417	-0.0053406339	-0.0038942511	-0.0059658776	-0.0058388726	-0.0061220207	-0.0040655995	-0.0043156472	-0.0057763553	-0.0048413405	-0.0035317809	-0.0042609379	-0.0056903380	-0.0059705924	-0.0048056810	-0.0055101438	-0.0051641947	-0.0059437425	-0.0055991935	-0.0050385510	-0.0063065136	-0.0045390622	-0.0057899238	-0.0070332645	-0.0054060374	-0.0066722408	-0.0068701703	-0.0053081071	-0.0047952189	-0.0047350949	-0.0040995328	-0.0058097354	-0.0039558265	-0.0049021695	-0.0047958873	-0.0052036938	-0.0054470053	-0.0042089244	-0.0056061430	-0.0025446806	-0.0057619697	-0.0060230970	-0.0050042360	-0.0061273083	-0.0055782808	-0.0048213891	-0.0052046521	-0.0051541420	-0.0046684951	-0.0052450885	-0.0046691540	-0.0067865134	-0.0051049698	-0.0055371933	-0.0041013812	-0.0043995761
-0.0066017804	-0.0055537074	-0.0059436706	-0.0068718019	-0.0058336430	-0.0047179692	-0.0056171912	-0.0043275642	-0.0035841574	-0.0054715542	-0.0037377218	-0.0052645392	-0.0054677464	-0.0053310521	-0.0075557759	-0.0075586070	-0.0036223412	-0.0029492867	-0.0038590536	-0.0061124003	-0.0042177391	0.4759256367	-0.0052096186	-0.0030029355	-0.0054414945	-0.0056225417	-0.0065621788	-0.0053840765	-0.0051845547	-0.0055711888	-0.0031126393	-0.0029592397	-0.0063497450	-0.0038064746	0.0000318508	-0.0043413674	-0.0040576494	-0.0063353800	-0.0008831235	-0.0047207950	-0.0044578229	-0.0024107216	-0.0039254871	-0.0049843428	-0.0057079980	-0.0054862039	-0.0015298130	-0.0045192807	-0.0046814282	-0.0054919703	-0.0041280910	-0.0034818235	-0.0045825244	-0.0036666048	-0.0031618856	-0.0034998531	-0.0051427783	-0.0050143480	-0.0047050081	-0.0048262019	-0.0049960847	-0.0045750938	-0.0055830895	-0.0072383923	-0.0030485493	-0.0034243726	-0.0053878600	-0.0042750866	-0.0061668421	-0.0060408078	-0.0052766385	-0.0059002901	-0.0073281027	-0.0051344754	-0.0053859937	-0.0046737509	-0.0044693111	-0.0064233804	-0.0056236710	-0.0044666461	-0.0016847027	-0.0048223087	-0.0043213715	-0.0044233727	-0.0066425845	-0.0051483308	-0.0039171452	-0.0036549521	-0.0038500698	-0.0052845838	-0.0053385038	-0.0042070026	-0.0040960795	-0.0032144533	-0.0040647341	-0.0045961926	-0.0044251262	-0.0057224574	-0.0031381172	-0.0055969911	-0.0039466926	-0.0042947836
-0.0053802205	-0.0054403329	-0.0057953227	-0.0074756470	-0.0065112266	-0.0055369090	-0.0044982305	-0.0048600973	-0.0049687968	-0.0043917401	-0.0055826979	-0.0061492120	-0.0062600817	-0.0069663551	-0.0058894250	-0.0065981497	-0.0075341539	-0.0048180580	-0.0052168128	-0.0055265573	-0.0057476624	-0.0052096186	0.5483380926	-0.0069002002	-0.0065259492	-0.0069983225	-0.0068529410	-0.0046927486	-0.0054841059	-0.0059121591	-0.0058128566	-0.0049696563	-0.0057775020	-0.0065182022	-0.0047421380	-0.0055933419	-0.0055283080	-0.0041939772	-0.0053935950	-0.0055699479	-0.0052388042	-0.0057720621	-0.0051316187	-0.0056224332	-0.0056538189	-0.0050424891	-0.0060907382	-0.0041106219	-0.0043175419	-0.0059854199	-0.0044886266	-0.0057275153	-0.0055786280	-0.0043941902	-0.0052504134	-0.0041112403	-0.0042832116	-0.0054600462	-0.0052695679	-0.0044479307	-0.0054751975	-0.0040619756	-0.0045363290	-0.0060953309	-0.0058605596	-0.0053086354	-0.0052657607	-0.0052002543	-0.0065366597	-0.0056170528	-0.0060312706	-0.0063302573	-0.0058957023	-0.0039416447	-0.0048185731	-0.0044396321	-0.0040957026	-0.0055483040	-0.0058271616	-0.0050109577	-0.0041715863	-0.0063378897	-0.0050763621	-0.0043534404	-0.0061215362	-0.0048682842	-0.0034350426	-0.0057265351	-0.0070926719	-0.0045547937	-0.0063388617	-0.0071665722	-0.0054802903	-0.0059017549	-0.0044265692	-0.0046809325	-0.0061940984	-0.0041466847	-0.0060338789	-0.0044614486	-0.0043450289	-0.0057266908
-0.0037710848	-0.0054892807	-0.0045901859	-0.0065148530	-0.0068374929	-0.0051858179	-0.0060648040	-0.0049341165	-0.0038094686	-0.0061772408	-0.0042192109	-0.0054302668	-0.0057048009	-0.0049773941	-0.0064955770	-0.0079106843	-0.0044682492	-0.0050310717	-0.0030976689	-0.0039385130	-0.0049838526	-0.0030029355	-0.0069002002	0.4904137627	-0.0066201673	-0.0051508890	-0.0065471670	-0.0063736242	-0.0054653928	-0.0046126492	-0.0046085299	-0.0034559403	-0.0059970562	-0.0046151901	-0.0037842212	-0.0048307859	-0.0068408518	-0.0055739080	-0.0027077985	-0.0045781467	-0.0039650251	-0.0033233253	-0.0046936905	-0.0047514176	-0.0035067261	-0.0047348975	-0.0032548936	-0.0049220566	-0.0056886895	-0.0049531860	-0.0038430001	-0.0040979559	-0.0024642018	-0.0018988872	-0.0043495740	-0.0054623795	-0.0052199197	-0.0059312609	-0.0047539360	-0.0041932289	-0.0055104934	-0.0041103213	-0.0041440894	-0.0062559528	-0.0035800258	-0.0030346893	-0.0054572099	-0.0043863215	-0.0064932709	-0.0063783984	-0.0057921188	-0.0071338897	-0.0072883768	-0.0039645690	-0.0028629277	-0.0050448472	-0.0054428731	-0.0056267786	-0.0056634237	-0.0041480791	-0.0046968715	-0.0046891092	-0.0052140780	-0.0052734988	-0.0067238618	-0.0060567441	-0.0044345221	-0.0018115749	-0.0045996398	-0.0052225898	-0.0049194778	-0.0056103840	-0.0046255289	-0.0046531362	-0.0015568840	-0.0053624045	-0.0049450691	-0.0056197022	-0.0031868976	-0.0041084468	-0.0045850755	-0.0028942695
-0.0076157669	-0.0072810108	-0.0060407600	0.0057991188	0.0044370800	-0.0054079815	-0.0063375708	-0.0070810906	-0.0058003430	-0.0060349758	-0.0066694238	-0.0055939290	-0.0066609829	-0.0058255524	0.0085296926	0.0133153158	-0.0066830098	-0.0067034972	-0.0063663172	-0.0056178932	-0.0066723677	-0.0054414945	-0.0065259492	-0.0066201673	0.4487462112	0.0059827755	0.0072442494	-0.0062289362	-0.0077246921	-0.0058375712	-0.0057850346	-0.0076498780	0.0063061144	-0.0057292278	-0.0051793829	-0.0065155825	-0.0069028443	-0.0062928516	-0.0080023124	-0.0078663701	-0.0067233112	-0.0056034196	-0.0068765353	-0.0075172800	-0.0072648574	-0.0085095365	-0.0074926493	-0.0038545708	-0.0062163762	-0.0065006924	-0.0066036858	-0.0068164289	-0.0070025643	-0.0059968842	-0.0060014540	-0.0054511355	-0.0063991354	-0.0055026840	-0.0054627359	-0.0045189287	-0.0051681036	-0.0059960415	-0.0043231427	0.0074652826	-0.0060767238	-0.0058849503	-0.0072165343	-0.0055778219	0.0074144880	0.0063054047	0.0075088808	0.0051523004	0.0065085547	-0.0059680236	-0.0075808785	-0.0064161143	-0.0053063368	0.0061976983	-0.0066076520	-0.0069350127	-0.0060318553	-0.0063959376	-0.0072973103	-0.0064994998	0.0092024948	-0.0074361721	-0.0068365137	-0.0083618634	-0.0071794550	-0.0067831900	-0.0073794003	-0.0071948661	-0.0064601534	-0.0080925019	-0.0065483858	-0.0068162878	-0.0069400451	-0.0063445506	-0.0067684090	-0.0065653880	-0.0054065028	-0.0067104055
-0.0070407400	-0.0078489931	-0.0069302234	0.0085753813	0.0055921034	-0.0062056296	-0.0046384310	-0.0081063696	-0.0064521509	-0.0066808557	-0.0067283755	-0.0054459239	-0.0056009519	-0.0062308634	0.0053749128	0.0072631285	-0.0067537042	-0.0067670374	-0.0070133919	-0.0055323462	-0.0075185099	-0.0056225417	-0.0069983225	-0.0051508890	0.0059827755	0.4234040373	0.0042569020	-0.0069365464	-0.0062567063	-0.0071532250	-0.0070508917	-0.0053368526	0.0042180573	-0.0065814398	-0.0053898237	-0.0058249587	-0.0055718946	-0.0059415629	-0.0066969151	-0.0059065413	-0.0035670361	-0.0066447222	-0.0071227848	-0.0066241477	-0.0056624505	-0.0075984688	-0.0063773617	-0.0051165730	-0.0058859267	-0.0058074971	-0.0066279375	-0.0059501256	-0.0056168174	-0.0075149285	-0.0053222428	-0.0050505355	-0.0061389635	-0.0051940218	-0.0046622508	-0.0055193263	-0.0045737255	-0.0067526865	-0.0062471981	0.0082880918	-0.0062082447	-0.0061315475	-0.0059389411	-0.0053386639	0.0093263044	0.0067632723	0.0056875916	0.0071149421	0.0063446337	-0.0050748120	-0.0072179337	-0.0049473175	-0.0055077221	0.0055719510	-0.0057895780	-0.0057522484	-0.0058647615	-0.0072032519	-0.0058124565	-0.0050140280	0.0084761431	-0.0048867928	-0.0053787380	-0.0073241855	-0.0070345586	-0.0063850120	-0.0065754096	-0.0068037966	-0.0060660340	-0.0073364458	-0.0055990638	-0.0053728188	-0.0048079022	-0.0054604409	-0.0059122519	-0.0058545197	-0.0050342855	-0.0051151279
-0.0088245569	-0.0075167512	-0.0067234946	0.0073207506	0.0067579550	-0.0059710760	-0.0067268535	-0.0066589158	-0.0058631296	-0.0060808818	-0.0067783174	-0.0052215608	-0.0060088173	-0.0055176478	0.0075895447	0.0106063121	-0.0065892803	-0.0068780248	-0.0074266375	-0.0063837877	-0.0081647262	-0.0065621788	-0.0068529410	-0.0065471670	0.0072442494	0.0042569020	0.4575099284	-0.0064010115	-0.0076389400	-0.0065252591	-0.0062474971	-0.0082765500	0.0062948299	-0.0070181863	-0.0063241230	-0.0066903921	-0.0073004799	-0.0043216939	-0.0064179837	-0.0060004488	-0.0079881153	-0.0046311775	-0.0067110103	-0.0068537251	-0.0063704512	-0.0065750918	-0.0072049724	-0.0059886585	-0.0064575915	-0.0063415317	-0.0070722756	-0.0067024484	-0.0068665088	-0.0053799780	-0.0067431204	-0.0066763190	-0.0078566608	-0.0059233863	-0.0047984499	-0.0054717600	-0.0056719864	-0.0068216630	-0.0057643699	0.0066441397	-0.0058779922	-0.0065383636	-0.0060825843	-0.0058714879	0.0075210830	0.0059373833	0.0087214320	0.0051471115	0.0032851115	-0.0054473428	-0.0067965262	-0.0058068158	-0.0063730876	0.0049617297	-0.0058811354	-0.0052607492	-0.0077831386	-0.0068800215	-0.0064186555	-0.0059300511	0.0087162921	-0.0068296617	-0.0062300520	-0.0074666785	-0.0085851406	-0.0051617534	-0.0072903071	-0.0064863159	-0.0060873844	-0.0068584416	-0.0066275221	-0.0065535547	-0.0060701266	-0.0066966205	-0.0055160651	-0.0065417205	-0.0063192785	-0.0069156168
-0.0059436410	-0.0056953473	-0.0051835056	-0.0048018774	-0.0044827583	-0.0048275020	-0.0051363615	-0.0063959749	-0.0062328955	-0.0034323757	-0.0043154980	-0.0048824272	-0.0045481722	-0.0048424259	-0.0058755024	-0.0054927604	-0.0050296981	-0.0058244501	-0.0054716809	-0.0050056468	-0.0055931352	-0.0053840765	-0.0046927486	-0.0063736242	-0.0062289362	-0.0069365464	-0.0064010115	0.5430853661	-0.0046685931	-0.0063917891	-0.0048420578	-0.0052488296	-0.0059020169	-0.0067494363	-0.0048275461	-0.0050917157	-0.0066660733	-0.0044204359	-0.0058979939	-0.0043998711	-0.0057711685	-0.0061380062	-0.0058909781	-0.0067064827	-0.0053442802	-0.0072628543	-0.0058483482	-0.0042441719	-0.0052678796	-0.0054013564	-0.0056513746	-0.0052582127	-0.0065138624	-0.0041852801	-0.0049378388	-0.0053111641	-0.0052357668	-0.0044757932	-0.0059327526	-0.0055129592	-0.0054726090	-0.0056960096	-0.0045908499	-0.0055305399	-0.0052741789	-0.0057264825	-0.0042050904	-0.0053306892	-0.0055034381	-0.0061545235	-0.0064612839	-0.0053080017	-0.0061479423	-0.0049620474	-0.0053599436	-0.0034703812	-0.0048467131	-0.0057558504	-0.0043924904	-0.0051529691	-0.0047412732	-0.0045348268	-0.0049801259	-0.0044310166	-0.0051106942	-0.0049480113	-0.0054778835	-0.0059895385	-0.0040957932	-0.0051194800	-0.0050072060	-0.0048802255	-0.0058391197	-0.0063554028	-0.0064593814	-0.0051423215	-0.0050967411	-0.0054913547	-0.0062980992	-0.0059327885	-0.0052681945	-0.0055163849
