1.0000000000	0.9241570284	0.9249925180	0.9242437598	0.9246689220	0.9246175849	0.9238460513	0.9241370845	0.9244678209	0.9251755833	0.9243375700	0.9245811442	0.9240519536	0.9241572131	0.9243307989	0.9244755153	0.9249365027	0.9238168125	0.9244537248	0.9244570488	0.9244501546	0.9246455925	0.9243888455	0.9249992275	0.9241886063	0.9247002536	0.9238195210	0.9245174345	0.9240333639	0.9247602084	0.9247273995	0.9249674650	0.9238887091	0.9232714330	0.9246707686	0.9243514200	0.9246209704	0.9240919030	0.9246630127	0.9240804537	0.9244041113	0.9244105130	0.9249321938	0.9246873885	0.9244792702	0.9238462360	0.9241184949	0.9250621370	0.9243679783	0.9238992966	0.9237358674	0.9245688947	0.9251519461	0.9249662339	0.9249943646	0.9241011363	0.9247065938	0.9246827103	0.9246028116	0.9261438475	0.9248649139	0.9250105536	0.9248304430	0.9245682791	0.9248146233	0.9252356612	0.9247493747	0.9250948228	0.9244470768	0.9243946317	0.9244624041	0.9245281451	0.9236665562	0.9250963617	0.9251214762	0.9255004104	0.9247475896	0.9248093295	0.9229264157	0.9248313663	0.9250409619	0.9244710834	0.9248373987	0.9250364684	0.9241231731	0.9249534304	0.9249916562	0.9243031606	0.9241969778	0.9245091861	0.9240339795	0.9238790449	0.9223937781	0.9244395055	0.9245293146	0.9243634848	0.9246499629	0.9242110124	0.9239494641	0.9240730055	0.9246662751	0.9244535401
0.9241570284	1.0000000000	0.9255833253	0.9244348273	0.9251698587	0.9251182753	0.9242465298	0.9244740380	0.9248047744	0.9250253885	0.9245649551	0.9254106628	0.9239966770	0.9245325771	0.9251216609	0.9244894268	0.9252733330	0.9242957124	0.9249546615	0.9245791744	0.9249400113	0.9252037756	0.9247999116	0.9246888659	0.9246191238	0.9245738191	0.9246939750	0.9247813834	0.9240943036	0.9247775670	0.9253903496	0.9247161964	0.9246480547	0.9230990782	0.9250520419	0.9241635533	0.9250708162	0.9238480211	0.9250484717	0.9250223723	0.9251389579	0.9247477127	0.9249869780	0.9252571440	0.9246241713	0.9243482806	0.9245411333	0.9249699272	0.9248596817	0.9247349708	0.9245302995	0.9254854525	0.9253785925	0.9250380073	0.9254338692	0.9247917863	0.9246574727	0.9248556806	0.9247005614	0.9264218310	0.9255345120	0.9250435473	0.9253049109	0.9250375764	0.9249323169	0.9254316532	0.9249669110	0.9251594558	0.9246414683	0.9247490669	0.9250463173	0.9249224681	0.9241373308	0.9253902265	0.9249536766	0.9254885918	0.9251931265	0.9255637507	0.9229468521	0.9253281172	0.9249403807	0.9252268588	0.9252786268	0.9254427331	0.9240811924	0.9250743249	0.9251727518	0.9246412221	0.9247659946	0.9252351688	0.9243575139	0.9239669458	0.9231770072	0.9249048633	0.9251618565	0.9248779636	0.9250673076	0.9244475077	0.9251065799	0.9246662751	0.9248044051	0.9246748928
0.9249925180	0.9255833253	1.0000000000	0.9245240209	0.9252331990	0.9250958077	0.9240151436	0.9245246980	0.9246619047	0.9252384312	0.9246753237	0.9250599825	0.9243197805	0.9247671642	0.9248916289	0.9248881202	0.9251944808	0.9245960405	0.9253151906	0.9250615830	0.9251095961	0.9252889065	0.9246124758	0.9253934889	0.9250924221	0.9250285278	0.9250043981	0.9251254158	0.9245261138	0.9252502498	0.9252809659	0.9248047744	0.9244856104	0.9234695793	0.9250452093	0.9250679847	0.9247933867	0.9245240824	0.9252895836	0.9246161691	0.9257255180	0.9249301009	0.9253291637	0.9246070589	0.9242944198	0.9248636828	0.9247877852	0.9255446686	0.9254515355	0.9251159362	0.9245864995	0.9254164490	0.9253942891	0.9257284726	0.9257279186	0.9249671572	0.9242705979	0.9252275359	0.9247607009	0.9263802812	0.9255406060	0.9254684632	0.9255157376	0.9249978733	0.9253397512	0.9255181383	0.9248447238	0.9253843172	0.9249309627	0.9249831616	0.9248332745	0.9251799537	0.9237113068	0.9253820396	0.9250910064	0.9258800217	0.9252689011	0.9253775461	0.9234812133	0.9255249094	0.9253955818	0.9250386844	0.9254274059	0.9255181383	0.9240299168	0.9251909721	0.9253095891	0.9251974970	0.9247995422	0.9251901719	0.9244920122	0.9241174484	0.9233076890	0.9248614668	0.9252142400	0.9248567271	0.9251109503	0.9247285075	0.9250400386	0.9248886742	0.9249718969	0.9248629441
0.9242437598	0.9244348273	0.9245240209	1.0000000000	0.9283019748	0.9252624993	0.9249607554	0.9254286985	0.9258587851	0.9259703232	0.9249177283	0.9259303739	0.9251707204	0.9258057245	0.9290877277	0.9283719016	0.9254031531	0.9247408185	0.9250658918	0.9255571028	0.9253681281	0.9254403325	0.9248838114	0.9253171604	0.9281932067	0.9291075485	0.9285081234	0.9257836877	0.9255400520	0.9247126262	0.9257306886	0.9253753917	0.9279942601	0.9238950493	0.9252889681	0.9250049521	0.9252198415	0.9251201836	0.9254959169	0.9252700091	0.9259237259	0.9256903084	0.9254911771	0.9251972507	0.9245859455	0.9242003633	0.9252535123	0.9257731617	0.9251560703	0.9253658506	0.9245261753	0.9254485809	0.9253924425	0.9256713493	0.9262536005	0.9249216063	0.9250490257	0.9254708023	0.9254810205	0.9266059428	0.9261177481	0.9261255040	0.9259136308	0.9281593513	0.9253925656	0.9263884065	0.9254301143	0.9258787290	0.9285995329	0.9287712721	0.9289008459	0.9285915923	0.9276734956	0.9261762256	0.9251185831	0.9265316456	0.9257690991	0.9289289151	0.9237338361	0.9258297310	0.9251244924	0.9256576841	0.9259360985	0.9257345666	0.9275268710	0.9254060462	0.9253745914	0.9252245813	0.9243712407	0.9256065317	0.9247895703	0.9245244518	0.9234091321	0.9249976270	0.9249176668	0.9250522266	0.9251385270	0.9251676427	0.9248566039	0.9250173247	0.9253662199	0.9255124752
0.9246689220	0.9251698587	0.9252331990	0.9283019748	1.0000000000	0.9258579233	0.9250151087	0.9250524112	0.9259966073	0.9263915459	0.9254629232	0.9258222213	0.9249922717	0.9257455850	0.9291886168	0.9287792127	0.9261834891	0.9248669452	0.9256166267	0.9260232607	0.9256817522	0.9261328907	0.9252469258	0.9258278844	0.9283610679	0.9289487975	0.9289986572	0.9261600981	0.9253817934	0.9256168114	0.9260881400	0.9256391559	0.9283800269	0.9238526377	0.9258099102	0.9255623350	0.9257566649	0.9254344232	0.9259359754	0.9256075165	0.9262145745	0.9257979685	0.9253245470	0.9259463167	0.9255625196	0.9244363047	0.9250953768	0.9262229460	0.9257992612	0.9260074410	0.9250122772	0.9261509879	0.9260846313	0.9259369603	0.9267664174	0.9255385746	0.9253828398	0.9265280139	0.9260976195	0.9273840628	0.9258941178	0.9267611852	0.9260158741	0.9287689330	0.9256871075	0.9262745909	0.9258226522	0.9263228502	0.9292365683	0.9295662583	0.9288983222	0.9292752866	0.9282516842	0.9261810884	0.9253302717	0.9270599744	0.9268413301	0.9291920639	0.9242276939	0.9263729562	0.9256210587	0.9262161749	0.9263098005	0.9266290260	0.9284529699	0.9263406397	0.9263383621	0.9255820327	0.9250567816	0.9259453933	0.9252479723	0.9250276660	0.9243058075	0.9252057454	0.9258589082	0.9254214965	0.9255824020	0.9258412419	0.9256759660	0.9252701322	0.9259513027	0.9258707884
0.9246175849	0.9251182753	0.9250958077	0.9252624993	0.9258579233	1.0000000000	0.9244529861	0.9248236719	0.9254732645	0.9255708912	0.9253396896	0.9253518160	0.9249916562	0.9257678680	0.9256488201	0.9257540181	0.9256856302	0.9253607415	0.9258440118	0.9255814171	0.9253633884	0.9257081594	0.9250437935	0.9253823474	0.9254273443	0.9256554681	0.9253829014	0.9254577526	0.9248812261	0.9249245610	0.9257823335	0.9251696124	0.9252099311	0.9241357919	0.9247197666	0.9253953971	0.9255957595	0.9252128242	0.9256923397	0.9249831000	0.9257292728	0.9251879559	0.9258350863	0.9252562822	0.9252450176	0.9242055955	0.9253105740	0.9263890221	0.9253319336	0.9255792627	0.9249401344	0.9258489978	0.9257876888	0.9252488956	0.9259653372	0.9253563711	0.9251085496	0.9261345527	0.9251182753	0.9266111750	0.9257455234	0.9262675120	0.9256230285	0.9258608164	0.9256313384	0.9259236028	0.9260227067	0.9258263455	0.9252732715	0.9256689487	0.9259005811	0.9259801105	0.9251533618	0.9261094381	0.9250023052	0.9260472673	0.9262757604	0.9260209832	0.9240559547	0.9263062303	0.9259448393	0.9258571847	0.9259710003	0.9261146703	0.9250021821	0.9256903699	0.9261858282	0.9252793039	0.9248062517	0.9259530262	0.9252773957	0.9245278373	0.9237378987	0.9250972850	0.9253129131	0.9248235488	0.9254155872	0.9251308942	0.9250643529	0.9248849194	0.9255215238	0.9253121129
0.9238460513	0.9242465298	0.9240151436	0.9249607554	0.9250151087	0.9244529861	1.0000000000	0.9244469537	0.9249323169	0.9251640109	0.9244755769	0.9252082691	0.9245338082	0.9249512759	0.9253291021	0.9247988036	0.9249445049	0.9241109236	0.9245151569	0.9251784764	0.9243154717	0.9251583478	0.9248038511	0.9246557491	0.9248899669	0.9255993297	0.9246342664	0.9249843927	0.9240427203	0.9245871150	0.9252917381	0.9248673761	0.9246342664	0.9229433434	0.9246598118	0.9243407093	0.9246400526	0.9245184809	0.9250127696	0.9244593879	0.9253030642	0.9249341020	0.9252383697	0.9246610429	0.9247875390	0.9234048848	0.9242299099	0.9253207921	0.9250148010	0.9246661520	0.9243308605	0.9250274813	0.9253922578	0.9250932839	0.9252703784	0.9243336920	0.9248305661	0.9249754672	0.9251134740	0.9259531493	0.9250723551	0.9254778812	0.9252946927	0.9249521377	0.9246959447	0.9252714864	0.9248452778	0.9251604407	0.9251272624	0.9253509542	0.9248029278	0.9253896725	0.9241268664	0.9250364069	0.9251035021	0.9258669104	0.9256778126	0.9249441355	0.9231790385	0.9255636276	0.9249883938	0.9252263664	0.9249211139	0.9253913960	0.9251598867	0.9252447098	0.9251728749	0.9249866702	0.9244830866	0.9245733267	0.9246074283	0.9235236248	0.9235904123	0.9240167440	0.9243425560	0.9247857538	0.9246459003	0.9243847213	0.9243103010	0.9247185971	0.9250725398	0.9249301009
0.9241370845	0.9244740380	0.9245246980	0.9254286985	0.9250524112	0.9248236719	0.9244469537	1.0000000000	0.9249754056	0.9249907944	0.9251613025	0.9252682240	0.9245463655	0.9249163125	0.9257588809	0.9249764520	0.9255439300	0.9249879629	0.9250394846	0.9254389782	0.9249834693	0.9256309691	0.9250655840	0.9252907532	0.9249219756	0.9248253339	0.9252299981	0.9247914785	0.9245616312	0.9246708302	0.9258992885	0.9256900006	0.9247456814	0.9241189257	0.9252663773	0.9253849327	0.9251268315	0.9243580679	0.9258866081	0.9251449903	0.9257905819	0.9255585186	0.9256920319	0.9250818346	0.9246991456	0.9239011432	0.9253524315	0.9251105194	0.9251861708	0.9252996787	0.9251801999	0.9255040421	0.9252862596	0.9253678204	0.9257123451	0.9251067030	0.9249350869	0.9254494426	0.9251431437	0.9261246423	0.9255904042	0.9259236643	0.9253754532	0.9250028592	0.9250507492	0.9255824635	0.9250394231	0.9255444224	0.9250682925	0.9254446413	0.9247421112	0.9250484101	0.9243845367	0.9253050340	0.9249435815	0.9260189519	0.9253734834	0.9256403255	0.9232047686	0.9253753917	0.9255688598	0.9258159426	0.9259412076	0.9256305998	0.9239562352	0.9252054376	0.9257731617	0.9252295673	0.9252174409	0.9249831616	0.9248351827	0.9238786756	0.9237126610	0.9250155396	0.9248522335	0.9247733197	0.9256069010	0.9251174751	0.9249322554	0.9249746669	0.9252861365	0.9251732442
0.9244678209	0.9248047744	0.9246619047	0.9258587851	0.9259966073	0.9254732645	0.9249323169	0.9249754056	1.0000000000	0.9258712193	0.9269787215	0.9256217358	0.9248135768	0.9254063540	0.9254794816	0.9252989400	0.9263264819	0.9254489502	0.9256633472	0.9259069829	0.9253852405	0.9262245464	0.9252883525	0.9261488950	0.9254877300	0.9258659255	0.9254190343	0.9251696124	0.9250402233	0.9250634912	0.9264700904	0.9255737227	0.9246899739	0.9244792087	0.9257537103	0.9254566446	0.9255698447	0.9247322623	0.9266071124	0.9253098969	0.9267042466	0.9258993500	0.9259202172	0.9254144177	0.9254242050	0.9247634708	0.9255545175	0.9257523561	0.9254223583	0.9252070380	0.9250343755	0.9261367686	0.9265655626	0.9255015799	0.9261953692	0.9250576434	0.9254054306	0.9257883043	0.9251695509	0.9265058540	0.9259841732	0.9259652141	0.9250362222	0.9255956979	0.9257024347	0.9263763417	0.9252993709	0.9262918879	0.9254332536	0.9259959918	0.9254425484	0.9254997948	0.9244885035	0.9259810954	0.9253346421	0.9264012716	0.9259009505	0.9261861360	0.9239481715	0.9257079747	0.9253804392	0.9261266120	0.9264318645	0.9259870663	0.9248168393	0.9257956910	0.9263964087	0.9261236574	0.9253727448	0.9255239245	0.9255027495	0.9247717808	0.9236879774	0.9257056356	0.9256686409	0.9250452093	0.9256270296	0.9253956433	0.9257095136	0.9251837701	0.9254553519	0.9255409137
0.9251755833	0.9250253885	0.9252384312	0.9259703232	0.9263915459	0.9255708912	0.9251640109	0.9249907944	0.9258712193	1.0000000000	0.9253534164	0.9257812870	0.9252767186	0.9256902468	0.9265175495	0.9256317078	0.9259277270	0.9250210180	0.9255587032	0.9257947061	0.9252329528	0.9259697077	0.9257714382	0.9255504548	0.9258358865	0.9258062169	0.9259098760	0.9259917445	0.9252864443	0.9253092198	0.9259094451	0.9255855413	0.9255524861	0.9245337466	0.9252801041	0.9252351688	0.9259772174	0.9255527939	0.9260202445	0.9257320428	0.9258529373	0.9258382872	0.9256325080	0.9256394637	0.9254128788	0.9242573635	0.9252011903	0.9262976125	0.9262811773	0.9257695300	0.9251113196	0.9259196017	0.9256304151	0.9256473428	0.9263495036	0.9251990974	0.9255539019	0.9265455571	0.9257092674	0.9270857045	0.9262614180	0.9264148137	0.9261529577	0.9257138840	0.9261048830	0.9259156622	0.9255633199	0.9259048284	0.9256591614	0.9256926475	0.9259572735	0.9252770879	0.9251211684	0.9260459746	0.9253714521	0.9267911626	0.9269020852	0.9259615824	0.9237956375	0.9264101971	0.9256791053	0.9258830994	0.9262646805	0.9262675120	0.9252990631	0.9264124746	0.9264132749	0.9252733330	0.9252524658	0.9255758771	0.9250802342	0.9249927642	0.9238338633	0.9251430206	0.9251629029	0.9258269610	0.9255281718	0.9258284999	0.9255391286	0.9253776692	0.9257594349	0.9258278844
0.9243375700	0.9245649551	0.9246753237	0.9249177283	0.9254629232	0.9253396896	0.9244755769	0.9251613025	0.9269787215	0.9253534164	1.0000000000	0.9253954587	0.9247507905	0.9249668494	0.9252684702	0.9250969157	0.9254277752	0.9248374603	0.9254699405	0.9251072570	0.9251121814	0.9257804868	0.9252130089	0.9254923467	0.9249869164	0.9253558786	0.9252093771	0.9256848299	0.9246671984	0.9248183781	0.9258443196	0.9254136790	0.9247765206	0.9239509414	0.9251028250	0.9253250395	0.9254523973	0.9248386298	0.9257874426	0.9254540593	0.9261871824	0.9253489229	0.9256932015	0.9251909721	0.9250014435	0.9244523706	0.9250180018	0.9254284523	0.9253211615	0.9251875866	0.9249400729	0.9261874902	0.9260542846	0.9262363035	0.9260560081	0.9251638878	0.9252643460	0.9253857329	0.9252655771	0.9263986247	0.9254870529	0.9255231243	0.9256454961	0.9254439027	0.9256147801	0.9259049515	0.9250878671	0.9256395253	0.9256107790	0.9254337460	0.9251801999	0.9251172905	0.9241211417	0.9258728813	0.9255722454	0.9260052251	0.9257916283	0.9257128991	0.9235373517	0.9257802406	0.9250772180	0.9258380410	0.9260209216	0.9256547910	0.9242538549	0.9257001572	0.9261043906	0.9256600232	0.9251637031	0.9251788457	0.9253190686	0.9246182620	0.9245257444	0.9257078516	0.9253646810	0.9247318930	0.9252888450	0.9250993163	0.9254554135	0.9251515152	0.9253058958	0.9251107656
0.9245811442	0.9254106628	0.9250599825	0.9259303739	0.9258222213	0.9253518160	0.9252082691	0.9252682240	0.9256217358	0.9257812870	0.9253954587	1.0000000000	0.9250908833	0.9257122220	0.9261144241	0.9258092947	0.9256788591	0.9251537927	0.9258223444	0.9261176865	0.9253840710	0.9256927706	0.9252188566	0.9257521714	0.9258386565	0.9258551533	0.9257966758	0.9258251144	0.9249560772	0.9251798922	0.9259886667	0.9259357292	0.9253384585	0.9242831552	0.9256705491	0.9255313111	0.9254442104	0.9249572468	0.9254717256	0.9256499897	0.9259447162	0.9256781820	0.9256664249	0.9258056014	0.9258432116	0.9243056844	0.9255923739	0.9258544762	0.9257151767	0.9251278164	0.9252736408	0.9258630324	0.9257827644	0.9255830175	0.9264357425	0.9252685933	0.9251741675	0.9260054097	0.9256785513	0.9267310847	0.9262419050	0.9262345184	0.9258181586	0.9258022158	0.9256283838	0.9262611718	0.9258276997	0.9258472743	0.9256566376	0.9260532997	0.9260284929	0.9261871824	0.9246710148	0.9256753504	0.9252255046	0.9262923803	0.9263125705	0.9258345939	0.9235809943	0.9256799671	0.9252527120	0.9259818956	0.9257199780	0.9261884135	0.9253805007	0.9260300318	0.9262462754	0.9254884687	0.9254389167	0.9259375143	0.9252468643	0.9245160187	0.9242834014	0.9253640655	0.9254395938	0.9252986323	0.9254632310	0.9253912729	0.9253088504	0.9256548525	0.9254046920	0.9250287124
0.9240519536	0.9239966770	0.9243197805	0.9251707204	0.9249922717	0.9249916562	0.9245338082	0.9245463655	0.9248135768	0.9252767186	0.9247507905	0.9250908833	1.0000000000	0.9251793382	0.9252964163	0.9248373987	0.9251483143	0.9239819653	0.9250373302	0.9251285551	0.9249989197	0.9250927915	0.9244825942	0.9248282885	0.9248577735	0.9253134055	0.9251745369	0.9251964505	0.9242643808	0.9246498398	0.9247774439	0.9248728545	0.9249547846	0.9234383093	0.9248604204	0.9245571992	0.9247681490	0.9246574111	0.9244545250	0.9249283774	0.9250910064	0.9247392796	0.9249554001	0.9245840373	0.9245804055	0.9234341235	0.9242528700	0.9251272009	0.9252582520	0.9250351758	0.9241059991	0.9250152318	0.9250103074	0.9257569111	0.9258046165	0.9245030305	0.9245605232	0.9252897067	0.9247410032	0.9263927154	0.9258641404	0.9254353465	0.9253373505	0.9248203479	0.9248321665	0.9251715822	0.9243648390	0.9249385340	0.9250349911	0.9251715206	0.9246439305	0.9252012518	0.9237025660	0.9251168596	0.9247771977	0.9262052796	0.9256505437	0.9254314685	0.9226379062	0.9254258054	0.9249203752	0.9256265371	0.9256778126	0.9253865332	0.9244302722	0.9250849740	0.9254562137	0.9250713087	0.9243185494	0.9248755014	0.9248001578	0.9240215453	0.9233064579	0.9243986944	0.9246351281	0.9247987420	0.9249607554	0.9249192056	0.9246087825	0.9248276114	0.9249627868	0.9255009028
0.9241572131	0.9245325771	0.9247671642	0.9258057245	0.9257455850	0.9257678680	0.9249512759	0.9249163125	0.9254063540	0.9256902468	0.9249668494	0.9257122220	0.9251793382	1.0000000000	0.9256462963	0.9250902677	0.9256574994	0.9248407842	0.9248698999	0.9250155396	0.9251384039	0.9256529443	0.9246891736	0.9256505437	0.9253296561	0.9258106489	0.9254712332	0.9255692292	0.9248397994	0.9250290202	0.9253394434	0.9252488341	0.9256338622	0.9241534582	0.9255940359	0.9248781483	0.9257092058	0.9247512213	0.9254597224	0.9252003285	0.9255281718	0.9250172632	0.9251022710	0.9250844815	0.9249385340	0.9236019231	0.9251147667	0.9258509676	0.9252764724	0.9253363041	0.9246858497	0.9253920731	0.9260972502	0.9254512277	0.9261881057	0.9251020863	0.9250234187	0.9255394980	0.9252926614	0.9267533061	0.9263294982	0.9260087953	0.9257428765	0.9256640243	0.9258937485	0.9256690718	0.9253194379	0.9256626700	0.9255386362	0.9258150193	0.9251774915	0.9255533479	0.9247800292	0.9255983448	0.9251223996	0.9266405984	0.9259865123	0.9256975103	0.9239862126	0.9260883862	0.9250114770	0.9260554541	0.9253976131	0.9258127418	0.9250628141	0.9257449694	0.9259621979	0.9252509269	0.9252809043	0.9257541412	0.9245751118	0.9246529792	0.9238858160	0.9251949732	0.9252733330	0.9250511186	0.9253667739	0.9250234803	0.9258600778	0.9250698929	0.9259484096	0.9254240819
0.9243307989	0.9251216609	0.9248916289	0.9290877277	0.9291886168	0.9256488201	0.9253291021	0.9257588809	0.9254794816	0.9265175495	0.9252684702	0.9261144241	0.9252964163	0.9256462963	1.0000000000	0.9291708888	0.9261312287	0.9247459892	0.9253396896	0.9261362146	0.9254332536	0.9258168044	0.9257321659	0.9259275423	0.9290716002	0.9288410142	0.9291980347	0.9260216603	0.9252051914	0.9257148689	0.9260159357	0.9259325899	0.9285933159	0.9241688471	0.9255928048	0.9256599001	0.9259159084	0.9251482528	0.9256843991	0.9257384446	0.9263898223	0.9255806169	0.9254482115	0.9257931056	0.9258065862	0.9244167916	0.9253782232	0.9260612403	0.9256029614	0.9260769369	0.9253627113	0.9259107377	0.9261277816	0.9262051565	0.9267895006	0.9255378975	0.9255062581	0.9259839269	0.9260283698	0.9272538735	0.9263887143	0.9264081658	0.9261767180	0.9293494606	0.9257524176	0.9263760955	0.9255985295	0.9267686949	0.9292312130	0.9293361032	0.9297813323	0.9286536400	0.9282513764	0.9262099578	0.9253811779	0.9271150664	0.9265912311	0.9290864966	0.9245643396	0.9261448939	0.9256012995	0.9261018668	0.9265410636	0.9262401815	0.9287379092	0.9261791802	0.9266229321	0.9258465356	0.9252331375	0.9262197451	0.9253296561	0.9249990428	0.9243016833	0.9252081460	0.9255600574	0.9252874908	0.9257203473	0.9258701113	0.9257194856	0.9255272485	0.9259439776	0.9253612955
0.9244755153	0.9244894268	0.9248881202	0.9283719016	0.9287792127	0.9257540181	0.9247988036	0.9249764520	0.9252989400	0.9256317078	0.9250969157	0.9258092947	0.9248373987	0.9250902677	0.9291708888	1.0000000000	0.9256727036	0.9247134264	0.9253232544	0.9255931126	0.9251241847	0.9253212230	0.9251428975	0.9248177626	0.9295937735	0.9290108452	0.9291330939	0.9255761849	0.9248463858	0.9249994121	0.9254772656	0.9253738528	0.9283423551	0.9241841743	0.9251949732	0.9251260313	0.9253156831	0.9253672048	0.9251646880	0.9250011972	0.9260334789	0.9254696328	0.9248686688	0.9253656044	0.9248993233	0.9241430554	0.9250211412	0.9259370834	0.9258828532	0.9252793655	0.9247395874	0.9253193764	0.9254054306	0.9252673622	0.9259503178	0.9251694893	0.9251144589	0.9258635864	0.9257318582	0.9266627583	0.9256176116	0.9258046165	0.9258436425	0.9291760595	0.9251626567	0.9260228299	0.9253520007	0.9259140002	0.9285622920	0.9291794450	0.9291555000	0.9286518549	0.9277708145	0.9255988988	0.9250556121	0.9260316323	0.9258281306	0.9284146209	0.9239839351	0.9259865123	0.9251481912	0.9257206551	0.9258693110	0.9254882840	0.9276030149	0.9256966486	0.9255675672	0.9248998773	0.9246029963	0.9251499763	0.9250076606	0.9240596480	0.9238299854	0.9246132145	0.9246795095	0.9251616103	0.9254674168	0.9253570482	0.9250121541	0.9253281172	0.9256862457	0.9255905888
0.9249365027	0.9252733330	0.9251944808	0.9254031531	0.9261834891	0.9256856302	0.9249445049	0.9255439300	0.9263264819	0.9259277270	0.9254277752	0.9256788591	0.9251483143	0.9256574994	0.9261312287	0.9256727036	1.0000000000	0.9255949593	0.9260244303	0.9254450722	0.9253950893	0.9264481151	0.9249309627	0.9258909785	0.9255449764	0.9256210587	0.9254692634	0.9256477737	0.9249611863	0.9254429178	0.9262163596	0.9256340469	0.9254621230	0.9245448266	0.9260781065	0.9256719649	0.9260034400	0.9254357158	0.9260017780	0.9259713697	0.9262439363	0.9259141233	0.9261187945	0.9264489154	0.9257796250	0.9248598664	0.9260134735	0.9265491273	0.9255242938	0.9254692634	0.9253292252	0.9262858555	0.9261846586	0.9254983791	0.9266370898	0.9258022158	0.9259029202	0.9262685584	0.9256802133	0.9271973657	0.9262939192	0.9258907323	0.9264065653	0.9257634976	0.9259583815	0.9263865599	0.9258449967	0.9261051292	0.9255127830	0.9259062442	0.9256273373	0.9258426576	0.9244481233	0.9263890836	0.9257635591	0.9265983715	0.9264961898	0.9266108672	0.9242442522	0.9260115652	0.9258398876	0.9266854107	0.9265314610	0.9264670742	0.9249724509	0.9260909100	0.9263173718	0.9264231853	0.9263565209	0.9258692495	0.9258234524	0.9250271120	0.9241554280	0.9257552492	0.9261729016	0.9257673755	0.9261645301	0.9252895221	0.9258594622	0.9253605568	0.9258145884	0.9255438684
0.9238168125	0.9242957124	0.9245960405	0.9247408185	0.9248669452	0.9253607415	0.9241109236	0.9249879629	0.9254489502	0.9250210180	0.9248374603	0.9251537927	0.9239819653	0.9248407842	0.9247459892	0.9247134264	0.9255949593	1.0000000000	0.9249344098	0.9248871354	0.9250663843	0.9255645510	0.9250034748	0.9249960882	0.9249536766	0.9249230221	0.9248479247	0.9247342937	0.9246525483	0.9246812330	0.9252977089	0.9253409207	0.9241189873	0.9236304848	0.9253689899	0.9250623216	0.9249029551	0.9243322763	0.9254262363	0.9247481436	0.9254827440	0.9249296085	0.9251628414	0.9248756861	0.9245242671	0.9236110333	0.9251722593	0.9255884960	0.9248411536	0.9248708232	0.9244429526	0.9252509885	0.9261551121	0.9252953698	0.9256566376	0.9244402442	0.9246218322	0.9252384928	0.9245072163	0.9260175977	0.9253607415	0.9254145408	0.9250400386	0.9246792633	0.9249854391	0.9255721838	0.9249982426	0.9251713360	0.9247254913	0.9248518026	0.9244837638	0.9251878328	0.9237120455	0.9253677588	0.9252167022	0.9255702756	0.9256041310	0.9252592369	0.9233480077	0.9251725671	0.9250852202	0.9253389509	0.9255677518	0.9252932154	0.9240705433	0.9252993094	0.9257007112	0.9255733534	0.9257843032	0.9248885511	0.9248193630	0.9238357716	0.9235383981	0.9244794549	0.9247124415	0.9245617543	0.9252016827	0.9246547643	0.9250072912	0.9245032152	0.9252024829	0.9247084404
0.9244537248	0.9249546615	0.9253151906	0.9250658918	0.9256166267	0.9258440118	0.9245151569	0.9250394846	0.9256633472	0.9255587032	0.9254699405	0.9258223444	0.9250373302	0.9248698999	0.9253396896	0.9253232544	0.9260244303	0.9249344098	1.0000000000	0.9252631764	0.9259385607	0.9259665684	0.9253644964	0.9260993430	0.9253720677	0.9255433144	0.9251097192	0.9255977293	0.9252376310	0.9256695027	0.9259423771	0.9255703372	0.9247410032	0.9244612961	0.9255386978	0.9260608095	0.9256301073	0.9252853363	0.9260962653	0.9253923194	0.9256267218	0.9254856371	0.9256351548	0.9255303262	0.9251523154	0.9245826831	0.9258485669	0.9258288692	0.9257304424	0.9257178851	0.9259088911	0.9258666026	0.9260215988	0.9262442441	0.9267108945	0.9256140414	0.9254541208	0.9258153271	0.9253254703	0.9268071670	0.9259906365	0.9259704463	0.9261766564	0.9250880517	0.9260544693	0.9259583200	0.9256820600	0.9260377262	0.9255343889	0.9254547364	0.9253575406	0.9255209083	0.9241865750	0.9263330068	0.9258355172	0.9264305103	0.9258735584	0.9257769782	0.9240017861	0.9262994592	0.9258532451	0.9267418568	0.9263466105	0.9261413853	0.9244987832	0.9257503247	0.9261711780	0.9258249297	0.9254823747	0.9260739207	0.9256647014	0.9247075787	0.9242468376	0.9255744614	0.9257605429	0.9252848439	0.9259868200	0.9256384788	0.9260551464	0.9253657890	0.9255284180	0.9254946857
0.9244570488	0.9245791744	0.9250615830	0.9255571028	0.9260232607	0.9255814171	0.9251784764	0.9254389782	0.9259069829	0.9257947061	0.9251072570	0.9261176865	0.9251285551	0.9250155396	0.9261362146	0.9255931126	0.9254450722	0.9248871354	0.9252631764	1.0000000000	0.9247848921	0.9257000341	0.9253065113	0.9260674574	0.9256308460	0.9259148619	0.9255110594	0.9256724573	0.9252623762	0.9253645579	0.9258729428	0.9258307159	0.9252430479	0.9237115530	0.9251824159	0.9253178375	0.9258566307	0.9251312020	0.9259463167	0.9251388348	0.9259727854	0.9254722181	0.9253273786	0.9256615621	0.9252094387	0.9245771431	0.9252437250	0.9255567950	0.9258130495	0.9253734219	0.9249661108	0.9258869159	0.9262643727	0.9254800972	0.9262769300	0.9252620684	0.9252682240	0.9260148892	0.9255286027	0.9265719028	0.9258942409	0.9259805414	0.9256272142	0.9258318855	0.9256658094	0.9260953420	0.9254161412	0.9262625260	0.9257707611	0.9260715201	0.9256606387	0.9257428765	0.9246462696	0.9256871690	0.9253113126	0.9262260238	0.9262096501	0.9262119276	0.9244730531	0.9256909239	0.9253239930	0.9260663494	0.9261225494	0.9259015660	0.9250774027	0.9260897404	0.9261688389	0.9254387320	0.9252626224	0.9259015660	0.9250966695	0.9246391292	0.9239178863	0.9248975998	0.9250996857	0.9252676084	0.9255721838	0.9253489229	0.9254274059	0.9256072088	0.9261017437	0.9251688122
0.9244501546	0.9249400113	0.9251095961	0.9253681281	0.9256817522	0.9253633884	0.9243154717	0.9249834693	0.9253852405	0.9252329528	0.9251121814	0.9253840710	0.9249989197	0.9251384039	0.9254332536	0.9251241847	0.9253950893	0.9250663843	0.9259385607	0.9247848921	1.0000000000	0.9259304970	0.9250449015	0.9254713563	0.9251393888	0.9253122360	0.9246911434	0.9253556940	0.9252927845	0.9250958077	0.9254457493	0.9251198758	0.9250913757	0.9236937020	0.9254362698	0.9251852475	0.9257636822	0.9251543467	0.9256771971	0.9251441286	0.9256247520	0.9252460641	0.9256177963	0.9253291637	0.9249848851	0.9242899262	0.9253221464	0.9256146569	0.9259077215	0.9250782029	0.9248751321	0.9252025445	0.9260174130	0.9258033854	0.9256373708	0.9253508311	0.9257154845	0.9260731205	0.9252637920	0.9260177823	0.9259754939	0.9256891388	0.9257276724	0.9255509473	0.9252544971	0.9260612403	0.9250714318	0.9259462551	0.9257567265	0.9252891527	0.9257967990	0.9254405171	0.9246360515	0.9256723958	0.9254852678	0.9262508921	0.9260275696	0.9259519182	0.9240057256	0.9257528485	0.9252942003	0.9258289924	0.9257857190	0.9258254837	0.9249627868	0.9260035631	0.9257116065	0.9250460095	0.9250850971	0.9250794340	0.9248668221	0.9246578420	0.9236720346	0.9249200059	0.9255564257	0.9253856714	0.9255284796	0.9246683680	0.9254011833	0.9251297862	0.9260003006	0.9255967444
0.9246455925	0.9252037756	0.9252889065	0.9254403325	0.9261328907	0.9257081594	0.9251583478	0.9256309691	0.9262245464	0.9259697077	0.9257804868	0.9256927706	0.9250927915	0.9256529443	0.9258168044	0.9253212230	0.9264481151	0.9255645510	0.9259665684	0.9257000341	0.9259304970	1.0000000000	0.9254962862	0.9263542434	0.9260865396	0.9261102999	0.9254367623	0.9256616852	0.9254490733	0.9253276863	0.9264602415	0.9263948698	0.9255702141	0.9246729846	0.9263393470	0.9256266602	0.9262553241	0.9249161894	0.9269548996	0.9256766431	0.9260749056	0.9262742215	0.9258538607	0.9258923327	0.9253238699	0.9243815820	0.9261870593	0.9262635109	0.9260158741	0.9256562683	0.9254730183	0.9262569245	0.9262732982	0.9264496540	0.9268087058	0.9257340126	0.9255386362	0.9262500919	0.9259813416	0.9268915592	0.9261565279	0.9263250662	0.9258705422	0.9255468231	0.9260877707	0.9266101286	0.9255000411	0.9263028447	0.9259888514	0.9262653576	0.9258398261	0.9259667530	0.9249106495	0.9262425821	0.9255207852	0.9266375207	0.9264517469	0.9260664725	0.9241196644	0.9262536005	0.9260513915	0.9259993158	0.9263760955	0.9262686200	0.9252932769	0.9259622595	0.9265111477	0.9261280894	0.9255774776	0.9257463852	0.9253674510	0.9249691270	0.9244864722	0.9258744201	0.9258274535	0.9256711031	0.9259696461	0.9253780385	0.9259823265	0.9251496685	0.9265598995	0.9260691810
0.9243888455	0.9247999116	0.9246124758	0.9248838114	0.9252469258	0.9250437935	0.9248038511	0.9250655840	0.9252883525	0.9257714382	0.9252130089	0.9252188566	0.9244825942	0.9246891736	0.9257321659	0.9251428975	0.9249309627	0.9250034748	0.9253644964	0.9253065113	0.9250449015	0.9254962862	1.0000000000	0.9250043981	0.9251791535	0.9251473910	0.9250328982	0.9255638739	0.9249027704	0.9248602973	0.9253999522	0.9253891185	0.9251731211	0.9236081402	0.9252994940	0.9249640179	0.9254611997	0.9250361606	0.9257212707	0.9252242735	0.9253379045	0.9250929146	0.9252495727	0.9251966967	0.9248628826	0.9243043302	0.9247659331	0.9259560424	0.9255273100	0.9250008895	0.9249464131	0.9252754259	0.9252979551	0.9257339510	0.9257844879	0.9256199507	0.9253100815	0.9255771082	0.9253663430	0.9265939395	0.9256906161	0.9261261811	0.9258399492	0.9254225430	0.9252479723	0.9257193624	0.9253341496	0.9254533206	0.9253547706	0.9255928664	0.9255582108	0.9254293141	0.9246234942	0.9262016479	0.9252230424	0.9264212770	0.9260017164	0.9260303396	0.9233689980	0.9257162847	0.9254356543	0.9252117162	0.9257603582	0.9259828189	0.9248947067	0.9256929552	0.9260432662	0.9250846662	0.9244274407	0.9254696943	0.9246837568	0.9240320713	0.9235737924	0.9248312432	0.9256039463	0.9251772453	0.9249945493	0.9255410984	0.9249805147	0.9251926957	0.9258304081	0.9251829699
0.9249992275	0.9246888659	0.9253934889	0.9253171604	0.9258278844	0.9253823474	0.9246557491	0.9252907532	0.9261488950	0.9255504548	0.9254923467	0.9257521714	0.9248282885	0.9256505437	0.9259275423	0.9248177626	0.9258909785	0.9249960882	0.9260993430	0.9260674574	0.9254713563	0.9263542434	0.9250043981	1.0000000000	0.9255412215	0.9260899251	0.9254140484	0.9252466181	0.9248338285	0.9255571028	0.9255331578	0.9263397779	0.9253581562	0.9243966631	0.9259593664	0.9254844060	0.9250433626	0.9251499148	0.9264361734	0.9254977020	0.9261308593	0.9258629709	0.9256814444	0.9258169275	0.9255708912	0.9244042959	0.9259823881	0.9259445931	0.9254514740	0.9257272415	0.9256726420	0.9260822922	0.9266950133	0.9263705555	0.9261709318	0.9251091652	0.9252897683	0.9256952943	0.9256957868	0.9267739271	0.9257437999	0.9260721356	0.9259907596	0.9256021612	0.9260385880	0.9264687361	0.9254623077	0.9259664452	0.9255910197	0.9256362013	0.9258720195	0.9254871760	0.9244867184	0.9261070990	0.9262135896	0.9263496267	0.9260967577	0.9261371995	0.9236359016	0.9263051223	0.9257073592	0.9260507144	0.9258017234	0.9258619244	0.9249027088	0.9255374667	0.9263325759	0.9262590174	0.9253230697	0.9255334656	0.9252304906	0.9246614122	0.9240565087	0.9253430136	0.9261883519	0.9253185762	0.9256057930	0.9252831819	0.9258554611	0.9256832911	0.9259760479	0.9259883589
0.9241886063	0.9246191238	0.9250924221	0.9281932067	0.9283610679	0.9254273443	0.9248899669	0.9249219756	0.9254877300	0.9258358865	0.9249869164	0.9258386565	0.9248577735	0.9253296561	0.9290716002	0.9295937735	0.9255449764	0.9249536766	0.9253720677	0.9256308460	0.9251393888	0.9260865396	0.9251791535	0.9255412215	1.0000000000	0.9283470948	0.9287235668	0.9254143561	0.9244815478	0.9253742221	0.9257846110	0.9249438893	0.9280953338	0.9243755496	0.9257052047	0.9252082076	0.9252323988	0.9250006433	0.9252474798	0.9248964918	0.9253806854	0.9254051844	0.9253952740	0.9252477261	0.9249231452	0.9238147812	0.9249813149	0.9262248542	0.9254732030	0.9254328227	0.9250898984	0.9255904042	0.9255002873	0.9255127830	0.9258563229	0.9251326177	0.9252026676	0.9259170779	0.9256095479	0.9270591126	0.9259938989	0.9260484368	0.9262455368	0.9288636666	0.9255434991	0.9261685312	0.9250165861	0.9259955609	0.9289448579	0.9286484078	0.9287431414	0.9284594947	0.9277812173	0.9257257642	0.9251194449	0.9263017983	0.9258675875	0.9289331009	0.9237928060	0.9256098556	0.9255652281	0.9258710346	0.9256006223	0.9257367826	0.9286015027	0.9251814926	0.9259069213	0.9248028047	0.9249723894	0.9251950963	0.9249014777	0.9243095008	0.9239747018	0.9245426106	0.9252445252	0.9250114770	0.9254315301	0.9253599413	0.9253198688	0.9251841395	0.9262628338	0.9254648315
0.9247002536	0.9245738191	0.9250285278	0.9291075485	0.9289487975	0.9256554681	0.9255993297	0.9248253339	0.9258659255	0.9258062169	0.9253558786	0.9258551533	0.9253134055	0.9258106489	0.9288410142	0.9290108452	0.9256210587	0.9249230221	0.9255433144	0.9259148619	0.9253122360	0.9261102999	0.9251473910	0.9260899251	0.9283470948	1.0000000000	0.9281421158	0.9253825936	0.9251643187	0.9253853021	0.9256830448	0.9260236916	0.9280420270	0.9241778341	0.9258039394	0.9255514397	0.9260227683	0.9252866290	0.9258027083	0.9255510704	0.9267260371	0.9256901852	0.9252783190	0.9257725462	0.9253805007	0.9240464752	0.9255860338	0.9261436013	0.9260045479	0.9258810681	0.9252211342	0.9260702890	0.9262965661	0.9255537788	0.9264040416	0.9257928594	0.9255004719	0.9264417749	0.9260426507	0.9268210169	0.9266568490	0.9261278431	0.9260099033	0.9292051751	0.9257012036	0.9262568014	0.9255868340	0.9260174746	0.9295503155	0.9290241411	0.9285256051	0.9291096414	0.9280673262	0.9261809038	0.9252402163	0.9268646596	0.9263729562	0.9289599390	0.9242042413	0.9261460019	0.9257390601	0.9257771013	0.9261618832	0.9263763417	0.9285591527	0.9261879211	0.9265623617	0.9253607415	0.9250109230	0.9256719033	0.9251693662	0.9246170309	0.9242752145	0.9250732169	0.9258044318	0.9255907120	0.9261101152	0.9257021885	0.9257204704	0.9254860065	0.9261943844	0.9260349562
0.9238195210	0.9246939750	0.9250043981	0.9285081234	0.9289986572	0.9253829014	0.9246342664	0.9252299981	0.9254190343	0.9259098760	0.9252093771	0.9257966758	0.9251745369	0.9254712332	0.9291980347	0.9291330939	0.9254692634	0.9248479247	0.9251097192	0.9255110594	0.9246911434	0.9254367623	0.9250328982	0.9254140484	0.9287235668	0.9281421158	1.0000000000	0.9253834554	0.9247291230	0.9251325562	0.9255829560	0.9249463515	0.9281861894	0.9240744213	0.9254661241	0.9250272351	0.9252880448	0.9253975516	0.9256905546	0.9254821285	0.9252934001	0.9257108678	0.9254382396	0.9253117435	0.9251783533	0.9244877033	0.9249458591	0.9258112029	0.9254773887	0.9254501813	0.9248218868	0.9256464195	0.9254670474	0.9260356334	0.9257973530	0.9250571510	0.9247499902	0.9259617670	0.9256558374	0.9267094788	0.9259234797	0.9255825867	0.9259588124	0.9286159682	0.9255980370	0.9258009232	0.9252166407	0.9258846383	0.9289244216	0.9286666282	0.9289614163	0.9283963390	0.9271039864	0.9259841732	0.9254005062	0.9264439909	0.9259449009	0.9284753760	0.9238589163	0.9261131314	0.9249323169	0.9257521098	0.9258016618	0.9258928867	0.9285915308	0.9255455304	0.9258943640	0.9251390195	0.9246115525	0.9256961561	0.9246899739	0.9245347931	0.9240019092	0.9249528148	0.9250945766	0.9251482528	0.9253062036	0.9252208264	0.9256740578	0.9249826076	0.9255242938	0.9253789003
0.9245174345	0.9247813834	0.9251254158	0.9257836877	0.9261600981	0.9254577526	0.9249843927	0.9247914785	0.9251696124	0.9259917445	0.9256848299	0.9258251144	0.9251964505	0.9255692292	0.9260216603	0.9255761849	0.9256477737	0.9247342937	0.9255977293	0.9256724573	0.9253556940	0.9256616852	0.9255638739	0.9252466181	0.9254143561	0.9253825936	0.9253834554	1.0000000000	0.9249290545	0.9249155123	0.9257503863	0.9253920116	0.9254054922	0.9235626509	0.9254720334	0.9251844473	0.9251041176	0.9253952125	0.9255872649	0.9254967786	0.9255439300	0.9251156285	0.9250718627	0.9252900761	0.9252391699	0.9236446425	0.9251649958	0.9261988779	0.9256048081	0.9253552631	0.9249495524	0.9256610696	0.9254477191	0.9258915941	0.9258589082	0.9255135217	0.9253364887	0.9261099921	0.9253949662	0.9264754457	0.9257619587	0.9256070857	0.9260406809	0.9257494630	0.9254343000	0.9258079405	0.9256316462	0.9255007797	0.9259857736	0.9256597770	0.9255468231	0.9260152586	0.9245350393	0.9260584088	0.9254595993	0.9266911968	0.9259743243	0.9258723273	0.9240226533	0.9260135350	0.9257088980	0.9261536963	0.9260981119	0.9261757947	0.9252253199	0.9256038848	0.9259176319	0.9250155396	0.9256056699	0.9254191574	0.9252896452	0.9246838799	0.9239867666	0.9248926138	0.9251664731	0.9252399701	0.9255323576	0.9254093086	0.9249947339	0.9249750978	0.9256877846	0.9252168869
0.9240333639	0.9240943036	0.9245261138	0.9255400520	0.9253817934	0.9248812261	0.9240427203	0.9245616312	0.9250402233	0.9252864443	0.9246671984	0.9249560772	0.9242643808	0.9248397994	0.9252051914	0.9248463858	0.9249611863	0.9246525483	0.9252376310	0.9252623762	0.9252927845	0.9254490733	0.9249027704	0.9248338285	0.9244815478	0.9251643187	0.9247291230	0.9249290545	1.0000000000	0.9244757616	0.9251909721	0.9253007867	0.9247594082	0.9232727256	0.9249387187	0.9251744753	0.9254066002	0.9245197736	0.9249677727	0.9247421112	0.9251994667	0.9250866975	0.9247457429	0.9245106634	0.9246360515	0.9239415850	0.9250731553	0.9253952125	0.9251129816	0.9249866702	0.9245739422	0.9252857057	0.9256270911	0.9251696740	0.9257042814	0.9245820675	0.9245617543	0.9248713772	0.9243445873	0.9259785716	0.9252788730	0.9254635388	0.9254507353	0.9250218798	0.9253708981	0.9257534025	0.9249849467	0.9252886603	0.9248766710	0.9254517202	0.9246872654	0.9256195814	0.9242641962	0.9255502086	0.9247173660	0.9259180628	0.9253949662	0.9256577456	0.9235943518	0.9255804322	0.9251414817	0.9253625882	0.9252271050	0.9253940429	0.9243994946	0.9252675468	0.9257980916	0.9252658233	0.9243472342	0.9249352100	0.9248570348	0.9241078458	0.9236362710	0.9248727930	0.9246474392	0.9246188775	0.9247060398	0.9244066966	0.9246427610	0.9249842080	0.9252353534	0.9251489299
0.9247602084	0.9247775670	0.9252502498	0.9247126262	0.9256168114	0.9249245610	0.9245871150	0.9246708302	0.9250634912	0.9253092198	0.9248183781	0.9251798922	0.9246498398	0.9250290202	0.9257148689	0.9249994121	0.9254429178	0.9246812330	0.9256695027	0.9253645579	0.9250958077	0.9253276863	0.9248602973	0.9255571028	0.9253742221	0.9253853021	0.9251325562	0.9249155123	0.9244757616	1.0000000000	0.9253773614	0.9255944053	0.9250959923	0.9236824374	0.9247683337	0.9252375079	0.9251080572	0.9243571446	0.9255317420	0.9249485675	0.9255458997	0.9253527393	0.9249679574	0.9255884960	0.9247181662	0.9244803167	0.9248993233	0.9252687780	0.9254317147	0.9252331375	0.9249926411	0.9254938855	0.9252210726	0.9255526708	0.9259831267	0.9247080096	0.9250500106	0.9255750769	0.9252994325	0.9262372268	0.9259525338	0.9256679022	0.9258120647	0.9248823956	0.9254447644	0.9255683674	0.9252282130	0.9256419875	0.9252190413	0.9255683058	0.9254709870	0.9251362495	0.9240929494	0.9258120647	0.9256687640	0.9260580395	0.9255350660	0.9255921277	0.9235192544	0.9256743655	0.9257864577	0.9260879553	0.9255155530	0.9254200192	0.9247247526	0.9254506122	0.9255351276	0.9251941730	0.9249695578	0.9252844745	0.9246990840	0.9243139328	0.9236599082	0.9247292461	0.9253575406	0.9250546888	0.9252091925	0.9253705288	0.9248375218	0.9252905070	0.9252193491	0.9247633477
