1.0000000000	0.9176001035	0.9185387711	0.9178507976	0.9181990902	0.9180705536	0.9172285914	0.9177179233	0.9180545424	0.9187285459	0.9177938970	0.9180733604	0.9174605313	0.9176656157	0.9178400809	0.9179672778	0.9184299456	0.9172062650	0.9179089101	0.9180536493	0.9179888388	0.9182875029	0.9178589627	0.9186186998	0.9178424411	0.9183789137	0.9173814319	0.9180886699	0.9174759685	0.9183611802	0.9181674504	0.9184293077	0.9175092668	0.9165702802	0.9183277543	0.9178992779	0.9180186925	0.9175039084	0.9180514804	0.9175007827	0.9179175856	0.9178095893	0.9185223771	0.9180581784	0.9179625574	0.9170856384	0.9176575144	0.9185083433	0.9178378483	0.9174131992	0.9170667566	0.9180456118	0.9186209324	0.9185085347	0.9185930562	0.9175695482	0.9182073828	0.9181429551	0.9180563285	0.9197627707	0.9183933302	0.9184071726	0.9184041745	0.9182219269	0.9184219719	0.9187026472	0.9182188650	0.9187022007	0.9180825461	0.9180003210	0.9182157393	0.9181060846	0.9170622275	0.9185632664	0.9185435553	0.9190610186	0.9181666849	0.9183736830	0.9161308957	0.9183822308	0.9185225047	0.9179563698	0.9183077243	0.9185545910	0.9176068652	0.9184716004	0.9185797242	0.9178956419	0.9177656381	0.9180503960	0.9173858334	0.9174254469	0.9155910423	0.9179073792	0.9179980883	0.9177572179	0.9182394691	0.9177727826	0.9174690154	0.9176230040	0.9181984523	0.9178648951
0.9176001035	1.0000000000	0.9189739454	0.9181363209	0.9187915702	0.9188194464	0.9176035481	0.9181079345	0.9184900994	0.9186002007	0.9179887112	0.9189645045	0.9173952105	0.9181504185	0.9187800881	0.9181771464	0.9188616753	0.9178615143	0.9184493377	0.9180463773	0.9185596304	0.9188272926	0.9183914803	0.9182528012	0.9181057656	0.9182013228	0.9181974316	0.9181456981	0.9176239609	0.9184883771	0.9189936565	0.9181602421	0.9182423397	0.9163046593	0.9186409624	0.9177824149	0.9185725159	0.9173624225	0.9186257166	0.9185085347	0.9186894427	0.9181739570	0.9186124484	0.9188768573	0.9180874579	0.9177596419	0.9181844185	0.9184094691	0.9182156117	0.9181665573	0.9179452704	0.9191374388	0.9189271237	0.9185327748	0.9192338890	0.9184083846	0.9180414017	0.9183579269	0.9182653040	0.9199045117	0.9192934050	0.9185731538	0.9188028611	0.9189395627	0.9186476604	0.9190842381	0.9184995403	0.9188347560	0.9183359194	0.9184025798	0.9186667335	0.9185059193	0.9175462649	0.9189907859	0.9184736417	0.9191863018	0.9186670525	0.9193749284	0.9161820552	0.9189405195	0.9184342195	0.9188260806	0.9186709436	0.9188536378	0.9175914281	0.9186877204	0.9187421331	0.9181051277	0.9183768725	0.9187884445	0.9178315968	0.9174910229	0.9163132709	0.9185173377	0.9187624183	0.9184231839	0.9187319267	0.9180904560	0.9189790486	0.9181181408	0.9184670075	0.9181890751
0.9185387711	0.9189739454	1.0000000000	0.9182274766	0.9188427935	0.9185642232	0.9173733306	0.9180695968	0.9183139757	0.9188098779	0.9181884372	0.9185094915	0.9177241747	0.9182057243	0.9184443621	0.9185584184	0.9188295890	0.9181015555	0.9187606960	0.9185422157	0.9188027335	0.9189504708	0.9182341108	0.9189007147	0.9186342645	0.9187057091	0.9185639043	0.9188158104	0.9180546062	0.9188818967	0.9189147484	0.9183933940	0.9180045949	0.9167696235	0.9186810862	0.9186800018	0.9185041970	0.9179700208	0.9187571875	0.9181438481	0.9193328909	0.9184525272	0.9189772625	0.9181254767	0.9178897732	0.9183769362	0.9183179306	0.9190952737	0.9190895964	0.9187949511	0.9180362985	0.9189299304	0.9189379042	0.9193112023	0.9192524519	0.9186276303	0.9178332554	0.9187751763	0.9182966248	0.9199251158	0.9191994425	0.9189300580	0.9190320580	0.9188332250	0.9189863207	0.9192631686	0.9183042796	0.9189882981	0.9184603734	0.9187713489	0.9185108949	0.9187705834	0.9171942087	0.9188204033	0.9185474465	0.9195240691	0.9188353939	0.9188665871	0.9165286254	0.9191917877	0.9190658028	0.9184024522	0.9188405609	0.9189747747	0.9176372930	0.9187514464	0.9189025646	0.9186601632	0.9183396830	0.9188244858	0.9180675555	0.9176264487	0.9165670907	0.9184909925	0.9188852137	0.9184131689	0.9188167034	0.9183441483	0.9185495516	0.9183922458	0.9184652852	0.9184241407
0.9178507976	0.9181363209	0.9182274766	1.0000000000	0.9222563796	0.9190867259	0.9184559081	0.9193289997	0.9197331084	0.9198207556	0.9188025421	0.9196790784	0.9188866171	0.9196922191	0.9231058052	0.9223650775	0.9191649322	0.9184709625	0.9187457053	0.9193581517	0.9191447108	0.9192350373	0.9186027523	0.9189705646	0.9221380494	0.9231674899	0.9224192988	0.9195420578	0.9193464143	0.9184513790	0.9194420991	0.9191246170	0.9219031114	0.9174311880	0.9190533000	0.9188307372	0.9188448986	0.9188419642	0.9193303393	0.9190450073	0.9195395062	0.9195974912	0.9193460316	0.9188766021	0.9182302196	0.9177227714	0.9189120055	0.9194579190	0.9188864258	0.9191653787	0.9181513116	0.9191518553	0.9192750335	0.9194380803	0.9202360275	0.9186561444	0.9188359680	0.9193371010	0.9192277652	0.9205037535	0.9200041514	0.9197919226	0.9196276638	0.9222072614	0.9192420541	0.9203313296	0.9190873000	0.9197429958	0.9224763907	0.9227276589	0.9229527733	0.9226039066	0.9215876068	0.9199584779	0.9189032025	0.9203273746	0.9193428421	0.9230956626	0.9171297172	0.9196439940	0.9187619718	0.9193802867	0.9195878589	0.9196098026	0.9212738883	0.9192091386	0.9191760317	0.9189923169	0.9180358519	0.9193492849	0.9186521894	0.9182244785	0.9168697735	0.9188401143	0.9186010300	0.9186299906	0.9189354164	0.9189615702	0.9186732401	0.9188570824	0.9191091161	0.9193127971
0.9181990902	0.9187915702	0.9188427935	0.9222563796	1.0000000000	0.9195271310	0.9184865272	0.9186852326	0.9197683204	0.9202352621	0.9190807934	0.9194868158	0.9185084709	0.9194447145	0.9230811823	0.9227533025	0.9199041290	0.9186365609	0.9193918965	0.9196500540	0.9194567708	0.9198725530	0.9187948873	0.9194380166	0.9222371788	0.9229171786	0.9229205594	0.9200902677	0.9189490036	0.9192565344	0.9198493335	0.9191770523	0.9223437716	0.9171525539	0.9194628308	0.9193198778	0.9194275550	0.9189319079	0.9196656187	0.9193594913	0.9199560539	0.9194415888	0.9191776264	0.9196109508	0.9191170260	0.9178569852	0.9186519981	0.9199640276	0.9196488420	0.9195458214	0.9186028161	0.9197977913	0.9197881590	0.9196452698	0.9206979936	0.9192802643	0.9190740317	0.9202499337	0.9196512022	0.9210864100	0.9196979602	0.9202300313	0.9197697875	0.9227877490	0.9194482229	0.9200477199	0.9196165005	0.9201469131	0.9232459514	0.9235240114	0.9228070773	0.9231758464	0.9221566122	0.9199180352	0.9191092437	0.9209620836	0.9203157648	0.9230637676	0.9174186852	0.9201192283	0.9192615738	0.9198892021	0.9199856524	0.9204695622	0.9223371375	0.9200579263	0.9199662603	0.9192853675	0.9187301406	0.9194921741	0.9189041593	0.9186773864	0.9176397170	0.9188577203	0.9195068458	0.9191354613	0.9192673787	0.9195351685	0.9194794162	0.9190151537	0.9195955775	0.9195799490
0.9180705536	0.9188194464	0.9185642232	0.9190867259	0.9195271310	1.0000000000	0.9180766774	0.9184509325	0.9192242568	0.9191242343	0.9189331199	0.9189032025	0.9184818705	0.9194912173	0.9192807746	0.9194234087	0.9193402905	0.9190595514	0.9195548796	0.9191533225	0.9188547860	0.9193601292	0.9185242270	0.9189357991	0.9191257015	0.9194378890	0.9191096902	0.9189641856	0.9184147636	0.9185327111	0.9194454800	0.9186870825	0.9189731799	0.9176834768	0.9183344522	0.9190592962	0.9191182381	0.9188075815	0.9192356114	0.9186082382	0.9193683580	0.9187169999	0.9195976825	0.9188921030	0.9188047747	0.9177182423	0.9188873188	0.9201710257	0.9189718404	0.9192037164	0.9184155929	0.9195078664	0.9194972135	0.9188211687	0.9197336825	0.9190557878	0.9186657129	0.9198107406	0.9187314164	0.9202332208	0.9193553449	0.9198703203	0.9192957652	0.9196656825	0.9192967220	0.9196723167	0.9198118888	0.9194798627	0.9188585496	0.9192793712	0.9196318101	0.9195941103	0.9185945234	0.9196584743	0.9183378331	0.9197422303	0.9197496300	0.9196924105	0.9173268916	0.9198484404	0.9194498177	0.9195588345	0.9196191797	0.9199980914	0.9186546134	0.9193587258	0.9198614536	0.9190092212	0.9183134016	0.9195060165	0.9188839379	0.9180150564	0.9169590155	0.9187302044	0.9189384145	0.9184372814	0.9189908497	0.9188654389	0.9187530412	0.9183928837	0.9189674389	0.9189273150
0.9172285914	0.9176035481	0.9173733306	0.9184559081	0.9184865272	0.9180766774	1.0000000000	0.9179712966	0.9184573115	0.9186116829	0.9178981297	0.9187742832	0.9179324486	0.9186213151	0.9187516378	0.9185827223	0.9183942233	0.9174888540	0.9179156719	0.9186912926	0.9177963211	0.9187710299	0.9183048537	0.9180081034	0.9184620957	0.9190596790	0.9181005986	0.9184915666	0.9173090942	0.9181458256	0.9188623770	0.9182136980	0.9181313453	0.9161610046	0.9182467412	0.9178937919	0.9179903698	0.9179893491	0.9186160206	0.9178651503	0.9188425383	0.9183338143	0.9188145346	0.9180700433	0.9181312178	0.9166283928	0.9177659571	0.9187924633	0.9186085572	0.9180133341	0.9176177733	0.9184926510	0.9189596565	0.9184946285	0.9186795553	0.9178438445	0.9182140170	0.9185980319	0.9186758555	0.9194243017	0.9185349437	0.9188323958	0.9187351162	0.9185625647	0.9182934991	0.9188646734	0.9183798706	0.9187073039	0.9187078142	0.9187834051	0.9184133602	0.9190150899	0.9174994431	0.9185846998	0.9185253114	0.9194149246	0.9190892137	0.9183915441	0.9164421902	0.9190046921	0.9184079381	0.9184895253	0.9183357918	0.9188806847	0.9185846360	0.9187836603	0.9187340956	0.9184023884	0.9180778257	0.9179769101	0.9181157168	0.9169624602	0.9168707942	0.9173754994	0.9178028914	0.9182334729	0.9181444223	0.9179807375	0.9179719345	0.9181791239	0.9185074503	0.9184298180
0.9177179233	0.9181079345	0.9180695968	0.9193289997	0.9186852326	0.9184509325	0.9179712966	1.0000000000	0.9187097279	0.9184774053	0.9187948235	0.9188266547	0.9181047450	0.9185152326	0.9195039115	0.9186469587	0.9191903844	0.9186835740	0.9186563358	0.9191436264	0.9187548911	0.9192953187	0.9187421331	0.9189629736	0.9186194652	0.9185003058	0.9189301856	0.9184892064	0.9181969851	0.9182423397	0.9195687220	0.9193740991	0.9184906735	0.9175271917	0.9189648235	0.9190860880	0.9187792588	0.9179880096	0.9196589208	0.9189185120	0.9195588345	0.9191278065	0.9195189659	0.9186528911	0.9182041296	0.9174371842	0.9189579980	0.9186553789	0.9189414764	0.9187982682	0.9188221894	0.9191423506	0.9190862793	0.9189510449	0.9194995738	0.9186994577	0.9186861256	0.9191455401	0.9186704333	0.9198261140	0.9192942342	0.9194667858	0.9189834501	0.9187903582	0.9186353489	0.9194655100	0.9186470862	0.9192671873	0.9189747747	0.9190561067	0.9184007936	0.9187520843	0.9180612403	0.9191147296	0.9185970750	0.9196744855	0.9189837691	0.9194625119	0.9167100438	0.9190300167	0.9191895551	0.9193734612	0.9196388270	0.9192150073	0.9175794994	0.9188825984	0.9195844780	0.9188950374	0.9189750298	0.9186253339	0.9185357730	0.9174947865	0.9170950155	0.9185898668	0.9185767260	0.9183538443	0.9192500917	0.9187355628	0.9186347748	0.9186304371	0.9188968873	0.9187583995
0.9180545424	0.9184900994	0.9183139757	0.9197331084	0.9197683204	0.9192242568	0.9184573115	0.9187097279	1.0000000000	0.9195574311	0.9207245302	0.9192964669	0.9183401933	0.9189817278	0.9190832174	0.9190329510	0.9201080013	0.9193120954	0.9192416076	0.9195741441	0.9190175139	0.9199380014	0.9191426696	0.9198271346	0.9193358890	0.9196200090	0.9191416489	0.9188704783	0.9184266923	0.9188370524	0.9202924178	0.9193080766	0.9185050263	0.9179066775	0.9195654049	0.9190339717	0.9192336339	0.9182501220	0.9203208680	0.9190415627	0.9203831907	0.9196793973	0.9197111647	0.9191811348	0.9189876602	0.9183624559	0.9191320804	0.9195551347	0.9190257428	0.9189026922	0.9186379005	0.9198637500	0.9203174872	0.9192729922	0.9199591796	0.9187238892	0.9191795401	0.9194782042	0.9187235703	0.9202304778	0.9198098476	0.9195516901	0.9187620355	0.9194228346	0.9193584068	0.9202453409	0.9189139192	0.9201294347	0.9191729697	0.9196774836	0.9193462230	0.9191456039	0.9179777394	0.9196590484	0.9189012888	0.9200183766	0.9194276826	0.9198899676	0.9172185126	0.9194439490	0.9191166433	0.9197068908	0.9200387255	0.9196765268	0.9185276079	0.9195596000	0.9200769994	0.9197246243	0.9191665908	0.9191318891	0.9192251498	0.9185088536	0.9169954395	0.9194415250	0.9195247070	0.9186754089	0.9194891122	0.9191859829	0.9195296826	0.9188189361	0.9191806883	0.9193402267
0.9187285459	0.9186002007	0.9188098779	0.9198207556	0.9202352621	0.9191242343	0.9186116829	0.9184774053	0.9195574311	1.0000000000	0.9188996302	0.9194701028	0.9188267822	0.9194061854	0.9203415359	0.9193961704	0.9194763543	0.9186400056	0.9192699303	0.9194414612	0.9187541894	0.9196163730	0.9193122230	0.9191836226	0.9195160315	0.9194308083	0.9196857763	0.9196517763	0.9188958029	0.9189643769	0.9195370184	0.9190936152	0.9192528984	0.9180854166	0.9190137503	0.9188215515	0.9195816713	0.9191101367	0.9197480352	0.9193607670	0.9195036563	0.9196592397	0.9193780541	0.9192834538	0.9190221068	0.9177013380	0.9189455589	0.9200216937	0.9198968569	0.9192479228	0.9186839568	0.9194158177	0.9193330823	0.9192991461	0.9201217161	0.9188591237	0.9191854088	0.9203886128	0.9194788421	0.9208908303	0.9199670258	0.9199432321	0.9198240089	0.9196829696	0.9197704892	0.9196884555	0.9192110523	0.9195927069	0.9192890673	0.9194322755	0.9197939001	0.9190824519	0.9187373489	0.9196730821	0.9189484933	0.9206515546	0.9205183614	0.9197306206	0.9170160437	0.9203044740	0.9191875776	0.9195452473	0.9198462078	0.9198658551	0.9190178966	0.9201126580	0.9201117011	0.9187403470	0.9189648873	0.9192856226	0.9187705834	0.9184791276	0.9170036046	0.9188341181	0.9189999717	0.9194537726	0.9193383130	0.9194935775	0.9194089922	0.9188831087	0.9194969584	0.9195744630
0.9177938970	0.9179887112	0.9181884372	0.9188025421	0.9190807934	0.9189331199	0.9178981297	0.9187948235	0.9207245302	0.9188996302	1.0000000000	0.9189790486	0.9182326436	0.9184344109	0.9189162156	0.9186852964	0.9190668234	0.9185676679	0.9189086246	0.9186544221	0.9187074952	0.9194561329	0.9188063695	0.9191334838	0.9186396866	0.9189079867	0.9189120055	0.9192578102	0.9183155704	0.9184141257	0.9194659565	0.9188593789	0.9184291163	0.9172791130	0.9188214877	0.9190386921	0.9191242981	0.9183040882	0.9193054613	0.9191797315	0.9198168645	0.9189361180	0.9193812436	0.9187654802	0.9185734090	0.9178007226	0.9186437054	0.9189236152	0.9188550411	0.9187599305	0.9184234390	0.9198730633	0.9195735700	0.9199690670	0.9196941966	0.9186714540	0.9187532963	0.9190844932	0.9188225721	0.9200698550	0.9190300805	0.9190615289	0.9192042268	0.9192819866	0.9192463919	0.9195999152	0.9187853188	0.9193270860	0.9193189209	0.9192417990	0.9189372025	0.9186230375	0.9175971692	0.9194671685	0.9191318253	0.9196612810	0.9193156676	0.9194028683	0.9166678787	0.9194698477	0.9186290337	0.9194000616	0.9196821403	0.9192171123	0.9177950453	0.9192961479	0.9197398063	0.9191549810	0.9189104107	0.9188373076	0.9191085420	0.9181147600	0.9179516493	0.9192788609	0.9190296977	0.9183443396	0.9188751987	0.9186756641	0.9190562343	0.9187677766	0.9190051387	0.9186326697
0.9180733604	0.9189645045	0.9185094915	0.9196790784	0.9194868158	0.9189032025	0.9187742832	0.9188266547	0.9192964669	0.9194701028	0.9189790486	1.0000000000	0.9185928649	0.9191921705	0.9198935398	0.9195910484	0.9193356976	0.9189457503	0.9193948946	0.9197617500	0.9191264032	0.9193162417	0.9189215102	0.9195268758	0.9196041253	0.9197133335	0.9194883467	0.9194391648	0.9185549737	0.9188362231	0.9195711460	0.9193929809	0.9190902981	0.9175120097	0.9194117351	0.9192733750	0.9189738178	0.9184466585	0.9191668459	0.9192284031	0.9196608983	0.9192486245	0.9194107783	0.9194653186	0.9194866882	0.9178456944	0.9192203018	0.9194329772	0.9193854537	0.9187083245	0.9188038179	0.9195012323	0.9195312773	0.9191843881	0.9200421702	0.9188594426	0.9187890824	0.9196436112	0.9194246845	0.9204524027	0.9198340239	0.9197131422	0.9194788421	0.9197903279	0.9193523468	0.9200447218	0.9194842642	0.9195428871	0.9194233449	0.9199133147	0.9197473973	0.9199762115	0.9182533753	0.9194079077	0.9188028611	0.9200215023	0.9198863954	0.9195703167	0.9168686253	0.9194613636	0.9188767297	0.9195987670	0.9192384819	0.9198188419	0.9188518517	0.9196462904	0.9198304517	0.9191069473	0.9191666545	0.9197160127	0.9190514501	0.9181464635	0.9175668052	0.9188468123	0.9190156002	0.9189911049	0.9191777540	0.9190735214	0.9189091987	0.9193141367	0.9190780504	0.9187919530
0.9174605313	0.9173952105	0.9177241747	0.9188866171	0.9185084709	0.9184818705	0.9179324486	0.9181047450	0.9183401933	0.9188267822	0.9182326436	0.9185928649	1.0000000000	0.9186019230	0.9189137916	0.9183779569	0.9186026885	0.9173811767	0.9184948837	0.9187243357	0.9184325610	0.9186299268	0.9179311728	0.9182448913	0.9185318818	0.9189817278	0.9188369886	0.9186655853	0.9175833906	0.9181703209	0.9180634729	0.9182657505	0.9185080882	0.9166671132	0.9184124672	0.9179457169	0.9183107224	0.9180240508	0.9179491615	0.9183466361	0.9186418555	0.9182316230	0.9185991801	0.9179590490	0.9180093791	0.9165839950	0.9177225800	0.9185596304	0.9188999492	0.9184932889	0.9175611279	0.9185537617	0.9184683471	0.9192414800	0.9193984668	0.9180614955	0.9181395104	0.9187916978	0.9182561183	0.9200615623	0.9194988083	0.9188609736	0.9190585308	0.9186070900	0.9183109775	0.9187555928	0.9177033155	0.9184347936	0.9187486397	0.9190196827	0.9182096155	0.9189032025	0.9171507678	0.9185959268	0.9182320057	0.9198155249	0.9192696114	0.9189004595	0.9156196839	0.9189835139	0.9183487411	0.9190111987	0.9191001217	0.9189300580	0.9180509701	0.9185149775	0.9190131124	0.9184206323	0.9177882198	0.9183910338	0.9183586286	0.9174387152	0.9163764229	0.9179089101	0.9180238594	0.9182194391	0.9185794690	0.9184988386	0.9180927525	0.9182107637	0.9185579718	0.9191563844
0.9176656157	0.9181504185	0.9182057243	0.9196922191	0.9194447145	0.9194912173	0.9186213151	0.9185152326	0.9189817278	0.9194061854	0.9184344109	0.9191921705	0.9186019230	1.0000000000	0.9192694200	0.9187181481	0.9194146695	0.9185516566	0.9183806361	0.9187134277	0.9186914840	0.9192964669	0.9183531426	0.9193282342	0.9190110073	0.9194364856	0.9191792211	0.9191036302	0.9184174428	0.9186864446	0.9190733300	0.9189414764	0.9193154763	0.9174404375	0.9192896414	0.9184877392	0.9193571948	0.9181363847	0.9190615927	0.9186940994	0.9191532587	0.9185876341	0.9187522119	0.9185411313	0.9185210375	0.9169351581	0.9186894427	0.9194657651	0.9188269098	0.9188717541	0.9180911577	0.9190459004	0.9198446130	0.9191012062	0.9200079788	0.9187178292	0.9187192964	0.9191873862	0.9188427935	0.9203638624	0.9200885454	0.9194542830	0.9192083731	0.9193898552	0.9194569621	0.9194190710	0.9188260806	0.9192891311	0.9191584894	0.9194291498	0.9189335664	0.9193459678	0.9182847599	0.9191500692	0.9187076866	0.9201353034	0.9194837539	0.9195800128	0.9172488128	0.9196902416	0.9186017955	0.9195795024	0.9190275927	0.9195690409	0.9185761519	0.9193008046	0.9196897313	0.9188924858	0.9189993976	0.9191753300	0.9180782722	0.9181126549	0.9171654395	0.9187328836	0.9189882981	0.9185827223	0.9190763281	0.9186983095	0.9195021891	0.9185717504	0.9195956413	0.9191598928
0.9178400809	0.9187800881	0.9184443621	0.9231058052	0.9230811823	0.9192807746	0.9187516378	0.9195039115	0.9190832174	0.9203415359	0.9189162156	0.9198935398	0.9189137916	0.9192694200	1.0000000000	0.9232478014	0.9198811646	0.9183667299	0.9190331424	0.9198120802	0.9192586395	0.9196154799	0.9193473074	0.9196902416	0.9230510097	0.9229240679	0.9232641316	0.9196452698	0.9188224445	0.9195190934	0.9197498213	0.9194846469	0.9224117716	0.9175336345	0.9193273412	0.9194056113	0.9196894761	0.9188482156	0.9194162004	0.9193910034	0.9201235660	0.9191957427	0.9191152399	0.9195180728	0.9193637652	0.9178217732	0.9192033975	0.9197206056	0.9194458627	0.9197647481	0.9189141105	0.9194457989	0.9197510333	0.9199476336	0.9204711569	0.9192479866	0.9189774539	0.9197465043	0.9196859039	0.9209883012	0.9201036636	0.9199785717	0.9197701703	0.9234048520	0.9195853711	0.9202244178	0.9191194501	0.9205123014	0.9231042104	0.9233082741	0.9238143190	0.9226123269	0.9220785335	0.9199116562	0.9190564257	0.9208082225	0.9201278400	0.9229449910	0.9179282385	0.9197677463	0.9192836451	0.9196919639	0.9203322864	0.9199366618	0.9226294226	0.9199429770	0.9202543352	0.9195056976	0.9188777503	0.9199489094	0.9190335251	0.9185411313	0.9177055481	0.9188403695	0.9194133299	0.9188416453	0.9194276188	0.9196076338	0.9194762267	0.9190535551	0.9196806731	0.9191585532
0.9179672778	0.9181771464	0.9185584184	0.9223650775	0.9227533025	0.9194234087	0.9185827223	0.9186469587	0.9190329510	0.9193961704	0.9186852964	0.9195910484	0.9183779569	0.9187181481	0.9232478014	1.0000000000	0.9194402492	0.9183834428	0.9188979079	0.9193527933	0.9189218291	0.9190874276	0.9188302269	0.9184275854	0.9236219288	0.9231801203	0.9230105031	0.9194778852	0.9184055141	0.9187421331	0.9191244257	0.9191408197	0.9221643946	0.9176362085	0.9189835139	0.9189635477	0.9189211912	0.9189278254	0.9189280805	0.9188387109	0.9197686393	0.9191318253	0.9186489362	0.9189176828	0.9183963284	0.9176056532	0.9186633527	0.9196472473	0.9195740803	0.9188889136	0.9183984334	0.9190289961	0.9190302081	0.9189581255	0.9196652360	0.9189437090	0.9189640580	0.9196723805	0.9194967032	0.9205240387	0.9194107783	0.9195044856	0.9196209020	0.9231738051	0.9188404333	0.9198402753	0.9190762005	0.9196336600	0.9225033101	0.9232250922	0.9231326607	0.9226179404	0.9216002372	0.9192484969	0.9187006059	0.9197541590	0.9193367183	0.9223645033	0.9171468128	0.9197493748	0.9188151725	0.9194083543	0.9195378477	0.9192159641	0.9214735506	0.9193434800	0.9193351235	0.9185619906	0.9182778706	0.9188643545	0.9187406022	0.9175785425	0.9172113044	0.9181925198	0.9184651576	0.9189354164	0.9192211949	0.9192076714	0.9187295027	0.9189382231	0.9195289809	0.9193443093
0.9184299456	0.9188616753	0.9188295890	0.9191649322	0.9199041290	0.9193402905	0.9183942233	0.9191903844	0.9201080013	0.9194763543	0.9190668234	0.9193356976	0.9186026885	0.9194146695	0.9198811646	0.9194402492	1.0000000000	0.9193406095	0.9196413786	0.9191525570	0.9190041818	0.9201739600	0.9186090675	0.9194232811	0.9193031648	0.9195062717	0.9192395663	0.9192240654	0.9185959268	0.9190506846	0.9198545005	0.9192907896	0.9191565120	0.9180038294	0.9195479902	0.9194369321	0.9197123767	0.9190374801	0.9196892848	0.9195700615	0.9199129958	0.9195879865	0.9198875436	0.9200287105	0.9193855175	0.9184407261	0.9195702529	0.9203104703	0.9191278703	0.9191181105	0.9189024370	0.9199069357	0.9198863316	0.9191671649	0.9205462376	0.9195243880	0.9195728045	0.9200596486	0.9193699528	0.9208729054	0.9199104442	0.9193497952	0.9201718550	0.9196525418	0.9197118664	0.9201344103	0.9194681892	0.9198276449	0.9192127108	0.9196334049	0.9193003581	0.9196744855	0.9179598144	0.9201897161	0.9192181330	0.9203076635	0.9199435511	0.9203262264	0.9175271917	0.9195944293	0.9193879415	0.9201945641	0.9202455960	0.9200755323	0.9187639492	0.9197842041	0.9200353447	0.9201029619	0.9200544816	0.9196102491	0.9195065268	0.9185923546	0.9175428202	0.9194974687	0.9198745943	0.9193804781	0.9198918175	0.9190983994	0.9196709771	0.9189030749	0.9194998289	0.9191185570
0.9172062650	0.9178615143	0.9181015555	0.9184709625	0.9186365609	0.9190595514	0.9174888540	0.9186835740	0.9193120954	0.9186400056	0.9185676679	0.9189457503	0.9173811767	0.9185516566	0.9183667299	0.9183834428	0.9193406095	1.0000000000	0.9184909287	0.9185444484	0.9188142794	0.9193841779	0.9186351575	0.9186181894	0.9187620355	0.9187754314	0.9186810862	0.9183466361	0.9181688538	0.9184013678	0.9189662268	0.9188820880	0.9178465875	0.9169878485	0.9191128797	0.9186601632	0.9185688161	0.9177715706	0.9190774763	0.9182822083	0.9192652099	0.9186984371	0.9187797053	0.9183526323	0.9180644936	0.9170931656	0.9188840655	0.9193890260	0.9185931200	0.9185332214	0.9179655555	0.9187820018	0.9197953035	0.9190285495	0.9194737389	0.9181800170	0.9180313229	0.9190004182	0.9180768688	0.9196399114	0.9190960392	0.9188933788	0.9187727522	0.9186054315	0.9185440656	0.9193325081	0.9185913977	0.9189150036	0.9184182083	0.9185583546	0.9182806774	0.9189992700	0.9172782199	0.9190286771	0.9185906322	0.9192981892	0.9192517502	0.9189013526	0.9167094697	0.9188686922	0.9187310975	0.9189764970	0.9192231086	0.9188883394	0.9178268126	0.9189787297	0.9195055700	0.9193367821	0.9195264931	0.9185571426	0.9185468086	0.9174450942	0.9169625240	0.9181125273	0.9184712814	0.9181306436	0.9189062006	0.9184867186	0.9186913564	0.9181066587	0.9189777090	0.9182805498
0.9179089101	0.9184493377	0.9187606960	0.9187457053	0.9193918965	0.9195548796	0.9179156719	0.9186563358	0.9192416076	0.9192699303	0.9189086246	0.9193948946	0.9184948837	0.9183806361	0.9190331424	0.9188979079	0.9196413786	0.9184909287	1.0000000000	0.9189905308	0.9194970222	0.9195340203	0.9189031387	0.9197211797	0.9190820692	0.9193580241	0.9188632062	0.9191513450	0.9187536153	0.9192925757	0.9195656600	0.9191540242	0.9184711538	0.9177630866	0.9190431574	0.9196605793	0.9192305082	0.9188138329	0.9197648119	0.9189922531	0.9192278928	0.9192728646	0.9193004219	0.9190071799	0.9186652026	0.9180628350	0.9195208796	0.9195925794	0.9194095663	0.9193223656	0.9193720579	0.9194754612	0.9197129508	0.9199390220	0.9204195509	0.9193279153	0.9190543206	0.9194332323	0.9188819605	0.9203763652	0.9195964705	0.9193860278	0.9199141440	0.9188485346	0.9197255174	0.9196584105	0.9192523243	0.9196623017	0.9193286808	0.9192499003	0.9191383319	0.9192714613	0.9176682948	0.9200341965	0.9193441817	0.9200303053	0.9194734199	0.9194669771	0.9171892331	0.9200925004	0.9193890897	0.9203773858	0.9198305793	0.9198295586	0.9180923697	0.9193966169	0.9197439527	0.9193443731	0.9191047784	0.9195793749	0.9193420766	0.9181656005	0.9174565763	0.9191763506	0.9194720803	0.9188039455	0.9197059339	0.9193194950	0.9196959827	0.9189296115	0.9190737127	0.9191398628
0.9180536493	0.9180463773	0.9185422157	0.9193581517	0.9196500540	0.9191533225	0.9186912926	0.9191436264	0.9195741441	0.9194414612	0.9186544221	0.9197617500	0.9187243357	0.9187134277	0.9198120802	0.9193527933	0.9191525570	0.9185444484	0.9189905308	1.0000000000	0.9184958405	0.9193223018	0.9188551049	0.9196129283	0.9193874312	0.9198233710	0.9191581067	0.9194621929	0.9188464295	0.9190429660	0.9195418664	0.9194666582	0.9189849811	0.9171276759	0.9188211049	0.9191459866	0.9195751647	0.9187448761	0.9194857314	0.9188600168	0.9197618776	0.9192277652	0.9191073300	0.9193440541	0.9187238254	0.9179908163	0.9189454314	0.9191281255	0.9194884743	0.9188591875	0.9184666886	0.9194650634	0.9199557987	0.9190191086	0.9199459113	0.9189632287	0.9189048610	0.9197967707	0.9190540017	0.9202654347	0.9195960240	0.9194594499	0.9192163468	0.9196022116	0.9193189847	0.9198483128	0.9190842381	0.9199864179	0.9194535175	0.9198457613	0.9193639565	0.9193917051	0.9182647937	0.9193851348	0.9189032025	0.9197806956	0.9197440802	0.9199210971	0.9178900921	0.9192986357	0.9189225946	0.9198101027	0.9196938776	0.9195545606	0.9187101744	0.9196748045	0.9197179902	0.9191471986	0.9189947409	0.9195467782	0.9187333301	0.9181249664	0.9171360324	0.9184770225	0.9189382231	0.9189222756	0.9192736301	0.9190489623	0.9191839416	0.9192920016	0.9197850333	0.9187601219
0.9179888388	0.9185596304	0.9188027335	0.9191447108	0.9194567708	0.9188547860	0.9177963211	0.9187548911	0.9190175139	0.9187541894	0.9187074952	0.9191264032	0.9184325610	0.9186914840	0.9192586395	0.9189218291	0.9190041818	0.9188142794	0.9194970222	0.9184958405	1.0000000000	0.9197500765	0.9187140018	0.9190203206	0.9188529999	0.9190265083	0.9183538443	0.9189425608	0.9188007560	0.9188055402	0.9190953375	0.9187243995	0.9188289511	0.9169550606	0.9190373525	0.9187859567	0.9193552173	0.9185995628	0.9194095663	0.9188260806	0.9192700579	0.9189987597	0.9192398853	0.9189318441	0.9185004334	0.9178752291	0.9188531912	0.9191565758	0.9195865831	0.9186081106	0.9183434466	0.9188121106	0.9197334273	0.9196322566	0.9192471573	0.9191167071	0.9192613187	0.9197590071	0.9189567860	0.9196714236	0.9197075287	0.9192721630	0.9193120316	0.9194307445	0.9188849586	0.9199630070	0.9184992852	0.9198745305	0.9196041891	0.9191315701	0.9196601966	0.9192027596	0.9182471877	0.9191882793	0.9191346320	0.9198887556	0.9197290258	0.9198356187	0.9173394582	0.9194755888	0.9188198929	0.9194000616	0.9193023356	0.9195396338	0.9185998180	0.9195820540	0.9194563242	0.9186644371	0.9188124295	0.9187039868	0.9186236116	0.9181966661	0.9169601000	0.9185156792	0.9192543656	0.9189059454	0.9191642943	0.9183734278	0.9191360992	0.9189174276	0.9196933035	0.9191280617
0.9182875029	0.9188272926	0.9189504708	0.9192350373	0.9198725530	0.9193601292	0.9187710299	0.9192953187	0.9199380014	0.9196163730	0.9194561329	0.9193162417	0.9186299268	0.9192964669	0.9196154799	0.9190874276	0.9201739600	0.9193841779	0.9195340203	0.9193223018	0.9197500765	1.0000000000	0.9190182794	0.9199966880	0.9198360014	0.9200457424	0.9191114125	0.9192349735	0.9190184069	0.9189525120	0.9202133184	0.9200355360	0.9193424594	0.9180162685	0.9201050670	0.9192258515	0.9200481026	0.9185759606	0.9207333332	0.9192940429	0.9198502903	0.9201254159	0.9195194124	0.9196039339	0.9190788797	0.9180058707	0.9196939414	0.9199445079	0.9196743579	0.9192340166	0.9190018854	0.9200023015	0.9198839714	0.9200826130	0.9205889130	0.9193477539	0.9191579791	0.9198406581	0.9197188195	0.9205128117	0.9199351308	0.9198932209	0.9195789283	0.9194676150	0.9197385943	0.9204236973	0.9190147071	0.9200628381	0.9197654498	0.9200859938	0.9196068683	0.9198153973	0.9184954578	0.9199079564	0.9190460917	0.9204108117	0.9199607106	0.9197813973	0.9173249141	0.9199135699	0.9195854987	0.9194675513	0.9199843766	0.9199656224	0.9190463469	0.9195515625	0.9201350482	0.9198537350	0.9191833037	0.9194903880	0.9190976977	0.9186593977	0.9178355518	0.9193839866	0.9196882641	0.9193324444	0.9196367219	0.9190526621	0.9198019376	0.9186023058	0.9202791495	0.9198219676
0.9178589627	0.9183914803	0.9182341108	0.9186027523	0.9187948873	0.9185242270	0.9183048537	0.9187421331	0.9191426696	0.9193122230	0.9188063695	0.9189215102	0.9179311728	0.9183531426	0.9193473074	0.9188302269	0.9186090675	0.9186351575	0.9189031387	0.9188551049	0.9187140018	0.9190182794	1.0000000000	0.9186151275	0.9189771349	0.9189789210	0.9187289286	0.9193088421	0.9184659869	0.9186179981	0.9190828347	0.9188815777	0.9189307597	0.9171960586	0.9191061180	0.9186910374	0.9190362681	0.9185606510	0.9193239603	0.9187821931	0.9189568497	0.9187538067	0.9189075402	0.9187666284	0.9183090638	0.9178728051	0.9184853790	0.9196768457	0.9192445419	0.9184772139	0.9185580356	0.9189953150	0.9188412625	0.9193190485	0.9194722079	0.9193959790	0.9189458141	0.9193725682	0.9190742868	0.9201671983	0.9194649997	0.9197360427	0.9195661704	0.9192781592	0.9189779642	0.9194127558	0.9189172362	0.9192028234	0.9191623806	0.9193386320	0.9193390785	0.9191427971	0.9182304748	0.9200106580	0.9188478329	0.9200825492	0.9195807782	0.9197297275	0.9165293271	0.9194435663	0.9190200655	0.9189039042	0.9194829884	0.9197727219	0.9187091538	0.9192323581	0.9197879039	0.9186731125	0.9181454429	0.9190822606	0.9182677918	0.9176032930	0.9169734958	0.9184308387	0.9193657427	0.9187127898	0.9186853602	0.9192835813	0.9187894652	0.9187199343	0.9194219415	0.9189213826
0.9186186998	0.9182528012	0.9189007147	0.9189705646	0.9194380166	0.9189357991	0.9180081034	0.9189629736	0.9198271346	0.9191836226	0.9191334838	0.9195268758	0.9182448913	0.9193282342	0.9196902416	0.9184275854	0.9194232811	0.9186181894	0.9197211797	0.9196129283	0.9190203206	0.9199966880	0.9186151275	1.0000000000	0.9191219379	0.9198668757	0.9189811537	0.9189201068	0.9183079156	0.9191193863	0.9192170485	0.9198166093	0.9190619116	0.9177924937	0.9196170747	0.9191935739	0.9185097467	0.9186451088	0.9199957950	0.9190374801	0.9197042116	0.9194829246	0.9191949772	0.9193684218	0.9190477503	0.9178027638	0.9197531384	0.9195801403	0.9189983131	0.9192380992	0.9192204294	0.9197239226	0.9202205266	0.9200037687	0.9197431872	0.9187886997	0.9188899342	0.9193373562	0.9192884932	0.9204254196	0.9194360391	0.9194847107	0.9196026581	0.9195289809	0.9198582641	0.9201300088	0.9189067747	0.9196371047	0.9193871760	0.9193979565	0.9196515212	0.9190603807	0.9179185424	0.9197330446	0.9196893486	0.9199695136	0.9196811834	0.9197973448	0.9167358787	0.9199193109	0.9191737990	0.9195836488	0.9193245344	0.9194537726	0.9184649662	0.9190857690	0.9199778700	0.9198917537	0.9188364145	0.9192460729	0.9188120468	0.9180854166	0.9174160698	0.9190508760	0.9198084442	0.9188875740	0.9193610222	0.9189831312	0.9194778852	0.9193700804	0.9194722079	0.9194587483
0.9178424411	0.9181057656	0.9186342645	0.9221380494	0.9222371788	0.9191257015	0.9184620957	0.9186194652	0.9193358890	0.9195160315	0.9186396866	0.9196041253	0.9185318818	0.9190110073	0.9230510097	0.9236219288	0.9193031648	0.9187620355	0.9190820692	0.9193874312	0.9188529999	0.9198360014	0.9189771349	0.9191219379	1.0000000000	0.9222609724	0.9227324432	0.9191059266	0.9181376605	0.9191277427	0.9194664030	0.9184723659	0.9220326686	0.9177893680	0.9194258965	0.9188018404	0.9190013751	0.9186505309	0.9188731575	0.9186544221	0.9190824519	0.9190238291	0.9191057352	0.9189699267	0.9185219306	0.9173929141	0.9186316491	0.9199165042	0.9191942118	0.9190127296	0.9185278630	0.9192877915	0.9191956151	0.9192315926	0.9195744630	0.9189565308	0.9187275890	0.9196494799	0.9192992736	0.9208408829	0.9197605380	0.9196948983	0.9199655586	0.9228417790	0.9191213000	0.9199439338	0.9185795966	0.9196865418	0.9229385482	0.9225132613	0.9226072237	0.9222864246	0.9215300046	0.9194621291	0.9185563771	0.9201465304	0.9193918965	0.9227467959	0.9171246778	0.9192749697	0.9192649547	0.9194785869	0.9192685907	0.9194774387	0.9225133889	0.9187453226	0.9197291534	0.9184046210	0.9185893564	0.9188080280	0.9185575891	0.9176654881	0.9172655895	0.9180459945	0.9190587221	0.9186678179	0.9190568084	0.9190819416	0.9190292512	0.9188223170	0.9200653897	0.9192522605
0.9183789137	0.9182013228	0.9187057091	0.9231674899	0.9229171786	0.9194378890	0.9190596790	0.9185003058	0.9196200090	0.9194308083	0.9189079867	0.9197133335	0.9189817278	0.9194364856	0.9229240679	0.9231801203	0.9195062717	0.9187754314	0.9193580241	0.9198233710	0.9190265083	0.9200457424	0.9189789210	0.9198668757	0.9222609724	1.0000000000	0.9221580794	0.9190346096	0.9188108986	0.9192284031	0.9193527295	0.9198005980	0.9220526986	0.9177054205	0.9197121853	0.9192953187	0.9199829732	0.9189836415	0.9196789508	0.9194354650	0.9204915697	0.9194703580	0.9191665908	0.9195056338	0.9189693526	0.9175137320	0.9193598740	0.9199532471	0.9197350221	0.9196003617	0.9189065196	0.9198635586	0.9200049807	0.9193067370	0.9202314985	0.9197638551	0.9194032511	0.9201391308	0.9197796112	0.9206273145	0.9205816409	0.9197399339	0.9199035549	0.9233430396	0.9195678289	0.9201848043	0.9192858778	0.9199848231	0.9235479964	0.9231267920	0.9225822181	0.9231307470	0.9218706424	0.9198886280	0.9188507034	0.9206699899	0.9200762340	0.9229597264	0.9175626589	0.9199400426	0.9194106507	0.9196589846	0.9198967931	0.9203497010	0.9225312500	0.9199634535	0.9205161925	0.9191611686	0.9187202532	0.9193355701	0.9190337165	0.9183800619	0.9178389327	0.9187720506	0.9197040202	0.9193215363	0.9199932434	0.9196269621	0.9195228571	0.9190718628	0.9199800389	0.9197689583
0.9173814319	0.9181974316	0.9185639043	0.9224192988	0.9229205594	0.9191096902	0.9181005986	0.9189301856	0.9191416489	0.9196857763	0.9189120055	0.9194883467	0.9188369886	0.9191792211	0.9232641316	0.9230105031	0.9192395663	0.9186810862	0.9188632062	0.9191581067	0.9183538443	0.9191114125	0.9187289286	0.9189811537	0.9227324432	0.9221580794	1.0000000000	0.9190905533	0.9183377693	0.9189225308	0.9192947446	0.9185732176	0.9221749837	0.9174706101	0.9190980805	0.9187438554	0.9190005458	0.9189854914	0.9193515175	0.9192143056	0.9189152588	0.9193203881	0.9191528759	0.9190214051	0.9186694765	0.9180813979	0.9184576942	0.9194243655	0.9191225758	0.9191342493	0.9184424484	0.9192752249	0.9191031836	0.9197154386	0.9195356150	0.9188555515	0.9184356229	0.9197398701	0.9193012511	0.9205339899	0.9196677238	0.9191253187	0.9197030634	0.9226666759	0.9194128834	0.9197541590	0.9188673526	0.9195896450	0.9229865819	0.9226250849	0.9230146495	0.9223192763	0.9208102637	0.9196424630	0.9189513000	0.9201379188	0.9196270897	0.9224758804	0.9171900624	0.9197719564	0.9186772588	0.9194037614	0.9195735700	0.9195825006	0.9225484095	0.9191526208	0.9196419527	0.9188832363	0.9182343659	0.9192964669	0.9184646473	0.9180227750	0.9174132630	0.9185947786	0.9188117916	0.9188290149	0.9189148760	0.9189419229	0.9194137126	0.9186116191	0.9192712699	0.9191200242
0.9180886699	0.9181456981	0.9188158104	0.9195420578	0.9200902677	0.9189641856	0.9184915666	0.9184892064	0.9188704783	0.9196517763	0.9192578102	0.9194391648	0.9186655853	0.9191036302	0.9196452698	0.9194778852	0.9192240654	0.9183466361	0.9191513450	0.9194621929	0.9189425608	0.9192349735	0.9193088421	0.9189201068	0.9191059266	0.9190346096	0.9190905533	1.0000000000	0.9184508687	0.9186958855	0.9193658702	0.9189066471	0.9192626583	0.9169083026	0.9192025044	0.9188157466	0.9186944183	0.9189474088	0.9191958065	0.9191498140	0.9192578740	0.9186393039	0.9186606097	0.9188734764	0.9187755590	0.9170768992	0.9187491500	0.9198937950	0.9191725232	0.9188877015	0.9184301370	0.9193707183	0.9190293788	0.9195370184	0.9196507557	0.9192102868	0.9188603995	0.9197530746	0.9192271911	0.9202509544	0.9194375062	0.9191560016	0.9197708720	0.9195665531	0.9189822381	0.9194856676	0.9192987633	0.9191311874	0.9197297913	0.9192454350	0.9192907896	0.9196839264	0.9181788688	0.9196774836	0.9190896602	0.9203751532	0.9195055700	0.9195715925	0.9172419235	0.9195069096	0.9192395663	0.9197722754	0.9197850333	0.9199383841	0.9188234014	0.9192384181	0.9196855212	0.9185901219	0.9191447108	0.9191133262	0.9189913600	0.9183096380	0.9173608916	0.9184773415	0.9188724558	0.9187134915	0.9191278703	0.9189451762	0.9186378367	0.9186625872	0.9192769472	0.9188133864
0.9174759685	0.9176239609	0.9180546062	0.9193464143	0.9189490036	0.9184147636	0.9173090942	0.9181969851	0.9184266923	0.9188958029	0.9183155704	0.9185549737	0.9175833906	0.9184174428	0.9188224445	0.9184055141	0.9185959268	0.9181688538	0.9187536153	0.9188464295	0.9188007560	0.9190184069	0.9184659869	0.9183079156	0.9181376605	0.9188108986	0.9183377693	0.9184508687	1.0000000000	0.9180519270	0.9186989474	0.9187200618	0.9184034728	0.9164929669	0.9186188911	0.9187728160	0.9189042231	0.9178884336	0.9185580994	0.9182203322	0.9187525947	0.9185533790	0.9183354728	0.9179733379	0.9181426999	0.9173725651	0.9185658818	0.9189800055	0.9185804896	0.9184847411	0.9180817806	0.9189671199	0.9192333149	0.9187680318	0.9192836451	0.9183451051	0.9181503547	0.9185847636	0.9179487788	0.9196698926	0.9189116865	0.9190182794	0.9190164295	0.9189171087	0.9189365008	0.9194531985	0.9185166360	0.9190327597	0.9185224409	0.9191251911	0.9182461033	0.9192786695	0.9177731016	0.9191391611	0.9182501220	0.9195358702	0.9188551049	0.9192602343	0.9167152107	0.9193177727	0.9186347748	0.9188239117	0.9187459605	0.9191156865	0.9179051465	0.9188738592	0.9194758439	0.9189005871	0.9180116118	0.9185702833	0.9184210150	0.9176027827	0.9168024115	0.9183010901	0.9183340057	0.9182082121	0.9182797843	0.9179279195	0.9182769776	0.9184226736	0.9187405384	0.9187286097
0.9183611802	0.9184883771	0.9188818967	0.9184513790	0.9192565344	0.9185327111	0.9181458256	0.9182423397	0.9188370524	0.9189643769	0.9184141257	0.9188362231	0.9181703209	0.9186864446	0.9195190934	0.9187421331	0.9190506846	0.9184013678	0.9192925757	0.9190429660	0.9188055402	0.9189525120	0.9186179981	0.9191193863	0.9191277427	0.9192284031	0.9189225308	0.9186958855	0.9180519270	1.0000000000	0.9192251498	0.9191533863	0.9187464708	0.9171017134	0.9185333489	0.9189045421	0.9187684145	0.9178919420	0.9192532174	0.9185486585	0.9191797953	0.9188568273	0.9186695403	0.9192886207	0.9182186736	0.9179222422	0.9185251201	0.9187709661	0.9191390973	0.9187659905	0.9184980094	0.9191751386	0.9188189999	0.9192276376	0.9196735925	0.9184425122	0.9185753865	0.9191427334	0.9189171725	0.9198679601	0.9196222416	0.9191896827	0.9195205606	0.9188203395	0.9191461780	0.9192705682	0.9188355215	0.9192824969	0.9192007183	0.9192777127	0.9192898965	0.9187615252	0.9178629815	0.9195842229	0.9193893449	0.9198839714	0.9191067559	0.9191286358	0.9166610532	0.9193567483	0.9194684443	0.9197329808	0.9191658891	0.9189649511	0.9184641370	0.9190032887	0.9191972737	0.9189232325	0.9185971388	0.9189210636	0.9182649213	0.9178150115	0.9169846591	0.9182881408	0.9190365233	0.9186560806	0.9189802606	0.9191290185	0.9184701970	0.9188239755	0.9189435815	0.9183996454
