0.5792250863	-0.0047586147	-0.0025213463	-0.0073030560	-0.0065069654	-0.0050742603	-0.0055719239	-0.0062198533	-0.0052114652	-0.0045111382	-0.0059922371	-0.0057624900	-0.0050998960	-0.0069053031	-0.0087561140	-0.0068627399	-0.0056789503	-0.0064222468	-0.0061305975	-0.0057344574	-0.0051719981	-0.0063938580	-0.0055853832	-0.0034857266	-0.0075362535	-0.0069793136	-0.0087445637	-0.0057862666	-0.0058616008	-0.0026922123	-0.0057028008	-0.0046120216	-0.0078325390	-0.0050830364	-0.0055109455	-0.0055586283	-0.0050825294	-0.0054622931	-0.0064698730	-0.0070841807	-0.0064019507	-0.0065103444	-0.0044983760	-0.0062707160	-0.0052949833	-0.0042491086	-0.0059025337	-0.0050986259	-0.0061935547	-0.0068514069	-0.0070184626	-0.0060316318	-0.0040488443	-0.0045730303	-0.0058598089	-0.0062112451	-0.0044541271	-0.0062608212	-0.0055501693	-0.0040123524	-0.0057787803	-0.0050619706	-0.0055617685	-0.0068386942	-0.0053503351	-0.0045672139	-0.0045306785	-0.0052665774	-0.0074343372	-0.0074745516	-0.0066885583	-0.0072337392	-0.0069065428	-0.0049475489	-0.0033856056	-0.0055783205	-0.0064077305	-0.0066733513	-0.0059936871	-0.0056153288	-0.0027802526	-0.0066396008	-0.0055139382	-0.0053827540	-0.0066978068	-0.0044672830	-0.0059636184	-0.0056051901	-0.0053158342	-0.0054857350	-0.0058184065	-0.0052713285	-0.0063276416	-0.0046314868	-0.0058740103	-0.0055814255	-0.0048084840	-0.0060205091	-0.0076743288	-0.0054551710	-0.0054649273	-0.0061982611
-0.0047586147	0.5612678049	-0.0008791399	-0.0076115768	-0.0055928036	-0.0045423287	-0.0056134973	-0.0057658913	-0.0058086721	-0.0057205742	-0.0065014047	-0.0038651369	-0.0069568346	-0.0057860533	-0.0062680151	-0.0073714389	-0.0046713649	-0.0058110271	-0.0054600009	-0.0072276141	-0.0050999715	-0.0055539458	-0.0054330832	-0.0052611470	-0.0073861698	-0.0079470394	-0.0078420138	-0.0061798668	-0.0061520744	-0.0041674615	-0.0046522864	-0.0064466615	-0.0062124701	-0.0067689250	-0.0045394723	-0.0065390032	-0.0053251333	-0.0069124490	-0.0056465981	-0.0051655818	-0.0050957264	-0.0057332108	-0.0054357357	-0.0046704679	-0.0055827320	-0.0016561640	-0.0059393940	-0.0059182610	-0.0061947723	-0.0061969979	-0.0061487752	-0.0038324198	-0.0051676160	-0.0063374643	-0.0053871913	-0.0050293634	-0.0058713256	-0.0060437181	-0.0061554670	-0.0041188727	-0.0041443082	-0.0054260361	-0.0054042097	-0.0061462168	-0.0050978963	-0.0052100933	-0.0051282104	-0.0059056652	-0.0075135127	-0.0072670280	-0.0063397630	-0.0067801305	-0.0066424724	-0.0048302498	-0.0041869628	-0.0055267021	-0.0061945391	-0.0053559021	-0.0057475702	-0.0055113774	-0.0051424343	-0.0049928657	-0.0055556506	-0.0045906999	-0.0069573558	-0.0055850262	-0.0053823676	-0.0062545244	-0.0046645247	-0.0042666747	-0.0059498175	-0.0052330354	-0.0058878045	-0.0042050434	-0.0046408772	-0.0036667867	-0.0044358797	-0.0057859012	-0.0038315141	-0.0052961599	-0.0062138940	-0.0064111027
-0.0025213463	-0.0008791399	0.5606610638	-0.0079404621	-0.0069221708	-0.0048398496	-0.0070975371	-0.0061145625	-0.0065569659	-0.0058660590	-0.0062934054	-0.0052251400	-0.0063302620	-0.0062611167	-0.0081053650	-0.0069810004	-0.0053634053	-0.0052190265	-0.0049322124	-0.0057833202	-0.0048591294	-0.0056903239	-0.0056814899	-0.0047254516	-0.0062020060	-0.0068980382	-0.0069044936	-0.0048873025	-0.0057569678	-0.0034238499	-0.0053742685	-0.0061870671	-0.0075984247	-0.0063592429	-0.0049070676	-0.0046367469	-0.0055605481	-0.0055763612	-0.0053392636	-0.0066405024	-0.0042782463	-0.0064714676	-0.0042381528	-0.0073484429	-0.0063792916	-0.0018858890	-0.0053300532	-0.0039032090	-0.0044222773	-0.0046017989	-0.0057292281	-0.0049381269	-0.0056336383	-0.0037403875	-0.0054412916	-0.0055547212	-0.0069028926	-0.0056835311	-0.0062692015	-0.0046301167	-0.0051789462	-0.0054525573	-0.0047601694	-0.0067348683	-0.0039587400	-0.0050559215	-0.0055585259	-0.0047035641	-0.0073509396	-0.0075756013	-0.0065857600	-0.0065792615	-0.0076413655	-0.0054098002	-0.0047647856	-0.0049788798	-0.0055060530	-0.0068518847	-0.0051495890	-0.0047430548	-0.0029963801	-0.0066906887	-0.0059623592	-0.0050687352	-0.0079257535	-0.0057972808	-0.0057153683	-0.0053501875	-0.0046312646	-0.0044863231	-0.0060896802	-0.0053677907	-0.0059328157	-0.0056386195	-0.0046624140	-0.0058964459	-0.0047877051	-0.0053497080	-0.0057150382	-0.0047712627	-0.0054501990	-0.0060119188
-0.0073030560	-0.0076115768	-0.0079404621	0.4495054985	0.0050356386	-0.0060090671	-0.0054001854	-0.0056979537	-0.0046529136	-0.0049201943	-0.0069583464	-0.0052425510	-0.0053260577	-0.0041878703	0.0083174179	0.0073332625	-0.0070679600	-0.0069734268	-0.0073290075	-0.0051907047	-0.0065874038	-0.0067855900	-0.0073354800	-0.0065477118	0.0058771003	0.0084140638	0.0072124139	-0.0050026439	-0.0046957378	-0.0074770748	-0.0059779633	-0.0065303839	0.0054135915	-0.0071187004	-0.0064168567	-0.0068514570	-0.0076113767	-0.0060487972	-0.0059540000	-0.0065413001	-0.0051902607	-0.0042887393	-0.0055691745	-0.0074802797	-0.0082796753	-0.0065277766	-0.0069418956	-0.0056978527	-0.0071114199	-0.0059507059	-0.0078288011	-0.0066349754	-0.0071037902	-0.0059897299	-0.0053576550	-0.0068354552	-0.0070698225	-0.0068391556	-0.0057750237	-0.0052680691	-0.0051926252	-0.0057066039	-0.0060239838	0.0049392469	-0.0063967793	-0.0044193295	-0.0060340425	-0.0049835074	0.0071259370	0.0061445833	0.0081690261	0.0053195008	0.0066404930	-0.0050625425	-0.0070321024	-0.0047006593	-0.0060147547	0.0066685427	-0.0061436314	-0.0056429910	-0.0067938017	-0.0069091276	-0.0062486663	-0.0067077762	0.0054914720	-0.0066888911	-0.0072630031	-0.0071448896	-0.0085629642	-0.0056720454	-0.0072373306	-0.0063366155	-0.0076121732	-0.0067320275	-0.0075149723	-0.0068449897	-0.0072905691	-0.0070001872	-0.0069782323	-0.0063549712	-0.0070138894	-0.0063130439
-0.0065069654	-0.0055928036	-0.0069221708	0.0050356386	0.4229459816	-0.0059670845	-0.0058782525	-0.0076310759	-0.0059882304	-0.0052257710	-0.0059610143	-0.0061053282	-0.0069010983	-0.0055367400	0.0062146979	0.0069913412	-0.0059158259	-0.0074390053	-0.0062497477	-0.0053067992	-0.0055974651	-0.0059068708	-0.0067619453	-0.0068069591	0.0043540735	0.0053284010	0.0067397536	-0.0041278741	-0.0064468072	-0.0059415776	-0.0057151634	-0.0064595314	0.0059460341	-0.0079213545	-0.0063872736	-0.0060363727	-0.0064923702	-0.0057873214	-0.0062177982	-0.0064304270	-0.0051371592	-0.0058276345	-0.0070416753	-0.0062471128	-0.0065159662	-0.0057911789	-0.0078937760	-0.0051860385	-0.0062216031	-0.0053434132	-0.0071133936	-0.0051395692	-0.0059255130	-0.0054886663	-0.0044942901	-0.0056483410	-0.0062444943	-0.0053886986	-0.0058265353	-0.0043882409	-0.0070885870	-0.0049999170	-0.0061205780	0.0057573611	-0.0063201356	-0.0061556768	-0.0056384391	-0.0046676527	0.0068866752	0.0080260033	0.0065296422	0.0063417508	0.0066690177	-0.0060145859	-0.0061126422	-0.0048766336	-0.0049008504	0.0072523386	-0.0057587060	-0.0053788358	-0.0064434300	-0.0053732570	-0.0053454300	-0.0042749381	0.0078934227	-0.0054588699	-0.0061054007	-0.0065416806	-0.0069540207	-0.0056139477	-0.0068574111	-0.0059865342	-0.0066794773	-0.0074630018	-0.0064098525	-0.0065508465	-0.0071974831	-0.0058281867	-0.0062821798	-0.0065943395	-0.0058886760	-0.0060016052
-0.0050742603	-0.0045423287	-0.0048398496	-0.0060090671	-0.0059670845	0.5086636903	-0.0058657295	-0.0065022295	-0.0054749558	-0.0054969131	-0.0043994722	-0.0049431089	-0.0047224414	-0.0037305610	-0.0066523272	-0.0053604211	-0.0047756897	-0.0034938140	-0.0036723433	-0.0045922980	-0.0053178060	-0.0047600339	-0.0057659475	-0.0052675475	-0.0051884750	-0.0062205248	-0.0060385618	-0.0049813159	-0.0051602100	-0.0058233105	-0.0044118714	-0.0058585997	-0.0054739089	-0.0045656857	-0.0070680007	-0.0044977243	-0.0052777045	-0.0046649864	-0.0048500457	-0.0062241980	-0.0046803497	-0.0051716404	-0.0039747840	-0.0054762031	-0.0043971233	-0.0056207096	-0.0054220874	-0.0026884249	-0.0053753506	-0.0047913724	-0.0048311539	-0.0034189391	-0.0054589589	-0.0062825048	-0.0052584175	-0.0042446021	-0.0055027353	-0.0037694407	-0.0055613409	-0.0044233687	-0.0052096686	-0.0036426399	-0.0044318826	-0.0051154613	-0.0039120846	-0.0048684888	-0.0035969392	-0.0046202340	-0.0072113414	-0.0059323230	-0.0052275111	-0.0047654075	-0.0049547289	-0.0048208550	-0.0064719412	-0.0053272569	-0.0033887613	-0.0055189517	-0.0046404747	-0.0029981251	-0.0041569233	-0.0049541122	-0.0046123728	-0.0036677757	-0.0061735886	-0.0046114466	-0.0040892269	-0.0056142296	-0.0061097425	-0.0036791327	-0.0044905838	-0.0048095112	-0.0055414791	-0.0046630166	-0.0052712961	-0.0058989160	-0.0055060268	-0.0057861442	-0.0057379288	-0.0059057942	-0.0054798629	-0.0053686422
-0.0055719239	-0.0056134973	-0.0070975371	-0.0054001854	-0.0058782525	-0.0058657295	0.5513543038	-0.0058829851	-0.0056520338	-0.0048169847	-0.0061642211	-0.0045113597	-0.0048404494	-0.0044927740	-0.0053666579	-0.0054514444	-0.0054134667	-0.0062956667	-0.0061704474	-0.0049696735	-0.0066417524	-0.0053322599	-0.0046010705	-0.0061793467	-0.0061822906	-0.0049691921	-0.0068425668	-0.0053176418	-0.0068064207	-0.0053233179	-0.0046724366	-0.0058105821	-0.0067409810	-0.0068259932	-0.0056182841	-0.0061590734	-0.0065248489	-0.0051288110	-0.0056621686	-0.0063027110	-0.0044428226	-0.0054992875	-0.0029681028	-0.0059505773	-0.0046579539	-0.0062049517	-0.0068403432	-0.0046968516	-0.0049014144	-0.0056796528	-0.0060292882	-0.0049679617	-0.0046839639	-0.0053004463	-0.0057954172	-0.0063127253	-0.0057361033	-0.0056110420	-0.0041309349	-0.0050813501	-0.0058267335	-0.0044893951	-0.0048354322	-0.0062032540	-0.0053864391	-0.0055219328	-0.0054882899	-0.0052018222	-0.0058159446	-0.0051127946	-0.0063296332	-0.0048873541	-0.0060914361	-0.0057582918	-0.0047820199	-0.0047344526	-0.0042587421	-0.0075936512	-0.0051682060	-0.0034533205	-0.0048398122	-0.0052927146	-0.0061584618	-0.0046012796	-0.0017189302	-0.0043439502	-0.0050318112	-0.0052575209	-0.0050870897	-0.0058248633	-0.0048203676	-0.0061938776	-0.0047913519	-0.0069076547	-0.0063690883	-0.0048562086	-0.0059571864	-0.0057753456	-0.0069603397	-0.0049384752	-0.0052419944	-0.0048586044
-0.0062198533	-0.0057658913	-0.0061145625	-0.0056979537	-0.0076310759	-0.0065022295	-0.0058829851	0.5460448054	-0.0059168855	-0.0067236038	-0.0047624531	-0.0051273698	-0.0061429784	-0.0062171254	-0.0061691909	-0.0075451225	-0.0047432966	-0.0046499077	-0.0053849995	-0.0048555218	-0.0057403550	-0.0043057943	-0.0049496878	-0.0049098731	-0.0069501740	-0.0081639060	-0.0066655752	-0.0062142883	-0.0056177819	-0.0065591507	-0.0029130611	-0.0038480772	-0.0068701572	-0.0043768602	-0.0042345945	-0.0035324687	-0.0057304150	-0.0069771906	-0.0022994655	-0.0038950692	-0.0034868953	-0.0041397099	-0.0034205598	-0.0061350214	-0.0063840314	-0.0061671648	-0.0035443983	-0.0067177194	-0.0045072474	-0.0056928403	-0.0032274817	-0.0042376482	-0.0040311283	-0.0056391686	-0.0043522331	-0.0054621863	-0.0053509733	-0.0053217678	-0.0057120848	-0.0055686699	-0.0055594430	-0.0043663565	-0.0052477076	-0.0068500262	-0.0056342147	-0.0049021204	-0.0057817762	-0.0043683705	-0.0071048930	-0.0071152193	-0.0082660901	-0.0076880101	-0.0069055706	-0.0058778153	-0.0054697767	-0.0054296711	-0.0060769322	-0.0057176402	-0.0057052470	-0.0056127488	-0.0040370917	-0.0042748660	-0.0034842049	-0.0050099581	-0.0081845972	-0.0060492159	-0.0046716444	-0.0049218389	-0.0036649597	-0.0051349121	-0.0048199671	-0.0063723954	-0.0034247265	-0.0043634076	-0.0057560644	-0.0064260392	-0.0038569000	-0.0052011305	-0.0054960062	-0.0050794720	-0.0050008704	-0.0052290257
-0.0052114652	-0.0058086721	-0.0065569659	-0.0046529136	-0.0059882304	-0.0054749558	-0.0056520338	-0.0059168855	0.5015162582	-0.0047399626	0.0044626548	-0.0052897525	-0.0062861333	-0.0061938542	-0.0075484762	-0.0067782248	-0.0033899477	-0.0026948879	-0.0051293660	-0.0040363949	-0.0063948354	-0.0035441413	-0.0047902300	-0.0038481656	-0.0054507772	-0.0065929259	-0.0057917560	-0.0062157793	-0.0056496594	-0.0061232262	-0.0021019291	-0.0047442912	-0.0078183430	-0.0040659429	-0.0038058048	-0.0048699031	-0.0056868258	-0.0068968731	-0.0019557299	-0.0049492944	-0.0022179040	-0.0039865625	-0.0031471097	-0.0058596645	-0.0042803857	-0.0048190362	-0.0043646227	-0.0057439888	-0.0058337202	-0.0056466695	-0.0057540165	-0.0038165147	-0.0021761113	-0.0054758116	-0.0045619910	-0.0053743659	-0.0049205521	-0.0050716520	-0.0067643263	-0.0046037341	-0.0047375951	-0.0042721709	-0.0069812703	-0.0068045326	-0.0044691640	-0.0037969314	-0.0061343661	-0.0038469658	-0.0066151348	-0.0059970113	-0.0062943499	-0.0070329898	-0.0071249495	-0.0050723758	-0.0054533188	-0.0052407968	-0.0056425240	-0.0055363630	-0.0050409602	-0.0059825250	-0.0050090720	-0.0043352959	-0.0028065021	-0.0051799829	-0.0066000505	-0.0050233872	-0.0034754128	-0.0032205280	-0.0035699589	-0.0051118039	-0.0038011580	-0.0044652044	-0.0051241499	-0.0039928679	-0.0041141491	-0.0060807636	-0.0044168630	-0.0049467488	-0.0041352333	-0.0048229261	-0.0058090681	-0.0047971962
-0.0045111382	-0.0057205742	-0.0058660590	-0.0049201943	-0.0052257710	-0.0054969131	-0.0048169847	-0.0067236038	-0.0047399626	0.5341918426	-0.0061013522	-0.0049375400	-0.0045581301	-0.0047283646	-0.0044695447	-0.0061904884	-0.0052034221	-0.0059782971	-0.0054651179	-0.0052362292	-0.0064086047	-0.0056707421	-0.0048006195	-0.0062534906	-0.0060268217	-0.0070399953	-0.0059322267	-0.0035517673	-0.0054350933	-0.0052496922	-0.0051462112	-0.0059386820	-0.0059205243	-0.0042728921	-0.0058614019	-0.0065711183	-0.0047897600	-0.0042072671	-0.0054336080	-0.0049910984	-0.0051952950	-0.0050786815	-0.0048938046	-0.0061621024	-0.0048632769	-0.0067151423	-0.0057829115	-0.0038199209	-0.0043521701	-0.0053491861	-0.0054461259	-0.0047847400	-0.0059018846	-0.0062715416	-0.0049041997	-0.0062937275	-0.0047428892	-0.0027455510	-0.0052100531	-0.0037616476	-0.0044189013	-0.0040735546	-0.0043717511	-0.0062997438	-0.0044259880	-0.0058821943	-0.0053864415	-0.0055500698	-0.0070150861	-0.0062552221	-0.0059547618	-0.0075084680	-0.0057025021	-0.0047027569	-0.0058924812	-0.0034689314	-0.0020548347	-0.0066724457	-0.0054793861	-0.0041299622	-0.0053961880	-0.0058194460	-0.0045814540	-0.0048046561	-0.0056459025	-0.0036603237	-0.0044989602	-0.0073692823	-0.0052286670	-0.0047277954	-0.0058819905	-0.0048846820	-0.0072805350	-0.0057973182	-0.0057974342	-0.0046624416	-0.0054436313	-0.0044527021	-0.0052077467	-0.0053730800	-0.0048760025	-0.0048899659
-0.0059922371	-0.0065014047	-0.0062934054	-0.0069583464	-0.0059610143	-0.0043994722	-0.0061642211	-0.0047624531	0.0044626548	-0.0061013522	0.5127425069	-0.0056480789	-0.0053415971	-0.0065141395	-0.0075585436	-0.0073041259	-0.0050020169	-0.0050611291	-0.0052227770	-0.0062659566	-0.0062830614	-0.0037786639	-0.0056685830	-0.0041169704	-0.0066694624	-0.0069081716	-0.0067579264	-0.0044144541	-0.0050916843	-0.0060025606	-0.0024265216	-0.0052774520	-0.0067672292	-0.0047179140	-0.0044141291	-0.0041032390	-0.0047947232	-0.0055705385	-0.0040185809	-0.0046503196	-0.0032134644	-0.0053495413	-0.0030678980	-0.0062699026	-0.0051797619	-0.0052357051	-0.0049113929	-0.0056805105	-0.0058714981	-0.0059096770	-0.0047956156	-0.0020223378	-0.0026095009	-0.0030779843	-0.0043339424	-0.0053909544	-0.0050101411	-0.0054618935	-0.0059620080	-0.0049705976	-0.0061046132	-0.0058696682	-0.0048011446	-0.0064395557	-0.0039491452	-0.0044712917	-0.0051806226	-0.0047029390	-0.0060939203	-0.0062484394	-0.0063037527	-0.0076472152	-0.0077963269	-0.0053852234	-0.0046824718	-0.0059141361	-0.0054903363	-0.0057071962	-0.0058796476	-0.0045380943	-0.0057810025	-0.0036921564	-0.0034299697	-0.0051101147	-0.0079524688	-0.0049257449	-0.0042957793	-0.0033600362	-0.0046072409	-0.0050148872	-0.0030513823	-0.0044231318	-0.0014541909	-0.0018545203	-0.0043572360	-0.0066380162	-0.0047511217	-0.0048911482	-0.0042811708	-0.0044655628	-0.0057142778	-0.0061394782
-0.0057624900	-0.0038651369	-0.0052251400	-0.0052425510	-0.0061053282	-0.0049431089	-0.0045113597	-0.0051273698	-0.0052897525	-0.0049375400	-0.0056480789	0.5193263750	-0.0050252128	-0.0046846453	-0.0051905747	-0.0048923422	-0.0057580166	-0.0048237678	-0.0045606903	-0.0036713829	-0.0054586454	-0.0054027985	-0.0060251557	-0.0050671212	-0.0054485501	-0.0053255597	-0.0054226942	-0.0049286298	-0.0057682438	-0.0060721057	-0.0045163168	-0.0046884491	-0.0052598446	-0.0054841773	-0.0047770196	-0.0041905233	-0.0057838778	-0.0060739766	-0.0065321326	-0.0044058728	-0.0041511477	-0.0044951400	-0.0047109779	-0.0054277111	-0.0035303550	-0.0055811179	-0.0046243557	-0.0046908906	-0.0044973400	-0.0066891404	-0.0046806841	-0.0046375293	-0.0047715199	-0.0056458572	-0.0051512169	-0.0054182274	-0.0066408495	-0.0049525297	-0.0048649796	-0.0042593113	-0.0040359860	-0.0046447936	-0.0056977745	-0.0049868427	-0.0051812315	-0.0045689898	-0.0044543018	-0.0049524566	-0.0058664611	-0.0048667942	-0.0048569751	-0.0043087829	-0.0055266717	-0.0053480627	-0.0059771902	-0.0051749943	-0.0045332689	-0.0053105480	-0.0064105877	-0.0055814935	-0.0063223743	-0.0053767035	-0.0060018933	-0.0049352290	-0.0046045595	-0.0049039067	-0.0048605640	-0.0062878018	-0.0032520771	-0.0037148060	-0.0048791011	-0.0055195688	-0.0050970187	-0.0053361919	-0.0057788599	-0.0055591212	-0.0055858313	-0.0052742458	-0.0057637702	-0.0038052818	-0.0063360934	-0.0065301044
-0.0050998960	-0.0069568346	-0.0063302620	-0.0053260577	-0.0069010983	-0.0047224414	-0.0048404494	-0.0061429784	-0.0062861333	-0.0045581301	-0.0053415971	-0.0050252128	0.5742700288	-0.0034602031	-0.0061610683	-0.0066958972	-0.0058955813	-0.0068418443	-0.0052789095	-0.0053516201	-0.0056625204	-0.0053287153	-0.0063644839	-0.0058761145	-0.0063829689	-0.0056954045	-0.0058948606	-0.0047208642	-0.0062410611	-0.0061106587	-0.0068934400	-0.0060396949	-0.0052843301	-0.0059271053	-0.0050659478	-0.0070288449	-0.0066404665	-0.0050321102	-0.0071001251	-0.0049130253	-0.0053445941	-0.0057915191	-0.0057218155	-0.0070450540	-0.0054443342	-0.0075572385	-0.0067618793	-0.0059369737	-0.0048305352	-0.0046009084	-0.0056400201	-0.0060913480	-0.0062704750	-0.0038913689	-0.0047972785	-0.0059645276	-0.0058522832	-0.0052659953	-0.0058622232	-0.0042681421	-0.0039303837	-0.0046556949	-0.0046374197	-0.0069829534	-0.0059617797	-0.0063601946	-0.0066185828	-0.0061993896	-0.0062429120	-0.0062211004	-0.0075307964	-0.0058375814	-0.0078811216	-0.0057776810	-0.0056057438	-0.0036688369	-0.0034715732	-0.0067572080	-0.0073393748	-0.0053931235	-0.0056216742	-0.0051275740	-0.0043027471	-0.0051924229	-0.0061051880	-0.0060721403	-0.0045484509	-0.0060282186	-0.0061137598	-0.0056843325	-0.0052066108	-0.0049543311	-0.0057515323	-0.0058356372	-0.0058185022	-0.0056281727	-0.0053409213	-0.0049115254	-0.0063066464	-0.0050234394	-0.0055631133	-0.0037021658
-0.0069053031	-0.0057860533	-0.0062611167	-0.0041878703	-0.0055367400	-0.0037305610	-0.0044927740	-0.0062171254	-0.0061938542	-0.0047283646	-0.0065141395	-0.0046846453	-0.0034602031	0.5527809157	-0.0064440757	-0.0071864860	-0.0045257821	-0.0055497297	-0.0064108380	-0.0062375085	-0.0061239020	-0.0054068249	-0.0069454505	-0.0049055072	-0.0059144848	-0.0063762549	-0.0054466329	-0.0051982583	-0.0056865879	-0.0052758963	-0.0062037437	-0.0059386685	-0.0051655437	-0.0056492670	-0.0041071047	-0.0064572892	-0.0048898065	-0.0056105800	-0.0057716867	-0.0052837139	-0.0056644296	-0.0058546683	-0.0057721670	-0.0069957764	-0.0055418023	-0.0078262583	-0.0055941646	-0.0047220733	-0.0053096897	-0.0051805682	-0.0063903018	-0.0055309864	-0.0042750704	-0.0058394821	-0.0044724398	-0.0061414217	-0.0057855214	-0.0056077361	-0.0054175437	-0.0049537259	-0.0042010185	-0.0035556990	-0.0057787569	-0.0052751789	-0.0050145218	-0.0058906766	-0.0055464565	-0.0057422890	-0.0063268912	-0.0053267018	-0.0073774856	-0.0056894001	-0.0059657327	-0.0057204199	-0.0058232612	-0.0038750274	-0.0039873759	-0.0064097702	-0.0039699258	-0.0047744568	-0.0061234418	-0.0041545881	-0.0065965809	-0.0049751620	-0.0059027032	-0.0051092624	-0.0050146090	-0.0057839474	-0.0051109050	-0.0044205202	-0.0070833971	-0.0050789922	-0.0049000236	-0.0048872371	-0.0049758438	-0.0059037838	-0.0049708588	-0.0060743009	-0.0040094751	-0.0058487409	-0.0039790268	-0.0053402685
-0.0087561140	-0.0062680151	-0.0081053650	0.0083174179	0.0062146979	-0.0066523272	-0.0053666579	-0.0061691909	-0.0075484762	-0.0044695447	-0.0075585436	-0.0051905747	-0.0061610683	-0.0064440757	0.4310435340	0.0090762682	-0.0064616946	-0.0074479061	-0.0070511048	-0.0051427693	-0.0062616638	-0.0073932682	-0.0060003713	-0.0061192324	0.0085493264	0.0056311410	0.0076766538	-0.0060567295	-0.0072960963	-0.0060826633	-0.0060432932	-0.0061398747	0.0060817215	-0.0076410616	-0.0067315631	-0.0062361638	-0.0063386395	-0.0065273092	-0.0068543213	-0.0061867567	-0.0050011668	-0.0068690346	-0.0073748306	-0.0073084528	-0.0058307020	-0.0075415976	-0.0067220486	-0.0055932761	-0.0063680645	-0.0048369914	-0.0064688044	-0.0065518446	-0.0065075322	-0.0060247050	-0.0056445524	-0.0060829016	-0.0073241779	-0.0067180660	-0.0052207695	-0.0051398472	-0.0054804510	-0.0054607801	-0.0063937370	0.0081953771	-0.0059341330	-0.0062608751	-0.0060464990	-0.0037488796	0.0071507774	0.0072473191	0.0113335761	0.0053433856	0.0064216889	-0.0059162061	-0.0074305053	-0.0050159177	-0.0054297505	0.0062850960	-0.0050347842	-0.0065289865	-0.0067864660	-0.0062420314	-0.0053344571	-0.0064180093	0.0080905900	-0.0058567828	-0.0054249365	-0.0061758932	-0.0068862486	-0.0053896245	-0.0064736737	-0.0065248023	-0.0065846894	-0.0070501835	-0.0055290856	-0.0075976034	-0.0069577961	-0.0056882535	-0.0065216153	-0.0064278111	-0.0064717256	-0.0078035750
-0.0068627399	-0.0073714389	-0.0069810004	0.0073332625	0.0069913412	-0.0053604211	-0.0054514444	-0.0075451225	-0.0067782248	-0.0061904884	-0.0073041259	-0.0048923422	-0.0066958972	-0.0071864860	0.0090762682	0.4553328555	-0.0059300832	-0.0071692255	-0.0066462219	-0.0060209375	-0.0068785741	-0.0074738707	-0.0066331965	-0.0079379657	0.0134957327	0.0073048932	0.0104965285	-0.0052975152	-0.0075734413	-0.0073743195	-0.0072242629	-0.0064775911	0.0075089878	-0.0064229467	-0.0069463105	-0.0070304696	-0.0076012037	-0.0052709730	-0.0076285410	-0.0069512310	-0.0048185503	-0.0059498943	-0.0077647510	-0.0071405110	-0.0074376934	-0.0072714810	-0.0073891204	-0.0054623175	-0.0061265893	-0.0064776048	-0.0074334217	-0.0072718613	-0.0072777969	-0.0069548388	-0.0066134647	-0.0064661715	-0.0064931605	-0.0055892599	-0.0057358549	-0.0050788431	-0.0072273204	-0.0063867745	-0.0056012566	0.0097672146	-0.0069959400	-0.0056657668	-0.0058612082	-0.0050264616	0.0060114140	0.0086567022	0.0088250793	0.0057235417	0.0065098555	-0.0075128155	-0.0077138865	-0.0072478080	-0.0065329603	0.0054045854	-0.0058317051	-0.0052769765	-0.0070339791	-0.0066009623	-0.0066064606	-0.0068411386	0.0050629718	-0.0060484233	-0.0067061759	-0.0080785223	-0.0077616352	-0.0070246174	-0.0065933272	-0.0077856592	-0.0062641654	-0.0082117050	-0.0080761872	-0.0063762422	-0.0065013501	-0.0060924634	-0.0077083978	-0.0065422358	-0.0056379668	-0.0062669405
-0.0056789503	-0.0046713649	-0.0053634053	-0.0070679600	-0.0059158259	-0.0047756897	-0.0054134667	-0.0047432966	-0.0033899477	-0.0052034221	-0.0050020169	-0.0057580166	-0.0058955813	-0.0045257821	-0.0064616946	-0.0059300832	0.4814966260	-0.0018815627	-0.0036989531	-0.0060946776	-0.0057991409	-0.0036588877	-0.0075012192	-0.0045831858	-0.0064369448	-0.0065558214	-0.0065340224	-0.0051334674	-0.0057299013	-0.0052798859	-0.0038386753	-0.0051796714	-0.0064595102	-0.0039867839	-0.0039010214	-0.0045813898	-0.0041471875	-0.0049093668	-0.0044433569	-0.0039405491	-0.0038319691	-0.0032246811	-0.0033996475	-0.0038189592	-0.0041550319	-0.0044036778	-0.0031457422	-0.0029845292	-0.0065764905	-0.0060566918	-0.0043454148	-0.0036306264	-0.0043218262	-0.0058576875	-0.0035959953	-0.0037040987	-0.0046245230	-0.0046006618	-0.0048126714	-0.0037903962	-0.0050108722	-0.0061633324	-0.0028710997	-0.0060803352	-0.0037221444	-0.0046912554	-0.0046820949	-0.0053779632	-0.0071025581	-0.0071595953	-0.0071906921	-0.0060781075	-0.0079523166	-0.0037028455	-0.0046642317	-0.0047346775	-0.0047196531	-0.0052486012	-0.0052622521	-0.0053827969	-0.0047645124	-0.0020686136	-0.0034873313	-0.0032666133	-0.0065885842	-0.0048898366	-0.0048268863	-0.0007255029	-0.0004660068	-0.0047851734	-0.0031400501	-0.0043145246	-0.0046706954	-0.0033991975	-0.0037421780	-0.0038621870	-0.0035205897	-0.0058362910	-0.0039313521	-0.0053188540	-0.0049780450	-0.0061631672
-0.0064222468	-0.0058110271	-0.0052190265	-0.0069734268	-0.0074390053	-0.0034938140	-0.0062956667	-0.0046499077	-0.0026948879	-0.0059782971	-0.0050611291	-0.0048237678	-0.0068418443	-0.0055497297	-0.0074479061	-0.0071692255	-0.0018815627	0.5257717102	-0.0056803933	-0.0048339945	-0.0040638753	-0.0026958823	-0.0048354515	-0.0052431403	-0.0065659539	-0.0067409800	-0.0067020678	-0.0059521666	-0.0046361514	-0.0057445082	-0.0044293642	-0.0043408831	-0.0082808237	-0.0051893417	-0.0030024038	-0.0041554914	-0.0059646435	-0.0060751730	-0.0036594850	-0.0056239182	-0.0040696263	-0.0047662724	-0.0038584741	-0.0062153523	-0.0056577858	-0.0062489107	-0.0038333722	-0.0039928768	-0.0059366445	-0.0050037078	-0.0051509229	-0.0048605159	-0.0020848178	-0.0051961582	-0.0041443133	-0.0050475214	-0.0061131632	-0.0050746766	-0.0067889970	-0.0047043333	-0.0051850677	-0.0052039663	-0.0059589821	-0.0070870256	-0.0051268194	-0.0042834161	-0.0047852926	-0.0052534128	-0.0073741219	-0.0077309295	-0.0074972212	-0.0063702137	-0.0068647658	-0.0049057463	-0.0044142272	-0.0055433647	-0.0044775226	-0.0072891837	-0.0050548040	-0.0055787829	-0.0050248256	-0.0044449818	-0.0034894606	-0.0052063515	-0.0068387116	-0.0048260705	-0.0041088316	-0.0013696992	-0.0010491525	-0.0048629738	-0.0047538608	-0.0060202418	-0.0042189005	-0.0044489317	-0.0053491434	-0.0059689367	-0.0043239982	-0.0052791596	-0.0042789156	-0.0059340628	-0.0048773732	-0.0061952551
-0.0061305975	-0.0054600009	-0.0049322124	-0.0073290075	-0.0062497477	-0.0036723433	-0.0061704474	-0.0053849995	-0.0051293660	-0.0054651179	-0.0052227770	-0.0045606903	-0.0052789095	-0.0064108380	-0.0070511048	-0.0066462219	-0.0036989531	-0.0056803933	0.4975209383	-0.0058443651	-0.0041880265	-0.0040692130	-0.0053707562	-0.0029666680	-0.0062830227	-0.0068064709	-0.0071243761	-0.0057053145	-0.0051804243	-0.0048164838	-0.0037833181	-0.0044013210	-0.0071616603	-0.0036127407	-0.0048910611	-0.0028867282	-0.0048882896	-0.0049971046	-0.0035949221	-0.0052099793	-0.0048869424	-0.0042819497	-0.0045832707	-0.0062085964	-0.0051803150	-0.0047654727	-0.0034981534	-0.0047607403	-0.0047616310	-0.0044668116	-0.0019318877	-0.0042983178	-0.0041176156	-0.0031790423	-0.0028696645	-0.0037417295	-0.0050161288	-0.0062507330	-0.0065027845	-0.0040868409	-0.0046324148	-0.0052294841	-0.0036465712	-0.0073759529	-0.0030519824	-0.0048120059	-0.0048517581	-0.0040255679	-0.0070302475	-0.0069213501	-0.0069338057	-0.0064849385	-0.0078198197	-0.0032261269	-0.0043393768	-0.0049939237	-0.0050528656	-0.0069531580	-0.0048614288	-0.0031699368	-0.0041016238	-0.0029453924	-0.0029909185	-0.0046355472	-0.0072093418	-0.0051585475	-0.0048485847	-0.0039532905	-0.0040552052	-0.0038941551	-0.0037758728	-0.0052352493	-0.0041329114	-0.0038593896	-0.0044870871	-0.0054463252	-0.0036414914	-0.0042652817	-0.0035774387	-0.0054827469	-0.0059087576	-0.0048584629
-0.0057344574	-0.0072276141	-0.0057833202	-0.0051907047	-0.0053067992	-0.0045922980	-0.0049696735	-0.0048555218	-0.0040363949	-0.0052362292	-0.0062659566	-0.0036713829	-0.0053516201	-0.0062375085	-0.0051427693	-0.0060209375	-0.0060946776	-0.0048339945	-0.0058443651	0.5330037599	-0.0072351935	-0.0062847374	-0.0059542779	-0.0041189415	-0.0055810265	-0.0052971458	-0.0063255267	-0.0048117354	-0.0046155827	-0.0051353594	-0.0051307494	-0.0050877904	-0.0057045596	-0.0060744480	-0.0063734779	-0.0051481887	-0.0044607838	-0.0048415867	-0.0049267833	-0.0057703403	-0.0045424833	-0.0046687952	-0.0054632706	-0.0052272197	-0.0050136189	-0.0056831131	-0.0056585553	-0.0057352260	-0.0050077432	-0.0053416154	-0.0057919114	-0.0044092901	-0.0035959227	-0.0057549089	-0.0044555591	-0.0052664288	-0.0059302125	-0.0040679159	-0.0048306696	-0.0051028515	-0.0054578493	-0.0043968886	-0.0053722490	-0.0054877961	-0.0046758475	-0.0047780254	-0.0051017685	-0.0047141599	-0.0058321133	-0.0048992731	-0.0058775307	-0.0063816197	-0.0062885453	-0.0059273301	-0.0048176079	-0.0058824334	-0.0047668712	-0.0051223550	-0.0020823066	-0.0057981137	-0.0058433369	-0.0042483437	-0.0049498367	-0.0049462301	-0.0054954731	-0.0041878256	-0.0047336534	-0.0059745935	-0.0053156417	-0.0035323950	-0.0058672818	-0.0052133784	-0.0055811107	-0.0066848079	-0.0061818385	-0.0055159085	-0.0051019816	-0.0057088377	-0.0055684444	-0.0048368272	-0.0045437722	-0.0064897855
-0.0051719981	-0.0050999715	-0.0048591294	-0.0065874038	-0.0055974651	-0.0053178060	-0.0066417524	-0.0057403550	-0.0063948354	-0.0064086047	-0.0062830614	-0.0054586454	-0.0056625204	-0.0061239020	-0.0062616638	-0.0068785741	-0.0057991409	-0.0040638753	-0.0041880265	-0.0072351935	0.5467320415	-0.0040532651	-0.0057201779	-0.0050847996	-0.0066036873	-0.0075003154	-0.0081457163	-0.0057377954	-0.0043424193	-0.0051474808	-0.0053016965	-0.0057686245	-0.0069568796	-0.0065115596	-0.0055096179	-0.0054969679	-0.0045447716	-0.0043174867	-0.0052527274	-0.0049272500	-0.0054552131	-0.0057179574	-0.0051163932	-0.0058189923	-0.0061981376	-0.0050136398	-0.0047306534	-0.0056043228	-0.0038019641	-0.0060143348	-0.0060057207	-0.0061454129	-0.0039022135	-0.0039709543	-0.0059491379	-0.0046863168	-0.0039262656	-0.0044786281	-0.0057301445	-0.0060485464	-0.0048435697	-0.0054479321	-0.0052530594	-0.0058597304	-0.0057407798	-0.0047741679	-0.0066282257	-0.0041032350	-0.0054713892	-0.0067113667	-0.0052953706	-0.0066487419	-0.0067534519	-0.0056649186	-0.0047062141	-0.0048191640	-0.0038514132	-0.0055089438	-0.0037480246	-0.0049119192	-0.0050386206	-0.0052739070	-0.0055325382	-0.0041451068	-0.0055607489	-0.0026467191	-0.0056037766	-0.0060288525	-0.0050369276	-0.0060950763	-0.0054518728	-0.0047446292	-0.0052870433	-0.0050085452	-0.0046632593	-0.0055359348	-0.0050097494	-0.0069565765	-0.0051560755	-0.0052680246	-0.0042400941	-0.0046942326
-0.0063938580	-0.0055539458	-0.0056903239	-0.0067855900	-0.0059068708	-0.0047600339	-0.0053322599	-0.0043057943	-0.0035441413	-0.0056707421	-0.0037786639	-0.0054027985	-0.0053287153	-0.0054068249	-0.0073932682	-0.0074738707	-0.0036588877	-0.0026958823	-0.0040692130	-0.0062847374	-0.0040532651	0.4754399199	-0.0055556337	-0.0031113173	-0.0053355143	-0.0054678465	-0.0065826508	-0.0057025041	-0.0052368355	-0.0057875247	-0.0029475001	-0.0029667499	-0.0061647428	-0.0039863503	0.0002688428	-0.0044941851	-0.0039462467	-0.0060986446	-0.0008210608	-0.0047154666	-0.0042405301	-0.0021230720	-0.0039614589	-0.0049451027	-0.0053021285	-0.0051862600	-0.0020164380	-0.0046332130	-0.0048430374	-0.0055837889	-0.0040345400	-0.0034038932	-0.0047165470	-0.0038073661	-0.0031246232	-0.0037778616	-0.0050920234	-0.0052239913	-0.0046001452	-0.0050735056	-0.0047855923	-0.0047235804	-0.0055758668	-0.0069250323	-0.0031310769	-0.0034524772	-0.0057285074	-0.0041402013	-0.0060601033	-0.0058783599	-0.0052132825	-0.0057131467	-0.0072442516	-0.0052490071	-0.0054501940	-0.0046175600	-0.0045448010	-0.0063983347	-0.0057529121	-0.0046417782	-0.0015065250	-0.0051069413	-0.0044161157	-0.0043754041	-0.0065605621	-0.0053787886	-0.0041071995	-0.0034416583	-0.0040399285	-0.0050948181	-0.0052811058	-0.0039108609	-0.0040216015	-0.0035895758	-0.0037841089	-0.0044636769	-0.0046197680	-0.0058302462	-0.0030767494	-0.0057792327	-0.0039358562	-0.0040619866
-0.0055853832	-0.0054330832	-0.0056814899	-0.0073354800	-0.0067619453	-0.0057659475	-0.0046010705	-0.0049496878	-0.0047902300	-0.0048006195	-0.0056685830	-0.0060251557	-0.0063644839	-0.0069454505	-0.0060003713	-0.0066331965	-0.0075012192	-0.0048354515	-0.0053707562	-0.0059542779	-0.0057201779	-0.0055556337	0.5495667268	-0.0070783277	-0.0062949579	-0.0069209186	-0.0068775145	-0.0045850626	-0.0055599096	-0.0057444190	-0.0057392944	-0.0054134899	-0.0058025714	-0.0060257635	-0.0045694982	-0.0054228553	-0.0058067763	-0.0043783684	-0.0055890762	-0.0056021390	-0.0054101786	-0.0057029432	-0.0052189490	-0.0056247488	-0.0057690066	-0.0049618448	-0.0059785375	-0.0039661556	-0.0042828865	-0.0061879565	-0.0045353970	-0.0054846397	-0.0057646435	-0.0045047578	-0.0052858379	-0.0040314025	-0.0044679186	-0.0053456544	-0.0052534941	-0.0046723719	-0.0053600924	-0.0039570623	-0.0045370868	-0.0061313653	-0.0057185226	-0.0054190500	-0.0053607469	-0.0050192913	-0.0064757489	-0.0055975467	-0.0059232914	-0.0063670180	-0.0058234471	-0.0038019564	-0.0049024099	-0.0045352832	-0.0041666729	-0.0055614542	-0.0059623975	-0.0049292349	-0.0041546987	-0.0062384904	-0.0048449804	-0.0044079857	-0.0056614069	-0.0050495055	-0.0034175946	-0.0056602786	-0.0069674872	-0.0045677105	-0.0063887283	-0.0070307589	-0.0051933588	-0.0058898098	-0.0043184831	-0.0049727241	-0.0063291869	-0.0040910398	-0.0058139937	-0.0047055955	-0.0044716716	-0.0057015984
-0.0034857266	-0.0052611470	-0.0047254516	-0.0065477118	-0.0068069591	-0.0052675475	-0.0061793467	-0.0049098731	-0.0038481656	-0.0062534906	-0.0041169704	-0.0050671212	-0.0058761145	-0.0049055072	-0.0061192324	-0.0079379657	-0.0045831858	-0.0052431403	-0.0029666680	-0.0041189415	-0.0050847996	-0.0031113173	-0.0070783277	0.4908115385	-0.0066680476	-0.0052158879	-0.0065853945	-0.0061549155	-0.0055200872	-0.0047349972	-0.0045302714	-0.0034800337	-0.0059615458	-0.0045220623	-0.0036551059	-0.0048017100	-0.0070069624	-0.0056431163	-0.0028540156	-0.0045211072	-0.0040295353	-0.0031565585	-0.0050206655	-0.0048161529	-0.0035876034	-0.0046466553	-0.0028859536	-0.0050332547	-0.0058709609	-0.0049076541	-0.0038011401	-0.0040747262	-0.0027154639	-0.0022647987	-0.0045254389	-0.0052210935	-0.0051966711	-0.0059333381	-0.0048147858	-0.0043011532	-0.0052589204	-0.0042122933	-0.0043023505	-0.0059492838	-0.0031368021	-0.0030807518	-0.0056406941	-0.0042967153	-0.0063672534	-0.0062304250	-0.0055751787	-0.0072479220	-0.0073419320	-0.0039382693	-0.0030816538	-0.0051748450	-0.0052866712	-0.0056815312	-0.0057231109	-0.0041182481	-0.0048251927	-0.0046044005	-0.0052556461	-0.0053637873	-0.0067265475	-0.0061513820	-0.0044174790	-0.0018756676	-0.0046722437	-0.0050092800	-0.0049017163	-0.0056222687	-0.0045148096	-0.0044137394	-0.0017544595	-0.0053034999	-0.0048749503	-0.0054800781	-0.0032916742	-0.0039483226	-0.0048965625	-0.0031094033
-0.0075362535	-0.0073861698	-0.0062020060	0.0058771003	0.0043540735	-0.0051884750	-0.0061822906	-0.0069501740	-0.0054507772	-0.0060268217	-0.0066694624	-0.0054485501	-0.0063829689	-0.0059144848	0.0085493264	0.0134957327	-0.0064369448	-0.0065659539	-0.0062830227	-0.0055810265	-0.0066036873	-0.0053355143	-0.0062949579	-0.0066680476	0.4476046489	0.0058076845	0.0073020397	-0.0061805771	-0.0075081752	-0.0058024826	-0.0056924469	-0.0077702946	0.0061872934	-0.0056767424	-0.0052309610	-0.0067103148	-0.0067188639	-0.0060839660	-0.0080279902	-0.0077098457	-0.0068205727	-0.0057040601	-0.0069222671	-0.0072042577	-0.0072683309	-0.0083327323	-0.0076406970	-0.0040056562	-0.0061243827	-0.0064636296	-0.0066420968	-0.0067361912	-0.0070186230	-0.0059929905	-0.0060649897	-0.0053053059	-0.0064769717	-0.0054238225	-0.0053579811	-0.0043755348	-0.0052019752	-0.0058112049	-0.0042523895	0.0071441151	-0.0062286916	-0.0060308829	-0.0072214357	-0.0055880829	0.0073285933	0.0062472437	0.0071488623	0.0049485388	0.0064477253	-0.0059252550	-0.0078974302	-0.0062604973	-0.0052972640	0.0059000292	-0.0065252253	-0.0069621231	-0.0059548993	-0.0064124276	-0.0070709367	-0.0064157365	0.0091730435	-0.0076228809	-0.0067083050	-0.0085028301	-0.0073195392	-0.0068231686	-0.0072836175	-0.0075957903	-0.0065465822	-0.0082222440	-0.0064638901	-0.0066572616	-0.0070247934	-0.0063190489	-0.0068993486	-0.0065276706	-0.0053139676	-0.0065273113
-0.0069793136	-0.0079470394	-0.0068980382	0.0084140638	0.0053284010	-0.0062205248	-0.0049691921	-0.0081639060	-0.0065929259	-0.0070399953	-0.0069081716	-0.0053255597	-0.0056954045	-0.0063762549	0.0056311410	0.0073048932	-0.0065558214	-0.0067409800	-0.0068064709	-0.0052971458	-0.0075003154	-0.0054678465	-0.0069209186	-0.0052158879	0.0058076845	0.4216003483	0.0042717622	-0.0070445638	-0.0063685340	-0.0069037955	-0.0073238821	-0.0052851419	0.0042506586	-0.0064971978	-0.0051523328	-0.0057699531	-0.0050764460	-0.0058044103	-0.0064692211	-0.0057039982	-0.0037566455	-0.0065101430	-0.0070142627	-0.0064622987	-0.0058675938	-0.0077662674	-0.0064431961	-0.0050957019	-0.0060845538	-0.0057502864	-0.0063513163	-0.0059335929	-0.0057673169	-0.0074034637	-0.0053019655	-0.0049431151	-0.0057252748	-0.0054137756	-0.0047598009	-0.0055289437	-0.0043501804	-0.0066602623	-0.0060778679	0.0081686882	-0.0060914246	-0.0060194871	-0.0060706070	-0.0050590509	0.0090914695	0.0066701311	0.0055582658	0.0069663603	0.0062645066	-0.0052821761	-0.0074256376	-0.0049597509	-0.0053260080	0.0054501657	-0.0057425035	-0.0056848485	-0.0059436883	-0.0068638458	-0.0057500311	-0.0048122298	0.0084202386	-0.0049535835	-0.0051357901	-0.0072808329	-0.0070963914	-0.0064244224	-0.0063458175	-0.0066323439	-0.0058060514	-0.0072709876	-0.0054772070	-0.0054340742	-0.0046572608	-0.0053394310	-0.0059259634	-0.0060097709	-0.0050418675	-0.0053466792
-0.0087445637	-0.0078420138	-0.0069044936	0.0072124139	0.0067397536	-0.0060385618	-0.0068425668	-0.0066655752	-0.0057917560	-0.0059322267	-0.0067579264	-0.0054226942	-0.0058948606	-0.0054466329	0.0076766538	0.0104965285	-0.0065340224	-0.0067020678	-0.0071243761	-0.0063255267	-0.0081457163	-0.0065826508	-0.0068775145	-0.0065853945	0.0073020397	0.0042717622	0.4570392813	-0.0062770797	-0.0076339014	-0.0063423783	-0.0061153400	-0.0081132352	0.0064909119	-0.0070294777	-0.0066030069	-0.0066417091	-0.0073688214	-0.0043817472	-0.0066108866	-0.0059166526	-0.0080296702	-0.0048435662	-0.0068929792	-0.0068311424	-0.0064624228	-0.0064049881	-0.0074433223	-0.0061066467	-0.0065887989	-0.0062809163	-0.0069582429	-0.0067248397	-0.0068887405	-0.0053801818	-0.0068726129	-0.0066390592	-0.0077686339	-0.0057585212	-0.0049539017	-0.0053509110	-0.0057685334	-0.0069363819	-0.0058110145	0.0066276262	-0.0057667275	-0.0063225940	-0.0061048960	-0.0058722050	0.0075293006	0.0059479300	0.0087064664	0.0053490513	0.0032225915	-0.0054825800	-0.0070009118	-0.0058748167	-0.0062009130	0.0050020617	-0.0055465282	-0.0052518827	-0.0075281481	-0.0067783705	-0.0062099656	-0.0060058641	0.0087691560	-0.0069189261	-0.0062297990	-0.0073301287	-0.0085043062	-0.0053071011	-0.0071171272	-0.0067345562	-0.0058260789	-0.0068637657	-0.0066361252	-0.0067460413	-0.0063028016	-0.0067716499	-0.0054212824	-0.0065818041	-0.0062253018	-0.0070289254
-0.0057862666	-0.0061798668	-0.0048873025	-0.0050026439	-0.0041278741	-0.0049813159	-0.0053176418	-0.0062142883	-0.0062157793	-0.0035517673	-0.0044144541	-0.0049286298	-0.0047208642	-0.0051982583	-0.0060567295	-0.0052975152	-0.0051334674	-0.0059521666	-0.0057053145	-0.0048117354	-0.0057377954	-0.0057025041	-0.0045850626	-0.0061549155	-0.0061805771	-0.0070445638	-0.0062770797	0.5440547156	-0.0047876956	-0.0059725331	-0.0049237466	-0.0053935539	-0.0057575821	-0.0067795857	-0.0046978286	-0.0051695526	-0.0067839465	-0.0043874682	-0.0060451210	-0.0042738624	-0.0057631039	-0.0062464312	-0.0059589655	-0.0066737947	-0.0054755333	-0.0072667786	-0.0058127832	-0.0041380158	-0.0054809237	-0.0055095848	-0.0056756893	-0.0051285711	-0.0064981212	-0.0041582966	-0.0048279254	-0.0052385471	-0.0054144973	-0.0045512578	-0.0057898439	-0.0052976058	-0.0053881767	-0.0056409645	-0.0045194921	-0.0054974851	-0.0055312821	-0.0059023113	-0.0040795124	-0.0054069834	-0.0056324105	-0.0062875731	-0.0063856026	-0.0052388122	-0.0059983693	-0.0050352681	-0.0051509945	-0.0034815713	-0.0049458514	-0.0057755188	-0.0043669001	-0.0054880058	-0.0047995262	-0.0045473926	-0.0047307414	-0.0041819076	-0.0053140079	-0.0049967626	-0.0052379283	-0.0060322525	-0.0043022099	-0.0050099738	-0.0048014450	-0.0048213152	-0.0056477726	-0.0063380063	-0.0063189151	-0.0053677001	-0.0050891670	-0.0056735461	-0.0063293140	-0.0057870119	-0.0054597753	-0.0054698328
