1.0000000000	0.9141880855	0.9141567835	0.9134321493	0.9138504366	0.9141266731	0.9132850932	0.9131730733	0.9138317666	0.9141772808	0.9138065820	0.9130259378	0.9140188638	0.9144685327	0.9153184545	0.9145306601	0.9142154152	0.9140291125	0.9133113901	0.9133776488	0.9149746088	0.9145020593	0.9138280326	0.9144987225	0.9143226684	0.9136496746	0.9145335996	0.9133913136	0.9149614206	0.9144628125	0.9131239751	0.9138127789	0.9142452078	0.9134206295	0.9130963277	0.9123906018	0.9136671529	0.9137013150	0.9137280886	0.9132460054	0.9133301396	0.9131906310	0.9135752329	0.9131456641	0.9143034423	0.9127047344	0.9133840045	0.9125763484	0.9129650021	0.9139000909	0.9137407206	0.9141535262	0.9146507837	0.9149498214	0.9142104895	0.9140794023	0.9137061613	0.9144412825	0.9136860612	0.9135410708	0.9141006146	0.9139919314	0.9137040956	0.9136932114	0.9137852903	0.9143861464	0.9150630331	0.9138913517	0.9134055346	0.9124516963	0.9131546416	0.9149017561	0.9148036393	0.9140618446	0.9133646989	0.9137129142	0.9138472588	0.9139174897	0.9143918666	0.9129336206	0.9132624509	0.9132939118	0.9141381135	0.9127910136	0.9138029275	0.9128412240	0.9145286739	0.9152991490	0.9144373896	0.9142531524	0.9139875618	0.9143707337	0.9147870349	0.9155691092	0.9143408617	0.9136637367	0.9150499244	0.9137503337	0.9136588904	0.9137150593	0.9140479414	0.9137880709	0.9131925377	0.9133929820
0.9141880855	1.0000000000	0.9145276411	0.9142944648	0.9144203880	0.9147500127	0.9147426242	0.9133883741	0.9146170188	0.9142452872	0.9147450076	0.9136621477	0.9149579250	0.9141520167	0.9160225120	0.9152523548	0.9142885063	0.9143117842	0.9142842956	0.9138532173	0.9157857606	0.9149655519	0.9147596258	0.9152517192	0.9150894889	0.9143059051	0.9155306569	0.9134942767	0.9153909100	0.9151400170	0.9138318461	0.9142567276	0.9147455637	0.9138939735	0.9133994966	0.9131205589	0.9143816974	0.9134033895	0.9139697657	0.9143411001	0.9140405528	0.9138776869	0.9138548857	0.9139148680	0.9138936557	0.9129443459	0.9136431599	0.9132046136	0.9133325230	0.9147873527	0.9141751357	0.9139928847	0.9147887033	0.9152749177	0.9143633452	0.9141629803	0.9133907575	0.9148772865	0.9138878561	0.9139901041	0.9150102804	0.9149019150	0.9142618121	0.9141362068	0.9143778045	0.9147827448	0.9147376190	0.9139641250	0.9137085447	0.9133311724	0.9144917312	0.9146273469	0.9146333054	0.9138902395	0.9146967039	0.9142881090	0.9137972073	0.9140001144	0.9143848752	0.9141051431	0.9140059140	0.9142437777	0.9141196818	0.9139771543	0.9143978251	0.9135635543	0.9143252901	0.9152222445	0.9145641867	0.9149750060	0.9144593169	0.9148628272	0.9156641275	0.9158153942	0.9145270850	0.9136413327	0.9150024152	0.9140185461	0.9147485827	0.9146436335	0.9152003966	0.9144787813	0.9141845104	0.9143174249
0.9141567835	0.9145276411	1.0000000000	0.9142615738	0.9144488299	0.9149225712	0.9144739351	0.9143534938	0.9152117575	0.9142495773	0.9145374925	0.9135750740	0.9146042278	0.9145441661	0.9156810497	0.9154141085	0.9149595139	0.9143932966	0.9144298421	0.9141532084	0.9160283911	0.9148408204	0.9141863377	0.9152882648	0.9149776278	0.9144900628	0.9152724548	0.9138689477	0.9158006966	0.9148973865	0.9141280237	0.9144508955	0.9150504805	0.9140322109	0.9137752800	0.9134064085	0.9145742764	0.9145493301	0.9135923934	0.9139611855	0.9135042869	0.9141223830	0.9144513722	0.9136085211	0.9150532611	0.9139247194	0.9139239249	0.9139720697	0.9133779665	0.9148169069	0.9146971011	0.9147711456	0.9143104336	0.9153273526	0.9142646722	0.9142333702	0.9139526052	0.9150525461	0.9146213089	0.9140965628	0.9147805203	0.9146707248	0.9145548119	0.9143281502	0.9142147796	0.9148334318	0.9146766039	0.9137545444	0.9145047605	0.9138347062	0.9137681298	0.9142542647	0.9154252310	0.9143395906	0.9147022652	0.9144021946	0.9146248840	0.9147435775	0.9149451340	0.9140107603	0.9140848841	0.9148080089	0.9147960919	0.9140780517	0.9148673556	0.9142766687	0.9144195140	0.9152697537	0.9155278763	0.9149622946	0.9147265759	0.9152209733	0.9153770068	0.9155521076	0.9149171688	0.9137585961	0.9154226887	0.9137379400	0.9144957830	0.9137452491	0.9149930405	0.9151664728	0.9138938940	0.9144513722
0.9134321493	0.9142944648	0.9142615738	1.0000000000	0.9138393935	0.9142424271	0.9140823418	0.9130217271	0.9142114429	0.9140114753	0.9139124846	0.9130959304	0.9144749679	0.9139309162	0.9147970452	0.9147230008	0.9139876413	0.9139184431	0.9133975899	0.9128381256	0.9156288532	0.9148046721	0.9138840426	0.9145450400	0.9147476293	0.9137905338	0.9147462787	0.9133832895	0.9152904098	0.9141830804	0.9129805737	0.9134164188	0.9136499129	0.9132767513	0.9127563748	0.9130581932	0.9146711220	0.9135156478	0.9130115579	0.9139229716	0.9132566513	0.9132885889	0.9141254020	0.9133480151	0.9143755005	0.9133173486	0.9123623981	0.9128590995	0.9128538560	0.9142740470	0.9138339117	0.9135235925	0.9134829952	0.9147577985	0.9141238131	0.9136507868	0.9132375046	0.9145363803	0.9137023478	0.9137914077	0.9151118929	0.9148241366	0.9134688537	0.9140608118	0.9137246724	0.9146228184	0.9144672616	0.9134570161	0.9141546384	0.9128933411	0.9139353653	0.9135083387	0.9139655550	0.9141644104	0.9138092038	0.9141472499	0.9143888476	0.9139021565	0.9141575780	0.9138022124	0.9129940002	0.9136246488	0.9136967865	0.9139112929	0.9137724993	0.9135733262	0.9138210413	0.9148282678	0.9146475263	0.9142818327	0.9140178310	0.9146259963	0.9148600465	0.9150143322	0.9146191638	0.9137176810	0.9143626301	0.9131380372	0.9137149004	0.9138252520	0.9147012324	0.9138334350	0.9135868322	0.9136577782
0.9138504366	0.9144203880	0.9144488299	0.9138393935	1.0000000000	0.9143519843	0.9140720932	0.9137280886	0.9147090182	0.9142333702	0.9144399319	0.9139821594	0.9145652989	0.9146938438	0.9156548323	0.9143619151	0.9151149118	0.9142299540	0.9138365335	0.9137299158	0.9153357739	0.9148300156	0.9144725051	0.9153670760	0.9145781693	0.9137262613	0.9152471908	0.9132203441	0.9157374569	0.9144709161	0.9141431186	0.9144848988	0.9149308336	0.9135336028	0.9141853843	0.9128143710	0.9147748001	0.9140939411	0.9139723080	0.9138537734	0.9132475149	0.9138119049	0.9147621681	0.9139909780	0.9148708513	0.9135630776	0.9136507868	0.9132912106	0.9139491890	0.9144109338	0.9142075500	0.9142043721	0.9144637659	0.9152939849	0.9140144148	0.9140024978	0.9133065439	0.9144536762	0.9141546384	0.9138326406	0.9148312073	0.9150568362	0.9145258933	0.9138427303	0.9142754770	0.9147547795	0.9150476204	0.9138295421	0.9135633159	0.9133875796	0.9142217710	0.9144517694	0.9148320813	0.9144125227	0.9140198172	0.9143996523	0.9139754859	0.9135259759	0.9143311692	0.9142158919	0.9142245516	0.9144624153	0.9141800614	0.9137985579	0.9139348091	0.9138897628	0.9139574515	0.9149996345	0.9150235480	0.9147039336	0.9141842721	0.9145507601	0.9145974749	0.9154705952	0.9149217767	0.9138728406	0.9145352680	0.9137523993	0.9148722019	0.9139068439	0.9143868614	0.9139615827	0.9137869586	0.9140325287
0.9141266731	0.9147500127	0.9149225712	0.9142424271	0.9143519843	1.0000000000	0.9139199526	0.9137869586	0.9148617944	0.9147511250	0.9145459933	0.9139027921	0.9149370305	0.9142013531	0.9162407524	0.9148613971	0.9142261405	0.9142254255	0.9138421742	0.9134787845	0.9158252456	0.9147026624	0.9140078207	0.9153171039	0.9141689388	0.9142707102	0.9150195757	0.9131957950	0.9158296947	0.9147627242	0.9140971189	0.9142213737	0.9139554653	0.9137664614	0.9134971367	0.9126077299	0.9151695712	0.9139570542	0.9138269998	0.9139240838	0.9141936468	0.9140261730	0.9145307396	0.9134835513	0.9143639013	0.9134941972	0.9134428746	0.9135766630	0.9134466880	0.9144467643	0.9148007792	0.9148673556	0.9148429655	0.9151777543	0.9144961008	0.9135537029	0.9137116431	0.9149272585	0.9144022741	0.9138134939	0.9150859932	0.9150766185	0.9143532554	0.9138202469	0.9144026713	0.9149604673	0.9149086680	0.9146598406	0.9143362538	0.9132247931	0.9136296540	0.9150019385	0.9150480971	0.9146393433	0.9146856608	0.9143053490	0.9145606115	0.9144497038	0.9147092565	0.9137051284	0.9133853551	0.9142007970	0.9146638129	0.9136340236	0.9137736116	0.9138048342	0.9144113310	0.9146654019	0.9150125049	0.9144210235	0.9144477971	0.9145837306	0.9148317635	0.9160150440	0.9150696272	0.9139682562	0.9148609204	0.9142920814	0.9139734203	0.9142364686	0.9153892416	0.9142921608	0.9139885152	0.9145976338
0.9132850932	0.9147426242	0.9144739351	0.9140823418	0.9140720932	0.9139199526	1.0000000000	0.9130068706	0.9136674707	0.9141601203	0.9144556623	0.9131808590	0.9142947031	0.9133821772	0.9155097624	0.9143418945	0.9144718695	0.9144490682	0.9135039692	0.9133579460	0.9148864229	0.9139780282	0.9139054138	0.9144281737	0.9138588580	0.9137038573	0.9145962037	0.9131267558	0.9154871995	0.9138494833	0.9136338647	0.9135035719	0.9146991668	0.9133154419	0.9132005618	0.9120512050	0.9141045869	0.9131690215	0.9133133763	0.9138401086	0.9131666381	0.9131699748	0.9138264437	0.9132899395	0.9143650930	0.9127679740	0.9130937059	0.9125023040	0.9132691244	0.9142253461	0.9136852668	0.9141940440	0.9140385667	0.9143059846	0.9141574191	0.9142170042	0.9134543149	0.9139903424	0.9137264202	0.9133281534	0.9146929699	0.9148458255	0.9139440250	0.9138079326	0.9145154063	0.9139577693	0.9145594993	0.9130951359	0.9135731673	0.9125473503	0.9142516430	0.9144369923	0.9145395581	0.9141446281	0.9140434924	0.9137286447	0.9140406323	0.9138234247	0.9144296832	0.9136718402	0.9133445989	0.9142501335	0.9137718638	0.9133711341	0.9139907397	0.9128696659	0.9146287769	0.9155641835	0.9144516900	0.9143194111	0.9139726258	0.9137159332	0.9149846985	0.9152357504	0.9140198967	0.9139785049	0.9141253226	0.9133151241	0.9139217004	0.9143539704	0.9148412971	0.9142672940	0.9130987905	0.9136756537
0.9131730733	0.9133883741	0.9143534938	0.9130217271	0.9137280886	0.9137869586	0.9130068706	1.0000000000	0.9141473293	0.9143906749	0.9136920197	0.9124464529	0.9138766541	0.9132407619	0.9154662256	0.9142791316	0.9144394552	0.9136096334	0.9126319611	0.9124988083	0.9144200702	0.9138310516	0.9125038134	0.9143387166	0.9136187698	0.9130674885	0.9143353004	0.9127778254	0.9142840573	0.9139808883	0.9132050109	0.9131762511	0.9137415151	0.9129595203	0.9133065439	0.9118699075	0.9136638161	0.9130986316	0.9128425746	0.9132313872	0.9127773488	0.9135610120	0.9131377989	0.9128817419	0.9135193024	0.9122633280	0.9127992761	0.9127916492	0.9126537296	0.9131590112	0.9135406736	0.9133956037	0.9139190787	0.9139797760	0.9136317991	0.9132021508	0.9133766159	0.9136391876	0.9137866409	0.9134095069	0.9142174014	0.9141908662	0.9135328083	0.9130461967	0.9135722140	0.9141458993	0.9139074000	0.9130231572	0.9134714754	0.9132488655	0.9133426127	0.9132519639	0.9140080591	0.9132286066	0.9127572487	0.9134904632	0.9131254052	0.9135366218	0.9134686948	0.9129120111	0.9132165307	0.9132551418	0.9140515165	0.9132027069	0.9133232277	0.9134999968	0.9139102601	0.9148799877	0.9143495214	0.9134305603	0.9133082917	0.9138381224	0.9140829774	0.9143904365	0.9137019506	0.9126471355	0.9135863555	0.9126778019	0.9132835837	0.9135469499	0.9143555594	0.9136658817	0.9126348212	0.9130569220
0.9138317666	0.9146170188	0.9152117575	0.9142114429	0.9147090182	0.9148617944	0.9136674707	0.9141473293	1.0000000000	0.9148849134	0.9146163832	0.9138583019	0.9144096626	0.9145115134	0.9160667639	0.9151432744	0.9145995405	0.9146209117	0.9137962539	0.9141337439	0.9156199551	0.9145712574	0.9141514605	0.9155346293	0.9145606115	0.9142702335	0.9152134259	0.9135920757	0.9153174217	0.9146356093	0.9133539736	0.9148998494	0.9149822357	0.9138946885	0.9139153447	0.9123719318	0.9145641867	0.9136198820	0.9134661525	0.9142906513	0.9132536323	0.9140220417	0.9142676118	0.9136297334	0.9142809588	0.9140145737	0.9136321168	0.9132418742	0.9134352477	0.9141828420	0.9139109751	0.9148255666	0.9143918666	0.9152508453	0.9150536584	0.9141617886	0.9138158773	0.9145103217	0.9139348091	0.9140683592	0.9148606821	0.9146452224	0.9145423388	0.9139740559	0.9146028772	0.9147276882	0.9156696094	0.9140433335	0.9137609001	0.9133997350	0.9140968012	0.9140228362	0.9148121401	0.9140452402	0.9148734730	0.9146069290	0.9140631157	0.9140041662	0.9151411293	0.9140534232	0.9138165923	0.9147818709	0.9139732614	0.9135245459	0.9143486475	0.9137074324	0.9147834598	0.9150883766	0.9153159917	0.9144491477	0.9143691448	0.9146183694	0.9148060227	0.9164113247	0.9149436246	0.9137645547	0.9147999053	0.9134370750	0.9142907308	0.9148211970	0.9152306658	0.9143701776	0.9137009178	0.9140106808
0.9141772808	0.9142452872	0.9142495773	0.9140114753	0.9142333702	0.9147511250	0.9141601203	0.9143906749	0.9148849134	1.0000000000	0.9147221269	0.9136332291	0.9142034982	0.9140935438	0.9153897978	0.9142926375	0.9152169215	0.9144578074	0.9133903602	0.9136943237	0.9153004996	0.9145166775	0.9140668497	0.9150308571	0.9147914045	0.9138951652	0.9149773894	0.9136058200	0.9160596931	0.9148500362	0.9131230218	0.9139584843	0.9146816885	0.9130872707	0.9139281356	0.9121228661	0.9143155976	0.9138929407	0.9134764011	0.9135189846	0.9126257643	0.9132082682	0.9137558950	0.9134624979	0.9144640837	0.9133236249	0.9137224479	0.9132958186	0.9133391965	0.9142363097	0.9143802673	0.9143357771	0.9142483062	0.9148379603	0.9142348002	0.9140689153	0.9132005618	0.9144906984	0.9140005116	0.9141386696	0.9148717252	0.9146514987	0.9138272382	0.9136975016	0.9140285564	0.9146748560	0.9148567892	0.9139026332	0.9136658023	0.9130151330	0.9141310427	0.9138665643	0.9144259492	0.9142388520	0.9141939646	0.9145049988	0.9140679620	0.9143007411	0.9145757064	0.9135318550	0.9135948563	0.9135351123	0.9144736968	0.9138602086	0.9135077032	0.9134418418	0.9143855108	0.9154145057	0.9147960124	0.9140853608	0.9143374455	0.9144187196	0.9147865582	0.9153553973	0.9146160654	0.9133817005	0.9142792904	0.9132180401	0.9137326170	0.9136743825	0.9152596639	0.9140732849	0.9140148121	0.9140131437
0.9138065820	0.9147450076	0.9145374925	0.9139124846	0.9144399319	0.9145459933	0.9144556623	0.9136920197	0.9146163832	0.9147221269	1.0000000000	0.9134694098	0.9146267907	0.9143627096	0.9156205113	0.9147856843	0.9146217061	0.9147539851	0.9139237660	0.9137365894	0.9155699831	0.9144130788	0.9142632422	0.9156305216	0.9150882177	0.9140017828	0.9154661461	0.9138997731	0.9154134729	0.9150674027	0.9143002644	0.9139084328	0.9145501246	0.9138421742	0.9137349210	0.9124104635	0.9147346000	0.9138996142	0.9141183312	0.9143973484	0.9141727523	0.9137794907	0.9135715784	0.9143298981	0.9147024241	0.9131413740	0.9136857434	0.9138142883	0.9135484594	0.9145250194	0.9144843426	0.9149133553	0.9140581106	0.9154361947	0.9145278000	0.9142954976	0.9139433894	0.9148494801	0.9146980545	0.9142700746	0.9152858019	0.9149389372	0.9139241633	0.9142345619	0.9140133026	0.9147473115	0.9146408528	0.9144411236	0.9142727758	0.9135337617	0.9147631214	0.9146176543	0.9151522518	0.9145633127	0.9147254637	0.9147398435	0.9146735054	0.9143131348	0.9146866142	0.9143422123	0.9142912869	0.9141241309	0.9139879590	0.9137291214	0.9143113870	0.9138862671	0.9148750620	0.9157492945	0.9151212676	0.9147632009	0.9142926375	0.9148488445	0.9157575570	0.9157724930	0.9149546677	0.9140539793	0.9148444750	0.9139068439	0.9146829596	0.9137163304	0.9153562712	0.9145582281	0.9142096156	0.9141556712
0.9130259378	0.9136621477	0.9135750740	0.9130959304	0.9139821594	0.9139027921	0.9131808590	0.9124464529	0.9138583019	0.9136332291	0.9134694098	1.0000000000	0.9135021419	0.9138396319	0.9146728699	0.9141795053	0.9138000674	0.9137346827	0.9125413918	0.9129516550	0.9147349973	0.9143836835	0.9133572309	0.9143541293	0.9135893745	0.9127841812	0.9141811737	0.9132829482	0.9148984988	0.9135626803	0.9130308635	0.9137096569	0.9134936411	0.9125154127	0.9128304987	0.9117925263	0.9136383931	0.9128647402	0.9129777930	0.9136208354	0.9125874709	0.9133533380	0.9136249666	0.9135680033	0.9142162097	0.9133890891	0.9129770780	0.9132178018	0.9134067263	0.9140921932	0.9135244664	0.9142270939	0.9137493803	0.9150437275	0.9134068057	0.9140736821	0.9133696246	0.9140443663	0.9136018476	0.9136702513	0.9139083534	0.9146146354	0.9136306868	0.9136914636	0.9141642515	0.9138536940	0.9145280384	0.9133638250	0.9131084036	0.9129256759	0.9133001881	0.9144133172	0.9136713636	0.9129043047	0.9144423153	0.9137340471	0.9138936557	0.9136147974	0.9142588726	0.9135312194	0.9130452434	0.9140117931	0.9138857905	0.9132039781	0.9137176016	0.9128629924	0.9139951093	0.9145601349	0.9141831598	0.9137980812	0.9135363040	0.9140669292	0.9144274587	0.9156043836	0.9138662466	0.9130901308	0.9143997318	0.9131613151	0.9129583286	0.9137616151	0.9141381929	0.9134960245	0.9127857701	0.9135790464
0.9140188638	0.9149579250	0.9146042278	0.9144749679	0.9145652989	0.9149370305	0.9142947031	0.9138766541	0.9144096626	0.9142034982	0.9146267907	0.9135021419	1.0000000000	0.9144148267	0.9156872466	0.9149290063	0.9145840484	0.9140572366	0.9138074559	0.9135262143	0.9157565242	0.9150545323	0.9140028156	0.9154013970	0.9147607380	0.9142331319	0.9143777250	0.9132540295	0.9155590194	0.9149261463	0.9137757567	0.9149394933	0.9142599849	0.9134462113	0.9138979458	0.9127987994	0.9143071763	0.9135867527	0.9131471736	0.9148150796	0.9137915666	0.9137858464	0.9139931231	0.9138023713	0.9151212676	0.9139445811	0.9137585167	0.9137599467	0.9132951830	0.9151223004	0.9144945118	0.9140092508	0.9148352591	0.9148942086	0.9143269585	0.9138625126	0.9136532497	0.9146408528	0.9144489094	0.9139052549	0.9145083356	0.9154362741	0.9146444279	0.9143089241	0.9147184723	0.9154138701	0.9152737260	0.9141605175	0.9136502307	0.9130971221	0.9140995818	0.9149901009	0.9148381192	0.9143440396	0.9147785341	0.9145879412	0.9137994318	0.9144909367	0.9145534613	0.9139435483	0.9137669381	0.9139906602	0.9141972219	0.9136623861	0.9143245751	0.9135449637	0.9144786225	0.9153638187	0.9157053604	0.9148326374	0.9142397259	0.9143503953	0.9153037569	0.9159820736	0.9149961389	0.9136155919	0.9144589991	0.9134797379	0.9141034747	0.9147376985	0.9150820209	0.9138768924	0.9145574337	0.9140733643
0.9144685327	0.9141520167	0.9145441661	0.9139309162	0.9146938438	0.9142013531	0.9133821772	0.9132407619	0.9145115134	0.9140935438	0.9143627096	0.9138396319	0.9144148267	1.0000000000	0.9148894418	0.9149638040	0.9150087709	0.9141145972	0.9133619183	0.9133391965	0.9152935082	0.9143105925	0.9130418271	0.9150149678	0.9143277530	0.9137842575	0.9143797906	0.9133878179	0.9155849191	0.9141377163	0.9131395467	0.9143660463	0.9146772394	0.9134560627	0.9135561657	0.9129565807	0.9143524609	0.9133832100	0.9136524552	0.9140638307	0.9134740972	0.9131992113	0.9141054609	0.9134481975	0.9144637659	0.9130025010	0.9135945385	0.9128922288	0.9133175870	0.9145048399	0.9138107927	0.9145634716	0.9133135352	0.9146663552	0.9139918519	0.9142243133	0.9140681209	0.9142776221	0.9140429362	0.9139850195	0.9148289828	0.9150747912	0.9144343706	0.9138344678	0.9137865614	0.9147234775	0.9152668936	0.9142423477	0.9136227421	0.9131703721	0.9142368659	0.9144460493	0.9144513722	0.9138478149	0.9141362862	0.9139881179	0.9142761126	0.9140774956	0.9146971011	0.9136742236	0.9133242605	0.9141930907	0.9142566481	0.9136606382	0.9141332672	0.9130606560	0.9141975397	0.9146194022	0.9146841513	0.9146092330	0.9137477914	0.9143990168	0.9149718282	0.9156723900	0.9146494331	0.9135037308	0.9146391844	0.9135348740	0.9136549181	0.9139418005	0.9145734025	0.9140720138	0.9135737234	0.9138747474
0.9153184545	0.9160225120	0.9156810497	0.9147970452	0.9156548323	0.9162407524	0.9155097624	0.9154662256	0.9160667639	0.9153897978	0.9156205113	0.9146728699	0.9156872466	0.9148894418	1.0000000000	0.9161197549	0.9159452898	0.9154926814	0.9149600700	0.9142307485	0.9169302711	0.9151579720	0.9149358388	0.9165602080	0.9156791430	0.9150339556	0.9157494534	0.9147169628	0.9160094828	0.9159769096	0.9148139674	0.9155736376	0.9153333111	0.9150426153	0.9145919930	0.9137199056	0.9161153853	0.9150658932	0.9147840954	0.9151760859	0.9157554914	0.9150155239	0.9155629918	0.9148054666	0.9156174923	0.9150015413	0.9143480119	0.9143519843	0.9144922873	0.9157170391	0.9149489475	0.9150600141	0.9159710305	0.9166453749	0.9151624210	0.9150767774	0.9146905071	0.9164528753	0.9154515279	0.9145060316	0.9158764094	0.9164164887	0.9150745529	0.9151774365	0.9152316986	0.9156390224	0.9163713629	0.9153277498	0.9150092476	0.9142573631	0.9153008173	0.9158562299	0.9161550293	0.9151640894	0.9155119869	0.9155694270	0.9153219502	0.9147032185	0.9159898594	0.9150613647	0.9149807262	0.9152981956	0.9151292917	0.9150434892	0.9153869377	0.9144600319	0.9155196933	0.9160422943	0.9169312245	0.9157335640	0.9152691975	0.9159100948	0.9158629034	0.9169479878	0.9157421443	0.9145618033	0.9157789282	0.9147222858	0.9149240012	0.9151409704	0.9159691238	0.9153642953	0.9154079911	0.9148729169
0.9145306601	0.9152523548	0.9154141085	0.9147230008	0.9143619151	0.9148613971	0.9143418945	0.9142791316	0.9151432744	0.9142926375	0.9147856843	0.9141795053	0.9149290063	0.9149638040	0.9161197549	1.0000000000	0.9150229125	0.9153882883	0.9148061021	0.9143022506	0.9165853131	0.9159411585	0.9140253785	0.9158048278	0.9151841895	0.9143677147	0.9151141968	0.9138249342	0.9160268022	0.9156262314	0.9144385018	0.9151390637	0.9152635568	0.9143507926	0.9142602232	0.9141009324	0.9150202907	0.9149526020	0.9140733643	0.9146574572	0.9145269261	0.9146112986	0.9141292949	0.9140977545	0.9153418119	0.9140902865	0.9144568540	0.9129672266	0.9132812003	0.9149224123	0.9153460226	0.9150614442	0.9151498684	0.9152262963	0.9153291004	0.9144105366	0.9136707280	0.9151413676	0.9145954092	0.9145915164	0.9159329755	0.9156549117	0.9145761037	0.9140499275	0.9146857403	0.9154945881	0.9152872319	0.9141617886	0.9146239306	0.9133942531	0.9142395670	0.9143920254	0.9154125195	0.9150542939	0.9146601584	0.9152573600	0.9148403437	0.9151692535	0.9149629301	0.9137260230	0.9142048488	0.9152877086	0.9148776043	0.9139947915	0.9144698039	0.9140492920	0.9152142998	0.9155366949	0.9154916486	0.9148898391	0.9146258374	0.9153693799	0.9151429566	0.9161252368	0.9159495004	0.9139306779	0.9155545704	0.9148052282	0.9146761272	0.9140817857	0.9156618236	0.9149635657	0.9146133642	0.9146205939
0.9142154152	0.9142885063	0.9149595139	0.9139876413	0.9151149118	0.9142261405	0.9144718695	0.9144394552	0.9145995405	0.9152169215	0.9146217061	0.9138000674	0.9145840484	0.9150087709	0.9159452898	0.9150229125	1.0000000000	0.9147713045	0.9133387198	0.9139881179	0.9150532611	0.9148724402	0.9146360066	0.9153076498	0.9146730288	0.9144447781	0.9146608734	0.9137936322	0.9159769096	0.9146306042	0.9141431186	0.9137749622	0.9150959241	0.9143480914	0.9136850284	0.9122788996	0.9145165980	0.9142175603	0.9138429686	0.9144955446	0.9139825567	0.9139081945	0.9147119577	0.9140661347	0.9150246603	0.9132468793	0.9139626950	0.9129276621	0.9141093537	0.9145343941	0.9144443014	0.9147217297	0.9139799349	0.9148980221	0.9137177605	0.9141812531	0.9142281267	0.9147809970	0.9142928758	0.9144156211	0.9157761475	0.9152740438	0.9140967217	0.9142196259	0.9146747766	0.9147948207	0.9150808292	0.9141463760	0.9140447635	0.9134191994	0.9146797023	0.9143658080	0.9151171364	0.9144725845	0.9141701305	0.9148121401	0.9149604673	0.9139888330	0.9145931847	0.9143438012	0.9136391876	0.9140556477	0.9145394787	0.9142720608	0.9144113310	0.9138575074	0.9147396846	0.9148710896	0.9154247544	0.9147442925	0.9137163304	0.9146840719	0.9155246190	0.9161473230	0.9149545088	0.9141435953	0.9148077705	0.9136993288	0.9141074470	0.9140727288	0.9145875440	0.9140383283	0.9139452167	0.9149401289
0.9140291125	0.9143117842	0.9143932966	0.9139184431	0.9142299540	0.9142254255	0.9144490682	0.9136096334	0.9146209117	0.9144578074	0.9147539851	0.9137346827	0.9140572366	0.9141145972	0.9154926814	0.9153882883	0.9147713045	1.0000000000	0.9138067409	0.9139649989	0.9161330225	0.9145812677	0.9141201585	0.9150558829	0.9142699952	0.9138019741	0.9147759918	0.9137825891	0.9152797639	0.9141676677	0.9133717697	0.9142196259	0.9148144441	0.9137804440	0.9133906780	0.9128864292	0.9143784400	0.9140206117	0.9133612827	0.9141824448	0.9131918227	0.9142570453	0.9138911928	0.9139222565	0.9148347030	0.9132426686	0.9135769808	0.9132251904	0.9135086565	0.9141796642	0.9142802438	0.9147798053	0.9147115605	0.9152381338	0.9142440955	0.9137596290	0.9133798733	0.9148095184	0.9139228921	0.9137173633	0.9153904333	0.9151088739	0.9144921284	0.9143390344	0.9141199996	0.9142862818	0.9143805057	0.9140708221	0.9134400939	0.9128048374	0.9138721256	0.9142138263	0.9149440218	0.9142750003	0.9147015502	0.9145714958	0.9138935762	0.9144336556	0.9142894596	0.9141087182	0.9136341825	0.9135104044	0.9140568394	0.9132638015	0.9139189992	0.9136467351	0.9141898334	0.9154655900	0.9148795110	0.9148640189	0.9141265143	0.9143287064	0.9148965921	0.9152842924	0.9151281000	0.9140596201	0.9148064199	0.9138921462	0.9146056579	0.9143092419	0.9148580604	0.9144121255	0.9139216210	0.9144910162
0.9133113901	0.9142842956	0.9144298421	0.9133975899	0.9138365335	0.9138421742	0.9135039692	0.9126319611	0.9137962539	0.9133903602	0.9139237660	0.9125413918	0.9138074559	0.9133619183	0.9149600700	0.9148061021	0.9133387198	0.9138067409	1.0000000000	0.9128174694	0.9146959889	0.9145480590	0.9132012769	0.9146116164	0.9138813414	0.9133851962	0.9144774308	0.9126536501	0.9148548825	0.9138476560	0.9125706282	0.9131374016	0.9139109751	0.9129376724	0.9121737120	0.9117840255	0.9136546797	0.9130785316	0.9132937529	0.9135203352	0.9129501455	0.9134740177	0.9133358597	0.9132263026	0.9136992494	0.9127049727	0.9127775871	0.9127771104	0.9129790642	0.9133577076	0.9132321817	0.9129684183	0.9133814622	0.9141632187	0.9137955389	0.9134146710	0.9126051081	0.9136224243	0.9135208913	0.9129232131	0.9140973573	0.9135825420	0.9140060729	0.9135507633	0.9135090538	0.9142319402	0.9140681209	0.9133483329	0.9124892747	0.9120751980	0.9132599086	0.9136993288	0.9135538617	0.9140574750	0.9138009413	0.9142867584	0.9133509546	0.9134817241	0.9134468469	0.9130045666	0.9132124789	0.9131953184	0.9133713725	0.9132108899	0.9135328878	0.9127763160	0.9134827569	0.9146428390	0.9142490212	0.9139390993	0.9133585815	0.9140817857	0.9138675971	0.9155146881	0.9138866644	0.9130925937	0.9141711634	0.9123823393	0.9136737470	0.9139024743	0.9140944178	0.9131911871	0.9131484447	0.9130604971
0.9133776488	0.9138532173	0.9141532084	0.9128381256	0.9137299158	0.9134787845	0.9133579460	0.9124988083	0.9141337439	0.9136943237	0.9137365894	0.9129516550	0.9135262143	0.9133391965	0.9142307485	0.9143022506	0.9139881179	0.9139649989	0.9128174694	1.0000000000	0.9143955211	0.9136495157	0.9129746946	0.9143030450	0.9138188963	0.9134454169	0.9143466613	0.9127216566	0.9141520961	0.9138360568	0.9128733205	0.9135462349	0.9137357155	0.9127933970	0.9131070530	0.9116047935	0.9135680827	0.9132904956	0.9125242313	0.9130204560	0.9124456584	0.9130375370	0.9129805737	0.9135780930	0.9140160832	0.9124901486	0.9123959247	0.9123414242	0.9126696984	0.9137630452	0.9133232277	0.9130755126	0.9131137265	0.9137775839	0.9137539088	0.9131466175	0.9128966779	0.9139290890	0.9138877766	0.9127271384	0.9136753359	0.9142061994	0.9130538236	0.9128970751	0.9131626657	0.9136565865	0.9140900482	0.9134649608	0.9126461027	0.9126411770	0.9130620861	0.9137700365	0.9140534232	0.9133230688	0.9134793407	0.9134816446	0.9133515902	0.9131362894	0.9139316313	0.9135845282	0.9126226659	0.9129340973	0.9135526700	0.9127435839	0.9137732938	0.9126728762	0.9135393230	0.9139427538	0.9136873324	0.9136753359	0.9134316726	0.9139616622	0.9144675794	0.9146820857	0.9140665319	0.9129238487	0.9141409736	0.9128561600	0.9133049549	0.9131687037	0.9140486564	0.9138483710	0.9128613240	0.9133390376
0.9149746088	0.9157857606	0.9160283911	0.9156288532	0.9153357739	0.9158252456	0.9148864229	0.9144200702	0.9156199551	0.9153004996	0.9155699831	0.9147349973	0.9157565242	0.9152935082	0.9169302711	0.9165853131	0.9150532611	0.9161330225	0.9146959889	0.9143955211	1.0000000000	0.9152501303	0.9146838335	0.9167230739	0.9159298771	0.9152559299	0.9160386397	0.9147141028	0.9165770507	0.9155893681	0.9145408293	0.9159376629	0.9160208437	0.9152885825	0.9151161830	0.9144681355	0.9167150498	0.9152486208	0.9153046308	0.9148697390	0.9145369364	0.9148566303	0.9157017059	0.9149559388	0.9159962946	0.9146592845	0.9143983812	0.9146735849	0.9140189433	0.9152419473	0.9156504627	0.9151839511	0.9158264374	0.9165945290	0.9154514485	0.9147586724	0.9141431186	0.9164460429	0.9153056636	0.9149264640	0.9165436036	0.9163378364	0.9149761977	0.9153755768	0.9150319694	0.9160073377	0.9157844100	0.9146975778	0.9149456902	0.9148347824	0.9149275763	0.9153627064	0.9161903037	0.9151915780	0.9156862932	0.9158589311	0.9151953120	0.9158861813	0.9158103097	0.9152657019	0.9147744823	0.9152340026	0.9158034772	0.9154254694	0.9159751618	0.9154909335	0.9157491356	0.9165582218	0.9158485236	0.9160769331	0.9156934434	0.9155228711	0.9155444807	0.9168267520	0.9157095711	0.9151416060	0.9161391399	0.9148665612	0.9151822033	0.9152649074	0.9162492532	0.9151577337	0.9146508631	0.9156889944
0.9145020593	0.9149655519	0.9148408204	0.9148046721	0.9148300156	0.9147026624	0.9139780282	0.9138310516	0.9145712574	0.9145166775	0.9144130788	0.9143836835	0.9150545323	0.9143105925	0.9151579720	0.9159411585	0.9148724402	0.9145812677	0.9145480590	0.9136495157	0.9152501303	1.0000000000	0.9142190698	0.9150292682	0.9149216972	0.9144300010	0.9154195903	0.9141010913	0.9153918634	0.9143438012	0.9142281267	0.9147286415	0.9146435540	0.9129723906	0.9141434364	0.9127875180	0.9150697066	0.9143254490	0.9141291360	0.9142179575	0.9140639102	0.9143192522	0.9143334732	0.9138946885	0.9146754122	0.9130133057	0.9138521050	0.9136612738	0.9133282328	0.9144520872	0.9140918755	0.9147999053	0.9143239395	0.9156843865	0.9152533082	0.9143050312	0.9143716076	0.9151788665	0.9146494331	0.9145535408	0.9151801377	0.9152999434	0.9145150885	0.9146119342	0.9139704013	0.9147748001	0.9155519487	0.9146828007	0.9144976102	0.9130399204	0.9146920960	0.9148523402	0.9152367832	0.9144026713	0.9145737203	0.9148256461	0.9141086387	0.9144566157	0.9149089063	0.9143687475	0.9133714519	0.9150932229	0.9142091389	0.9141932496	0.9139332202	0.9136225038	0.9148299362	0.9155038039	0.9152313808	0.9152818296	0.9142854873	0.9144875205	0.9151799788	0.9162030946	0.9155250957	0.9139624566	0.9150127433	0.9148799082	0.9147123549	0.9145813472	0.9148780015	0.9144176073	0.9138087271	0.9145087328
0.9138280326	0.9147596258	0.9141863377	0.9138840426	0.9144725051	0.9140078207	0.9139054138	0.9125038134	0.9141514605	0.9140668497	0.9142632422	0.9133572309	0.9140028156	0.9130418271	0.9149358388	0.9140253785	0.9146360066	0.9141201585	0.9132012769	0.9129746946	0.9146838335	0.9142190698	1.0000000000	0.9151727491	0.9137744855	0.9142920814	0.9146737438	0.9136561892	0.9149186783	0.9143341087	0.9135334439	0.9148463817	0.9144058492	0.9131368455	0.9133761393	0.9124573371	0.9138519461	0.9131628246	0.9133788405	0.9137047312	0.9132594319	0.9131497953	0.9142908897	0.9132678533	0.9139851784	0.9131502720	0.9138662466	0.9131529732	0.9131717227	0.9142903335	0.9139194759	0.9138285888	0.9142530730	0.9147100510	0.9147000407	0.9143784400	0.9133554831	0.9142077089	0.9137871175	0.9140703454	0.9149750060	0.9149608645	0.9132655493	0.9138927818	0.9141761685	0.9141271498	0.9146982134	0.9143256079	0.9135521934	0.9132105721	0.9142581576	0.9138757802	0.9144264259	0.9138556007	0.9139438661	0.9142526758	0.9133896452	0.9137975251	0.9144222152	0.9134157038	0.9140964834	0.9139528436	0.9148828478	0.9133336352	0.9140137793	0.9131620302	0.9142761920	0.9148426477	0.9146695331	0.9137666203	0.9144443809	0.9145790432	0.9147269731	0.9155182632	0.9147692388	0.9139935998	0.9143782812	0.9130545386	0.9142202615	0.9138132555	0.9147655048	0.9139406088	0.9135919962	0.9143676353
0.9144987225	0.9152517192	0.9152882648	0.9145450400	0.9153670760	0.9153171039	0.9144281737	0.9143387166	0.9155346293	0.9150308571	0.9156305216	0.9143541293	0.9154013970	0.9150149678	0.9165602080	0.9158048278	0.9153076498	0.9150558829	0.9146116164	0.9143030450	0.9167230739	0.9150292682	0.9151727491	1.0000000000	0.9152739643	0.9151686973	0.9162529872	0.9144012413	0.9159529167	0.9154503362	0.9146285386	0.9151830772	0.9153283854	0.9144971336	0.9139232099	0.9138181018	0.9151617060	0.9150789224	0.9145681590	0.9148433627	0.9141250842	0.9147859227	0.9156543556	0.9145186636	0.9157782926	0.9148585370	0.9144099804	0.9144843426	0.9145946148	0.9151195992	0.9150846426	0.9151299273	0.9156228947	0.9165203257	0.9147090976	0.9151010881	0.9145177897	0.9155654546	0.9151620238	0.9149134348	0.9158862608	0.9152953355	0.9155315308	0.9151183281	0.9150553267	0.9158559121	0.9157594637	0.9147671732	0.9148745058	0.9145317724	0.9147213324	0.9153866993	0.9155061079	0.9149322637	0.9155038834	0.9153787547	0.9152267729	0.9148525785	0.9151674262	0.9153794697	0.9147528728	0.9151386664	0.9150552473	0.9150989430	0.9151887974	0.9141803792	0.9152907276	0.9160009820	0.9161725076	0.9148749031	0.9148147619	0.9155559210	0.9156437892	0.9166108156	0.9154972893	0.9146329876	0.9154503362	0.9146412500	0.9146818474	0.9145710191	0.9155173893	0.9150364979	0.9147063170	0.9151406526
0.9143226684	0.9150894889	0.9149776278	0.9147476293	0.9145781693	0.9141689388	0.9138588580	0.9136187698	0.9145606115	0.9147914045	0.9150882177	0.9135893745	0.9147607380	0.9143277530	0.9156791430	0.9151841895	0.9146730288	0.9142699952	0.9138813414	0.9138188963	0.9159298771	0.9149216972	0.9137744855	0.9152739643	1.0000000000	0.9138565540	0.9149916899	0.9136290184	0.9145487740	0.9145239866	0.9135502866	0.9144872822	0.9144471615	0.9139260700	0.9141617092	0.9128784051	0.9142968482	0.9136924170	0.9141334261	0.9140582695	0.9141323933	0.9144328611	0.9147532700	0.9135886594	0.9147246692	0.9130986316	0.9143515076	0.9130693952	0.9133743120	0.9147001201	0.9138042781	0.9145534613	0.9146866936	0.9154311101	0.9143617562	0.9144405674	0.9131945239	0.9147268142	0.9145418621	0.9142265378	0.9148181781	0.9145898480	0.9141331083	0.9140845663	0.9142216121	0.9148491623	0.9149367127	0.9139399732	0.9134978518	0.9129326673	0.9138324817	0.9139366364	0.9145484562	0.9145844456	0.9144904600	0.9145933436	0.9136791493	0.9143557183	0.9141652843	0.9136955154	0.9135881828	0.9142684062	0.9139474412	0.9136590493	0.9146166215	0.9140775750	0.9147185518	0.9158759327	0.9149491858	0.9146772394	0.9143921049	0.9149168510	0.9151269083	0.9156291710	0.9154164124	0.9135167601	0.9146701687	0.9133939353	0.9139935203	0.9144559801	0.9149858902	0.9142631627	0.9137785373	0.9144151445
0.9136496746	0.9143059051	0.9144900628	0.9137905338	0.9137262613	0.9142707102	0.9137038573	0.9130674885	0.9142702335	0.9138951652	0.9140017828	0.9127841812	0.9142331319	0.9137842575	0.9150339556	0.9143677147	0.9144447781	0.9138019741	0.9133851962	0.9134454169	0.9152559299	0.9144300010	0.9142920814	0.9151686973	0.9138565540	1.0000000000	0.9138946091	0.9139842250	0.9156727078	0.9143918666	0.9131060996	0.9144740145	0.9139988433	0.9131685448	0.9134124465	0.9122969340	0.9138434453	0.9142117607	0.9136777988	0.9134175310	0.9131169838	0.9132671383	0.9145455167	0.9132701572	0.9146241690	0.9134880004	0.9135757096	0.9126938502	0.9131249285	0.9141216680	0.9136764482	0.9138858699	0.9134769573	0.9143747060	0.9140990257	0.9139725464	0.9129851816	0.9143304542	0.9142133496	0.9136636572	0.9145144530	0.9148554386	0.9137699570	0.9137810001	0.9144539939	0.9138865055	0.9145873851	0.9134220595	0.9132340089	0.9131254846	0.9139978104	0.9138142089	0.9144601908	0.9138192935	0.9140724904	0.9140009089	0.9138899217	0.9143753416	0.9142355947	0.9138195318	0.9132922435	0.9137218917	0.9135871500	0.9135132644	0.9134010061	0.9131122170	0.9142227243	0.9151902274	0.9152077852	0.9143633452	0.9137480297	0.9145834128	0.9142492596	0.9153125755	0.9146059757	0.9134331026	0.9141176162	0.9132397291	0.9136994877	0.9129875650	0.9141668732	0.9134520904	0.9137301542	0.9137607412
0.9145335996	0.9155306569	0.9152724548	0.9147462787	0.9152471908	0.9150195757	0.9145962037	0.9143353004	0.9152134259	0.9149773894	0.9154661461	0.9141811737	0.9143777250	0.9143797906	0.9157494534	0.9151141968	0.9146608734	0.9147759918	0.9144774308	0.9143466613	0.9160386397	0.9154195903	0.9146737438	0.9162529872	0.9149916899	0.9138946091	1.0000000000	0.9140557272	0.9160859900	0.9154906157	0.9140783695	0.9146764450	0.9148946853	0.9142817533	0.9141627420	0.9128983462	0.9152800023	0.9146469702	0.9142601438	0.9139650784	0.9138618770	0.9146007322	0.9145769776	0.9142184342	0.9152754738	0.9143908337	0.9141510633	0.9134687742	0.9140225184	0.9148112662	0.9141950768	0.9147867966	0.9149203466	0.9159100948	0.9149624534	0.9139870057	0.9143135320	0.9156950324	0.9147041719	0.9145316929	0.9156977335	0.9153597669	0.9144441425	0.9145945353	0.9150981486	0.9148352591	0.9153489621	0.9142203409	0.9144365157	0.9136277473	0.9148083267	0.9150926667	0.9158268346	0.9152007144	0.9145915958	0.9151781515	0.9141802203	0.9150067848	0.9148425682	0.9145847634	0.9141186490	0.9146817679	0.9144823565	0.9142927964	0.9142846134	0.9136947209	0.9145945353	0.9157374569	0.9153784369	0.9150432508	0.9146103452	0.9146766833	0.9155860313	0.9158871347	0.9154489062	0.9140810707	0.9151899891	0.9143764539	0.9148748236	0.9146565833	0.9154723430	0.9149566538	0.9141950768	0.9146816885
0.9133913136	0.9134942767	0.9138689477	0.9133832895	0.9132203441	0.9131957950	0.9131267558	0.9127778254	0.9135920757	0.9136058200	0.9138997731	0.9132829482	0.9132540295	0.9133878179	0.9147169628	0.9138249342	0.9137936322	0.9137825891	0.9126536501	0.9127216566	0.9147141028	0.9141010913	0.9136561892	0.9144012413	0.9136290184	0.9139842250	0.9140557272	1.0000000000	0.9149608645	0.9140136998	0.9127914903	0.9132405236	0.9137020300	0.9126653288	0.9130463556	0.9117368341	0.9134028334	0.9134133204	0.9131021273	0.9134822007	0.9120406386	0.9133281534	0.9128512343	0.9132456876	0.9144698833	0.9127254700	0.9131554361	0.9123255348	0.9129614270	0.9138361362	0.9137999085	0.9138761774	0.9131850697	0.9145323285	0.9137937911	0.9134666292	0.9135333645	0.9133859907	0.9136988522	0.9132653110	0.9142054049	0.9143835246	0.9132074737	0.9133022537	0.9137140265	0.9138882533	0.9146148737	0.9136219477	0.9131002205	0.9124514580	0.9133704985	0.9129182079	0.9138468615	0.9136719991	0.9134745738	0.9136602410	0.9139220182	0.9134558244	0.9137420712	0.9130411121	0.9131964306	0.9136154330	0.9128590995	0.9132552212	0.9137216534	0.9130575576	0.9142162097	0.9142835806	0.9139121668	0.9135577546	0.9137742472	0.9138490066	0.9137331732	0.9147246692	0.9139438661	0.9123712167	0.9138208030	0.9130109223	0.9134401734	0.9135864349	0.9142725375	0.9133634278	0.9133853551	0.9134713960
0.9149614206	0.9153909100	0.9158006966	0.9152904098	0.9157374569	0.9158296947	0.9154871995	0.9142840573	0.9153174217	0.9160596931	0.9154134729	0.9148984988	0.9155590194	0.9155849191	0.9160094828	0.9160268022	0.9159769096	0.9152797639	0.9148548825	0.9141520961	0.9165770507	0.9153918634	0.9149186783	0.9159529167	0.9145487740	0.9156727078	0.9160859900	0.9149608645	1.0000000000	0.9157226798	0.9152506070	0.9156680204	0.9159062814	0.9143237807	0.9149639629	0.9134065674	0.9147968863	0.9152991490	0.9147041719	0.9151161830	0.9146222623	0.9154483500	0.9149833480	0.9151183281	0.9152861991	0.9139951093	0.9147341234	0.9138398702	0.9151040276	0.9157988693	0.9155765772	0.9155938966	0.9153689827	0.9159368684	0.9155920693	0.9152348765	0.9148045927	0.9151825211	0.9153501538	0.9146623829	0.9163011320	0.9163024031	0.9153686649	0.9152853252	0.9162546556	0.9154647161	0.9167765416	0.9148817355	0.9145768981	0.9142077883	0.9159069964	0.9155762594	0.9167694708	0.9158041128	0.9151268289	0.9154543880	0.9157890974	0.9152499714	0.9155608467	0.9151574953	0.9145949326	0.9151269083	0.9153878116	0.9147830626	0.9151757681	0.9141239720	0.9157993460	0.9164536698	0.9160500006	0.9158654457	0.9151813294	0.9154998316	0.9161396961	0.9168397812	0.9158822884	0.9142962921	0.9154843394	0.9145931053	0.9146368805	0.9159397285	0.9154868817	0.9145938203	0.9148412176	0.9154946675
