1.0000000000	0.9094382365	0.9092474589	0.9085688533	0.9088546473	0.9093227767	0.9083284984	0.9082724652	0.9088983482	0.9093408199	0.9090140563	0.9081239815	0.9092299123	0.9094784612	0.9105060945	0.9097858573	0.9093903972	0.9090550259	0.9084644843	0.9083603636	0.9101242910	0.9096273588	0.9089960959	0.9096627830	0.9094929454	0.9088226165	0.9098358485	0.9084730093	0.9101337264	0.9096603000	0.9082066655	0.9090193534	0.9092362026	0.9084502484	0.9081055244	0.9073139422	0.9086234795	0.9088625102	0.9088217889	0.9082869494	0.9082126248	0.9081997131	0.9086151200	0.9081071798	0.9094312013	0.9077395294	0.9082125420	0.9077031120	0.9080086872	0.9088606065	0.9089152327	0.9090765453	0.9099331823	0.9099483286	0.9090339203	0.9091598087	0.9086734707	0.9096178406	0.9085981528	0.9086281972	0.9091615468	0.9089827704	0.9088028353	0.9087275174	0.9087300004	0.9096291796	0.9102575456	0.9090557708	0.9086036154	0.9072603092	0.9082622849	0.9100999575	0.9099866497	0.9091699063	0.9085210969	0.9088977689	0.9088349488	0.9089565333	0.9094377399	0.9079656484	0.9083337954	0.9083699646	0.9093087891	0.9078428224	0.9089858328	0.9077651871	0.9095693392	0.9105112261	0.9096541752	0.9095552688	0.9091172666	0.9096502024	0.9100738032	0.9108360860	0.9094715087	0.9089059628	0.9102951218	0.9088699592	0.9087410084	0.9087303315	0.9093093685	0.9089551263	0.9081970646	0.9084178038
0.9094382365	1.0000000000	0.9096941516	0.9094838410	0.9094958422	0.9098437941	0.9098258337	0.9084043128	0.9098957717	0.9093190522	0.9099859876	0.9086969764	0.9102089615	0.9091196668	0.9110646881	0.9103883173	0.9093469446	0.9096048462	0.9093665604	0.9092639295	0.9109055274	0.9103115924	0.9100327508	0.9105001353	0.9103167240	0.9095912724	0.9107995031	0.9087321524	0.9105800881	0.9102688847	0.9090724897	0.9093650706	0.9100674302	0.9092136072	0.9086310113	0.9080304549	0.9094656323	0.9086800092	0.9092322297	0.9093394956	0.9091382066	0.9091875356	0.9090891258	0.9088821259	0.9090720759	0.9079928787	0.9088851883	0.9084159829	0.9085437750	0.9101124553	0.9094302909	0.9088875885	0.9100206669	0.9103915452	0.9095322596	0.9092868559	0.9085116614	0.9099377345	0.9089498292	0.9092589634	0.9099050416	0.9102476964	0.9094625699	0.9092020198	0.9096204891	0.9099565226	0.9101142762	0.9092043373	0.9090731518	0.9082420070	0.9098245094	0.9098090320	0.9099216777	0.9090135597	0.9099508944	0.9092812277	0.9088689660	0.9090984785	0.9096680800	0.9093679674	0.9092699714	0.9094811097	0.9092340506	0.9091125489	0.9096884407	0.9087109640	0.9094257387	0.9104235760	0.9099897948	0.9104955831	0.9096799985	0.9099482459	0.9107567126	0.9111693882	0.9098344414	0.9088439704	0.9103528103	0.9095308526	0.9100281159	0.9096502852	0.9104090918	0.9098428009	0.9095505511	0.9097090496
0.9092474589	0.9096941516	1.0000000000	0.9092736959	0.9094346775	0.9098889020	0.9095276247	0.9093025816	0.9103995736	0.9093413165	0.9095692564	0.9085919453	0.9097331348	0.9093985084	0.9106314036	0.9105651901	0.9100176045	0.9094930281	0.9094167999	0.9092459690	0.9111068992	0.9099428660	0.9093033265	0.9103197863	0.9100433450	0.9093349434	0.9104678562	0.9090220847	0.9107286546	0.9100875425	0.9091910946	0.9096783431	0.9102062302	0.9091473109	0.9090161255	0.9082887703	0.9095800989	0.9097007730	0.9085926902	0.9089096873	0.9083933876	0.9090782006	0.9094431197	0.9085868965	0.9100901911	0.9088840296	0.9088682211	0.9089787148	0.9082647679	0.9098564574	0.9098276546	0.9094375743	0.9094079438	0.9106046699	0.9092648399	0.9092991881	0.9089297169	0.9097146778	0.9097299069	0.9093547247	0.9095142992	0.9093972669	0.9095679321	0.9094196139	0.9092613637	0.9097503503	0.9096958897	0.9088356109	0.9095163684	0.9087994418	0.9088459568	0.9093843552	0.9105868750	0.9095135543	0.9096707286	0.9095464955	0.9096106398	0.9095926794	0.9099992303	0.9089250819	0.9090386381	0.9099124078	0.9099944298	0.9091270331	0.9098641547	0.9092319814	0.9093068027	0.9103955180	0.9104386395	0.9099537085	0.9098459460	0.9104194376	0.9103780542	0.9104124852	0.9099585090	0.9088831191	0.9105124676	0.9087767637	0.9092662469	0.9087369528	0.9099481631	0.9101244565	0.9089269028	0.9095339977
0.9085688533	0.9094838410	0.9092736959	1.0000000000	0.9088727733	0.9093359366	0.9092299123	0.9080456012	0.9093266667	0.9091099831	0.9090836632	0.9081280370	0.9097280860	0.9089301307	0.9097717042	0.9100123902	0.9090009791	0.9091504561	0.9085152204	0.9080601682	0.9106966239	0.9101945601	0.9090618955	0.9094774680	0.9098027417	0.9090251471	0.9099794490	0.9084153208	0.9103695292	0.9091323301	0.9081253057	0.9088525781	0.9089575265	0.9083286639	0.9079205405	0.9078010252	0.9097306518	0.9084706091	0.9080172122	0.9090456732	0.9082564084	0.9085785371	0.9094531345	0.9085004051	0.9094511481	0.9082946467	0.9074620948	0.9079331211	0.9078356217	0.9095503028	0.9091152802	0.9083974432	0.9087548305	0.9099393071	0.9092028475	0.9086646146	0.9082807419	0.9095834923	0.9087831367	0.9089656377	0.9101508592	0.9099378173	0.9085321049	0.9089302135	0.9086329149	0.9097856918	0.9096239653	0.9084400681	0.9091948191	0.9079021663	0.9090686824	0.9086536066	0.9090183602	0.9093512485	0.9089333586	0.9092156764	0.9094374088	0.9090143874	0.9091650231	0.9091817420	0.9080938543	0.9088347005	0.9087063291	0.9091888599	0.9088511711	0.9086478957	0.9090238228	0.9098900608	0.9098904746	0.9094196139	0.9091282746	0.9096963035	0.9099770487	0.9102520003	0.9098910540	0.9089591819	0.9097325554	0.9083361957	0.9086773607	0.9087603759	0.9098553815	0.9090113250	0.9086445850	0.9086670148
0.9088546473	0.9094958422	0.9094346775	0.9088727733	1.0000000000	0.9093512485	0.9090795249	0.9089205297	0.9098266614	0.9092880146	0.9096326558	0.9091233086	0.9096869509	0.9097416598	0.9108583503	0.9094663772	0.9102263425	0.9093180590	0.9090370655	0.9089005002	0.9105593136	0.9100392067	0.9095875479	0.9105538510	0.9096742048	0.9087895098	0.9103845928	0.9082781761	0.9108506530	0.9096419257	0.9093342813	0.9096631140	0.9101325677	0.9086318389	0.9093418958	0.9077890240	0.9098913023	0.9091790107	0.9091258743	0.9090510531	0.9082596363	0.9089980823	0.9099021447	0.9090436041	0.9100880391	0.9087590516	0.9086689185	0.9082372893	0.9091139559	0.9094894692	0.9094505687	0.9091172666	0.9097962859	0.9103762333	0.9088558061	0.9089235921	0.9084061337	0.9095815887	0.9091910946	0.9088544818	0.9100607260	0.9103186276	0.9097169125	0.9089226817	0.9094535483	0.9099885533	0.9101732890	0.9090249815	0.9086469853	0.9084480137	0.9094597559	0.9097164159	0.9098219436	0.9096045979	0.9092325608	0.9095430193	0.9090698412	0.9086012979	0.9095089194	0.9094451889	0.9093203765	0.9097612755	0.9094334360	0.9087363735	0.9092824692	0.9089343518	0.9089416353	0.9102003537	0.9103163101	0.9099113319	0.9093296463	0.9097930580	0.9096720529	0.9107453735	0.9100632918	0.9091388687	0.9096271932	0.9089921231	0.9099793662	0.9088195542	0.9095882928	0.9092880146	0.9087370356	0.9091492974
0.9093227767	0.9098437941	0.9098889020	0.9093359366	0.9093512485	1.0000000000	0.9087411739	0.9087144403	0.9099332651	0.9098452011	0.9095584967	0.9089407249	0.9099976577	0.9091189219	0.9112536448	0.9100666025	0.9092554872	0.9091704029	0.9087924066	0.9084929561	0.9108269817	0.9098970132	0.9091811626	0.9104932657	0.9092961258	0.9095216655	0.9102235285	0.9082674164	0.9110583978	0.9099794490	0.9090801870	0.9094886415	0.9089718452	0.9087460572	0.9086090780	0.9073506906	0.9102673949	0.9089898056	0.9090263886	0.9090409555	0.9091826524	0.9091219015	0.9097991828	0.9083692197	0.9092669918	0.9086486406	0.9085421196	0.9085198554	0.9083152557	0.9093870038	0.9098054730	0.9097467913	0.9100801763	0.9103264077	0.9096257034	0.9085890485	0.9087153507	0.9102049887	0.9094327739	0.9089945233	0.9101340575	0.9100830731	0.9092908287	0.9086902723	0.9094878138	0.9100294402	0.9099632267	0.9097369421	0.9094989873	0.9079711111	0.9087189924	0.9101866972	0.9101505281	0.9097338797	0.9097899129	0.9093412337	0.9097134363	0.9095395431	0.9097979413	0.9087734530	0.9084549661	0.9092054133	0.9097027594	0.9085501480	0.9086594003	0.9087900064	0.9095219965	0.9097409977	0.9103235936	0.9095456679	0.9096317454	0.9096839713	0.9097927269	0.9112105233	0.9102839483	0.9091405241	0.9099407141	0.9095941692	0.9088451291	0.9094063712	0.9105257103	0.9093290670	0.9089864949	0.9095523720
0.9083284984	0.9098258337	0.9095276247	0.9092299123	0.9090795249	0.9087411739	1.0000000000	0.9080856604	0.9085849101	0.9090772074	0.9095123956	0.9083071445	0.9094043021	0.9083481141	0.9105435879	0.9094576867	0.9096204063	0.9094643080	0.9085364087	0.9083978570	0.9100032031	0.9091300127	0.9087723771	0.9093190522	0.9089260751	0.9088241891	0.9097402528	0.9081380518	0.9107947854	0.9089237576	0.9085422852	0.9085172068	0.9097747665	0.9083023440	0.9080417112	0.9069468711	0.9091981298	0.9082708099	0.9082163493	0.9088402459	0.9080191986	0.9081049451	0.9089591819	0.9081302717	0.9093377575	0.9076553555	0.9080010727	0.9074792276	0.9082635264	0.9091283573	0.9085655427	0.9090362378	0.9094513964	0.9093493449	0.9091353098	0.9092656676	0.9083174904	0.9091459867	0.9087914134	0.9083991813	0.9097244443	0.9097229545	0.9090273818	0.9089086941	0.9096415119	0.9089321999	0.9096423396	0.9081018827	0.9086738845	0.9073398482	0.9094840065	0.9093849346	0.9095076779	0.9094404712	0.9092303261	0.9087602931	0.9088361903	0.9088910647	0.9094780473	0.9088117741	0.9085437750	0.9092154281	0.9087334766	0.9083347059	0.9091074173	0.9077468956	0.9098971787	0.9105468986	0.9097358661	0.9093265840	0.9090786144	0.9087683215	0.9101788344	0.9104140578	0.9090660339	0.9090449283	0.9092020198	0.9085181173	0.9089034798	0.9092857799	0.9098889848	0.9092933945	0.9080350898	0.9086939968
0.9082724652	0.9084043128	0.9093025816	0.9080456012	0.9089205297	0.9087144403	0.9080856604	1.0000000000	0.9089741627	0.9093457859	0.9088357765	0.9073953020	0.9086377981	0.9083020130	0.9103241730	0.9090709171	0.9094731641	0.9086244727	0.9076724054	0.9073749413	0.9092886767	0.9090261403	0.9073861149	0.9093424752	0.9088361075	0.9080028935	0.9093627531	0.9075081132	0.9091928327	0.9089092734	0.9082300058	0.9082650162	0.9088311415	0.9078809779	0.9082667543	0.9066092651	0.9085635563	0.9080590095	0.9077587313	0.9081808423	0.9075786306	0.9084822792	0.9081748003	0.9077113886	0.9082792521	0.9070480950	0.9075259081	0.9079735941	0.9074135935	0.9080703485	0.9085556934	0.9080672861	0.9089889779	0.9091168527	0.9086348185	0.9080974133	0.9084481793	0.9086557585	0.9086873755	0.9084747474	0.9091726376	0.9090158772	0.9083966155	0.9081868843	0.9085053712	0.9093103617	0.9089953510	0.9079895681	0.9084832724	0.9080439459	0.9081922641	0.9083131865	0.9090442662	0.9083086343	0.9076856481	0.9085877242	0.9080427044	0.9085150549	0.9086137130	0.9078400083	0.9080783769	0.9083085516	0.9090283750	0.9080609959	0.9083516731	0.9083058202	0.9089110116	0.9098990824	0.9094000809	0.9084074580	0.9084721816	0.9088915613	0.9089056317	0.9093923009	0.9087949724	0.9075313707	0.9085646322	0.9078822194	0.9080412974	0.9085839997	0.9094124960	0.9087137781	0.9076688465	0.9078054946
0.9088983482	0.9098957717	0.9103995736	0.9093266667	0.9098266614	0.9099332651	0.9085849101	0.9089741627	1.0000000000	0.9099357481	0.9096841368	0.9089890607	0.9095998802	0.9095504683	0.9111102926	0.9103216900	0.9096981244	0.9097553991	0.9088564682	0.9091355581	0.9106713800	0.9098413939	0.9091505389	0.9105594792	0.9096510301	0.9092826348	0.9103057987	0.9086928381	0.9104839958	0.9095753812	0.9083377683	0.9099873946	0.9100291091	0.9090423626	0.9088350316	0.9072712345	0.9096092328	0.9086640352	0.9085352500	0.9092938911	0.9083376027	0.9091955640	0.9093191350	0.9085382296	0.9092585496	0.9089696105	0.9084290601	0.9082657611	0.9083776619	0.9092126968	0.9090339203	0.9097875126	0.9094165516	0.9102530762	0.9100989643	0.9091543461	0.9090015585	0.9094120821	0.9089899711	0.9092565632	0.9098937025	0.9096154403	0.9095666079	0.9088900715	0.9096728805	0.9098854258	0.9108425418	0.9092239531	0.9087878545	0.9083106207	0.9091985436	0.9092196492	0.9098262475	0.9092510178	0.9099458456	0.9097871816	0.9089299652	0.9089702726	0.9101381131	0.9092705508	0.9086994594	0.9099584262	0.9092329746	0.9084471861	0.9095248106	0.9085756402	0.9098065490	0.9103071230	0.9104172857	0.9095991353	0.9095499717	0.9096485471	0.9097409149	0.9116147567	0.9101561562	0.9088362731	0.9098893986	0.9086349013	0.9093183901	0.9097511780	0.9103532241	0.9094845031	0.9088466189	0.9090064417
0.9093408199	0.9093190522	0.9093413165	0.9091099831	0.9092880146	0.9098452011	0.9090772074	0.9093457859	0.9099357481	1.0000000000	0.9098251716	0.9085351672	0.9092861937	0.9091636160	0.9103738331	0.9094046331	0.9105281105	0.9097054079	0.9084980877	0.9088172367	0.9104859822	0.9096379529	0.9089798736	0.9100847284	0.9097404183	0.9089451115	0.9100988816	0.9085670325	0.9111065681	0.9097751804	0.9082354684	0.9089761491	0.9096324903	0.9081675168	0.9089783838	0.9070472673	0.9094392297	0.9089515673	0.9086032844	0.9085225039	0.9075923699	0.9079707800	0.9085566866	0.9083730269	0.9094833444	0.9082333165	0.9087285106	0.9083669022	0.9082694028	0.9094078610	0.9094360018	0.9092003645	0.9093764924	0.9099761383	0.9092545768	0.9090765453	0.9084245079	0.9095445091	0.9089161431	0.9090748072	0.9100835697	0.9097212164	0.9089819428	0.9086672631	0.9091635333	0.9096621208	0.9100135489	0.9089730039	0.9087732875	0.9077913414	0.9091738791	0.9089046385	0.9093935424	0.9095153752	0.9094043848	0.9096569065	0.9090580883	0.9093678846	0.9097087186	0.9087266070	0.9086532755	0.9084807066	0.9094567762	0.9088918096	0.9085763024	0.9083826279	0.9095301077	0.9105615483	0.9098779768	0.9090710827	0.9093718574	0.9096088190	0.9098945302	0.9105369666	0.9096693216	0.9084869969	0.9093575388	0.9083928910	0.9085855722	0.9085992288	0.9104556895	0.9091794245	0.9092134417	0.9091074173
0.9090140563	0.9099859876	0.9095692564	0.9090836632	0.9096326558	0.9095584967	0.9095123956	0.9088357765	0.9096841368	0.9098251716	1.0000000000	0.9086030361	0.9099829252	0.9094061229	0.9107313859	0.9099740691	0.9097520884	0.9097226234	0.9089978340	0.9085990632	0.9105376287	0.9096245447	0.9093077959	0.9108013239	0.9101378648	0.9089946061	0.9106664967	0.9089917920	0.9106909129	0.9103091922	0.9092369475	0.9089605889	0.9095556826	0.9089668792	0.9087249516	0.9071186124	0.9097317278	0.9090631370	0.9092818071	0.9093018367	0.9091752034	0.9089374969	0.9086425986	0.9092856144	0.9097068149	0.9081368103	0.9085614871	0.9089139912	0.9086968109	0.9095788574	0.9096364631	0.9099371551	0.9091510355	0.9105707355	0.9095055259	0.9092889250	0.9090389691	0.9099538740	0.9097714559	0.9092979466	0.9103744125	0.9100357305	0.9090450111	0.9092977811	0.9092016060	0.9100094106	0.9098033211	0.9093638291	0.9096732944	0.9083852764	0.9100311783	0.9096142816	0.9103629079	0.9097055734	0.9100423518	0.9098535606	0.9097707110	0.9093250114	0.9098434630	0.9096951448	0.9091619607	0.9092050822	0.9089514018	0.9088469500	0.9094614112	0.9087127021	0.9100381307	0.9109829972	0.9102949563	0.9099513910	0.9092602877	0.9098534778	0.9109767897	0.9109580844	0.9101174213	0.9092840418	0.9098741695	0.9091457384	0.9097673175	0.9087841300	0.9104926035	0.9095664423	0.9093586147	0.9091070863
0.9081239815	0.9086969764	0.9085919453	0.9081280370	0.9091233086	0.9089407249	0.9083071445	0.9073953020	0.9089890607	0.9085351672	0.9086030361	1.0000000000	0.9086121404	0.9087400152	0.9095915207	0.9091934121	0.9088216233	0.9088956169	0.9076376434	0.9079352730	0.9099504806	0.9095359841	0.9084567870	0.9093762441	0.9086778573	0.9077878652	0.9092026820	0.9084173900	0.9099902087	0.9085902900	0.9081517083	0.9088644138	0.9085485755	0.9075634843	0.9078787432	0.9065309676	0.9086373843	0.9079017524	0.9081743865	0.9087716322	0.9075840932	0.9084453652	0.9088068081	0.9085893795	0.9093174796	0.9083296571	0.9080763077	0.9082046791	0.9085198554	0.9092333885	0.9086574967	0.9091247156	0.9089600095	0.9101994433	0.9084606770	0.9091457384	0.9085003224	0.9089851707	0.9087987797	0.9088238580	0.9089744937	0.9096026942	0.9085292080	0.9088241891	0.9094015707	0.9089160603	0.9096124607	0.9083376855	0.9080015693	0.9078563962	0.9084884039	0.9094368294	0.9087951379	0.9079457844	0.9096907582	0.9088724422	0.9090721586	0.9086102368	0.9093390818	0.9088378456	0.9081056900	0.9089680379	0.9091498767	0.9082371238	0.9088229476	0.9077575725	0.9091889427	0.9096486298	0.9092211390	0.9088358592	0.9084799617	0.9091143697	0.9094722537	0.9107885778	0.9088952858	0.9081873809	0.9093646567	0.9083773308	0.9080171294	0.9088510056	0.9091671750	0.9086657733	0.9079095325	0.9085393056
0.9092299123	0.9102089615	0.9097331348	0.9097280860	0.9096869509	0.9099976577	0.9094043021	0.9086377981	0.9095998802	0.9092861937	0.9099829252	0.9086121404	1.0000000000	0.9094968354	0.9105155300	0.9100773622	0.9095171961	0.9092392649	0.9089311239	0.9085419541	0.9109330888	0.9102683053	0.9090598264	0.9104677735	0.9097849469	0.9093788099	0.9096305867	0.9084552972	0.9105699078	0.9099327685	0.9088337073	0.9102712849	0.9093406543	0.9085144755	0.9088787325	0.9077900172	0.9095512960	0.9086713187	0.9083818002	0.9097401700	0.9087971243	0.9087661695	0.9091943225	0.9087746118	0.9101219735	0.9090932642	0.9087319868	0.9086595658	0.9081651166	0.9101757720	0.9096684111	0.9089730867	0.9101680747	0.9099791179	0.9092492797	0.9087117089	0.9087203167	0.9095766227	0.9092558183	0.9090743106	0.9094866551	0.9106457222	0.9095518754	0.9091262882	0.9097544887	0.9105040254	0.9105346491	0.9092226288	0.9088635034	0.9081204225	0.9092091378	0.9101532594	0.9101141107	0.9094928626	0.9099753106	0.9096090673	0.9089129152	0.9097287482	0.9094721709	0.9090017240	0.9088313898	0.9091684993	0.9093132585	0.9087113779	0.9095239829	0.9084905559	0.9094537966	0.9106213060	0.9110385338	0.9099437765	0.9093564628	0.9094931109	0.9103755712	0.9112168136	0.9103824408	0.9086300181	0.9095530341	0.9088115258	0.9092654193	0.9097357833	0.9103269043	0.9088973550	0.9097016006	0.9092524249
0.9094784612	0.9091196668	0.9093985084	0.9089301307	0.9097416598	0.9091189219	0.9083481141	0.9083020130	0.9095504683	0.9091636160	0.9094061229	0.9087400152	0.9094968354	1.0000000000	0.9098182191	0.9098336138	0.9099796145	0.9088816293	0.9081783593	0.9083558114	0.9101256980	0.9094016535	0.9080009899	0.9098615062	0.9093505036	0.9085267250	0.9094394780	0.9082838870	0.9106375283	0.9090300303	0.9080791218	0.9093144172	0.9097325554	0.9083847798	0.9084406475	0.9078237033	0.9089597612	0.9083040821	0.9086897757	0.9087986969	0.9081360654	0.9081989682	0.9090037104	0.9083654952	0.9093728506	0.9079917200	0.9084495035	0.9076530380	0.9081893673	0.9093680502	0.9087052531	0.9092886767	0.9084517382	0.9095274591	0.9087582239	0.9090443490	0.9091050998	0.9092322297	0.9090569295	0.9088270860	0.9098480980	0.9098598509	0.9094529690	0.9087497817	0.9086893619	0.9096357182	0.9103000050	0.9092020198	0.9084383300	0.9077708980	0.9092446448	0.9095382188	0.9094310358	0.9086664355	0.9091276952	0.9090049519	0.9092970362	0.9090610679	0.9096972140	0.9086459093	0.9082946467	0.9090528740	0.9094191173	0.9085686050	0.9091557532	0.9078536649	0.9090681858	0.9095255555	0.9097969481	0.9096023632	0.9086670976	0.9093801341	0.9097952927	0.9105987934	0.9096382840	0.9083746823	0.9095516271	0.9084123412	0.9084659741	0.9085968285	0.9095363980	0.9090614817	0.9085131512	0.9090032138
0.9105060945	0.9110646881	0.9106314036	0.9097717042	0.9108583503	0.9112536448	0.9105435879	0.9103241730	0.9111102926	0.9103738331	0.9107313859	0.9095915207	0.9105155300	0.9098182191	1.0000000000	0.9112851790	0.9111179900	0.9104295352	0.9101232150	0.9093602701	0.9119260428	0.9103415540	0.9099903742	0.9115514400	0.9108653027	0.9100850595	0.9109051136	0.9097773323	0.9111035058	0.9110242151	0.9098220264	0.9107449597	0.9103980010	0.9101073238	0.9096483815	0.9084012504	0.9112125097	0.9100421863	0.9099282991	0.9102340399	0.9107458701	0.9100608916	0.9106717938	0.9094974148	0.9105435052	0.9099524670	0.9093673880	0.9093631669	0.9092992709	0.9109371444	0.9101318228	0.9098577817	0.9111017677	0.9116416559	0.9101622810	0.9100014650	0.9095614763	0.9115899266	0.9105717287	0.9095418606	0.9106613652	0.9114858887	0.9100131351	0.9102731886	0.9102586216	0.9106148502	0.9112832754	0.9104023049	0.9099998096	0.9090076005	0.9104697599	0.9110031923	0.9111501035	0.9103893105	0.9104589174	0.9105540166	0.9102415716	0.9096574859	0.9108577709	0.9102356952	0.9099653786	0.9103743297	0.9102416544	0.9102068923	0.9102471170	0.9091938259	0.9106116223	0.9112226073	0.9123094190	0.9108602539	0.9104358255	0.9109383031	0.9108848357	0.9122284730	0.9107668929	0.9097719525	0.9107591956	0.9099986509	0.9098771491	0.9102023402	0.9110263670	0.9105610517	0.9103816959	0.9100483938
0.9097858573	0.9103883173	0.9105651901	0.9100123902	0.9094663772	0.9100666025	0.9094576867	0.9090709171	0.9103216900	0.9094046331	0.9099740691	0.9091934121	0.9100773622	0.9098336138	0.9112851790	1.0000000000	0.9101072410	0.9104619798	0.9099388105	0.9093230250	0.9116500981	0.9110730476	0.9090178636	0.9110008748	0.9104415364	0.9094219314	0.9102515864	0.9089258268	0.9112690395	0.9109277089	0.9095531996	0.9104455092	0.9104009806	0.9094678670	0.9092317331	0.9090383898	0.9101870283	0.9101439895	0.9092285880	0.9098435458	0.9095346599	0.9097940512	0.9093164036	0.9092519283	0.9104259762	0.9091971366	0.9095954935	0.9082645196	0.9084615047	0.9100930879	0.9106126983	0.9098111012	0.9104282109	0.9104671941	0.9104085952	0.9093391645	0.9087839644	0.9101337264	0.9095972316	0.9095539445	0.9112341119	0.9106896714	0.9097285826	0.9092271810	0.9098866673	0.9106090565	0.9104195204	0.9092995192	0.9098855914	0.9080933577	0.9094722537	0.9096332352	0.9106002005	0.9101410099	0.9097514263	0.9104940933	0.9097188161	0.9103921246	0.9100276193	0.9089341035	0.9094346775	0.9106567302	0.9101886836	0.9088952031	0.9097520056	0.9089331103	0.9103146548	0.9107493463	0.9107504223	0.9099966645	0.9097622687	0.9107709485	0.9103162274	0.9112511618	0.9110332367	0.9090805181	0.9107765766	0.9098466909	0.9096293452	0.9091856320	0.9108237538	0.9103097715	0.9096020321	0.9098562091
0.9093903972	0.9093469446	0.9100176045	0.9090009791	0.9102263425	0.9092554872	0.9096204063	0.9094731641	0.9096981244	0.9105281105	0.9097520884	0.9088216233	0.9095171961	0.9099796145	0.9111179900	0.9101072410	1.0000000000	0.9097773323	0.9083822968	0.9089315377	0.9101288432	0.9098432975	0.9097054907	0.9102470343	0.9097860228	0.9095051949	0.9098233507	0.9088908992	0.9111227077	0.9096830609	0.9091309231	0.9089528916	0.9100093278	0.9093731817	0.9085932696	0.9069260139	0.9095030429	0.9090996372	0.9091643609	0.9095500545	0.9088076357	0.9088402459	0.9099311959	0.9089771423	0.9101094757	0.9082689890	0.9089623270	0.9077766917	0.9091411862	0.9094721709	0.9097380180	0.9097268445	0.9092744408	0.9099818492	0.9086259625	0.9092279259	0.9092362026	0.9098129221	0.9093782305	0.9095420261	0.9108073659	0.9103880690	0.9091722238	0.9091861286	0.9096398565	0.9096966346	0.9101935669	0.9092487004	0.9089443666	0.9080276408	0.9099542879	0.9093170658	0.9103249179	0.9095704152	0.9092146004	0.9098134187	0.9100538564	0.9089468496	0.9095742224	0.9092636812	0.9087444019	0.9089186261	0.9095924311	0.9092163385	0.9094320290	0.9086508753	0.9098794666	0.9100105693	0.9105685008	0.9098238473	0.9087985314	0.9096867026	0.9105103984	0.9111779959	0.9099844150	0.9093692089	0.9099310304	0.9088981827	0.9091519459	0.9089687828	0.9096256206	0.9092652537	0.9091754517	0.9099866497
0.9090550259	0.9096048462	0.9094930281	0.9091504561	0.9093180590	0.9091704029	0.9094643080	0.9086244727	0.9097553991	0.9097054079	0.9097226234	0.9088956169	0.9092392649	0.9088816293	0.9104295352	0.9104619798	0.9097773323	1.0000000000	0.9087102191	0.9089232610	0.9111707124	0.9098509120	0.9092547423	0.9100972262	0.9093832793	0.9090642130	0.9100291091	0.9089293030	0.9105812468	0.9092596256	0.9084000917	0.9092778343	0.9098148257	0.9089106805	0.9086144579	0.9076018881	0.9096841368	0.9090463354	0.9083739374	0.9091473109	0.9082597191	0.9095008910	0.9090374793	0.9088303139	0.9099603298	0.9084828586	0.9086345702	0.9083479486	0.9086962315	0.9092184077	0.9095166995	0.9095267142	0.9099364102	0.9104117403	0.9092490314	0.9089577748	0.9086060157	0.9098452011	0.9092055788	0.9088911475	0.9104359082	0.9102781546	0.9096183372	0.9093981773	0.9093541453	0.9095291145	0.9095532824	0.9090957472	0.9084537246	0.9078914066	0.9091150319	0.9093428890	0.9100941639	0.9093582009	0.9098788872	0.9096866198	0.9088666485	0.9095161201	0.9094216003	0.9090940091	0.9087636038	0.9086463231	0.9090940091	0.9083352025	0.9090130631	0.9086224035	0.9091850526	0.9106273480	0.9100687544	0.9100847284	0.9093800514	0.9094700189	0.9099326857	0.9105529406	0.9102429787	0.9091591466	0.9100843146	0.9091901842	0.9096697354	0.9094832616	0.9102026712	0.9095703324	0.9089986617	0.9096206546
0.9084644843	0.9093665604	0.9094167999	0.9085152204	0.9090370655	0.9087924066	0.9085364087	0.9076724054	0.9088564682	0.9084980877	0.9089978340	0.9076376434	0.9089311239	0.9081783593	0.9101232150	0.9099388105	0.9083822968	0.9087102191	1.0000000000	0.9077723878	0.9095707462	0.9097337969	0.9083985191	0.9096735427	0.9089816117	0.9085423679	0.9097098773	0.9076420300	0.9098941991	0.9088783186	0.9076441819	0.9084740853	0.9091062586	0.9078851163	0.9071442701	0.9067145445	0.9086973075	0.9081775316	0.9082364616	0.9085782888	0.9078866889	0.9085319393	0.9083246083	0.9082293437	0.9088371007	0.9078853646	0.9077470612	0.9077759468	0.9080111702	0.9083454656	0.9082224740	0.9078633486	0.9083000266	0.9092112070	0.9087551615	0.9084041473	0.9075653879	0.9087706390	0.9084584423	0.9080014865	0.9091024513	0.9085179517	0.9090092558	0.9087452295	0.9085523827	0.9093979290	0.9092623569	0.9083020957	0.9076329257	0.9067988012	0.9083675643	0.9089019900	0.9087259448	0.9093819550	0.9089039764	0.9093457031	0.9083630122	0.9086060984	0.9082952261	0.9081445904	0.9081849806	0.9084421373	0.9085526310	0.9083438930	0.9085777922	0.9077416813	0.9084652292	0.9097467913	0.9096245447	0.9091910946	0.9084688710	0.9092900010	0.9089364210	0.9107702036	0.9089780527	0.9082426691	0.9092974500	0.9074980157	0.9086320872	0.9089395661	0.9091304265	0.9082886875	0.9081603161	0.9080668723
0.9083603636	0.9092639295	0.9092459690	0.9080601682	0.9089005002	0.9084929561	0.9083978570	0.9073749413	0.9091355581	0.9088172367	0.9085990632	0.9079352730	0.9085419541	0.9083558114	0.9093602701	0.9093230250	0.9089315377	0.9089232610	0.9077723878	1.0000000000	0.9096012044	0.9087698941	0.9081096628	0.9091511182	0.9089840947	0.9084592700	0.9094185380	0.9079871678	0.9091615468	0.9087354630	0.9078199788	0.9086932519	0.9087394358	0.9078218824	0.9079461155	0.9063924159	0.9086733051	0.9082809902	0.9073290057	0.9080068663	0.9073002029	0.9081584952	0.9082027755	0.9084192109	0.9089218540	0.9075107618	0.9072057659	0.9074485211	0.9078471263	0.9087808193	0.9084545523	0.9077876997	0.9082811557	0.9087503611	0.9087076534	0.9081386312	0.9077683322	0.9087732875	0.9088932994	0.9077411019	0.9086930864	0.9089776389	0.9081539431	0.9078536649	0.9082929914	0.9088910647	0.9091617124	0.9084765683	0.9078120331	0.9075034783	0.9082035204	0.9087146058	0.9091773553	0.9083750133	0.9084747474	0.9085029709	0.9082875288	0.9081293613	0.9089548780	0.9087337249	0.9076011432	0.9078892546	0.9087612035	0.9077663458	0.9087653419	0.9077100644	0.9085168757	0.9089783838	0.9086570000	0.9088583718	0.9083169110	0.9092703025	0.9094717570	0.9098324550	0.9090838288	0.9079960239	0.9092813933	0.9079184713	0.9082897635	0.9082853768	0.9091925017	0.9088650759	0.9079828639	0.9084835207
0.9101242910	0.9109055274	0.9111068992	0.9106966239	0.9105593136	0.9108269817	0.9100032031	0.9092886767	0.9106713800	0.9104859822	0.9105376287	0.9099504806	0.9109330888	0.9101256980	0.9119260428	0.9116500981	0.9101288432	0.9111707124	0.9095707462	0.9096012044	1.0000000000	0.9104207619	0.9098891503	0.9117973404	0.9109453383	0.9104201825	0.9111662430	0.9097380180	0.9117299681	0.9106220509	0.9095456679	0.9113710910	0.9111514278	0.9104042085	0.9103223521	0.9092725372	0.9119222356	0.9102213765	0.9105006319	0.9098725970	0.9096140333	0.9099393071	0.9107956958	0.9097606962	0.9110532663	0.9096393599	0.9094318634	0.9098919644	0.9088899888	0.9102388403	0.9106667450	0.9099013998	0.9110106413	0.9117428798	0.9105144540	0.9096903443	0.9093111066	0.9115194920	0.9103513205	0.9098316274	0.9115927407	0.9114176060	0.9100456625	0.9103009155	0.9099117457	0.9112166481	0.9108519773	0.9097687246	0.9099687721	0.9097439773	0.9100209152	0.9103202829	0.9113215137	0.9103993253	0.9105656039	0.9109131420	0.9099595849	0.9112385813	0.9109387997	0.9103225176	0.9097698005	0.9102997567	0.9107817082	0.9103157308	0.9109704166	0.9105554236	0.9107342000	0.9117178014	0.9109880460	0.9112154066	0.9107565471	0.9106976998	0.9104762157	0.9120171692	0.9105082465	0.9102727748	0.9111592079	0.9099997269	0.9101286776	0.9103487547	0.9111537452	0.9103712673	0.9096560789	0.9108893879
0.9096273588	0.9103115924	0.9099428660	0.9101945601	0.9100392067	0.9098970132	0.9091300127	0.9090261403	0.9098413939	0.9096379529	0.9096245447	0.9095359841	0.9102683053	0.9094016535	0.9103415540	0.9110730476	0.9098432975	0.9098509120	0.9097337969	0.9087698941	0.9104207619	1.0000000000	0.9093056440	0.9102964461	0.9101259463	0.9095302732	0.9107683000	0.9093228595	0.9106336383	0.9096872820	0.9092573081	0.9100450003	0.9098624166	0.9080895504	0.9093804652	0.9077728017	0.9102372678	0.9094976631	0.9094284700	0.9092741925	0.9090287060	0.9094756471	0.9095628006	0.9089929507	0.9097766702	0.9080811910	0.9088917269	0.9087666661	0.9082948950	0.9095839889	0.9094078610	0.9097863539	0.9096337318	0.9108938573	0.9101890147	0.9091947364	0.9094415471	0.9102877556	0.9096845507	0.9097309829	0.9103065436	0.9104308595	0.9095426055	0.9098961855	0.9089753214	0.9098486773	0.9106056631	0.9098067973	0.9098540572	0.9076016398	0.9098949440	0.9100382135	0.9103933661	0.9096623691	0.9097437290	0.9100149560	0.9092360370	0.9095862236	0.9101935669	0.9094357535	0.9084946942	0.9101044270	0.9094192001	0.9094657151	0.9092856144	0.9087559065	0.9099684410	0.9107618441	0.9104040430	0.9107406558	0.9096098949	0.9098456977	0.9104722429	0.9114738875	0.9105703216	0.9092057444	0.9103022398	0.9100622986	0.9097108705	0.9096715563	0.9100304334	0.9094472581	0.9088169884	0.9095631317
0.9089960959	0.9100327508	0.9093033265	0.9090618955	0.9095875479	0.9091811626	0.9087723771	0.9073861149	0.9091505389	0.9089798736	0.9093077959	0.9084567870	0.9090598264	0.9080009899	0.9099903742	0.9090178636	0.9097054907	0.9092547423	0.9083985191	0.9081096628	0.9098891503	0.9093056440	1.0000000000	0.9104254796	0.9090035449	0.9092669918	0.9098882399	0.9087546649	0.9100631263	0.9095820853	0.9086391224	0.9100682578	0.9094685291	0.9083078067	0.9083486107	0.9074106966	0.9088887473	0.9081698343	0.9086238933	0.9086429297	0.9084560421	0.9082497871	0.9093501725	0.9080845844	0.9089727556	0.9083083860	0.9088659864	0.9080895504	0.9081503013	0.9093862589	0.9089937784	0.9085647978	0.9096127918	0.9097285826	0.9095072640	0.9095015531	0.9084643188	0.9093070510	0.9088725250	0.9092639295	0.9099249056	0.9100358132	0.9082904256	0.9089129980	0.9093248459	0.9094630665	0.9096569065	0.9093887419	0.9088134294	0.9081536120	0.9093666431	0.9091195840	0.9096374563	0.9090516325	0.9090527084	0.9093707815	0.9082235500	0.9087266897	0.9094571901	0.9085581764	0.9089326137	0.9089926197	0.9099302855	0.9083982708	0.9092790758	0.9081584125	0.9093966047	0.9098562919	0.9097856918	0.9090094214	0.9094494100	0.9097547370	0.9097755942	0.9105747910	0.9098657273	0.9091642782	0.9095810921	0.9082527667	0.9092312365	0.9089550435	0.9100286953	0.9091139559	0.9087447329	0.9095175271
0.9096627830	0.9105001353	0.9103197863	0.9094774680	0.9105538510	0.9104932657	0.9093190522	0.9093424752	0.9105594792	0.9100847284	0.9108013239	0.9093762441	0.9104677735	0.9098615062	0.9115514400	0.9110008748	0.9102470343	0.9100972262	0.9096735427	0.9091511182	0.9117973404	0.9102964461	0.9104254796	1.0000000000	0.9104345012	0.9102258459	0.9113807747	0.9093693744	0.9112441267	0.9105639486	0.9097656622	0.9104045396	0.9103972561	0.9096445743	0.9090642958	0.9087039289	0.9102291566	0.9100854733	0.9097020972	0.9097923131	0.9091712306	0.9099292095	0.9109157077	0.9094523068	0.9106773392	0.9097885058	0.9094477547	0.9094347603	0.9096378701	0.9103868275	0.9101717992	0.9099907880	0.9106880161	0.9116329654	0.9096392772	0.9100687544	0.9095070985	0.9106775875	0.9101121243	0.9099645510	0.9110365474	0.9103303805	0.9107081285	0.9099523015	0.9102375161	0.9109903635	0.9109287849	0.9099514738	0.9100133006	0.9092045028	0.9096974623	0.9106202300	0.9106426599	0.9102895764	0.9105020390	0.9106534196	0.9103537207	0.9099215950	0.9103673773	0.9105153644	0.9097769185	0.9101860351	0.9100864665	0.9099969128	0.9103753229	0.9091359719	0.9103286424	0.9112187172	0.9111383506	0.9100462418	0.9098871639	0.9108011584	0.9107688793	0.9117912156	0.9106078978	0.9098951923	0.9105513680	0.9097039181	0.9096011217	0.9097427358	0.9106682348	0.9100900255	0.9099219260	0.9103002533
0.9094929454	0.9103167240	0.9100433450	0.9098027417	0.9096742048	0.9092961258	0.9089260751	0.9088361075	0.9096510301	0.9097404183	0.9101378648	0.9086778573	0.9097849469	0.9093505036	0.9108653027	0.9104415364	0.9097860228	0.9093832793	0.9089816117	0.9089840947	0.9109453383	0.9101259463	0.9090035449	0.9104345012	1.0000000000	0.9090361550	0.9102006848	0.9086794299	0.9096745359	0.9097260169	0.9086792643	0.9097003591	0.9095498890	0.9088519988	0.9094263180	0.9076491480	0.9095685115	0.9088428117	0.9091705684	0.9092631018	0.9090207604	0.9095799333	0.9099681927	0.9085256490	0.9099261471	0.9080937715	0.9094412988	0.9082366272	0.9084178866	0.9097602823	0.9087500300	0.9094738262	0.9098143291	0.9106217198	0.9093482689	0.9096815710	0.9084346055	0.9098580300	0.9097828777	0.9093245976	0.9098521536	0.9096604655	0.9090059451	0.9091140387	0.9092150142	0.9099751451	0.9100067621	0.9090469975	0.9087767637	0.9077269488	0.9091710650	0.9092186560	0.9097216302	0.9098717693	0.9097083047	0.9097461292	0.9087452295	0.9095080917	0.9092399271	0.9090849875	0.9085819305	0.9092736132	0.9091593121	0.9088424806	0.9100089968	0.9089724246	0.9097514263	0.9110819864	0.9100140455	0.9099528808	0.9094398918	0.9099628956	0.9101170075	0.9109243155	0.9105103984	0.9086940796	0.9097923959	0.9084912180	0.9089768940	0.9096194131	0.9100969779	0.9092976156	0.9088282447	0.9095823336
0.9088226165	0.9095912724	0.9093349434	0.9090251471	0.9087895098	0.9095216655	0.9088241891	0.9080028935	0.9092826348	0.9089451115	0.9089946061	0.9077878652	0.9093788099	0.9085267250	0.9100850595	0.9094219314	0.9095051949	0.9090642130	0.9085423679	0.9084592700	0.9104201825	0.9095302732	0.9092669918	0.9102258459	0.9090361550	1.0000000000	0.9091339027	0.9091488007	0.9108265678	0.9097065666	0.9080314481	0.9097742699	0.9089144878	0.9082652645	0.9084196247	0.9071895436	0.9089672103	0.9091214877	0.9088238580	0.9082929914	0.9082603812	0.9084379989	0.9095037878	0.9081721518	0.9097505986	0.9086417709	0.9088130156	0.9077871203	0.9082395240	0.9092192354	0.9087913307	0.9087919100	0.9087645970	0.9094797854	0.9089873226	0.9090090903	0.9080425389	0.9094724192	0.9091886944	0.9085887174	0.9096951448	0.9097802291	0.9089027349	0.9088525781	0.9094104268	0.9092357887	0.9095895343	0.9084213628	0.9084070441	0.9078579688	0.9090542810	0.9089903022	0.9095028774	0.9090546121	0.9090674409	0.9092158419	0.9090493977	0.9092701370	0.9093358539	0.9089223506	0.9084336951	0.9087974554	0.9088230304	0.9086197550	0.9085020605	0.9081392106	0.9093641601	0.9103730882	0.9102011814	0.9093775684	0.9088642483	0.9097469569	0.9091305093	0.9105358906	0.9097945478	0.9086694978	0.9093771545	0.9082737895	0.9088068081	0.9081300234	0.9094175448	0.9086620488	0.9087361252	0.9088608548
0.9098358485	0.9107995031	0.9104678562	0.9099794490	0.9103845928	0.9102235285	0.9097402528	0.9093627531	0.9103057987	0.9100988816	0.9106664967	0.9092026820	0.9096305867	0.9094394780	0.9109051136	0.9102515864	0.9098233507	0.9100291091	0.9097098773	0.9094185380	0.9111662430	0.9107683000	0.9098882399	0.9113807747	0.9102006848	0.9091339027	1.0000000000	0.9092595428	0.9113365772	0.9106607030	0.9091946536	0.9098658101	0.9101990295	0.9095193480	0.9093115204	0.9078084742	0.9104020566	0.9098652307	0.9093600218	0.9091555876	0.9089667137	0.9097294931	0.9097944650	0.9089993238	0.9105557547	0.9096321592	0.9092652537	0.9084946115	0.9090026345	0.9101033510	0.9094812752	0.9097511780	0.9103219383	0.9111036713	0.9100571671	0.9090426936	0.9094975803	0.9107672240	0.9097010213	0.9097049113	0.9108768901	0.9104898722	0.9096176750	0.9096578997	0.9102952046	0.9101586392	0.9105296003	0.9092526732	0.9096247102	0.9086439229	0.9101699783	0.9103554588	0.9111512622	0.9104374808	0.9097512607	0.9105161093	0.9092976983	0.9103691154	0.9099191947	0.9097432324	0.9092808967	0.9098047281	0.9096922480	0.9093630014	0.9095763744	0.9087801571	0.9096410981	0.9109857285	0.9105473124	0.9102878383	0.9096414291	0.9098178053	0.9107724383	0.9111639256	0.9106260237	0.9094115855	0.9103498307	0.9097293275	0.9100072587	0.9096853783	0.9106367006	0.9100551807	0.9093073821	0.9099512255
0.9084730093	0.9087321524	0.9090220847	0.9084153208	0.9082781761	0.9082674164	0.9081380518	0.9075081132	0.9086928381	0.9085670325	0.9089917920	0.9084173900	0.9084552972	0.9082838870	0.9097773323	0.9089258268	0.9088908992	0.9089293030	0.9076420300	0.9079871678	0.9097380180	0.9093228595	0.9087546649	0.9093693744	0.9086794299	0.9091488007	0.9092595428	1.0000000000	0.9101263602	0.9088856849	0.9078766741	0.9083523352	0.9088150020	0.9077378740	0.9080825980	0.9066179556	0.9083563908	0.9085482444	0.9082335648	0.9086123059	0.9070268239	0.9083052409	0.9080456012	0.9084312120	0.9094513136	0.9078712115	0.9083281673	0.9072822425	0.9080994825	0.9090813458	0.9088550612	0.9087950552	0.9082767691	0.9096218134	0.9087901719	0.9084480965	0.9086995422	0.9083098758	0.9088420668	0.9086009669	0.9094183724	0.9094494928	0.9084168934	0.9085225039	0.9089015761	0.9091219015	0.9097444739	0.9086971420	0.9081676824	0.9073213084	0.9086574967	0.9078441467	0.9088923890	0.9088639172	0.9086421848	0.9085331808	0.9090634681	0.9086778573	0.9089531399	0.9080102598	0.9084876590	0.9087731220	0.9079857608	0.9085109993	0.9088998380	0.9080441942	0.9092919874	0.9094699362	0.9091240535	0.9088587857	0.9088455430	0.9091084933	0.9088994242	0.9101228840	0.9092221322	0.9074673919	0.9089744110	0.9082794176	0.9084745819	0.9086829061	0.9093448754	0.9086036154	0.9085503963	0.9086272867
0.9101337264	0.9105800881	0.9107286546	0.9103695292	0.9108506530	0.9110583978	0.9107947854	0.9091928327	0.9104839958	0.9111065681	0.9106909129	0.9099902087	0.9105699078	0.9106375283	0.9111035058	0.9112690395	0.9111227077	0.9105812468	0.9098941991	0.9091615468	0.9117299681	0.9106336383	0.9100631263	0.9112441267	0.9096745359	0.9108265678	0.9113365772	0.9101263602	1.0000000000	0.9109726513	0.9103696947	0.9109165354	0.9109556014	0.9094782129	0.9103081162	0.9082732101	0.9099601643	0.9105247998	0.9099515566	0.9102114445	0.9095201757	0.9106140225	0.9101895113	0.9100659404	0.9103421334	0.9091348131	0.9096912548	0.9089186261	0.9102362746	0.9108547913	0.9106240373	0.9104878858	0.9105512852	0.9112368432	0.9105275312	0.9106332244	0.9099326857	0.9102731886	0.9105029494	0.9099739864	0.9114129711	0.9113553653	0.9106483708	0.9103790474	0.9114282002	0.9105227307	0.9118845766	0.9098278201	0.9098651479	0.9090719103	0.9111741887	0.9107063076	0.9119945738	0.9110154418	0.9102787340	0.9106267686	0.9107918885	0.9104008151	0.9107605199	0.9103936971	0.9096469745	0.9102496000	0.9106337210	0.9097525850	0.9103089439	0.9092203941	0.9110084894	0.9116934680	0.9111876797	0.9110983742	0.9103533069	0.9104939278	0.9111608632	0.9120797409	0.9110401063	0.9094422920	0.9105490505	0.9097176574	0.9094792888	0.9109847353	0.9107112736	0.9098561264	0.9099904570	0.9106732008
