0.5470446523	-0.0042913843	-0.0051329493	-0.0060502748	-0.0063574424	-0.0048822346	-0.0056103389	-0.0056170128	-0.0061634987	-0.0045613141	-0.0058655408	-0.0060598341	-0.0050904391	-0.0041637100	-0.0037945074	-0.0053430880	-0.0039954407	-0.0047435473	-0.0044737592	-0.0056223430	-0.0050709265	-0.0039020979	-0.0049073575	-0.0055355835	-0.0046001378	-0.0048502664	-0.0043720022	-0.0051807309	-0.0052569280	-0.0048305857	-0.0062641889	-0.0061533117	-0.0051375979	-0.0049123460	-0.0061063893	-0.0066502292	-0.0063540781	-0.0053392011	-0.0046471958	-0.0059070983	-0.0059623531	-0.0063132769	-0.0058720504	-0.0059452242	-0.0053733337	-0.0063906326	-0.0055025467	-0.0072031986	-0.0063156436	-0.0057936222	-0.0051409607	-0.0048751507	-0.0030082219	-0.0046013077	-0.0046913759	-0.0038426572	-0.0044484534	-0.0053841124	-0.0055925372	-0.0057647982	-0.0056163251	-0.0062679700	-0.0055242022	-0.0060681353	-0.0057541273	-0.0045074705	-0.0033130786	-0.0050746420	-0.0055909332	-0.0068222382	-0.0064622676	-0.0027131777	-0.0046907867	-0.0050586063	-0.0067299069	-0.0052394910	-0.0050967115	-0.0053136716	-0.0042245879	-0.0075198480	-0.0057513576	-0.0069585610	-0.0043937803	-0.0076904003	-0.0053896622	-0.0065156856	-0.0042977684	-0.0036116512	-0.0055533567	-0.0049973372	-0.0051744760	-0.0048664439	-0.0050513692	-0.0037200502	-0.0052963013	-0.0037247761	-0.0034569728	-0.0046601026	-0.0057288817	-0.0064961785	-0.0062285143	-0.0055100863	-0.0059903646	-0.0065740272
-0.0042913843	0.4949836891	-0.0046328672	-0.0048387412	-0.0050611372	-0.0045620410	-0.0028167459	-0.0063827576	-0.0041666078	-0.0049596682	-0.0043793990	-0.0050579807	-0.0038250549	-0.0051838786	-0.0027747892	-0.0037344969	-0.0052433674	-0.0054613832	-0.0039110238	-0.0042713390	-0.0034666834	-0.0041185326	-0.0035695543	-0.0045548268	-0.0038318856	-0.0048535572	-0.0032843369	-0.0053832015	-0.0046036890	-0.0033067456	-0.0055015759	-0.0054463540	-0.0048216651	-0.0046601794	-0.0061704574	-0.0052784310	-0.0056733711	-0.0062436011	-0.0046423321	-0.0040041251	-0.0040767284	-0.0050367567	-0.0055020019	-0.0035227629	-0.0063843941	-0.0065130591	-0.0046431818	-0.0056319362	-0.0060162589	-0.0042926126	-0.0054381186	-0.0059664277	-0.0035887250	-0.0043418653	-0.0055194430	-0.0046874127	-0.0062971223	-0.0046542036	-0.0056330692	-0.0055335975	-0.0046466414	-0.0046677110	-0.0049084237	-0.0058553330	-0.0051554142	-0.0046696017	-0.0053597649	-0.0064440206	-0.0057453808	-0.0045848806	-0.0045707517	-0.0048360733	-0.0051244687	-0.0065118617	-0.0041542844	-0.0055525281	-0.0061636852	-0.0059132018	-0.0055685196	-0.0053046002	-0.0043920344	-0.0044188304	-0.0056545255	-0.0055717199	-0.0034824447	-0.0053739174	-0.0054629829	-0.0044179192	-0.0057173027	-0.0039404214	-0.0046400850	-0.0042734198	-0.0027921975	-0.0031016762	-0.0054081663	-0.0054742881	-0.0043712243	-0.0046605296	-0.0034865554	-0.0049529941	-0.0035162687	-0.0036648497	-0.0040985255	-0.0041242182
-0.0051329493	-0.0046328672	0.4880061550	-0.0043757340	-0.0059137136	-0.0041497611	-0.0042253600	-0.0042411562	-0.0031582039	-0.0053077179	-0.0046807573	-0.0065312607	-0.0045773993	-0.0043003144	-0.0040474527	-0.0035665110	-0.0044804863	-0.0054417731	-0.0030621585	-0.0052790295	-0.0033619509	-0.0054278452	-0.0061310037	-0.0044849082	-0.0040529072	-0.0049291948	-0.0034014045	-0.0051499314	-0.0035926259	-0.0045915396	-0.0044393162	-0.0046648044	-0.0036278012	-0.0045550170	-0.0058260160	-0.0050165614	-0.0045051993	-0.0039440468	-0.0055853289	-0.0058613957	-0.0060702300	-0.0052731652	-0.0051579920	-0.0055750251	-0.0040996369	-0.0046951328	-0.0046068921	-0.0047983462	-0.0060977741	-0.0040103723	-0.0039266910	-0.0035540960	-0.0052804062	-0.0042087365	-0.0051375544	-0.0049089696	-0.0052775626	-0.0045337000	-0.0050871451	-0.0051536254	-0.0060500238	-0.0056714651	-0.0041901919	-0.0047257559	-0.0057441763	-0.0053947682	-0.0054288604	-0.0064344399	-0.0039816384	-0.0036294783	-0.0065906934	-0.0061902179	-0.0037382086	-0.0052510695	-0.0036236617	-0.0056610796	-0.0039536126	-0.0041354106	-0.0042737328	-0.0059966168	-0.0050013668	-0.0039274645	-0.0035752027	-0.0054846511	-0.0042952417	-0.0045106320	-0.0058882672	-0.0040467186	-0.0033099438	-0.0044592340	-0.0039562630	-0.0035014041	-0.0035969082	-0.0054726424	-0.0049180480	-0.0059223935	-0.0029973893	-0.0052976201	-0.0044299013	-0.0067918186	-0.0047919396	-0.0036734934	-0.0050881217	-0.0046979293
-0.0060502748	-0.0048387412	-0.0043757340	0.5115854079	-0.0057298014	-0.0049412955	-0.0040719579	-0.0062550282	-0.0048467954	-0.0046520119	-0.0051535753	-0.0060279048	-0.0035974626	-0.0050005557	-0.0050578770	-0.0049625878	-0.0057040786	-0.0052672633	-0.0048490589	-0.0058649966	-0.0029222154	-0.0036557661	-0.0042082358	-0.0054012433	-0.0029306322	-0.0046370949	-0.0043852095	-0.0045189322	-0.0039134607	-0.0048195412	-0.0068062845	-0.0059216929	-0.0058139889	-0.0054545291	-0.0065672186	-0.0037796919	-0.0030685752	-0.0053250984	-0.0058916168	-0.0038213363	-0.0059403548	-0.0054560275	-0.0042920878	-0.0052855806	-0.0046761587	-0.0055047322	-0.0070056339	-0.0059169824	-0.0066756497	-0.0046069769	-0.0053637002	-0.0059217486	-0.0062179537	-0.0043271157	-0.0049635782	-0.0046106766	-0.0057993891	-0.0044868833	-0.0057597656	-0.0048009446	-0.0031545433	-0.0041244073	-0.0067095989	-0.0044537491	-0.0056596587	-0.0047853961	-0.0052900758	-0.0056757206	-0.0028087700	-0.0045530487	-0.0049332644	-0.0059988793	-0.0056762160	-0.0039413224	-0.0057099864	-0.0047118808	-0.0029549327	-0.0041783263	-0.0042835047	-0.0047167984	-0.0065250622	-0.0059076029	-0.0055115061	-0.0039808157	-0.0055106850	-0.0046646225	-0.0057391150	-0.0049489029	-0.0040232990	-0.0048432599	-0.0046206078	-0.0035352482	-0.0040882316	-0.0049626754	-0.0039927607	-0.0043674021	-0.0042892876	-0.0065286656	-0.0050612808	-0.0051100401	-0.0052169524	-0.0049464107	-0.0045604367	-0.0056291522
-0.0063574424	-0.0050611372	-0.0059137136	-0.0057298014	0.5192942413	-0.0047429732	-0.0049450207	-0.0053039820	-0.0042748696	-0.0052244548	-0.0054290955	-0.0047680654	-0.0051205604	-0.0031885740	-0.0039347347	-0.0060237563	-0.0029592412	-0.0055001619	-0.0053042317	-0.0047133449	-0.0048314716	-0.0048730787	-0.0043108988	-0.0035788279	-0.0054144307	-0.0056418455	-0.0045642120	-0.0062550653	-0.0036442502	-0.0052195715	-0.0049867059	-0.0047871014	-0.0035429474	-0.0056046713	-0.0044478244	-0.0060724408	-0.0039306418	-0.0043861118	-0.0049375025	-0.0061151417	-0.0067409441	-0.0054812051	-0.0032054856	-0.0042576199	-0.0048182007	-0.0057537525	-0.0042094499	-0.0062206414	-0.0042374851	-0.0052913258	-0.0049178780	-0.0054765038	-0.0050610861	-0.0034822313	-0.0052633460	-0.0055431007	-0.0067540431	-0.0061868209	-0.0058624213	-0.0058943107	-0.0050931296	-0.0032962289	-0.0044768357	-0.0060043316	-0.0056854062	-0.0035123688	-0.0044674904	-0.0056245853	-0.0064451637	-0.0041288687	-0.0049165174	-0.0043401896	-0.0047368543	-0.0045461399	-0.0061450317	-0.0041813138	-0.0053654753	-0.0065286269	-0.0051855478	-0.0047728410	-0.0039582761	-0.0043046933	-0.0051833446	-0.0052027150	-0.0058372865	-0.0049661355	-0.0060352260	-0.0044903072	-0.0045615129	-0.0050960359	-0.0055964257	-0.0047894579	-0.0055695487	-0.0048160607	-0.0045530414	-0.0048241890	-0.0058558894	-0.0058071359	-0.0030044903	-0.0063766259	-0.0060594972	-0.0056206348	-0.0053578706	-0.0056771400
-0.0048822346	-0.0045620410	-0.0041497611	-0.0049412955	-0.0047429732	0.4872897746	-0.0054780628	-0.0054143482	-0.0035149683	-0.0033056130	-0.0048423798	-0.0044738234	-0.0035195159	-0.0045963042	-0.0024047415	-0.0043940602	-0.0058429688	-0.0049826023	-0.0044934903	-0.0053866935	-0.0032496829	-0.0043574553	-0.0050590899	-0.0039951707	-0.0055064866	-0.0045198041	-0.0043378776	-0.0066634520	-0.0034021553	-0.0047586133	-0.0042614779	-0.0057911109	-0.0062986518	-0.0053934497	-0.0049603624	-0.0055373527	-0.0029362428	-0.0042560874	-0.0046953600	-0.0058545743	-0.0037758760	-0.0049391710	-0.0041334245	-0.0061380253	-0.0059078186	-0.0052423914	-0.0060177844	-0.0052353723	-0.0057134929	-0.0051242652	-0.0035636665	-0.0032467236	-0.0041761871	-0.0038710320	-0.0040750052	-0.0063835392	-0.0050896921	-0.0050612807	-0.0037864030	-0.0061015334	-0.0040786113	-0.0043996146	-0.0043552618	-0.0065070442	-0.0050476508	-0.0043851640	-0.0044253588	-0.0035157969	-0.0030417910	-0.0050968190	-0.0062617272	-0.0034962348	-0.0046323554	-0.0043579444	-0.0046084344	-0.0045652799	-0.0037777792	-0.0043583222	-0.0039001151	-0.0063414320	-0.0063580360	-0.0053056577	-0.0043832139	-0.0063356290	-0.0070243933	-0.0045310185	-0.0050790054	-0.0062228335	-0.0051082735	-0.0056121116	-0.0043948800	-0.0045479173	-0.0052854126	-0.0029366959	-0.0035632671	-0.0034691602	-0.0047040138	-0.0042843792	-0.0053155259	-0.0062292584	-0.0029999755	-0.0043109307	-0.0051394380	-0.0036509913
-0.0056103389	-0.0028167459	-0.0042253600	-0.0040719579	-0.0049450207	-0.0054780628	0.5134276670	-0.0060284407	-0.0060693470	-0.0042592626	-0.0041809775	-0.0055586695	-0.0038394284	-0.0063626090	-0.0033055943	-0.0052444980	-0.0039464594	-0.0027500129	-0.0049105584	-0.0053767559	-0.0054515961	-0.0060107090	-0.0042053281	-0.0055927739	-0.0055255226	-0.0051847233	-0.0044801536	-0.0051936120	-0.0030989265	-0.0060203607	-0.0043392269	-0.0051508020	-0.0031328642	-0.0044598310	-0.0061875969	-0.0068518416	-0.0044980787	-0.0063343203	-0.0060727900	-0.0049402628	-0.0059614018	-0.0058581681	-0.0054659219	-0.0057319907	-0.0045062068	-0.0067792388	-0.0053699094	-0.0066997311	-0.0056812338	-0.0044294199	-0.0053228871	-0.0038992764	-0.0052845013	-0.0058681662	-0.0042101410	-0.0033649301	-0.0050916399	-0.0055980125	-0.0053140176	-0.0062826901	-0.0047149940	-0.0037926085	-0.0045648097	-0.0055477072	-0.0031653328	-0.0054788095	-0.0042230239	-0.0069932911	-0.0051426945	-0.0060741838	-0.0037036128	-0.0044116705	-0.0050377908	-0.0048856459	-0.0052465913	-0.0067535762	-0.0045894015	-0.0054688181	-0.0048845674	-0.0043891059	-0.0054890346	-0.0043186247	-0.0054844544	-0.0055700671	-0.0050366723	-0.0056845721	-0.0025489486	-0.0029038413	-0.0057838747	-0.0052015481	-0.0051682108	-0.0061315896	-0.0033005054	-0.0044208665	-0.0055509042	-0.0042708249	-0.0053711541	-0.0061007600	-0.0036088965	-0.0041153292	-0.0047796668	-0.0036601403	-0.0062288617	-0.0051991793
-0.0056170128	-0.0063827576	-0.0042411562	-0.0062550282	-0.0053039820	-0.0054143482	-0.0060284407	0.5554082573	-0.0038183796	-0.0030193878	-0.0052867032	-0.0072987050	-0.0048856653	-0.0059220060	-0.0032585741	-0.0049661598	-0.0030871008	-0.0054197323	-0.0069820611	-0.0057016175	-0.0056320555	-0.0050640129	-0.0073064507	-0.0052277589	-0.0044142782	-0.0059244894	-0.0042829249	-0.0059699856	-0.0055684578	-0.0042355024	-0.0051021836	-0.0070259689	-0.0054604096	-0.0056462252	-0.0047655675	-0.0066045812	-0.0043255547	-0.0060486067	-0.0058184851	-0.0056141393	-0.0057082242	-0.0046725695	-0.0066751923	-0.0055939339	-0.0061935864	-0.0069875912	-0.0056245308	-0.0049835532	-0.0056162135	-0.0065921750	-0.0051495549	-0.0055512596	-0.0045285686	-0.0058792148	-0.0046872894	-0.0052902219	-0.0038868977	-0.0062394559	-0.0044549031	-0.0042299288	-0.0046628928	-0.0041421523	-0.0047049507	-0.0067426268	-0.0051988350	-0.0048762990	-0.0050679849	-0.0067192303	-0.0046138250	-0.0033356608	-0.0052079609	-0.0064294006	-0.0054028167	-0.0058574794	-0.0073498661	-0.0056756150	-0.0057871546	-0.0053960925	-0.0060335931	-0.0072654527	-0.0046183607	-0.0061454431	-0.0033803679	-0.0049028888	-0.0055558363	-0.0037651720	-0.0049983857	-0.0034987045	-0.0043394520	-0.0057472832	-0.0061306210	-0.0048063037	-0.0051215638	-0.0054819479	-0.0061811781	-0.0062185531	-0.0063326790	-0.0063881883	-0.0056803731	-0.0049654393	-0.0052310309	-0.0047657030	-0.0065871391	-0.0066244333
-0.0061634987	-0.0041666078	-0.0031582039	-0.0048467954	-0.0042748696	-0.0035149683	-0.0060693470	-0.0038183796	0.4905671248	-0.0033558455	-0.0046429858	-0.0044496836	-0.0057318963	-0.0042686174	-0.0023296397	-0.0048290241	-0.0045035824	-0.0042754707	-0.0048969073	-0.0034618792	-0.0035988605	-0.0048936501	-0.0050732419	-0.0034888389	-0.0045907768	-0.0048285819	-0.0036531698	-0.0065396470	-0.0040265725	-0.0047595965	-0.0066055740	-0.0036141277	-0.0040929909	-0.0041442865	-0.0047019532	-0.0073676951	-0.0048626675	-0.0060441371	-0.0059252685	-0.0049658484	-0.0061069656	-0.0045412785	-0.0044695911	-0.0043171035	-0.0064900362	-0.0043498321	-0.0046338615	-0.0061353702	-0.0053959687	-0.0060647386	-0.0056994207	-0.0035065366	-0.0053174683	-0.0041806740	-0.0028187864	-0.0051411411	-0.0044152670	-0.0057309584	-0.0063819322	-0.0047630339	-0.0052633659	-0.0049712753	-0.0047646358	-0.0058132329	-0.0034756638	-0.0045759808	-0.0025717424	-0.0052847189	-0.0061615669	-0.0049204275	-0.0051969928	-0.0057698812	-0.0046277122	-0.0049410711	-0.0037883933	-0.0045477569	-0.0055502834	-0.0059784591	-0.0025732579	-0.0031303727	-0.0059163527	-0.0038336992	-0.0052688331	-0.0063195070	-0.0046000082	-0.0052810617	-0.0038375705	-0.0052673754	-0.0037290793	-0.0045850152	-0.0050897546	-0.0046154223	-0.0045253937	-0.0021037673	-0.0030561286	-0.0053878974	-0.0052001255	-0.0065726531	-0.0054345448	-0.0036676525	-0.0043176027	-0.0052098896	-0.0058790723	-0.0059662758
-0.0045613141	-0.0049596682	-0.0053077179	-0.0046520119	-0.0052244548	-0.0033056130	-0.0042592626	-0.0030193878	-0.0033558455	0.5032698502	-0.0038883524	-0.0051786898	-0.0050565036	-0.0052551318	-0.0036719201	-0.0060567119	-0.0026155758	-0.0039606197	-0.0056656677	-0.0039769710	-0.0045586182	-0.0049943754	-0.0050822509	-0.0041668008	-0.0036730236	-0.0054852728	-0.0043935994	-0.0056075297	-0.0028227080	-0.0034550420	-0.0069111676	-0.0057708923	-0.0040929662	-0.0053740858	-0.0042462119	-0.0064264730	-0.0042529218	-0.0047486571	-0.0053567455	-0.0056469830	-0.0074995124	-0.0063283066	-0.0056405924	-0.0055112406	-0.0049417006	-0.0052153427	-0.0039354348	-0.0047122057	-0.0057400063	-0.0047629568	-0.0049336341	-0.0046097548	-0.0054298537	-0.0043914077	-0.0043597213	-0.0047486652	-0.0062933250	-0.0054295294	-0.0053730626	-0.0046360887	-0.0040456906	-0.0044576779	-0.0057354899	-0.0067485794	-0.0050416136	-0.0043583848	-0.0037800484	-0.0055791179	-0.0050620645	-0.0046310333	-0.0052458181	-0.0060008363	-0.0058680153	-0.0047344060	-0.0049353620	-0.0044339324	-0.0042534300	-0.0048690049	-0.0040907207	-0.0059424096	-0.0051743598	-0.0053434416	-0.0043344959	-0.0050176100	-0.0065336373	-0.0057259761	-0.0047787384	-0.0034342523	-0.0039093854	-0.0057512684	-0.0046125608	-0.0049307041	-0.0046165649	-0.0043013711	-0.0043798735	-0.0056176170	-0.0049920191	-0.0056202799	-0.0049971876	-0.0065410803	-0.0033127570	-0.0050506096	-0.0039455543	-0.0050047839
-0.0058655408	-0.0043793990	-0.0046807573	-0.0051535753	-0.0054290955	-0.0048423798	-0.0041809775	-0.0052867032	-0.0046429858	-0.0038883524	0.4784913356	-0.0058201225	-0.0051146900	-0.0046276245	-0.0042427556	-0.0053559556	-0.0045507615	-0.0033543247	-0.0052319760	-0.0046699416	-0.0042878241	-0.0044873442	-0.0046694674	-0.0031956353	-0.0036397768	-0.0050539324	-0.0023834951	-0.0045787781	-0.0046683107	-0.0037072712	-0.0047260868	-0.0062344114	-0.0043120721	-0.0051247836	-0.0048779203	-0.0067538541	-0.0044865272	-0.0059532867	-0.0043381549	-0.0040926213	-0.0045216743	-0.0052415055	-0.0063989648	-0.0038877698	-0.0045860168	-0.0069018253	-0.0050835533	-0.0037315086	-0.0054963448	-0.0046575190	-0.0051116057	-0.0031427154	-0.0059618760	-0.0039684754	-0.0042877938	-0.0042422063	-0.0048676681	-0.0046319719	-0.0044377504	-0.0040720716	-0.0044541442	-0.0049795848	-0.0061389963	-0.0053799147	-0.0058971994	-0.0042737468	-0.0050898782	-0.0048181857	-0.0049626436	-0.0045145175	-0.0034940127	-0.0040532674	-0.0039622112	-0.0043079897	-0.0040704372	-0.0044731571	-0.0041789021	-0.0051805580	-0.0050453981	-0.0039125674	-0.0038809755	-0.0053465665	-0.0059723662	-0.0054174697	-0.0043446084	-0.0050865575	-0.0042719318	-0.0027788070	-0.0039281718	-0.0048245489	-0.0054424807	-0.0040843045	-0.0024597301	-0.0037251221	-0.0040241895	-0.0043686871	-0.0047672051	-0.0049252031	-0.0039592956	-0.0074253548	-0.0031450235	-0.0040658238	-0.0041077550	-0.0048315567
-0.0060598341	-0.0050579807	-0.0065312607	-0.0060279048	-0.0047680654	-0.0044738234	-0.0055586695	-0.0072987050	-0.0044496836	-0.0051786898	-0.0058201225	0.5286867874	-0.0064887239	-0.0043024133	-0.0049113218	-0.0053425276	-0.0054635645	-0.0051669935	-0.0069990533	-0.0056385472	-0.0046145780	-0.0041252542	-0.0057384254	-0.0053384647	-0.0061968447	-0.0067480038	-0.0053672528	-0.0040111918	-0.0045347443	-0.0059362137	-0.0059414101	-0.0049126255	-0.0069425747	-0.0067554811	-0.0065916177	-0.0066936603	-0.0051924714	-0.0066194778	-0.0060176953	-0.0051386016	-0.0071393165	-0.0043535437	-0.0048373694	-0.0039858756	-0.0046526164	-0.0038613211	-0.0061195891	-0.0028387345	-0.0039874949	-0.0051285536	-0.0053777116	-0.0041276145	-0.0046817999	-0.0031762289	-0.0056498258	-0.0037021369	-0.0050606157	-0.0049964849	-0.0047148060	-0.0041767112	-0.0056944667	-0.0039034933	-0.0050346636	-0.0047209042	-0.0038587066	-0.0058268867	-0.0037526932	-0.0050754890	-0.0058813509	-0.0040450268	-0.0057670831	-0.0032575334	-0.0059904675	-0.0074603400	-0.0033744350	-0.0050504327	-0.0044512033	-0.0053226069	-0.0042356126	-0.0048339094	-0.0054635127	-0.0043786807	-0.0045563965	-0.0054086781	-0.0046657218	-0.0059074411	-0.0044347367	-0.0052421604	-0.0046047041	-0.0052172621	-0.0055485441	-0.0045510084	-0.0036174260	-0.0028424247	-0.0052996951	-0.0051727051	-0.0035019405	-0.0048629790	-0.0067625376	-0.0055228448	-0.0049458078	-0.0053269059	-0.0071168130	-0.0046757326
-0.0050904391	-0.0038250549	-0.0045773993	-0.0035974626	-0.0051205604	-0.0035195159	-0.0038394284	-0.0048856653	-0.0057318963	-0.0050565036	-0.0051146900	-0.0064887239	0.4801316793	-0.0042949933	-0.0037714517	-0.0043066748	-0.0048603069	-0.0055489188	-0.0046571280	-0.0057999695	-0.0035048492	-0.0039294359	-0.0056620611	-0.0037030916	-0.0036692819	-0.0045671996	-0.0064491054	-0.0064513186	-0.0042773796	-0.0039809099	-0.0055436500	-0.0027792568	-0.0043760532	-0.0058948653	-0.0040772021	-0.0057703618	-0.0055986314	-0.0062299667	-0.0063406238	-0.0030689393	-0.0050505313	-0.0050174462	-0.0053121883	-0.0053886726	-0.0033118610	-0.0039999189	-0.0046329353	-0.0046912824	-0.0062135815	-0.0019719354	-0.0039092783	-0.0053912790	-0.0037924376	-0.0056255935	-0.0053506866	-0.0059264734	-0.0055267936	-0.0045353701	-0.0043103751	-0.0048543061	-0.0057501914	-0.0035593013	-0.0043001711	-0.0048069323	-0.0041277282	-0.0017939374	-0.0033384420	-0.0054414072	-0.0054920384	-0.0037949928	-0.0048525116	-0.0032879174	-0.0043633034	-0.0047010411	-0.0034860640	-0.0045326731	-0.0058250353	-0.0039042329	-0.0054579206	-0.0052011390	-0.0055498788	-0.0054354687	-0.0049833360	-0.0061640994	-0.0047185491	-0.0053380032	-0.0046661405	-0.0033165428	-0.0021636764	-0.0039316962	-0.0053505288	-0.0046788375	-0.0041925371	-0.0038318978	-0.0038550530	-0.0050520756	-0.0055711633	-0.0060866512	-0.0047762703	-0.0034855514	-0.0046199090	-0.0061955263	-0.0028069745	-0.0045704198
-0.0041637100	-0.0051838786	-0.0043003144	-0.0050005557	-0.0031885740	-0.0045963042	-0.0063626090	-0.0059220060	-0.0042686174	-0.0052551318	-0.0046276245	-0.0043024133	-0.0042949933	0.5133421538	-0.0054305652	-0.0040600137	-0.0036268870	-0.0048553399	-0.0055167666	-0.0053502323	-0.0049071469	-0.0048903172	-0.0072078499	-0.0049018395	-0.0044350735	-0.0051468554	-0.0058338343	-0.0057912093	-0.0042352167	-0.0047480318	-0.0065512601	-0.0050017876	-0.0043643489	-0.0048866648	-0.0049748034	-0.0048416953	-0.0046177186	-0.0064950364	-0.0052094683	-0.0046693824	-0.0054077883	-0.0066597527	-0.0049561508	-0.0053299235	-0.0048872576	-0.0057483483	-0.0047878238	-0.0056185050	-0.0049453286	-0.0041650213	-0.0059839888	-0.0038067638	-0.0067901890	-0.0049040103	-0.0053799960	-0.0039407984	-0.0043022581	-0.0054867004	-0.0048851457	-0.0050084807	-0.0049241056	-0.0037343388	-0.0038245802	-0.0057027870	-0.0053387845	-0.0040439392	-0.0035044974	-0.0044676246	-0.0047955744	-0.0048962973	-0.0035840704	-0.0044199110	-0.0052319139	-0.0054206842	-0.0048335270	-0.0060574534	-0.0040761965	-0.0050483323	-0.0042077933	-0.0056027385	-0.0058203746	-0.0045292328	-0.0052252706	-0.0056299673	-0.0038899557	-0.0073999243	-0.0049894946	-0.0058102925	-0.0043254658	-0.0043328046	-0.0054262210	-0.0051830446	-0.0042059962	-0.0036558819	-0.0042640281	-0.0058570176	-0.0046150202	-0.0044001063	-0.0061037166	-0.0059399155	-0.0057086201	-0.0046581675	-0.0054850971	-0.0051610804
-0.0037945074	-0.0027747892	-0.0040474527	-0.0050578770	-0.0039347347	-0.0024047415	-0.0033055943	-0.0032585741	-0.0023296397	-0.0036719201	-0.0042427556	-0.0049113218	-0.0037714517	-0.0054305652	0.4086963957	-0.0029676557	-0.0021450554	-0.0042753967	-0.0045668809	-0.0049320301	-0.0024831726	-0.0055727463	-0.0048791674	-0.0022826114	-0.0039377495	-0.0044525570	-0.0048744764	-0.0038289478	-0.0045013697	-0.0030688270	-0.0045673983	-0.0038261384	-0.0045836134	-0.0031716616	-0.0040890419	-0.0050134282	-0.0019380421	-0.0041513289	-0.0044373945	-0.0041470520	-0.0021272290	-0.0032539022	-0.0034377005	-0.0045293758	-0.0042647948	-0.0037228377	-0.0048504781	-0.0044013452	-0.0043993247	-0.0033061109	-0.0050540404	-0.0046141994	-0.0032008975	-0.0027935433	-0.0047720535	-0.0038379647	-0.0047109588	-0.0019470534	-0.0036110135	-0.0056984108	-0.0037500363	-0.0024803576	-0.0044755249	-0.0045751370	-0.0041656209	-0.0039698775	-0.0028175039	-0.0038923434	-0.0042646537	-0.0046042394	-0.0040201123	-0.0031319077	-0.0025954618	-0.0050557781	-0.0036667161	-0.0036189028	-0.0042302069	-0.0061474195	-0.0031810271	-0.0047173900	-0.0043157900	-0.0044446453	-0.0048339432	-0.0035389713	-0.0041060577	-0.0056183990	-0.0039430645	-0.0044053461	-0.0012647463	-0.0038090903	-0.0046707970	-0.0030610601	-0.0043203616	-0.0023428247	-0.0044708127	-0.0049455398	-0.0040877692	-0.0041534811	-0.0054582889	-0.0049910926	-0.0041758335	-0.0041512308	-0.0032912015	-0.0047729290
-0.0053430880	-0.0037344969	-0.0035665110	-0.0049625878	-0.0060237563	-0.0043940602	-0.0052444980	-0.0049661598	-0.0048290241	-0.0060567119	-0.0053559556	-0.0053425276	-0.0043066748	-0.0040600137	-0.0029676557	0.4688174810	-0.0049161208	-0.0032985743	-0.0031195288	-0.0047255683	-0.0021529768	-0.0025245402	-0.0061213670	-0.0032838427	-0.0045359744	-0.0054107272	-0.0048079995	-0.0058449982	-0.0034605166	-0.0029148686	-0.0047130432	-0.0035277028	-0.0036816075	-0.0039597367	-0.0049001621	-0.0034541924	-0.0042229414	-0.0034059904	-0.0053611833	-0.0048853579	-0.0042763709	-0.0036530634	-0.0067160779	-0.0043786833	-0.0036614783	-0.0047601275	-0.0039406452	-0.0074879672	-0.0069863459	-0.0049681728	-0.0027919661	-0.0036835908	-0.0036126032	-0.0052563840	-0.0029953900	-0.0052482313	-0.0070903585	-0.0042051546	-0.0056314763	-0.0051267283	-0.0033691599	-0.0032885485	-0.0051085118	-0.0067448767	-0.0051850380	-0.0040362407	-0.0037633366	-0.0062206101	-0.0045776640	-0.0058965833	-0.0056074976	-0.0058236422	-0.0043247872	-0.0041241018	-0.0049991194	-0.0034850521	-0.0042193938	-0.0037935615	-0.0046100409	-0.0062384565	-0.0050028008	-0.0044293113	-0.0040077157	-0.0053907180	-0.0052954369	-0.0053750777	-0.0037030911	-0.0042212735	-0.0040635489	-0.0049239269	-0.0053669097	-0.0036476052	-0.0046734178	-0.0034767657	-0.0020850948	-0.0053027737	-0.0035834464	-0.0044139365	-0.0053767822	-0.0062052911	-0.0035344629	-0.0037531903	-0.0039790467	-0.0047355771
-0.0039954407	-0.0052433674	-0.0044804863	-0.0057040786	-0.0029592412	-0.0058429688	-0.0039464594	-0.0030871008	-0.0045035824	-0.0026155758	-0.0045507615	-0.0054635645	-0.0048603069	-0.0036268870	-0.0021450554	-0.0049161208	0.4782503917	-0.0032518158	-0.0067569553	-0.0043074993	-0.0053294095	-0.0043378645	-0.0036427227	-0.0040441688	-0.0037367146	-0.0041445060	-0.0054218796	-0.0050123856	-0.0027631028	-0.0044112189	-0.0042755303	-0.0062553641	-0.0031711089	-0.0030037511	-0.0058241169	-0.0078419377	-0.0039556992	-0.0048595428	-0.0057481006	-0.0051027772	-0.0041614966	-0.0043751279	-0.0041173913	-0.0039650135	-0.0038978801	-0.0065906455	-0.0042564201	-0.0070102298	-0.0035489935	-0.0041645860	-0.0045162815	-0.0033515208	-0.0058559060	-0.0053083307	-0.0070748248	-0.0052568798	-0.0050088562	-0.0048288689	-0.0055682247	-0.0042632476	-0.0032567904	-0.0035611247	-0.0054158294	-0.0053030219	-0.0042965938	-0.0045373060	-0.0046053255	-0.0051252906	-0.0044360817	-0.0038559076	-0.0034316537	-0.0052618263	-0.0040174724	-0.0045539455	-0.0054450828	-0.0039111439	-0.0028603866	-0.0060382097	-0.0051438508	-0.0044382100	-0.0051320690	-0.0065420415	-0.0051736787	-0.0048342309	-0.0046839143	-0.0053181982	-0.0042138636	-0.0061226932	-0.0037393560	-0.0045715172	-0.0066641444	-0.0045916040	-0.0039285503	-0.0032792306	-0.0034494144	-0.0035940289	-0.0048015341	-0.0063095219	-0.0053565731	-0.0051047126	-0.0057254580	-0.0053061666	-0.0050901502	-0.0029627915
-0.0047435473	-0.0054613832	-0.0054417731	-0.0052672633	-0.0055001619	-0.0049826023	-0.0027500129	-0.0054197323	-0.0042754707	-0.0039606197	-0.0033543247	-0.0051669935	-0.0055489188	-0.0048553399	-0.0042753967	-0.0032985743	-0.0032518158	0.4960090118	-0.0042805385	-0.0043415622	-0.0027467700	-0.0049287898	-0.0049465449	-0.0044650583	-0.0052476920	-0.0061641170	-0.0046265027	-0.0051415883	-0.0045559489	-0.0060824246	-0.0065548566	-0.0047848102	-0.0038290347	-0.0053671928	-0.0061537338	-0.0056882375	-0.0047993123	-0.0044023264	-0.0058099206	-0.0045017934	-0.0063084519	-0.0045180531	-0.0052891430	-0.0047932918	-0.0039403086	-0.0054867587	-0.0046228370	-0.0052926230	-0.0049381802	-0.0048968628	-0.0041432990	-0.0030484955	-0.0043276544	-0.0037861166	-0.0047515565	-0.0051604952	-0.0061052652	-0.0046704160	-0.0059381558	-0.0051549615	-0.0026404599	-0.0042543117	-0.0033362076	-0.0044504552	-0.0054059887	-0.0055225898	-0.0057095598	-0.0053053460	-0.0060372356	-0.0051214647	-0.0062983062	-0.0057674385	-0.0044250710	-0.0046465007	-0.0036994629	-0.0041905846	-0.0053018601	-0.0045318033	-0.0053621599	-0.0050488931	-0.0051994481	-0.0061987801	-0.0055599472	-0.0067889397	-0.0057587354	-0.0053049298	-0.0045234335	-0.0035251098	-0.0048223181	-0.0041085263	-0.0056171119	-0.0053568409	-0.0044172804	-0.0041264861	-0.0033834945	-0.0045562625	-0.0047715198	-0.0050146638	-0.0036568901	-0.0051211687	-0.0041754858	-0.0041136894	-0.0044643148	-0.0042423239
-0.0044737592	-0.0039110238	-0.0030621585	-0.0048490589	-0.0053042317	-0.0044934903	-0.0049105584	-0.0069820611	-0.0048969073	-0.0056656677	-0.0052319760	-0.0069990533	-0.0046571280	-0.0055167666	-0.0045668809	-0.0031195288	-0.0067569553	-0.0042805385	0.5484504573	-0.0060170436	-0.0050575758	-0.0034869594	-0.0060098931	-0.0037926162	-0.0048168285	-0.0048868416	-0.0044854261	-0.0061450033	-0.0040132319	-0.0055360678	-0.0066151876	-0.0060574133	-0.0045434455	-0.0047951989	-0.0077957237	-0.0069263152	-0.0058997874	-0.0057994581	-0.0053585449	-0.0044605838	-0.0060074455	-0.0043499509	-0.0058304175	-0.0046089318	-0.0057312466	-0.0057681250	-0.0055852199	-0.0051078530	-0.0049439475	-0.0055303215	-0.0059399364	-0.0061921965	-0.0064049850	-0.0055620503	-0.0041245838	-0.0052802698	-0.0069672324	-0.0061553168	-0.0054604708	-0.0067398027	-0.0047901190	-0.0060047553	-0.0041638771	-0.0052551435	-0.0059908922	-0.0048054242	-0.0051276191	-0.0055584662	-0.0065075936	-0.0061716532	-0.0061868895	-0.0051960822	-0.0063749827	-0.0046435698	-0.0049770761	-0.0033302279	-0.0047737082	-0.0056633901	-0.0063960864	-0.0058025698	-0.0051816318	-0.0055450569	-0.0057544269	-0.0055954240	-0.0059657581	-0.0063072305	-0.0057404781	-0.0047928835	-0.0043792328	-0.0052001028	-0.0063062186	-0.0036785541	-0.0058427062	-0.0019599033	-0.0051851818	-0.0052629026	-0.0051516019	-0.0073460412	-0.0046451893	-0.0044725737	-0.0055666011	-0.0048742321	-0.0056512447	-0.0058579616
-0.0056223430	-0.0042713390	-0.0052790295	-0.0058649966	-0.0047133449	-0.0053866935	-0.0053767559	-0.0057016175	-0.0034618792	-0.0039769710	-0.0046699416	-0.0056385472	-0.0057999695	-0.0053502323	-0.0049320301	-0.0047255683	-0.0043074993	-0.0043415622	-0.0060170436	0.5467917850	-0.0056105395	-0.0057084184	-0.0060816469	-0.0046946036	-0.0052579879	-0.0047061542	-0.0039862404	-0.0059246858	-0.0056579519	-0.0042662138	-0.0060042188	-0.0050512672	-0.0053693598	-0.0052456329	-0.0040892773	-0.0058185089	-0.0058349571	-0.0042931644	-0.0070192751	-0.0054685976	-0.0066081014	-0.0052912019	-0.0064052326	-0.0039304922	-0.0040826727	-0.0065218377	-0.0066825176	-0.0064539522	-0.0064532241	-0.0049865233	-0.0052688397	-0.0065783074	-0.0058101701	-0.0054686710	-0.0043362393	-0.0055107373	-0.0051487983	-0.0052025020	-0.0039391365	-0.0063267255	-0.0069243125	-0.0044698565	-0.0063728611	-0.0062537502	-0.0065534142	-0.0058228692	-0.0047888371	-0.0046481976	-0.0066347366	-0.0037478006	-0.0051848388	-0.0043958224	-0.0053714734	-0.0046955077	-0.0057187800	-0.0056533372	-0.0057330998	-0.0055546483	-0.0048922899	-0.0042441292	-0.0066047636	-0.0068032398	-0.0051597505	-0.0058506177	-0.0045094607	-0.0064471883	-0.0050119079	-0.0059907791	-0.0066508331	-0.0054332578	-0.0052112289	-0.0040658909	-0.0041341116	-0.0043243826	-0.0043217370	-0.0049517699	-0.0040163900	-0.0056722697	-0.0055790993	-0.0056075878	-0.0048153611	-0.0042346174	-0.0057375154	-0.0054655141
-0.0050709265	-0.0034666834	-0.0033619509	-0.0029222154	-0.0048314716	-0.0032496829	-0.0054515961	-0.0056320555	-0.0035988605	-0.0045586182	-0.0042878241	-0.0046145780	-0.0035048492	-0.0049071469	-0.0024831726	-0.0021529768	-0.0053294095	-0.0027467700	-0.0050575758	-0.0056105395	0.4001486666	-0.0056580071	-0.0046278392	-0.0023199139	-0.0027028331	-0.0041634430	-0.0039057698	-0.0045418212	-0.0033644634	-0.0041619580	-0.0053058736	-0.0033776905	-0.0026499081	-0.0020790703	-0.0039406921	-0.0034176339	-0.0005981567	-0.0042172575	-0.0035718685	-0.0057081570	-0.0051136485	-0.0049354934	-0.0034335897	-0.0045408731	-0.0035621772	-0.0040816076	-0.0046277769	-0.0035575222	-0.0060382360	-0.0047804998	-0.0034216103	-0.0046296091	-0.0029690031	-0.0026176639	-0.0042203679	-0.0047931250	-0.0063756690	-0.0011277923	-0.0043238238	-0.0042432893	-0.0020866626	-0.0030490443	-0.0052969379	-0.0041808404	-0.0059159794	-0.0025504742	-0.0041995839	-0.0051929167	-0.0043846686	-0.0019220837	-0.0043175462	-0.0045477781	-0.0032608150	-0.0037850180	-0.0034836878	-0.0030931795	-0.0049085320	-0.0023806385	-0.0036636491	-0.0036596802	-0.0049360430	-0.0045088938	-0.0029941477	-0.0023447361	-0.0022338210	-0.0026122585	-0.0036064507	-0.0033144867	-0.0047071783	-0.0020333528	-0.0038858548	-0.0039280570	-0.0045797152	-0.0035416154	-0.0037974422	-0.0032184818	-0.0027907384	-0.0038861231	-0.0045026648	-0.0044688530	-0.0031815396	-0.0044011698	-0.0049993591	-0.0032513294
-0.0039020979	-0.0041185326	-0.0054278452	-0.0036557661	-0.0048730787	-0.0043574553	-0.0060107090	-0.0050640129	-0.0048936501	-0.0049943754	-0.0044873442	-0.0041252542	-0.0039294359	-0.0048903172	-0.0055727463	-0.0025245402	-0.0043378645	-0.0049287898	-0.0034869594	-0.0057084184	-0.0056580071	0.4898989766	-0.0055916597	-0.0051086397	-0.0041971835	-0.0047701867	-0.0041862019	-0.0045447857	-0.0047071231	-0.0057931003	-0.0052837735	-0.0039264931	-0.0056810686	-0.0075925830	-0.0049498831	-0.0062640724	-0.0038801083	-0.0051441417	-0.0044832095	-0.0049231455	-0.0042147089	-0.0040895459	-0.0059564394	-0.0053644422	-0.0047312087	-0.0073340243	-0.0050581610	-0.0056936399	-0.0060251626	-0.0054522464	-0.0049704847	-0.0041526384	-0.0054119768	-0.0029889385	-0.0029180719	-0.0053097799	-0.0040956107	-0.0042369123	-0.0051229823	-0.0050282745	-0.0043464925	-0.0041887993	-0.0048552016	-0.0047556613	-0.0060429705	-0.0052575285	-0.0037925459	-0.0042541230	-0.0034946301	-0.0053122630	-0.0040370027	-0.0040946541	-0.0044974106	-0.0050935031	-0.0054810293	-0.0043869108	-0.0056708073	-0.0045995875	-0.0029089694	-0.0044933851	-0.0071897253	-0.0031293970	-0.0055026769	-0.0048010836	-0.0060764756	-0.0059721716	-0.0042581072	-0.0033453878	-0.0039459197	-0.0026474205	-0.0052904210	-0.0058916995	-0.0040602754	-0.0026300288	-0.0033617422	-0.0051575923	-0.0051802198	-0.0027641981	-0.0041803042	-0.0046990903	-0.0056660593	-0.0051242018	-0.0063586340	-0.0049728600
-0.0049073575	-0.0035695543	-0.0061310037	-0.0042082358	-0.0043108988	-0.0050590899	-0.0042053281	-0.0073064507	-0.0050732419	-0.0050822509	-0.0046694674	-0.0057384254	-0.0056620611	-0.0072078499	-0.0048791674	-0.0061213670	-0.0036427227	-0.0049465449	-0.0060098931	-0.0060816469	-0.0046278392	-0.0055916597	0.5052934151	-0.0042632655	-0.0062011732	-0.0039892526	-0.0048086323	-0.0040768130	-0.0048395722	-0.0046990221	-0.0047632972	-0.0027125480	-0.0040343338	-0.0060327641	-0.0051361048	-0.0055840756	-0.0049928002	-0.0062270108	-0.0053899533	-0.0055275153	-0.0050964491	-0.0062237400	-0.0044739637	-0.0050104879	-0.0056072171	-0.0058604937	-0.0040307437	-0.0047058525	-0.0055886475	-0.0045006844	-0.0042621690	-0.0057134877	-0.0044398876	-0.0044547053	-0.0028725950	-0.0035985894	-0.0055408855	-0.0053342995	-0.0053626341	-0.0041566600	-0.0038874635	-0.0033386838	-0.0072699609	-0.0057025715	-0.0043013747	-0.0052470474	-0.0043958841	-0.0038808372	-0.0048191837	-0.0041284609	-0.0041378682	-0.0051542072	-0.0054611099	-0.0055858469	-0.0053330919	-0.0046654292	-0.0066306429	-0.0059271586	-0.0044340699	-0.0061943063	-0.0040227045	-0.0048323361	-0.0022316166	-0.0058121504	-0.0049177908	-0.0053127027	-0.0044348023	-0.0046705770	-0.0047357492	-0.0059788535	-0.0035811264	-0.0038268017	-0.0049935572	-0.0034891768	-0.0043018545	-0.0034220669	-0.0044642780	-0.0059852990	-0.0042784941	-0.0058211912	-0.0046415657	-0.0052488062	-0.0050830103	-0.0035673222
-0.0055355835	-0.0045548268	-0.0044849082	-0.0054012433	-0.0035788279	-0.0039951707	-0.0055927739	-0.0052277589	-0.0034888389	-0.0041668008	-0.0031956353	-0.0053384647	-0.0037030916	-0.0049018395	-0.0022826114	-0.0032838427	-0.0040441688	-0.0044650583	-0.0037926162	-0.0046946036	-0.0023199139	-0.0051086397	-0.0042632655	0.4138520188	-0.0039170522	-0.0040936743	-0.0027229413	-0.0044740388	-0.0040920027	-0.0031441296	-0.0041714526	-0.0040146496	-0.0039658305	-0.0040183307	-0.0054929203	-0.0051942079	-0.0043697982	-0.0034610312	-0.0049018920	-0.0041131736	-0.0050939583	-0.0047744185	-0.0024812166	-0.0045505616	-0.0035658907	-0.0037735719	-0.0037476759	-0.0042781856	-0.0040987983	-0.0039411524	-0.0040581029	-0.0045548389	-0.0030336867	-0.0015962085	-0.0059173788	-0.0035431454	-0.0046500359	-0.0044064783	-0.0038011763	-0.0032767161	-0.0038518746	-0.0047199427	-0.0031250057	-0.0035367356	-0.0043960244	-0.0028044615	-0.0025828961	-0.0046595084	-0.0038944219	-0.0006414155	-0.0048250334	-0.0023250901	-0.0045414800	-0.0048435006	-0.0034397455	-0.0038588134	-0.0029967414	-0.0046134606	-0.0045573395	-0.0028886431	-0.0038495968	-0.0041865725	-0.0040859252	-0.0035948879	-0.0038987422	-0.0057549348	-0.0040655914	-0.0034655441	-0.0021701863	-0.0047327752	-0.0047739126	-0.0032330968	-0.0043382811	-0.0028784770	-0.0043082506	-0.0042866664	-0.0040241933	-0.0050607701	-0.0053040494	-0.0045281881	-0.0043826941	-0.0038514909	-0.0042590779	-0.0030051732
-0.0046001378	-0.0038318856	-0.0040529072	-0.0029306322	-0.0054144307	-0.0055064866	-0.0055255226	-0.0044142782	-0.0045907768	-0.0036730236	-0.0036397768	-0.0061968447	-0.0036692819	-0.0044350735	-0.0039377495	-0.0045359744	-0.0037367146	-0.0052476920	-0.0048168285	-0.0052579879	-0.0027028331	-0.0041971835	-0.0062011732	-0.0039170522	0.4986841870	-0.0053504672	-0.0043536105	-0.0058502281	-0.0065034558	-0.0047790719	-0.0063176415	-0.0046450886	-0.0048104786	-0.0050708885	-0.0035951634	-0.0060364335	-0.0049046425	-0.0059219884	-0.0039394576	-0.0050306417	-0.0044024439	-0.0037865515	-0.0036985150	-0.0055618305	-0.0046086193	-0.0065133603	-0.0022344261	-0.0058369279	-0.0055568326	-0.0044277017	-0.0064014404	-0.0040166820	-0.0045572790	-0.0029442003	-0.0049289984	-0.0049616909	-0.0067734085	-0.0047771991	-0.0040390035	-0.0047270361	-0.0051698270	-0.0054666346	-0.0049121874	-0.0059341843	-0.0047527410	-0.0046231584	-0.0043914884	-0.0057940364	-0.0064360276	-0.0053558801	-0.0058347427	-0.0059760093	-0.0057296595	-0.0044502624	-0.0041558621	-0.0049871557	-0.0062452357	-0.0046507254	-0.0059254090	-0.0058657509	-0.0049917390	-0.0049199044	-0.0058626800	-0.0063659513	-0.0037503640	-0.0045178613	-0.0040652679	-0.0025508200	-0.0045847167	-0.0053470229	-0.0048704835	-0.0038122079	-0.0046457499	-0.0043809502	-0.0030564124	-0.0055330093	-0.0047717534	-0.0059559632	-0.0053091766	-0.0046985156	-0.0048583608	-0.0049171117	-0.0049534561	-0.0044120790
-0.0048502664	-0.0048535572	-0.0049291948	-0.0046370949	-0.0056418455	-0.0045198041	-0.0051847233	-0.0059244894	-0.0048285819	-0.0054852728	-0.0050539324	-0.0067480038	-0.0045671996	-0.0051468554	-0.0044525570	-0.0054107272	-0.0041445060	-0.0061641170	-0.0048868416	-0.0047061542	-0.0041634430	-0.0047701867	-0.0039892526	-0.0040936743	-0.0053504672	0.5153926372	-0.0059919168	-0.0033488919	-0.0023568390	-0.0045799563	-0.0060163212	-0.0032093034	-0.0055148257	-0.0056341966	-0.0047387396	-0.0069165305	-0.0060501249	-0.0031146864	-0.0050579864	-0.0062671056	-0.0056245332	-0.0058001895	-0.0027831739	-0.0056247347	-0.0040637035	-0.0041386300	-0.0047888328	-0.0060277275	-0.0057005171	-0.0045133583	-0.0047008328	-0.0054441508	-0.0058885862	-0.0054434021	-0.0050214736	-0.0039570208	-0.0059150766	-0.0051548925	-0.0046312159	-0.0054613077	-0.0048059055	-0.0038765877	-0.0052099995	-0.0055621479	-0.0041065833	-0.0064661404	-0.0043058723	-0.0058496175	-0.0054713446	-0.0041533379	-0.0046650730	-0.0054635530	-0.0049807720	-0.0049900285	-0.0052375442	-0.0055816257	-0.0047990868	-0.0044961322	-0.0049287699	-0.0047777517	-0.0056303147	-0.0054856428	-0.0060183633	-0.0046589963	-0.0061341141	-0.0061262172	-0.0052304654	-0.0031733238	-0.0026534344	-0.0047890390	-0.0051259210	-0.0034592820	-0.0055577210	-0.0041514003	-0.0042002671	-0.0048487712	-0.0057762162	-0.0048231643	-0.0059218347	-0.0075483692	-0.0053845298	-0.0058242709	-0.0043801212	-0.0047794519
-0.0043720022	-0.0032843369	-0.0034014045	-0.0043852095	-0.0045642120	-0.0043378776	-0.0044801536	-0.0042829249	-0.0036531698	-0.0043935994	-0.0023834951	-0.0053672528	-0.0064491054	-0.0058338343	-0.0048744764	-0.0048079995	-0.0054218796	-0.0046265027	-0.0044854261	-0.0039862404	-0.0039057698	-0.0041862019	-0.0048086323	-0.0027229413	-0.0043536105	-0.0059919168	0.4721189009	-0.0055246272	-0.0035934409	-0.0031748079	-0.0059035401	-0.0048881942	-0.0044681480	-0.0040570823	-0.0046320524	-0.0064866014	-0.0036302269	-0.0035441484	-0.0051120872	-0.0060177486	-0.0056081851	-0.0046552020	-0.0046344101	-0.0045951001	-0.0042799655	-0.0040180397	-0.0041360039	-0.0063636884	-0.0048551512	-0.0045645387	-0.0059503473	-0.0042722144	-0.0052810463	-0.0027702023	-0.0044520773	-0.0064759073	-0.0044677329	-0.0033246171	-0.0044901005	-0.0048264343	-0.0039284540	-0.0038198011	-0.0048935297	-0.0052777377	-0.0038226704	-0.0049536198	-0.0045180073	-0.0054636994	-0.0041205490	-0.0049950141	-0.0038838946	-0.0038054917	-0.0034929020	-0.0033353974	-0.0048507806	-0.0037614693	-0.0058743320	-0.0031299868	-0.0050526942	-0.0047494004	-0.0049195066	-0.0053234207	-0.0052005596	-0.0054981390	-0.0053824267	-0.0060137933	-0.0056954065	-0.0038214510	-0.0034338270	-0.0051239203	-0.0054937124	-0.0054394360	-0.0037267390	-0.0043918736	-0.0032623812	-0.0054133833	-0.0048723219	-0.0044580745	-0.0041187908	-0.0048983079	-0.0041977249	-0.0039690647	-0.0054485363	-0.0038728268
