1.0000000000	0.9230273461	0.9233627065	0.9238329542	0.9231142940	0.9229323964	0.9225287350	0.9231823806	0.9232744726	0.9232748298	0.9228635239	0.9228778842	0.9224761518	0.9226614074	0.9225726019	0.9233579912	0.9225717446	0.9228293734	0.9231220100	0.9229232515	0.9228585942	0.9228238722	0.9229721909	0.9228784558	0.9229394694	0.9228520928	0.9227633587	0.9234451535	0.9226932002	0.9230569241	0.9230144146	0.9230199159	0.9228883151	0.9233244123	0.9216402513	0.9219103114	0.9222253817	0.9216589697	0.9225258772	0.9222760358	0.9230125571	0.9229739771	0.9236729185	0.9228813135	0.9229967679	0.9222345266	0.9225219477	0.9239034699	0.9232552540	0.9232126731	0.9223994204	0.9222153794	0.9232929053	0.9234245775	0.9223274044	0.9223797732	0.9226766251	0.9217401307	0.9214560674	0.9228635239	0.9225420951	0.9229410411	0.9228701682	0.9219551071	0.9227545710	0.9223089003	0.9226609073	0.9222458862	0.9222931825	0.9224847252	0.9220290522	0.9228665960	0.9225415235	0.9225817468	0.9226282572	0.9226236133	0.9227222781	0.9233594201	0.9225252342	0.9233253411	0.9231272969	0.9222084493	0.9226186836	0.9225189471	0.9232471808	0.9217092666	0.9230719275	0.9224517178	0.9227207778	0.9234250061	0.9224292128	0.9227237070	0.9228144415	0.9224587908	0.9209519550	0.9227596436	0.9227251359	0.9229846937	0.9222096639
0.9230273461	1.0000000000	0.9229914095	0.9229143924	0.9226129680	0.9227134190	0.9228393042	0.9228975314	0.9231173662	0.9229198221	0.9225933922	0.9225340219	0.9224276410	0.9226320437	0.9226595498	0.9225054441	0.9227145621	0.9232252473	0.9230949326	0.9219902578	0.9220064757	0.9230191300	0.9228459485	0.9230699985	0.9225878910	0.9227179914	0.9233209830	0.9230334189	0.9229304674	0.9226176119	0.9229251805	0.9228179423	0.9233226262	0.9233470602	0.9223802019	0.9221175719	0.9219751116	0.9219348169	0.9222940398	0.9218797332	0.9226764107	0.9231132224	0.9233676362	0.9223114008	0.9227662165	0.9224985140	0.9224088511	0.9238113780	0.9232910477	0.9237418625	0.9221890164	0.9231832380	0.9233707083	0.9231913112	0.9218162190	0.9223711284	0.9221864444	0.9220772772	0.9211793628	0.9228996033	0.9232045999	0.9224978710	0.9226319008	0.9219397466	0.9221235018	0.9221227874	0.9223303336	0.9224067078	0.9223452655	0.9215877396	0.9215533033	0.9233960711	0.9223682706	0.9222503158	0.9223925618	0.9228630238	0.9228322312	0.9232081721	0.9226769109	0.9226061094	0.9226311149	0.9222302399	0.9226670515	0.9227423540	0.9232483954	0.9215695927	0.9225794606	0.9226799830	0.9232906905	0.9236478415	0.9222169512	0.9228619521	0.9231695921	0.9220266231	0.9215818811	0.9226228274	0.9220310526	0.9229763347	0.9217667795
0.9233627065	0.9229914095	1.0000000000	0.9232676139	0.9231336555	0.9233261270	0.9228601660	0.9227093467	0.9226482616	0.9228690965	0.9225140889	0.9223351204	0.9225845331	0.9229934100	0.9225333789	0.9228670961	0.9226902710	0.9231902395	0.9226716954	0.9224739370	0.9218321512	0.9224555758	0.9230287035	0.9222168083	0.9227326376	0.9226708381	0.9228224433	0.9225534548	0.9231406571	0.9225060156	0.9235686096	0.9223515526	0.9229253948	0.9233623493	0.9219251005	0.9218689451	0.9218699453	0.9209583136	0.9214984339	0.9218484405	0.9229617600	0.9222788936	0.9237001389	0.9226791971	0.9226151828	0.9220415550	0.9225961786	0.9235358880	0.9223782729	0.9235525346	0.9225553838	0.9230386343	0.9235853276	0.9234429387	0.9222174513	0.9220029035	0.9218277931	0.9212198004	0.9211060608	0.9225545264	0.9226436177	0.9226866273	0.9224087082	0.9220666320	0.9220041895	0.9216472528	0.9216846183	0.9230791434	0.9223502666	0.9223316196	0.9218636582	0.9230629969	0.9219511777	0.9225488109	0.9229522579	0.9223299050	0.9231342985	0.9235189557	0.9222069490	0.9234194335	0.9230332045	0.9220171924	0.9228339459	0.9226717669	0.9226788399	0.9215032922	0.9227092038	0.9224910837	0.9225979647	0.9230855734	0.9226426175	0.9224148525	0.9227524991	0.9218277216	0.9211809346	0.9224243546	0.9222793937	0.9227782906	0.9219549642
0.9238329542	0.9229143924	0.9232676139	1.0000000000	0.9233079801	0.9232172456	0.9226462612	0.9233257697	0.9229991970	0.9235422466	0.9231639480	0.9224442876	0.9233992861	0.9229638319	0.9225852476	0.9232311772	0.9229058905	0.9236832065	0.9230815010	0.9229083196	0.9225280205	0.9228218003	0.9225427381	0.9230842874	0.9235506770	0.9225875338	0.9232922623	0.9233470602	0.9225548122	0.9228896726	0.9236860643	0.9232653277	0.9226596213	0.9234806614	0.9222467436	0.9225845331	0.9222566029	0.9216200325	0.9227534279	0.9222442430	0.9224460737	0.9232271049	0.9239744857	0.9229921240	0.9227253502	0.9227734324	0.9228213716	0.9237732266	0.9231838810	0.9236362675	0.9227597150	0.9228851716	0.9237365041	0.9235821126	0.9224933700	0.9229891233	0.9228840284	0.9222743211	0.9214108430	0.9225746738	0.9225003001	0.9233437738	0.9226120393	0.9217667080	0.9226183264	0.9223811307	0.9228564509	0.9221720841	0.9222666766	0.9223641983	0.9226135396	0.9230444213	0.9226697664	0.9229324678	0.9228528072	0.9230872166	0.9231747361	0.9237421483	0.9231092929	0.9235187413	0.9228897440	0.9224550043	0.9234668012	0.9227750756	0.9233295563	0.9221954464	0.9229702619	0.9231259395	0.9232795452	0.9236972811	0.9225193043	0.9234899492	0.9229832648	0.9226110390	0.9219628231	0.9230812152	0.9223962769	0.9231486588	0.9218269357
0.9231142940	0.9226129680	0.9231336555	0.9233079801	1.0000000000	0.9230319900	0.9226549060	0.9226825550	0.9225624568	0.9227274221	0.9226003224	0.9223048994	0.9222472437	0.9223977772	0.9228959597	0.9224605055	0.9224985854	0.9227892216	0.9227927938	0.9230810009	0.9224559330	0.9224449306	0.9228960311	0.9228427335	0.9228830282	0.9226396168	0.9228186567	0.9229744772	0.9227034882	0.9225619567	0.9230587102	0.9226219700	0.9229819074	0.9228360177	0.9223116866	0.9218391527	0.9214527809	0.9213771926	0.9216728299	0.9222131646	0.9226183264	0.9229845508	0.9235794691	0.9229114631	0.9228754551	0.9222583890	0.9218639440	0.9231280114	0.9226551203	0.9232828316	0.9230171295	0.9224791525	0.9232819028	0.9234482970	0.9213669046	0.9220336961	0.9221930887	0.9214259178	0.9207206177	0.9232500386	0.9224642206	0.9227258503	0.9227308514	0.9215484451	0.9219000949	0.9221357188	0.9223362635	0.9222175942	0.9227622870	0.9225991792	0.9214866456	0.9223583399	0.9225869622	0.9229876944	0.9227592864	0.9228402330	0.9230499226	0.9231020770	0.9223064712	0.9228536645	0.9226747675	0.9222203091	0.9227880070	0.9220694183	0.9228125125	0.9212397334	0.9223960626	0.9226108961	0.9229059619	0.9230469219	0.9218573711	0.9229220369	0.9230583530	0.9223287618	0.9211697178	0.9221189294	0.9218392242	0.9226911998	0.9226381879
0.9229323964	0.9227134190	0.9233261270	0.9232172456	0.9230319900	1.0000000000	0.9224461451	0.9225678151	0.9231162945	0.9231036488	0.9224042787	0.9220246941	0.9226661942	0.9225392373	0.9227662165	0.9226881276	0.9228190854	0.9230951469	0.9225140174	0.9229193935	0.9220428410	0.9226569778	0.9222756071	0.9227387103	0.9225260915	0.9225801750	0.9226476186	0.9228465915	0.9221073554	0.9227772904	0.9226924858	0.9225106595	0.9228041535	0.9231203668	0.9218337229	0.9222889673	0.9215908117	0.9209829619	0.9222639617	0.9217254845	0.9224495745	0.9226617646	0.9237053543	0.9221938746	0.9229384691	0.9216242477	0.9221470070	0.9233370580	0.9230474934	0.9235710387	0.9222961117	0.9228369465	0.9231415858	0.9230054841	0.9211665743	0.9222790365	0.9221243591	0.9215996708	0.9212120130	0.9225737450	0.9226176834	0.9219465338	0.9223430507	0.9216194609	0.9218708026	0.9215054355	0.9218195769	0.9219979738	0.9221960180	0.9219754688	0.9216348215	0.9227385675	0.9226806974	0.9222515303	0.9224212110	0.9228755265	0.9225652431	0.9232002418	0.9220879939	0.9231264396	0.9230649973	0.9219339596	0.9223326198	0.9224947988	0.9229796926	0.9216553975	0.9229763347	0.9223591257	0.9226487617	0.9231650911	0.9219632518	0.9225589560	0.9225735307	0.9224093512	0.9208913701	0.9223472660	0.9220044038	0.9233053366	0.9217769960
0.9225287350	0.9228393042	0.9228601660	0.9226462612	0.9226549060	0.9224461451	1.0000000000	0.9224120661	0.9223434080	0.9229554729	0.9224342854	0.9219895434	0.9223345488	0.9224540755	0.9223185453	0.9221367190	0.9224607198	0.9229233944	0.9226914855	0.9220669178	0.9217149108	0.9227015592	0.9227790050	0.9223184738	0.9225448100	0.9218997377	0.9225157321	0.9227468550	0.9221290745	0.9228094404	0.9227133475	0.9220788490	0.9223770583	0.9225538120	0.9211341385	0.9216498248	0.9212245872	0.9209665297	0.9213529015	0.9215423009	0.9220029035	0.9219250290	0.9230793577	0.9225701013	0.9223038992	0.9212337321	0.9215088648	0.9231588754	0.9223959197	0.9230644972	0.9219027383	0.9224580049	0.9227300656	0.9226478329	0.9215107938	0.9216347500	0.9216141026	0.9214592109	0.9207016135	0.9228065112	0.9225088020	0.9229438989	0.9219935443	0.9212086551	0.9214841450	0.9215241540	0.9220151920	0.9222708918	0.9220824212	0.9213227519	0.9217239842	0.9226109676	0.9218213630	0.9217784249	0.9222584605	0.9224962992	0.9227329948	0.9230270603	0.9225152320	0.9224101371	0.9223905613	0.9221540086	0.9225508113	0.9218466544	0.9227362098	0.9208376438	0.9222734638	0.9226611931	0.9229568304	0.9226995588	0.9216156029	0.9222310258	0.9223539103	0.9221135710	0.9207207606	0.9220864936	0.9222878956	0.9224892976	0.9213987689
0.9231823806	0.9228975314	0.9227093467	0.9233257697	0.9226825550	0.9225678151	0.9224120661	1.0000000000	0.9226911283	0.9229359686	0.9223247609	0.9221932316	0.9224882259	0.9222996839	0.9225528118	0.9229926955	0.9223807734	0.9224010637	0.9226556918	0.9224072079	0.9223275473	0.9222781077	0.9223481233	0.9229695475	0.9225535977	0.9229974823	0.9227064174	0.9225408805	0.9224323564	0.9227150622	0.9227457119	0.9230602820	0.9223092575	0.9226974869	0.9220751339	0.9217357725	0.9212939598	0.9212415195	0.9219466767	0.9215512314	0.9222201662	0.9226132538	0.9227103469	0.9221345043	0.9234355085	0.9219401038	0.9223799875	0.9229424700	0.9226699093	0.9232458948	0.9224885117	0.9230693555	0.9230202016	0.9228059396	0.9221337184	0.9216926915	0.9219779694	0.9211675030	0.9202708747	0.9225119455	0.9223848458	0.9220657747	0.9224059933	0.9213428993	0.9221313607	0.9216571122	0.9219759689	0.9222366699	0.9223471231	0.9217767817	0.9214447077	0.9231345843	0.9222888244	0.9224204966	0.9222240957	0.9228694538	0.9225401661	0.9230147004	0.9220929236	0.9226674087	0.9228504495	0.9225720303	0.9221652254	0.9220652031	0.9226065380	0.9210793405	0.9226273284	0.9220587017	0.9224985140	0.9227896503	0.9220409120	0.9226034659	0.9223909900	0.9217307000	0.9209058733	0.9223047565	0.9219044530	0.9232595407	0.9216800458
0.9232744726	0.9231173662	0.9226482616	0.9229991970	0.9225624568	0.9231162945	0.9223434080	0.9226911283	1.0000000000	0.9229706192	0.9224944416	0.9221764422	0.9226540486	0.9224809386	0.9226084670	0.9231072210	0.9226213270	0.9228305165	0.9227064889	0.9224352856	0.9220491281	0.9228321597	0.9225290922	0.9229350398	0.9227107041	0.9224157098	0.9226809117	0.9225359509	0.9227330662	0.9229380405	0.9228037963	0.9226878419	0.9232751156	0.9231885249	0.9218342945	0.9217388447	0.9216782597	0.9211334240	0.9218865919	0.9217263419	0.9229139637	0.9224524323	0.9232456805	0.9224999428	0.9229420414	0.9223578397	0.9216404656	0.9235562497	0.9227321374	0.9234302930	0.9223775584	0.9228089403	0.9228702397	0.9227465692	0.9217715662	0.9219982596	0.9216616846	0.9214833591	0.9208687936	0.9222202377	0.9223754865	0.9224657924	0.9223803448	0.9214957190	0.9214818588	0.9218768040	0.9222875384	0.9223349061	0.9228475917	0.9217091237	0.9220957813	0.9227134190	0.9226226845	0.9227254931	0.9225512400	0.9223915615	0.9225753882	0.9232924052	0.9225608136	0.9226607644	0.9223365493	0.9224575048	0.9225712444	0.9226984156	0.9236419831	0.9217617069	0.9227024165	0.9228929590	0.9228199427	0.9238815365	0.9220594161	0.9224535039	0.9228601660	0.9219656809	0.9211144198	0.9223376924	0.9224163528	0.9228046536	0.9225047296
0.9232748298	0.9229198221	0.9228690965	0.9235422466	0.9227274221	0.9231036488	0.9229554729	0.9229359686	0.9229706192	1.0000000000	0.9224050646	0.9220447700	0.9228954596	0.9230317042	0.9228385897	0.9232723293	0.9223580541	0.9228950309	0.9232162453	0.9230184870	0.9224802956	0.9228919588	0.9227142049	0.9223822738	0.9230571384	0.9226301147	0.9225626711	0.9224881545	0.9229018896	0.9232684713	0.9235516058	0.9226334726	0.9226846269	0.9232293197	0.9217886415	0.9223230463	0.9214974337	0.9216256051	0.9222797509	0.9217162682	0.9229634747	0.9229128920	0.9235879710	0.9223661273	0.9227287796	0.9220632741	0.9222455290	0.9237746555	0.9224321420	0.9235898286	0.9226512623	0.9226842696	0.9234325793	0.9238556021	0.9221177148	0.9222529592	0.9221955893	0.9214547099	0.9215407291	0.9224935128	0.9226871989	0.9228342316	0.9227470693	0.9216754019	0.9222303828	0.9216419659	0.9219974023	0.9217078377	0.9225198759	0.9220396974	0.9221395768	0.9226283286	0.9219684673	0.9224169243	0.9224315705	0.9224113517	0.9228017958	0.9231222958	0.9226110390	0.9230529232	0.9227125617	0.9222889673	0.9231860243	0.9224209967	0.9229630461	0.9213869805	0.9227284938	0.9225882482	0.9232278193	0.9228885294	0.9222611039	0.9228415190	0.9222752499	0.9220264802	0.9203917587	0.9222961831	0.9223909900	0.9224755088	0.9220801350
0.9228635239	0.9225933922	0.9225140889	0.9231639480	0.9226003224	0.9224042787	0.9224342854	0.9223247609	0.9224944416	0.9224050646	1.0000000000	0.9223947766	0.9218593001	0.9221087128	0.9219768977	0.9222453147	0.9220180497	0.9224775807	0.9227946514	0.9219400324	0.9222841805	0.9226309720	0.9223970628	0.9225989649	0.9232008133	0.9222302399	0.9222999697	0.9223640554	0.9220963529	0.9223124725	0.9227104898	0.9224160670	0.9221833008	0.9224696504	0.9213111779	0.9213919102	0.9212288739	0.9209506690	0.9217245558	0.9213312538	0.9220371969	0.9219930442	0.9227812913	0.9219592509	0.9218375095	0.9220613451	0.9217459177	0.9226164688	0.9221727271	0.9230879310	0.9223965627	0.9220369111	0.9228100834	0.9227464263	0.9215232252	0.9215450157	0.9217598493	0.9208753665	0.9202020736	0.9220026177	0.9222551740	0.9217622070	0.9222683198	0.9210474763	0.9221145712	0.9212130846	0.9218024303	0.9220698470	0.9218739462	0.9218224347	0.9216941204	0.9223131869	0.9219093827	0.9219516064	0.9220709901	0.9219081681	0.9224567904	0.9224034928	0.9222757500	0.9222438143	0.9217579918	0.9218097890	0.9222897531	0.9221314321	0.9226250422	0.9208863690	0.9227652877	0.9225060156	0.9226026086	0.9224313561	0.9215117226	0.9223760581	0.9220902801	0.9220775630	0.9209228057	0.9216283915	0.9216384651	0.9228099405	0.9213530444
0.9228778842	0.9225340219	0.9223351204	0.9224442876	0.9223048994	0.9220246941	0.9219895434	0.9221932316	0.9221764422	0.9220447700	0.9223947766	1.0000000000	0.9215020062	0.9222048056	0.9224790811	0.9221619389	0.9220799921	0.9224217826	0.9219934014	0.9221078555	0.9220963529	0.9221076411	0.9221123565	0.9223459800	0.9222796795	0.9221697264	0.9225256629	0.9227110613	0.9221848726	0.9219816130	0.9223311910	0.9220147633	0.9220983533	0.9226051806	0.9212010820	0.9213366836	0.9208624351	0.9209028726	0.9213398272	0.9214200593	0.9220421265	0.9218540846	0.9227169198	0.9222608181	0.9225030150	0.9218296506	0.9215385143	0.9227441401	0.9225140174	0.9227737896	0.9221194295	0.9224300701	0.9230362052	0.9219153126	0.9212010820	0.9217311287	0.9220105481	0.9208361435	0.9210613365	0.9222084493	0.9223366922	0.9219523208	0.9222108070	0.9214306331	0.9216942633	0.9211499991	0.9215778802	0.9219220283	0.9217344151	0.9213598316	0.9211512137	0.9220857791	0.9222906819	0.9219315305	0.9221756563	0.9216817605	0.9218848772	0.9223135442	0.9217182686	0.9220872795	0.9218097890	0.9214014838	0.9220803493	0.9222385274	0.9222221667	0.9208667217	0.9219114546	0.9225936780	0.9222043055	0.9229061048	0.9214324907	0.9222346694	0.9225798892	0.9218591572	0.9209968936	0.9212215151	0.9215906688	0.9222757500	0.9214898606
0.9224761518	0.9224276410	0.9225845331	0.9233992861	0.9222472437	0.9226661942	0.9223345488	0.9224882259	0.9226540486	0.9228954596	0.9218593001	0.9215020062	1.0000000000	0.9218100748	0.9222360983	0.9219843994	0.9215566612	0.9222899675	0.9222350981	0.9222712490	0.9219791125	0.9224119232	0.9222185944	0.9224289270	0.9221717268	0.9221737987	0.9224831534	0.9226491189	0.9220929236	0.9221751562	0.9224195678	0.9222311687	0.9224007779	0.9224905122	0.9210941295	0.9220476278	0.9206133081	0.9211361389	0.9216499677	0.9211129195	0.9214657838	0.9219833277	0.9229026040	0.9217512046	0.9222141649	0.9215516601	0.9218665160	0.9232144592	0.9224550757	0.9228044393	0.9217482753	0.9224199965	0.9230081275	0.9225762456	0.9218040020	0.9214628546	0.9218211487	0.9214619258	0.9205628683	0.9218735890	0.9222456004	0.9220607021	0.9221034259	0.9212107984	0.9213355405	0.9210526203	0.9218258640	0.9213718343	0.9224796526	0.9212698830	0.9218227205	0.9220501283	0.9220641314	0.9221866587	0.9222966118	0.9221699407	0.9219965449	0.9226968439	0.9219763976	0.9220736336	0.9221676545	0.9217619212	0.9219906865	0.9222231669	0.9227536422	0.9209989655	0.9219826847	0.9223112579	0.9224141380	0.9221528655	0.9218836626	0.9220136916	0.9224625059	0.9215351564	0.9205897314	0.9222882528	0.9215587331	0.9218378667	0.9214049131
0.9226614074	0.9226320437	0.9229934100	0.9229638319	0.9223977772	0.9225392373	0.9224540755	0.9222996839	0.9224809386	0.9230317042	0.9221087128	0.9222048056	0.9218100748	1.0000000000	0.9220035465	0.9228732403	0.9223693423	0.9231533742	0.9229166071	0.9219225284	0.9220379113	0.9224574334	0.9226110390	0.9225707443	0.9227715034	0.9224029212	0.9230644972	0.9226526197	0.9223653414	0.9222579603	0.9226352587	0.9222745355	0.9226497619	0.9223232606	0.9211457839	0.9219598225	0.9217779248	0.9212748127	0.9215138659	0.9214995056	0.9221281457	0.9228055824	0.9226491904	0.9218514412	0.9222968261	0.9220575585	0.9218883065	0.9231360846	0.9227194918	0.9231964552	0.9226942719	0.9221330039	0.9231718069	0.9229266808	0.9217347723	0.9217022651	0.9224273552	0.9212529507	0.9206288116	0.9220256943	0.9221147856	0.9222671052	0.9227986523	0.9211329954	0.9219161699	0.9215380856	0.9219042387	0.9223032562	0.9218728745	0.9215395860	0.9218813764	0.9223534102	0.9223489806	0.9219591080	0.9224941558	0.9221754420	0.9219135979	0.9230227022	0.9223189739	0.9225350935	0.9226494047	0.9215009345	0.9223465515	0.9223739862	0.9227485697	0.9206958265	0.9226067524	0.9226884134	0.9227797195	0.9232173170	0.9218801619	0.9227793623	0.9226550488	0.9219438904	0.9208134241	0.9221354330	0.9217317002	0.9226021085	0.9213824081
0.9225726019	0.9226595498	0.9225333789	0.9225852476	0.9228959597	0.9227662165	0.9223185453	0.9225528118	0.9226084670	0.9228385897	0.9219768977	0.9224790811	0.9222360983	0.9220035465	1.0000000000	0.9220534148	0.9221349329	0.9222705346	0.9220790633	0.9224434303	0.9227541424	0.9222806082	0.9224062077	0.9221821577	0.9222294540	0.9225234481	0.9224678643	0.9226631221	0.9215669492	0.9230403490	0.9226952006	0.9219479627	0.9226099674	0.9227710033	0.9218117180	0.9212471637	0.9211582867	0.9213626180	0.9214402067	0.9216624705	0.9225398803	0.9223877035	0.9232834032	0.9222147364	0.9225056584	0.9213450426	0.9212156566	0.9227320660	0.9225038008	0.9224715079	0.9219197421	0.9222931110	0.9224907265	0.9226249707	0.9215452301	0.9215218677	0.9216704008	0.9207947771	0.9210201131	0.9227370671	0.9224455021	0.9225492395	0.9221638679	0.9215503026	0.9214594252	0.9215508742	0.9212788850	0.9216887621	0.9220672750	0.9211071324	0.9216335355	0.9224569333	0.9220537005	0.9218237207	0.9220462703	0.9223255468	0.9222727494	0.9228022959	0.9220815639	0.9221809432	0.9228126554	0.9218798046	0.9226875561	0.9222148793	0.9225913204	0.9206768937	0.9222611753	0.9223559822	0.9226340442	0.9228355891	0.9221727271	0.9219395322	0.9218520842	0.9222420282	0.9204642749	0.9220370540	0.9216437520	0.9222735352	0.9216482530
0.9233579912	0.9225054441	0.9228670961	0.9232311772	0.9224605055	0.9226881276	0.9221367190	0.9229926955	0.9231072210	0.9232723293	0.9222453147	0.9221619389	0.9219843994	0.9228732403	0.9220534148	1.0000000000	0.9223884894	0.9228673104	0.9224333566	0.9227534279	0.9216824035	0.9228855288	0.9227685027	0.9223236893	0.9228808134	0.9222944685	0.9228743120	0.9225901772	0.9223414790	0.9231002909	0.9229297529	0.9222066632	0.9221619389	0.9229049617	0.9217983579	0.9219138122	0.9218675162	0.9213099634	0.9219130978	0.9215656632	0.9226581210	0.9227808626	0.9231813090	0.9226277570	0.9230452787	0.9219693960	0.9218234349	0.9234007150	0.9225963215	0.9229868371	0.9220156921	0.9221470070	0.9226698378	0.9227430685	0.9221500077	0.9221185007	0.9217759243	0.9214305617	0.9208267128	0.9226927001	0.9223608404	0.9224107087	0.9226487617	0.9216225330	0.9218065740	0.9212025823	0.9221735844	0.9219874715	0.9216315350	0.9210154692	0.9217329148	0.9226950578	0.9219947588	0.9223193312	0.9224567189	0.9223129012	0.9219698961	0.9227492127	0.9221352187	0.9220669892	0.9225195186	0.9218352947	0.9220380542	0.9224284269	0.9229610456	0.9212112271	0.9226363304	0.9228341602	0.9227432828	0.9232048857	0.9219870428	0.9226694806	0.9226364733	0.9218504410	0.9210567641	0.9225293780	0.9221869445	0.9223193312	0.9214422786
0.9225717446	0.9227145621	0.9226902710	0.9229058905	0.9224985854	0.9228190854	0.9224607198	0.9223807734	0.9226213270	0.9223580541	0.9220180497	0.9220799921	0.9215566612	0.9223693423	0.9221349329	0.9223884894	1.0000000000	0.9229062477	0.9225814610	0.9222622470	0.9217230554	0.9221907311	0.9222837518	0.9216523254	0.9227037025	0.9223212602	0.9224225685	0.9224673642	0.9215612336	0.9218862346	0.9226664800	0.9220522716	0.9224807957	0.9226849841	0.9214563531	0.9216643995	0.9212012963	0.9209432388	0.9219198850	0.9212662393	0.9221456496	0.9222066632	0.9233094090	0.9219946874	0.9221065695	0.9213123210	0.9219246718	0.9230582816	0.9218386526	0.9228187282	0.9216961208	0.9226237562	0.9233217689	0.9226864130	0.9216805460	0.9215194386	0.9214453507	0.9213361835	0.9204279811	0.9221479358	0.9223068998	0.9222193089	0.9217650648	0.9208625779	0.9217639217	0.9214082710	0.9213614748	0.9222158795	0.9219396751	0.9217655649	0.9216462526	0.9222308829	0.9218175050	0.9220764913	0.9222173084	0.9219323163	0.9223289047	0.9228637382	0.9217179114	0.9223264042	0.9220724904	0.9221315750	0.9222527449	0.9215865964	0.9227416396	0.9212080121	0.9215980276	0.9223887038	0.9225168752	0.9227004161	0.9219476769	0.9228310166	0.9218489406	0.9215015775	0.9201682089	0.9217415595	0.9217217694	0.9227789336	0.9215748081
0.9228293734	0.9232252473	0.9231902395	0.9236832065	0.9227892216	0.9230951469	0.9229233944	0.9224010637	0.9228305165	0.9228950309	0.9224775807	0.9224217826	0.9222899675	0.9231533742	0.9222705346	0.9228673104	0.9229062477	1.0000000000	0.9230427067	0.9223448368	0.9226521196	0.9224259263	0.9230596390	0.9223193312	0.9224666497	0.9226170404	0.9228740977	0.9229874801	0.9228288018	0.9233489892	0.9231358703	0.9224673642	0.9225363795	0.9228070113	0.9221282171	0.9218604432	0.9218978801	0.9215975274	0.9217442744	0.9216577552	0.9223666989	0.9226141826	0.9234725882	0.9224146381	0.9226959865	0.9222879670	0.9223211887	0.9234055018	0.9225242340	0.9229161785	0.9224131378	0.9228628094	0.9231541601	0.9227888644	0.9219030241	0.9224112088	0.9220712044	0.9218823052	0.9208114951	0.9223798447	0.9228701682	0.9230046267	0.9223777728	0.9218326513	0.9221025686	0.9216226045	0.9223598402	0.9218989518	0.9225416664	0.9220794920	0.9218122896	0.9226536914	0.9222797509	0.9225458817	0.9225605278	0.9223954196	0.9231157944	0.9229210367	0.9225706729	0.9228352319	0.9224344282	0.9221682975	0.9229869085	0.9225673864	0.9227830774	0.9213774784	0.9226096816	0.9230384200	0.9231381565	0.9235074531	0.9216707581	0.9228390184	0.9229177502	0.9219481056	0.9208985145	0.9222722492	0.9218329371	0.9228187996	0.9216692577
0.9231220100	0.9230949326	0.9226716954	0.9230815010	0.9227927938	0.9225140174	0.9226914855	0.9226556918	0.9227064889	0.9232162453	0.9227946514	0.9219934014	0.9222350981	0.9229166071	0.9220790633	0.9224333566	0.9225814610	0.9230427067	1.0000000000	0.9222545310	0.9228550220	0.9226361160	0.9226842696	0.9224389292	0.9228590229	0.9227539280	0.9228398043	0.9227710033	0.9227074891	0.9226394025	0.9225460245	0.9228723115	0.9223870605	0.9228577369	0.9219277439	0.9217222695	0.9216506822	0.9213411846	0.9218051451	0.9217184830	0.9223621264	0.9223519813	0.9231122222	0.9222111642	0.9222014478	0.9222909677	0.9218233635	0.9230668549	0.9226582638	0.9232681140	0.9222130932	0.9228875292	0.9226299004	0.9232556827	0.9220407691	0.9218820909	0.9216986929	0.9216825464	0.9210452615	0.9228623808	0.9228640240	0.9221444350	0.9227601437	0.9213181080	0.9222114500	0.9213163934	0.9216866902	0.9217627786	0.9226085385	0.9221427918	0.9218351518	0.9232046713	0.9225630998	0.9218345803	0.9223640554	0.9225311641	0.9226968439	0.9227498557	0.9221757277	0.9225357365	0.9222698201	0.9218055024	0.9227652877	0.9223230463	0.9223881322	0.9215892399	0.9228963169	0.9228808134	0.9224167100	0.9229633318	0.9221004252	0.9223830597	0.9216401798	0.9218808049	0.9207617698	0.9220830642	0.9216500392	0.9227875069	0.9213724773
0.9229232515	0.9219902578	0.9224739370	0.9229083196	0.9230810009	0.9229193935	0.9220669178	0.9224072079	0.9224352856	0.9230184870	0.9219400324	0.9221078555	0.9222712490	0.9219225284	0.9224434303	0.9227534279	0.9222622470	0.9223448368	0.9222545310	1.0000000000	0.9218082173	0.9221770137	0.9223634839	0.9225623853	0.9222696058	0.9222278108	0.9222146650	0.9225253771	0.9228190854	0.9228384469	0.9222498157	0.9228198713	0.9224417870	0.9231819520	0.9213987689	0.9215426581	0.9209168043	0.9208349289	0.9215082218	0.9217014792	0.9221885163	0.9220143346	0.9231162230	0.9217682083	0.9221067124	0.9216692577	0.9218537988	0.9231454438	0.9219278153	0.9225043724	0.9219999028	0.9218805905	0.9228670961	0.9225065157	0.9220121913	0.9218390813	0.9220259086	0.9206405999	0.9211352816	0.9226078955	0.9219180989	0.9229603312	0.9219225284	0.9213328256	0.9211377821	0.9213099634	0.9216509679	0.9218096461	0.9217952144	0.9216739731	0.9211098473	0.9222531736	0.9223902041	0.9222326690	0.9222800367	0.9218708741	0.9225525260	0.9227648590	0.9214798584	0.9225938924	0.9223228319	0.9212882442	0.9222831803	0.9217779248	0.9226689091	0.9210409748	0.9220939952	0.9224401438	0.9223446940	0.9223357634	0.9219126691	0.9223243323	0.9219795412	0.9221618675	0.9205354336	0.9218177194	0.9218350804	0.9226256137	0.9217159824
0.9228585942	0.9220064757	0.9218321512	0.9225280205	0.9224559330	0.9220428410	0.9217149108	0.9223275473	0.9220491281	0.9224802956	0.9222841805	0.9220963529	0.9219791125	0.9220379113	0.9227541424	0.9216824035	0.9217230554	0.9226521196	0.9228550220	0.9218082173	1.0000000000	0.9226539057	0.9219556072	0.9224137093	0.9216908340	0.9220901372	0.9224283555	0.9224690074	0.9220141203	0.9223124010	0.9226346872	0.9224647207	0.9220853504	0.9224147096	0.9213558307	0.9207459805	0.9208842971	0.9212215151	0.9206250965	0.9208936563	0.9218387955	0.9227624299	0.9229494002	0.9218660159	0.9222116643	0.9215407291	0.9212360183	0.9229006036	0.9220549151	0.9227853636	0.9219512491	0.9223747721	0.9223246181	0.9225130172	0.9210536205	0.9212057258	0.9213799790	0.9214772864	0.9204992113	0.9219829705	0.9219793268	0.9225270203	0.9226556204	0.9209609570	0.9215646630	0.9213717629	0.9214664268	0.9213806220	0.9223072570	0.9216358931	0.9214984339	0.9219333166	0.9213856231	0.9215232966	0.9222146650	0.9218315082	0.9222359554	0.9226033230	0.9219931871	0.9224615057	0.9223844885	0.9218645870	0.9221815147	0.9215399432	0.9222436000	0.9209173044	0.9221649396	0.9222344551	0.9223644841	0.9223877035	0.9216896908	0.9220667749	0.9223181166	0.9217101240	0.9204567732	0.9218236493	0.9214383491	0.9220947097	0.9214368488
0.9228238722	0.9230191300	0.9224555758	0.9228218003	0.9224449306	0.9226569778	0.9227015592	0.9222781077	0.9228321597	0.9228919588	0.9226309720	0.9221076411	0.9224119232	0.9224574334	0.9222806082	0.9228855288	0.9221907311	0.9224259263	0.9226361160	0.9221770137	0.9226539057	1.0000000000	0.9222618183	0.9227200633	0.9225884626	0.9221662971	0.9223689136	0.9227020593	0.9222490298	0.9225401661	0.9224825104	0.9228586656	0.9225187327	0.9228848143	0.9217103383	0.9221328610	0.9213942679	0.9206612474	0.9220111196	0.9213350404	0.9218562280	0.9221481502	0.9228139414	0.9223364064	0.9225778888	0.9222471722	0.9220942096	0.9227761473	0.9228429479	0.9230957185	0.9223094718	0.9226542630	0.9229076051	0.9232083150	0.9215523031	0.9218944508	0.9218262213	0.9211400684	0.9207672710	0.9221527226	0.9227992238	0.9226641937	0.9221187865	0.9208903699	0.9216668286	0.9216622562	0.9219972594	0.9217471322	0.9223698424	0.9219276725	0.9217084807	0.9226989158	0.9219730397	0.9216773309	0.9227872212	0.9221514366	0.9220677751	0.9226379022	0.9223596973	0.9223303336	0.9223360492	0.9215629483	0.9224181389	0.9219843279	0.9233477032	0.9210453330	0.9222766788	0.9224980853	0.9223987774	0.9229492573	0.9218848772	0.9227849349	0.9219851853	0.9218458685	0.9208078515	0.9221814433	0.9226204697	0.9228147273	0.9216477529
0.9229721909	0.9228459485	0.9230287035	0.9225427381	0.9228960311	0.9222756071	0.9227790050	0.9223481233	0.9225290922	0.9227142049	0.9223970628	0.9221123565	0.9222185944	0.9226110390	0.9224062077	0.9227685027	0.9222837518	0.9230596390	0.9226842696	0.9223634839	0.9219556072	0.9222618183	1.0000000000	0.9226354730	0.9225866050	0.9225146604	0.9221167146	0.9228610948	0.9225300924	0.9229648322	0.9226851270	0.9224975852	0.9229829791	0.9224481456	0.9215477306	0.9217820686	0.9218047879	0.9211915084	0.9216979070	0.9219090254	0.9225988220	0.9226019656	0.9229365401	0.9223842742	0.9225947497	0.9221738702	0.9216445379	0.9235778974	0.9222772504	0.9225703157	0.9228357320	0.9222936111	0.9229217511	0.9233046222	0.9220851361	0.9219986168	0.9218638011	0.9215357280	0.9212938169	0.9225466675	0.9224467167	0.9225987506	0.9220596304	0.9213438995	0.9211419974	0.9214546385	0.9219358171	0.9217742811	0.9220079046	0.9216516109	0.9211137768	0.9224002778	0.9220867793	0.9225162322	0.9224707220	0.9223346203	0.9223511240	0.9233937849	0.9217575631	0.9225136602	0.9223701996	0.9216929773	0.9227660736	0.9224557187	0.9225819611	0.9209577420	0.9225670292	0.9223270472	0.9226799830	0.9236392682	0.9216658284	0.9225594561	0.9225005858	0.9217507044	0.9208044221	0.9217689228	0.9217812827	0.9226376878	0.9220924235
0.9228784558	0.9230699985	0.9222168083	0.9230842874	0.9228427335	0.9227387103	0.9223184738	0.9229695475	0.9229350398	0.9223822738	0.9225989649	0.9223459800	0.9224289270	0.9225707443	0.9221821577	0.9223236893	0.9216523254	0.9223193312	0.9224389292	0.9225623853	0.9224137093	0.9227200633	0.9226354730	1.0000000000	0.9230611393	0.9226604072	0.9221851584	0.9229389693	0.9223723430	0.9227587862	0.9227717177	0.9224702934	0.9224482885	0.9227946514	0.9222080206	0.9216331783	0.9211727899	0.9216054578	0.9223537674	0.9209666726	0.9223534816	0.9221945891	0.9226730529	0.9217821400	0.9227257789	0.9219526780	0.9218137185	0.9231513737	0.9228609519	0.9230517087	0.9220654174	0.9226414029	0.9229380405	0.9229611170	0.9219059533	0.9216575408	0.9220328387	0.9215344420	0.9206852527	0.9221181435	0.9219221712	0.9225781746	0.9221130709	0.9217425598	0.9215085076	0.9213360406	0.9215554466	0.9223665560	0.9222755357	0.9216328925	0.9218300793	0.9228613805	0.9224088511	0.9221337184	0.9223408360	0.9225073731	0.9227329233	0.9230178440	0.9221517938	0.9221758706	0.9225455244	0.9220570584	0.9226873418	0.9225817468	0.9226395454	0.9206865387	0.9224485743	0.9228211573	0.9224197821	0.9226626220	0.9223898469	0.9221036402	0.9227316373	0.9223416933	0.9210963443	0.9220381256	0.9221645109	0.9225025148	0.9215623053
0.9229394694	0.9225878910	0.9227326376	0.9235506770	0.9228830282	0.9225260915	0.9225448100	0.9225535977	0.9227107041	0.9230571384	0.9232008133	0.9222796795	0.9221717268	0.9227715034	0.9222294540	0.9228808134	0.9227037025	0.9224666497	0.9228590229	0.9222696058	0.9216908340	0.9225884626	0.9225866050	0.9230611393	1.0000000000	0.9225648144	0.9229729054	0.9226973440	0.9223369065	0.9224867256	0.9228041535	0.9230980047	0.9229825504	0.9227412109	0.9218025017	0.9219848280	0.9214671412	0.9215211533	0.9223829168	0.9217049800	0.9222108784	0.9226516909	0.9237984465	0.9229209652	0.9228575225	0.9222701774	0.9223715571	0.9236120478	0.9227130618	0.9237372900	0.9225715302	0.9230750710	0.9231376564	0.9229715479	0.9220461274	0.9221707981	0.9221327181	0.9211259223	0.9209491687	0.9226801259	0.9228833854	0.9232703288	0.9228110836	0.9213278959	0.9223026846	0.9220649173	0.9224375004	0.9218274358	0.9219354599	0.9220899943	0.9215017204	0.9231780225	0.9220149062	0.9225080875	0.9225821755	0.9227218494	0.9225053012	0.9230635685	0.9218250067	0.9226399741	0.9220772772	0.9218940221	0.9220286235	0.9224434303	0.9229807643	0.9214508519	0.9223819880	0.9225582416	0.9230517801	0.9224552900	0.9223199742	0.9229822646	0.9225683152	0.9221377907	0.9208912986	0.9225691011	0.9226972011	0.9222881814	0.9219489629
0.9228520928	0.9227179914	0.9226708381	0.9225875338	0.9226396168	0.9225801750	0.9218997377	0.9229974823	0.9224157098	0.9226301147	0.9222302399	0.9221697264	0.9221737987	0.9224029212	0.9225234481	0.9222944685	0.9223212602	0.9226170404	0.9227539280	0.9222278108	0.9220901372	0.9221662971	0.9225146604	0.9226604072	0.9225648144	1.0000000000	0.9221963752	0.9226241134	0.9218594430	0.9225182326	0.9224557187	0.9222384560	0.9227920079	0.9223743434	0.9215586616	0.9215680923	0.9212931739	0.9214870743	0.9216305348	0.9217087665	0.9216356788	0.9222561028	0.9234793040	0.9222065918	0.9225419522	0.9216623990	0.9218243637	0.9229645464	0.9219152411	0.9228454484	0.9220777773	0.9221566521	0.9226326153	0.9225166609	0.9209729597	0.9215458731	0.9220527718	0.9206531741	0.9211724327	0.9223132584	0.9224104943	0.9224882259	0.9223483376	0.9209440247	0.9214211310	0.9211263510	0.9213211801	0.9216314636	0.9222528878	0.9212467350	0.9215102223	0.9223416218	0.9217779248	0.9218607290	0.9221810146	0.9220380542	0.9225623853	0.9228174422	0.9218502266	0.9223629838	0.9224775807	0.9217013363	0.9225193757	0.9220306954	0.9226540486	0.9210854133	0.9223782014	0.9219457479	0.9225720303	0.9227051314	0.9219028098	0.9217800681	0.9220864221	0.9216516109	0.9206165946	0.9216518253	0.9216367505	0.9222553883	0.9215673779
0.9227633587	0.9233209830	0.9228224433	0.9232922623	0.9228186567	0.9226476186	0.9225157321	0.9227064174	0.9226809117	0.9225626711	0.9222999697	0.9225256629	0.9224831534	0.9230644972	0.9224678643	0.9228743120	0.9224225685	0.9228740977	0.9228398043	0.9222146650	0.9224283555	0.9223689136	0.9221167146	0.9221851584	0.9229729054	0.9221963752	1.0000000000	0.9235374598	0.9224590051	0.9228866004	0.9232879042	0.9224947988	0.9226881276	0.9225105166	0.9218704454	0.9222858237	0.9216319637	0.9217424169	0.9218770183	0.9215138659	0.9227294940	0.9230748567	0.9231240819	0.9227395677	0.9225892485	0.9223048279	0.9218222204	0.9235065243	0.9228467344	0.9231277971	0.9224557187	0.9227019164	0.9232237470	0.9232423940	0.9218904499	0.9221092844	0.9221855156	0.9218065740	0.9209996799	0.9224631489	0.9227377101	0.9226032516	0.9223033276	0.9220291236	0.9221414344	0.9219110973	0.9221779425	0.9218613720	0.9223171878	0.9219571790	0.9220590589	0.9225923920	0.9225935351	0.9226101817	0.9228425906	0.9224758661	0.9228145844	0.9228447340	0.9225965358	0.9224392865	0.9227166340	0.9223993490	0.9231276542	0.9225792462	0.9227585005	0.9211004167	0.9219506776	0.9233489178	0.9221888021	0.9230440641	0.9220812781	0.9227820057	0.9224946560	0.9222234527	0.9214200593	0.9224897263	0.9216144598	0.9226341870	0.9216316779
0.9234451535	0.9230334189	0.9225534548	0.9233470602	0.9229744772	0.9228465915	0.9227468550	0.9225408805	0.9225359509	0.9224881545	0.9223640554	0.9227110613	0.9226491189	0.9226526197	0.9226631221	0.9225901772	0.9224673642	0.9229874801	0.9227710033	0.9225253771	0.9224690074	0.9227020593	0.9228610948	0.9229389693	0.9226973440	0.9226241134	0.9235374598	1.0000000000	0.9223440510	0.9229348255	0.9233695652	0.9227982236	0.9232096010	0.9235628226	0.9225509542	0.9218639440	0.9215823098	0.9213974114	0.9220399832	0.9218890210	0.9224372146	0.9229070336	0.9236426975	0.9226986300	0.9230968616	0.9225305211	0.9223436937	0.9240922977	0.9226156115	0.9236512709	0.9226376878	0.9229393265	0.9235391744	0.9229111059	0.9214574248	0.9216704008	0.9225606707	0.9215890256	0.9206988272	0.9230716417	0.9230031264	0.9225115883	0.9224962992	0.9219221712	0.9219980453	0.9218545847	0.9224020639	0.9220607735	0.9223654129	0.9222627471	0.9219012380	0.9227486411	0.9229798355	0.9225075160	0.9232431799	0.9222421711	0.9226483331	0.9236294088	0.9223244037	0.9230299181	0.9230100565	0.9224252833	0.9231184378	0.9225361652	0.9233635639	0.9210737679	0.9232448946	0.9225709587	0.9227632872	0.9231638765	0.9221257880	0.9229383977	0.9228489492	0.9221707981	0.9207406936	0.9222997554	0.9221316465	0.9232916907	0.9220105481
0.9226932002	0.9229304674	0.9231406571	0.9225548122	0.9227034882	0.9221073554	0.9221290745	0.9224323564	0.9227330662	0.9229018896	0.9220963529	0.9221848726	0.9220929236	0.9223653414	0.9215669492	0.9223414790	0.9215612336	0.9228288018	0.9227074891	0.9228190854	0.9220141203	0.9222490298	0.9225300924	0.9223723430	0.9223369065	0.9218594430	0.9224590051	0.9223440510	1.0000000000	0.9225815325	0.9225866050	0.9223934905	0.9229724767	0.9228950309	0.9217096953	0.9217309858	0.9214177731	0.9212861723	0.9215660919	0.9218200770	0.9223821309	0.9222313830	0.9229957676	0.9226628363	0.9221764422	0.9220827784	0.9218646584	0.9232364641	0.9227590006	0.9230855019	0.9228208001	0.9224985854	0.9229199650	0.9231815233	0.9216519682	0.9220745623	0.9219677528	0.9209430959	0.9211261367	0.9225304496	0.9223046136	0.9227402821	0.9220917090	0.9211963666	0.9216603272	0.9211503564	0.9216785455	0.9217975006	0.9221648682	0.9213256097	0.9215582330	0.9221727271	0.9223036134	0.9220669178	0.9225119455	0.9224497174	0.9224497888	0.9227681455	0.9219116689	0.9226930573	0.9221183578	0.9221072839	0.9227299941	0.9223467659	0.9227879356	0.9208786530	0.9217750670	0.9223048279	0.9224167100	0.9227665737	0.9219253862	0.9227105612	0.9222197375	0.9221754420	0.9206547459	0.9221139282	0.9218217917	0.9225363081	0.9219610370
0.9230569241	0.9226176119	0.9225060156	0.9228896726	0.9225619567	0.9227772904	0.9228094404	0.9227150622	0.9229380405	0.9232684713	0.9223124725	0.9219816130	0.9221751562	0.9222579603	0.9230403490	0.9231002909	0.9218862346	0.9233489892	0.9226394025	0.9228384469	0.9223124010	0.9225401661	0.9229648322	0.9227587862	0.9224867256	0.9225182326	0.9228866004	0.9229348255	0.9225815325	1.0000000000	0.9234938786	0.9225540263	0.9226923429	0.9230547093	0.9219212424	0.9221151428	0.9216538972	0.9218963798	0.9222174513	0.9218075743	0.9223207601	0.9227740039	0.9234923783	0.9226649082	0.9226501906	0.9224533610	0.9221836581	0.9230416350	0.9226116106	0.9224802956	0.9219995456	0.9225641000	0.9228947451	0.9236917084	0.9220658461	0.9218965941	0.9221054264	0.9216248907	0.9207574117	0.9225580987	0.9227084893	0.9227790765	0.9224027069	0.9212315888	0.9220596304	0.9222080921	0.9216661856	0.9218175765	0.9221142140	0.9218365093	0.9215288693	0.9225994650	0.9220736336	0.9224227828	0.9221910883	0.9225712444	0.9226077526	0.9232101726	0.9222288110	0.9227951515	0.9223924903	0.9220517715	0.9229912666	0.9225621710	0.9231340842	0.9210150405	0.9225295923	0.9228558793	0.9229131778	0.9236302662	0.9224074222	0.9229122490	0.9229935528	0.9226271855	0.9213005327	0.9226276856	0.9219611799	0.9230967901	0.9219625374
0.9230144146	0.9229251805	0.9235686096	0.9236860643	0.9230587102	0.9226924858	0.9227133475	0.9227457119	0.9228037963	0.9235516058	0.9227104898	0.9223311910	0.9224195678	0.9226352587	0.9226952006	0.9229297529	0.9226664800	0.9231358703	0.9225460245	0.9222498157	0.9226346872	0.9224825104	0.9226851270	0.9227717177	0.9228041535	0.9224557187	0.9232879042	0.9233695652	0.9225866050	0.9234938786	1.0000000000	0.9235616080	0.9232030995	0.9232602551	0.9219053103	0.9226859129	0.9220829213	0.9209193763	0.9220459131	0.9216719012	0.9228526643	0.9231040060	0.9237965175	0.9229226085	0.9229240374	0.9221406485	0.9222576031	0.9235122399	0.9228241580	0.9229499003	0.9223269757	0.9228642383	0.9233619207	0.9236417687	0.9222668195	0.9222898960	0.9222991124	0.9214576391	0.9211877218	0.9227990809	0.9230233452	0.9232088151	0.9227419968	0.9220697041	0.9222045913	0.9226432605	0.9225300210	0.9222640331	0.9228380182	0.9221312178	0.9221335040	0.9231173662	0.9224906551	0.9225793177	0.9228926018	0.9225868908	0.9229804785	0.9232269620	0.9227884357	0.9229659753	0.9228849572	0.9223433365	0.9224632204	0.9227379959	0.9232104583	0.9216459668	0.9232003847	0.9231913112	0.9227139191	0.9231909540	0.9227374243	0.9230079132	0.9232063860	0.9229580449	0.9216859757	0.9225510257	0.9228052966	0.9232979064	0.9220129057
