1.0000000000	0.9181309419	0.9182775325	0.9190841889	0.9182603302	0.9181481442	0.9177732518	0.9184471832	0.9182839092	0.9184309448	0.9179248845	0.9180266897	0.9173709988	0.9178901091	0.9178131434	0.9184963433	0.9177343241	0.9181540019	0.9182598111	0.9180473770	0.9180232789	0.9178844738	0.9179658142	0.9180106738	0.9181507394	0.9179956217	0.9178333117	0.9185240747	0.9178317546	0.9183390754	0.9183054122	0.9181850699	0.9180832647	0.9184530409	0.9167292476	0.9170841942	0.9172864700	0.9167399991	0.9175316034	0.9173884977	0.9178192977	0.9179274055	0.9189074200	0.9181362064	0.9182668552	0.9173890909	0.9176310359	0.9192045311	0.9183407066	0.9184217504	0.9175253008	0.9172844680	0.9185240747	0.9186191324	0.9176478675	0.9175627455	0.9178534058	0.9168202272	0.9166213622	0.9180015535	0.9176503885	0.9181020983	0.9179192492	0.9170523847	0.9179650727	0.9174550826	0.9176988072	0.9174350626	0.9173626200	0.9177632418	0.9171618272	0.9179457942	0.9175472486	0.9175329380	0.9177974982	0.9179611429	0.9177870433	0.9185957017	0.9176790838	0.9185142130	0.9183259512	0.9173858284	0.9177898609	0.9176724846	0.9184009890	0.9167979087	0.9182095388	0.9174471488	0.9179503914	0.9183970591	0.9175978917	0.9178470291	0.9179859083	0.9175820240	0.9158453290	0.9178935940	0.9177872658	0.9182154706	0.9171896327
0.9181309419	1.0000000000	0.9179575096	0.9180996514	0.9176721880	0.9179516519	0.9179216961	0.9180126758	0.9181762463	0.9180861564	0.9176106452	0.9176752281	0.9173517203	0.9177080015	0.9178576322	0.9176256972	0.9177909732	0.9184903373	0.9183539791	0.9170096013	0.9170464528	0.9181428055	0.9178065442	0.9181433987	0.9176990296	0.9179278504	0.9183216506	0.9182353423	0.9180298781	0.9177387730	0.9181983424	0.9180398881	0.9184492593	0.9184187845	0.9175177377	0.9170572043	0.9170004069	0.9168466239	0.9171509274	0.9169238862	0.9177095586	0.9182183624	0.9184153737	0.9176048616	0.9178456944	0.9176778233	0.9174914893	0.9189447164	0.9185904372	0.9189007466	0.9174014736	0.9182709333	0.9185654493	0.9182784964	0.9170629879	0.9176431220	0.9171169676	0.9171396569	0.9160379656	0.9179388243	0.9185022010	0.9175086175	0.9177285405	0.9169414592	0.9172636324	0.9173687743	0.9173770047	0.9176078275	0.9174269805	0.9167269490	0.9166895043	0.9184590469	0.9174788841	0.9171859253	0.9173984335	0.9179474996	0.9179473513	0.9184110731	0.9178349429	0.9176595829	0.9179096841	0.9174538962	0.9176491280	0.9179297783	0.9183272858	0.9166580655	0.9177834842	0.9176144267	0.9183880131	0.9185853951	0.9173413395	0.9180282468	0.9181304970	0.9168562632	0.9166771215	0.9175799479	0.9170827112	0.9180529381	0.9167156785
0.9182775325	0.9179575096	1.0000000000	0.9184735799	0.9182360838	0.9185443171	0.9179598824	0.9179325217	0.9177876365	0.9181465871	0.9176786389	0.9176649215	0.9176188756	0.9180283951	0.9176509817	0.9179753051	0.9178560010	0.9183441916	0.9178978946	0.9176753764	0.9170846391	0.9176020440	0.9180607978	0.9173023377	0.9177782938	0.9179439405	0.9180611686	0.9176764886	0.9184336141	0.9174650926	0.9188432078	0.9175019442	0.9181036554	0.9186599880	0.9170300661	0.9171068093	0.9171111099	0.9160487170	0.9165348315	0.9170154590	0.9179786418	0.9172708248	0.9190221270	0.9179713753	0.9179040489	0.9172094302	0.9180605754	0.9187493364	0.9175003871	0.9187854465	0.9177531577	0.9181287916	0.9187989414	0.9187368054	0.9174268322	0.9170684007	0.9170463046	0.9164025514	0.9161688368	0.9177521937	0.9177831876	0.9178778005	0.9173842712	0.9171684263	0.9172052779	0.9166528751	0.9166164685	0.9182798311	0.9175661564	0.9175868436	0.9169913609	0.9181623806	0.9170591322	0.9176089398	0.9180010345	0.9176139077	0.9184366542	0.9189447164	0.9172700091	0.9184948604	0.9181898895	0.9172457627	0.9179874654	0.9178939648	0.9178618587	0.9166344123	0.9177768850	0.9175486574	0.9176832361	0.9182208093	0.9178809147	0.9176259938	0.9178293818	0.9169379001	0.9161887085	0.9174465556	0.9175294531	0.9179051611	0.9172393860
0.9190841889	0.9180996514	0.9184735799	1.0000000000	0.9186080844	0.9185518060	0.9179347462	0.9185695274	0.9181345751	0.9188476567	0.9184043256	0.9177656887	0.9186610261	0.9181388015	0.9177391437	0.9183925361	0.9182188073	0.9190769965	0.9183956503	0.9182810916	0.9176689997	0.9180280244	0.9176441601	0.9183298069	0.9188201477	0.9177837067	0.9185740504	0.9185274855	0.9179557301	0.9180804470	0.9189983996	0.9184422153	0.9178201875	0.9187482983	0.9174386959	0.9178977463	0.9173678845	0.9167978345	0.9178492535	0.9173075280	0.9174725815	0.9184679446	0.9193348092	0.9180961664	0.9180331406	0.9180028882	0.9180868979	0.9189340391	0.9184345780	0.9188734602	0.9179446820	0.9182228854	0.9191260083	0.9189499809	0.9178752053	0.9181805469	0.9180966113	0.9176643283	0.9166490936	0.9178648246	0.9176772301	0.9185220727	0.9176972501	0.9171342441	0.9177638350	0.9175666012	0.9180338079	0.9175538478	0.9173810087	0.9177165285	0.9178453237	0.9184164859	0.9178129951	0.9183037809	0.9180098581	0.9184318345	0.9184760268	0.9191706454	0.9182347491	0.9188336427	0.9180880843	0.9176315549	0.9187324306	0.9179191009	0.9185120627	0.9172306365	0.9182102802	0.9184175981	0.9185713070	0.9189564318	0.9178480671	0.9189444198	0.9182841317	0.9179109447	0.9170245792	0.9182312641	0.9176497953	0.9183301034	0.9172060935
0.9182603302	0.9176721880	0.9182360838	0.9186080844	1.0000000000	0.9183709590	0.9179263675	0.9179034557	0.9177109674	0.9179588443	0.9176820497	0.9174251268	0.9173882752	0.9175443568	0.9180939420	0.9176551340	0.9175629680	0.9180263931	0.9181603786	0.9184052895	0.9175627455	0.9176735227	0.9180704371	0.9180498981	0.9180274312	0.9177237209	0.9179650727	0.9180958698	0.9180837837	0.9177861535	0.9183662877	0.9178261193	0.9182144325	0.9180280985	0.9172689711	0.9170784848	0.9165705708	0.9163537620	0.9167568307	0.9173107164	0.9177128953	0.9181644568	0.9188630053	0.9182681157	0.9181162605	0.9174407720	0.9170233928	0.9183594661	0.9179113154	0.9185130266	0.9183021496	0.9175775751	0.9185701206	0.9188265245	0.9165333485	0.9172338991	0.9172555503	0.9164566795	0.9159576633	0.9184961950	0.9175686032	0.9180449301	0.9178607465	0.9165618955	0.9171204526	0.9173526842	0.9175772786	0.9171231219	0.9179210288	0.9177198652	0.9165949655	0.9175643026	0.9177877106	0.9179669264	0.9176884264	0.9180105996	0.9181762463	0.9182398653	0.9174872629	0.9181773585	0.9179745637	0.9174756216	0.9177515264	0.9173457143	0.9177930493	0.9164055915	0.9174811827	0.9177196428	0.9180695473	0.9180004413	0.9171326129	0.9182624804	0.9180544952	0.9174209004	0.9161434782	0.9172448730	0.9170350341	0.9179063475	0.9176304427
0.9181481442	0.9179516519	0.9185443171	0.9185518060	0.9183709590	1.0000000000	0.9176354848	0.9177202359	0.9183458970	0.9184872973	0.9175875110	0.9171541158	0.9177166768	0.9177702859	0.9180333631	0.9179433474	0.9179999223	0.9184568224	0.9176624746	0.9182115408	0.9172623719	0.9177836325	0.9173443055	0.9180103772	0.9180466355	0.9178372415	0.9178720170	0.9181278276	0.9174537479	0.9180574612	0.9179671489	0.9176601019	0.9179566198	0.9182937709	0.9170743325	0.9175754990	0.9167036665	0.9161491876	0.9173293276	0.9170552765	0.9175087658	0.9178891451	0.9189398968	0.9174770304	0.9182803501	0.9168177062	0.9175250042	0.9186192066	0.9183275083	0.9188669351	0.9175502145	0.9181804727	0.9181705369	0.9183412256	0.9165377233	0.9173422293	0.9172403499	0.9167720310	0.9162260050	0.9178302716	0.9178402074	0.9171905225	0.9175228539	0.9168283094	0.9169253691	0.9166833500	0.9169660764	0.9172256686	0.9173559467	0.9171510757	0.9167492676	0.9180883067	0.9178653436	0.9171058454	0.9175666012	0.9182565486	0.9177984621	0.9185676737	0.9172023120	0.9182941417	0.9185176979	0.9170908675	0.9175178860	0.9176543925	0.9181072145	0.9166780855	0.9182681157	0.9176166512	0.9177716947	0.9184784736	0.9171583422	0.9177754021	0.9177547148	0.9174617559	0.9159337134	0.9174706537	0.9171630877	0.9185222951	0.9168587842
0.9177732518	0.9179216961	0.9179598824	0.9179347462	0.9179263675	0.9176354848	1.0000000000	0.9176391180	0.9173979886	0.9181036554	0.9176515749	0.9171289055	0.9173926500	0.9176377092	0.9174867438	0.9173509046	0.9175719399	0.9180742186	0.9178220412	0.9173265099	0.9169131347	0.9178048388	0.9178636382	0.9173761150	0.9177663560	0.9169728239	0.9176704826	0.9177679131	0.9173425259	0.9179827200	0.9179665557	0.9172346405	0.9176348174	0.9178003900	0.9162816901	0.9168461790	0.9163112752	0.9158766195	0.9163597680	0.9166507248	0.9171570076	0.9170110842	0.9181330180	0.9178056545	0.9175510302	0.9164377717	0.9166806065	0.9182944382	0.9176493504	0.9181975268	0.9170899036	0.9174919342	0.9179133915	0.9177759211	0.9168535938	0.9168237863	0.9165808774	0.9166029735	0.9155856626	0.9179486119	0.9176751539	0.9181332404	0.9170744067	0.9163113493	0.9166341157	0.9166728210	0.9173233216	0.9175310102	0.9171010258	0.9164453348	0.9168631589	0.9177478190	0.9169641485	0.9168850326	0.9173979886	0.9177389954	0.9178686061	0.9182698952	0.9175918857	0.9178224119	0.9175763146	0.9174019926	0.9176142784	0.9170523105	0.9177011799	0.9158574151	0.9173747803	0.9177541216	0.9183224662	0.9177845964	0.9168003556	0.9174184535	0.9176277734	0.9172956644	0.9155803240	0.9170988755	0.9173629908	0.9176900577	0.9163570987
0.9184471832	0.9180126758	0.9179325217	0.9185695274	0.9179034557	0.9177202359	0.9176391180	1.0000000000	0.9177123021	0.9181881100	0.9175336054	0.9172646705	0.9178376123	0.9174690224	0.9177028853	0.9181609718	0.9175454691	0.9177995002	0.9180168280	0.9175545151	0.9173093076	0.9174700605	0.9173624717	0.9182753081	0.9178880329	0.9181500720	0.9179170248	0.9178569649	0.9177216448	0.9178838806	0.9179678162	0.9182773842	0.9174465556	0.9176755988	0.9172781654	0.9168656800	0.9162644878	0.9164250924	0.9170654347	0.9167681012	0.9172153620	0.9176918373	0.9179271089	0.9173495700	0.9186585792	0.9172370133	0.9178646763	0.9182740475	0.9178902574	0.9185496557	0.9178234500	0.9183386305	0.9184021012	0.9180479702	0.9174241629	0.9167167907	0.9171587130	0.9163377460	0.9154561260	0.9176918373	0.9176291080	0.9172942555	0.9175912925	0.9165092504	0.9173584677	0.9167179771	0.9171667951	0.9172905481	0.9176112383	0.9169997396	0.9166987728	0.9184749887	0.9174123733	0.9175067638	0.9174053293	0.9180269122	0.9177423321	0.9182099095	0.9173646220	0.9176623263	0.9181387274	0.9176887230	0.9172640773	0.9172852095	0.9177316547	0.9161465183	0.9177036268	0.9172318971	0.9176918373	0.9179482411	0.9170517915	0.9179595116	0.9174737679	0.9168558924	0.9157952791	0.9175460622	0.9170012226	0.9184961209	0.9167445221
0.9182839092	0.9181762463	0.9177876365	0.9181345751	0.9177109674	0.9183458970	0.9173979886	0.9177123021	1.0000000000	0.9181499979	0.9175224832	0.9172806865	0.9176377092	0.9174814793	0.9178416904	0.9182541017	0.9177876365	0.9179813111	0.9177857828	0.9176872401	0.9171991236	0.9178365000	0.9174415135	0.9180358099	0.9178273798	0.9174161549	0.9177350655	0.9176308134	0.9178600050	0.9180780002	0.9179555076	0.9176276992	0.9181898154	0.9183270634	0.9169714892	0.9169263330	0.9167408147	0.9160619154	0.9170221323	0.9167858967	0.9179111671	0.9175622265	0.9183719971	0.9174956416	0.9181800278	0.9175761663	0.9167005523	0.9186778577	0.9179022693	0.9185425375	0.9175513267	0.9179398624	0.9179803472	0.9179920626	0.9170565370	0.9170513466	0.9167218328	0.9165471401	0.9158127780	0.9172205524	0.9174499664	0.9177143783	0.9174235697	0.9166047531	0.9165449156	0.9168799164	0.9173248787	0.9175558498	0.9179434215	0.9167955359	0.9172065384	0.9177174925	0.9175344210	0.9176430479	0.9175822465	0.9175287857	0.9176750057	0.9185110988	0.9177080757	0.9178924818	0.9174211228	0.9176127955	0.9176334828	0.9179252552	0.9187175269	0.9166909131	0.9178709047	0.9181609718	0.9179977720	0.9189958044	0.9172488770	0.9176291080	0.9178428768	0.9170823405	0.9159612224	0.9173507563	0.9173795258	0.9179016020	0.9176298495
0.9184309448	0.9180861564	0.9181465871	0.9188476567	0.9179588443	0.9184872973	0.9181036554	0.9181881100	0.9181499979	1.0000000000	0.9175836553	0.9173798224	0.9179403073	0.9182348974	0.9181890739	0.9184941189	0.9175889939	0.9182435727	0.9183143841	0.9181198938	0.9175878817	0.9179581770	0.9178464359	0.9176173926	0.9182084265	0.9176947290	0.9177171959	0.9175641544	0.9183304742	0.9184218246	0.9188515865	0.9177060737	0.9178277506	0.9183664360	0.9168290508	0.9175035754	0.9166728210	0.9166953620	0.9172192919	0.9168495898	0.9181210802	0.9180733288	0.9188555163	0.9177470775	0.9180552367	0.9172409431	0.9174747318	0.9190374014	0.9176837551	0.9188888830	0.9178861051	0.9177238692	0.9186576894	0.9190763292	0.9175439119	0.9173972472	0.9173702573	0.9166430134	0.9166808289	0.9178095102	0.9177515264	0.9179615136	0.9177955703	0.9168290508	0.9173822692	0.9167413337	0.9170639518	0.9169198822	0.9176902060	0.9171905225	0.9174815535	0.9177444082	0.9170961320	0.9174961606	0.9176020440	0.9176590638	0.9182353423	0.9182845766	0.9178398367	0.9183147548	0.9178063218	0.9176004127	0.9182354906	0.9174909703	0.9181385050	0.9162673054	0.9178877363	0.9177517489	0.9184182654	0.9179936939	0.9174313552	0.9181473286	0.9174504113	0.9172510272	0.9153790862	0.9175235954	0.9175302687	0.9176495729	0.9173549828
0.9179248845	0.9176106452	0.9176786389	0.9184043256	0.9176820497	0.9175875110	0.9176515749	0.9175336054	0.9175224832	0.9175836553	1.0000000000	0.9176159838	0.9169853549	0.9172148430	0.9171509274	0.9172869149	0.9172617787	0.9177075566	0.9181405069	0.9171922279	0.9173978403	0.9177540474	0.9173728525	0.9178660110	0.9184224919	0.9174514494	0.9175014993	0.9175637836	0.9172374582	0.9173245079	0.9180203130	0.9176087173	0.9174120026	0.9176842000	0.9165374267	0.9165762061	0.9160948371	0.9159576633	0.9168134798	0.9163966196	0.9168707220	0.9171458112	0.9180678419	0.9171222321	0.9171281640	0.9172730492	0.9168414336	0.9178370191	0.9175686032	0.9183568709	0.9175099521	0.9169907677	0.9180337338	0.9179057543	0.9166804582	0.9165962260	0.9168591549	0.9159702684	0.9152367962	0.9169850583	0.9173534257	0.9169481326	0.9174551568	0.9161491876	0.9172358269	0.9162060591	0.9169120225	0.9172106166	0.9171343183	0.9170569819	0.9169038662	0.9174053293	0.9168630848	0.9170021123	0.9173156102	0.9171166710	0.9177014023	0.9176923563	0.9174206779	0.9174523391	0.9170698095	0.9170925729	0.9174553792	0.9173913895	0.9177487088	0.9158892246	0.9179535056	0.9177461878	0.9177782938	0.9174738421	0.9166903940	0.9176038977	0.9171587871	0.9172122478	0.9157399647	0.9166727468	0.9166964742	0.9180949801	0.9164848557
0.9180266897	0.9176752281	0.9176649215	0.9177656887	0.9174251268	0.9171541158	0.9171289055	0.9172646705	0.9172806865	0.9173798224	0.9176159838	1.0000000000	0.9164859679	0.9173488285	0.9175843226	0.9173995457	0.9172545864	0.9177625003	0.9170470460	0.9171242341	0.9172066126	0.9173202074	0.9171705025	0.9173446762	0.9173319969	0.9173039689	0.9176611400	0.9179098324	0.9173813795	0.9171700576	0.9174820725	0.9171606408	0.9172261135	0.9176839776	0.9163528722	0.9165578915	0.9158705393	0.9159675249	0.9162718284	0.9165157754	0.9169241828	0.9169487999	0.9178778005	0.9175249300	0.9176843483	0.9171242341	0.9168382452	0.9180107479	0.9177756987	0.9179614395	0.9172138791	0.9174636096	0.9182783481	0.9171643482	0.9162888825	0.9169105395	0.9171641258	0.9161146346	0.9161438489	0.9173196883	0.9173116803	0.9172944780	0.9173109389	0.9165327553	0.9168383193	0.9164816673	0.9167734398	0.9169611085	0.9167049270	0.9165518114	0.9163172812	0.9172839490	0.9172828367	0.9170196854	0.9171887429	0.9168582652	0.9170111584	0.9174914893	0.9168216360	0.9173491992	0.9169752707	0.9164873026	0.9174346919	0.9173526100	0.9173575780	0.9158793629	0.9171269776	0.9177763660	0.9173174639	0.9179425317	0.9166683721	0.9174737679	0.9176412683	0.9169148401	0.9157989123	0.9162937763	0.9166336708	0.9174470005	0.9165607091
0.9173709988	0.9173517203	0.9176188756	0.9186610261	0.9173882752	0.9177166768	0.9173926500	0.9178376123	0.9176377092	0.9179403073	0.9169853549	0.9164859679	1.0000000000	0.9169516175	0.9174224575	0.9169267038	0.9166975122	0.9173377063	0.9174693190	0.9173598024	0.9169747517	0.9176036753	0.9171922279	0.9176013025	0.9172181797	0.9173357784	0.9175974468	0.9177768850	0.9172829850	0.9169473911	0.9174432931	0.9174337280	0.9173835298	0.9174887458	0.9162977802	0.9171643482	0.9155511838	0.9159480240	0.9166545064	0.9162039830	0.9163542069	0.9170618756	0.9181304228	0.9170052265	0.9174563431	0.9166330035	0.9169833529	0.9183435984	0.9175545151	0.9179996257	0.9169637778	0.9175548859	0.9180178661	0.9176185049	0.9169251467	0.9164365112	0.9169284092	0.9166122420	0.9155462900	0.9169567337	0.9173227284	0.9170835269	0.9170642484	0.9163278843	0.9164351765	0.9160697751	0.9168871087	0.9164375493	0.9175944809	0.9163396739	0.9169324873	0.9169714150	0.9171798451	0.9171836267	0.9174100748	0.9171989753	0.9171166710	0.9180019984	0.9170751481	0.9169973669	0.9173766340	0.9167747745	0.9169485033	0.9173568365	0.9178434700	0.9157983192	0.9170254690	0.9174059966	0.9174201589	0.9171315748	0.9168722050	0.9169619241	0.9175405011	0.9166014164	0.9154727352	0.9173276222	0.9164178259	0.9170217616	0.9165732402
0.9178901091	0.9177080015	0.9180283951	0.9181388015	0.9175443568	0.9177702859	0.9176377092	0.9174690224	0.9174814793	0.9182348974	0.9172148430	0.9173488285	0.9169516175	1.0000000000	0.9171271259	0.9180140846	0.9173865698	0.9182804984	0.9181973785	0.9170511242	0.9169644451	0.9175042427	0.9176162804	0.9176872401	0.9178981912	0.9176423805	0.9182030137	0.9177871916	0.9174320967	0.9173259168	0.9177946806	0.9174302430	0.9179345237	0.9174587159	0.9161531174	0.9171313523	0.9169172128	0.9162093958	0.9165374267	0.9165647131	0.9171614564	0.9178034300	0.9177323221	0.9170312525	0.9175492506	0.9172750512	0.9170322164	0.9182705626	0.9179153935	0.9183075624	0.9179279246	0.9173575780	0.9181551141	0.9181478476	0.9168764314	0.9167527525	0.9174464814	0.9163667379	0.9156709328	0.9171619013	0.9172536966	0.9171890395	0.9178228568	0.9161861875	0.9169689682	0.9165277874	0.9170000362	0.9174982368	0.9169911384	0.9167152336	0.9170629137	0.9173110871	0.9176169477	0.9171421779	0.9176446050	0.9173777462	0.9170295471	0.9182221439	0.9174237180	0.9175903286	0.9180136397	0.9166421237	0.9174664273	0.9176041201	0.9178886261	0.9155766907	0.9178907023	0.9178181855	0.9178259710	0.9182916206	0.9169854290	0.9179664074	0.9177848189	0.9170970959	0.9157093415	0.9171798451	0.9166415305	0.9179046421	0.9163375236
0.9178131434	0.9178576322	0.9176509817	0.9177391437	0.9180939420	0.9180333631	0.9174867438	0.9177028853	0.9178416904	0.9181890739	0.9171509274	0.9175843226	0.9174224575	0.9171271259	1.0000000000	0.9173661791	0.9173592834	0.9175597796	0.9172524361	0.9177046649	0.9177428511	0.9173166482	0.9174897839	0.9173488285	0.9174770304	0.9177227570	0.9175794288	0.9178755761	0.9169820182	0.9180792607	0.9179641829	0.9171183764	0.9178965599	0.9179061250	0.9168919284	0.9163750425	0.9162541812	0.9164563087	0.9164193830	0.9167293217	0.9175627455	0.9175548859	0.9185801306	0.9173125701	0.9177807407	0.9165037635	0.9164578658	0.9180177178	0.9176729295	0.9176894645	0.9170713666	0.9175172928	0.9175779459	0.9174653892	0.9168441029	0.9166777147	0.9167632815	0.9159994086	0.9161095926	0.9178940389	0.9177243882	0.9177101518	0.9171510757	0.9166899491	0.9165448415	0.9166390095	0.9163104596	0.9167168649	0.9173084920	0.9162263015	0.9169116517	0.9176698153	0.9172337508	0.9169640744	0.9172419812	0.9175210002	0.9175473969	0.9181752824	0.9172650412	0.9171954162	0.9181055832	0.9171552280	0.9178294560	0.9174442570	0.9177177891	0.9157518283	0.9173270290	0.9175772044	0.9178453978	0.9179452011	0.9172913638	0.9169880984	0.9169017159	0.9173048587	0.9155285686	0.9170244309	0.9166875023	0.9175135854	0.9167398508
0.9184963433	0.9176256972	0.9179753051	0.9183925361	0.9176551340	0.9179433474	0.9173509046	0.9181609718	0.9182541017	0.9184941189	0.9172869149	0.9173995457	0.9169267038	0.9180140846	0.9173661791	1.0000000000	0.9174795515	0.9183175724	0.9176222864	0.9179290368	0.9168085860	0.9178178889	0.9178909247	0.9174825915	0.9180147519	0.9173385219	0.9179615878	0.9176821980	0.9175753507	0.9183786704	0.9179751569	0.9173356301	0.9173669948	0.9181371703	0.9168904454	0.9170328838	0.9168795456	0.9164472627	0.9170374809	0.9166815704	0.9178350171	0.9179041230	0.9184159669	0.9177713981	0.9182957729	0.9170745549	0.9170136794	0.9186706653	0.9177559753	0.9181829938	0.9171676107	0.9173147204	0.9179639605	0.9179808663	0.9174521167	0.9172941814	0.9168200789	0.9165575949	0.9158239744	0.9179411971	0.9174834072	0.9175210744	0.9177586446	0.9168143695	0.9168392091	0.9163361889	0.9172398309	0.9170784106	0.9167907905	0.9161871514	0.9167072998	0.9178427285	0.9169703770	0.9173161292	0.9175707535	0.9175475452	0.9171219355	0.9179230308	0.9173773013	0.9172453920	0.9177919371	0.9170137536	0.9172064643	0.9175630421	0.9180031107	0.9163069005	0.9178150713	0.9181161122	0.9179189527	0.9182242942	0.9170858254	0.9179024918	0.9177886746	0.9170260621	0.9159924387	0.9176250299	0.9172878047	0.9174157100	0.9164812225
0.9177343241	0.9177909732	0.9178560010	0.9182188073	0.9175629680	0.9179999223	0.9175719399	0.9175454691	0.9177876365	0.9175889939	0.9172617787	0.9172545864	0.9166975122	0.9173865698	0.9173592834	0.9174795515	1.0000000000	0.9182297070	0.9177313581	0.9175103229	0.9167410371	0.9172605182	0.9173288085	0.9168018385	0.9178981171	0.9175969278	0.9176864244	0.9175259681	0.9167514920	0.9171404725	0.9178752795	0.9173176122	0.9177173442	0.9179309646	0.9165577432	0.9168455117	0.9162062074	0.9159619638	0.9168177803	0.9163935053	0.9173353336	0.9173532774	0.9182959212	0.9171975665	0.9173609888	0.9165069518	0.9172993718	0.9184601591	0.9170030021	0.9181827713	0.9168101431	0.9178544439	0.9184703174	0.9179193975	0.9168720567	0.9166346347	0.9166602899	0.9164976092	0.9154802983	0.9174698381	0.9174103714	0.9175331605	0.9167744779	0.9158247158	0.9167685461	0.9165377974	0.9164592746	0.9173998423	0.9169483550	0.9169109103	0.9168094016	0.9173147204	0.9169212168	0.9172137308	0.9174754733	0.9171003585	0.9174325416	0.9182533602	0.9168810286	0.9174397340	0.9171869634	0.9172331576	0.9173119769	0.9168220809	0.9176449016	0.9162446903	0.9167549770	0.9175003129	0.9177805183	0.9176841259	0.9171152622	0.9180596115	0.9169470203	0.9165136251	0.9150624000	0.9168745777	0.9165784305	0.9180027399	0.9167218328
0.9181540019	0.9184903373	0.9183441916	0.9190769965	0.9180263931	0.9184568224	0.9180742186	0.9177995002	0.9179813111	0.9182435727	0.9177075566	0.9177625003	0.9173377063	0.9182804984	0.9175597796	0.9183175724	0.9182297070	1.0000000000	0.9183077849	0.9174576778	0.9179057543	0.9176004127	0.9181963404	0.9177156388	0.9178175923	0.9179909504	0.9182056089	0.9183286946	0.9178972273	0.9186654008	0.9184649046	0.9177248331	0.9177809632	0.9179391209	0.9174619042	0.9171946006	0.9170999877	0.9167694358	0.9167689909	0.9168487742	0.9174935654	0.9178419129	0.9187679475	0.9178721652	0.9179737480	0.9175506594	0.9178166284	0.9188120656	0.9179274797	0.9181236012	0.9177731776	0.9181104028	0.9183789670	0.9180469321	0.9173030050	0.9176537252	0.9172395343	0.9171051781	0.9159251864	0.9176930236	0.9180352909	0.9184015821	0.9175568878	0.9170718856	0.9171521879	0.9168151110	0.9176508334	0.9170319198	0.9178286404	0.9173529808	0.9170916090	0.9180062249	0.9175838036	0.9177125987	0.9176661820	0.9178327926	0.9184479247	0.9181311643	0.9176885006	0.9180019243	0.9177798510	0.9173208005	0.9181778776	0.9178536282	0.9178007607	0.9165430619	0.9178599308	0.9183823778	0.9183216506	0.9187893763	0.9169674111	0.9180317318	0.9181237495	0.9170922763	0.9160282522	0.9174269805	0.9169168421	0.9182030879	0.9169189182
0.9182598111	0.9183539791	0.9178978946	0.9183956503	0.9181603786	0.9176624746	0.9178220412	0.9180168280	0.9177857828	0.9183143841	0.9181405069	0.9170470460	0.9174693190	0.9181973785	0.9172524361	0.9176222864	0.9177313581	0.9183077849	1.0000000000	0.9174498922	0.9179632190	0.9178202616	0.9177868209	0.9176148716	0.9179739705	0.9180883067	0.9180808178	0.9180397398	0.9178270091	0.9177552338	0.9176678874	0.9180828939	0.9175096556	0.9179442371	0.9170968735	0.9168337222	0.9167051495	0.9164712866	0.9168998622	0.9168002073	0.9173007064	0.9174356558	0.9182303002	0.9174104455	0.9174528582	0.9173987301	0.9169883208	0.9183214281	0.9178953736	0.9184979746	0.9175309360	0.9181064730	0.9175958897	0.9185285236	0.9172388670	0.9169246276	0.9168031732	0.9167223518	0.9162859166	0.9181660139	0.9179555818	0.9172753478	0.9179514295	0.9164814449	0.9174108904	0.9164528979	0.9166408632	0.9169043111	0.9179136881	0.9174266098	0.9171471459	0.9183418930	0.9176145750	0.9168980827	0.9175323449	0.9177225345	0.9178607465	0.9179486860	0.9173273256	0.9175967053	0.9174873370	0.9170852323	0.9179225859	0.9175993747	0.9173512012	0.9163119425	0.9180757757	0.9180673228	0.9173847903	0.9180837096	0.9173220611	0.9175901803	0.9166924702	0.9169866154	0.9158678700	0.9171595286	0.9166439032	0.9181000963	0.9163886857
0.9180473770	0.9170096013	0.9176753764	0.9182810916	0.9184052895	0.9182115408	0.9173265099	0.9175545151	0.9176872401	0.9181198938	0.9171922279	0.9171242341	0.9173598024	0.9170511242	0.9177046649	0.9179290368	0.9175103229	0.9174576778	0.9174498922	1.0000000000	0.9169596255	0.9170957613	0.9174570846	0.9177722879	0.9174201589	0.9172324161	0.9172731234	0.9175861763	0.9181760239	0.9178611913	0.9174710244	0.9180251326	0.9177508591	0.9184683895	0.9165142925	0.9165686430	0.9160721478	0.9160101601	0.9166613280	0.9167786302	0.9173652894	0.9172549571	0.9184513355	0.9169211427	0.9175073570	0.9168287542	0.9171218614	0.9182544725	0.9170288056	0.9176357072	0.9173855318	0.9170908675	0.9182063504	0.9178720911	0.9172414622	0.9170172385	0.9173639547	0.9155879612	0.9163905394	0.9177949030	0.9169356757	0.9183038550	0.9170142726	0.9163111269	0.9163235096	0.9163530205	0.9167730691	0.9170913866	0.9168746519	0.9168317202	0.9162184419	0.9172411656	0.9174068864	0.9173664757	0.9174722108	0.9171991236	0.9177478190	0.9179953251	0.9165933343	0.9177889712	0.9174632389	0.9163712609	0.9173797482	0.9168462532	0.9177193462	0.9161279813	0.9173411912	0.9175703086	0.9175654890	0.9173925758	0.9170783365	0.9176388956	0.9171576007	0.9172333059	0.9152918140	0.9169777918	0.9168744294	0.9177202359	0.9169116517
0.9180232789	0.9170464528	0.9170846391	0.9176689997	0.9175627455	0.9172623719	0.9169131347	0.9173093076	0.9171991236	0.9175878817	0.9173978403	0.9172066126	0.9169747517	0.9169644451	0.9177428511	0.9168085860	0.9167410371	0.9179057543	0.9179632190	0.9169596255	1.0000000000	0.9178393918	0.9170308076	0.9175751283	0.9167118228	0.9173254719	0.9175374611	0.9174865955	0.9171586388	0.9173023377	0.9176813824	0.9176381541	0.9171426228	0.9174631647	0.9165151081	0.9157105279	0.9158186357	0.9162780569	0.9154634667	0.9159908074	0.9167610571	0.9176253265	0.9182181399	0.9169603670	0.9172931433	0.9167181995	0.9164528238	0.9182406068	0.9172136566	0.9180249102	0.9170574268	0.9174860023	0.9174394374	0.9176299978	0.9161291676	0.9161368790	0.9166167650	0.9165985246	0.9154511581	0.9171648672	0.9169313010	0.9174708020	0.9177616105	0.9159183648	0.9165980797	0.9163354474	0.9165348315	0.9164023290	0.9173824917	0.9166894301	0.9164640943	0.9169037179	0.9164382908	0.9163616958	0.9173144980	0.9169838719	0.9173172414	0.9177511557	0.9169058682	0.9175888456	0.9177453721	0.9168200789	0.9172893618	0.9166006008	0.9173572814	0.9158428821	0.9173191693	0.9172703799	0.9173976920	0.9174016960	0.9167291735	0.9172692677	0.9172444281	0.9167926442	0.9154560519	0.9169099463	0.9165119197	0.9172322678	0.9164379200
0.9178844738	0.9181428055	0.9176020440	0.9180280244	0.9176735227	0.9177836325	0.9178048388	0.9174700605	0.9178365000	0.9179581770	0.9177540474	0.9173202074	0.9176036753	0.9175042427	0.9173166482	0.9178178889	0.9172605182	0.9176004127	0.9178202616	0.9170957613	0.9178393918	1.0000000000	0.9172606665	0.9177799251	0.9176453464	0.9174955674	0.9174876336	0.9178244139	0.9172969990	0.9175513267	0.9175679359	0.9179721168	0.9176361521	0.9177462619	0.9167725500	0.9172410914	0.9165111783	0.9155647529	0.9170334769	0.9163665896	0.9167702515	0.9170831561	0.9179449786	0.9174484093	0.9177420355	0.9173950227	0.9169769020	0.9179210288	0.9179056060	0.9181927813	0.9174857057	0.9177707307	0.9180031107	0.9182709333	0.9165823604	0.9169170645	0.9168667922	0.9161552677	0.9157320308	0.9170557214	0.9176656630	0.9177362519	0.9170833044	0.9158554873	0.9167981311	0.9165596711	0.9171426970	0.9167662475	0.9174828881	0.9171911156	0.9167970189	0.9177191979	0.9169884691	0.9167217586	0.9177776265	0.9172644480	0.9172060194	0.9176875367	0.9174831847	0.9173477163	0.9174088884	0.9168393574	0.9175432446	0.9170967994	0.9185036098	0.9160235067	0.9172872856	0.9174774012	0.9176336311	0.9178554819	0.9170370360	0.9179360067	0.9170434869	0.9169499863	0.9156787925	0.9173153877	0.9177979431	0.9180419642	0.9168357983
0.9179658142	0.9178065442	0.9180607978	0.9176441601	0.9180704371	0.9173443055	0.9178636382	0.9173624717	0.9174415135	0.9178464359	0.9173728525	0.9171705025	0.9171922279	0.9176162804	0.9174897839	0.9178909247	0.9173288085	0.9181963404	0.9177868209	0.9174570846	0.9170308076	0.9172606665	1.0000000000	0.9176311100	0.9176995486	0.9174883751	0.9172959609	0.9179036782	0.9175450242	0.9179497241	0.9178270832	0.9175861763	0.9181930779	0.9173457884	0.9165132544	0.9168259366	0.9168008746	0.9162821350	0.9165865868	0.9169531746	0.9174644994	0.9175536253	0.9181381342	0.9174960865	0.9177692478	0.9171584164	0.9166700033	0.9187788473	0.9172841714	0.9176730778	0.9179306680	0.9172511755	0.9179618102	0.9184976038	0.9171174867	0.9169926214	0.9168002814	0.9166868349	0.9163028965	0.9174618301	0.9173326642	0.9177418130	0.9170701802	0.9163834954	0.9160104567	0.9166257370	0.9169265555	0.9168437321	0.9170862703	0.9168091792	0.9161236807	0.9173621751	0.9169231447	0.9172777947	0.9174934171	0.9175651183	0.9174629423	0.9184689827	0.9166728210	0.9175242627	0.9174593832	0.9168200048	0.9176668494	0.9175789840	0.9175212226	0.9158497779	0.9174224575	0.9173578004	0.9177459653	0.9186719258	0.9167123418	0.9177029595	0.9173874596	0.9166657769	0.9156667064	0.9167618727	0.9169051267	0.9176404527	0.9169795713
0.9180106738	0.9181433987	0.9173023377	0.9183298069	0.9180498981	0.9180103772	0.9173761150	0.9182753081	0.9180358099	0.9176173926	0.9178660110	0.9173446762	0.9176013025	0.9176872401	0.9173488285	0.9174825915	0.9168018385	0.9177156388	0.9176148716	0.9177722879	0.9175751283	0.9177799251	0.9176311100	1.0000000000	0.9183258770	0.9178903315	0.9172232217	0.9181371703	0.9173763374	0.9177558270	0.9179371931	0.9175749800	0.9177272059	0.9179768623	0.9173509046	0.9167101916	0.9160734083	0.9165402443	0.9174211228	0.9160643623	0.9173840488	0.9173284378	0.9178433958	0.9169562147	0.9179487602	0.9170917573	0.9170525330	0.9183473799	0.9180543469	0.9181918915	0.9173108647	0.9178088428	0.9180823007	0.9180812627	0.9170795970	0.9167313979	0.9171838491	0.9167520110	0.9157137904	0.9172093561	0.9170790038	0.9176465328	0.9172313039	0.9168969704	0.9165921479	0.9164382166	0.9167615761	0.9175587415	0.9174723591	0.9167715861	0.9169057199	0.9179741188	0.9174419584	0.9171052522	0.9174441087	0.9177517489	0.9180533830	0.9181625289	0.9173135340	0.9173401532	0.9176185790	0.9173222094	0.9177992036	0.9177065927	0.9177567909	0.9157107503	0.9177120055	0.9179433474	0.9175209261	0.9177279473	0.9175679359	0.9171903742	0.9178042457	0.9175493989	0.9160011881	0.9172278931	0.9170515691	0.9176213966	0.9165267493
0.9181507394	0.9176990296	0.9177782938	0.9188201477	0.9180274312	0.9180466355	0.9177663560	0.9178880329	0.9178273798	0.9182084265	0.9184224919	0.9173319969	0.9172181797	0.9178981912	0.9174770304	0.9180147519	0.9178981171	0.9178175923	0.9179739705	0.9174201589	0.9167118228	0.9176453464	0.9176995486	0.9183258770	1.0000000000	0.9176943583	0.9181276052	0.9178580030	0.9175300463	0.9175887715	0.9179433474	0.9183607266	0.9182718231	0.9179121310	0.9168604155	0.9171462561	0.9165291962	0.9164473368	0.9174001389	0.9167331033	0.9173817502	0.9177774041	0.9187984965	0.9181051383	0.9181662363	0.9175732004	0.9175950741	0.9189296644	0.9178177406	0.9189223237	0.9176962120	0.9182735285	0.9184077364	0.9179819785	0.9171963802	0.9173512012	0.9172076507	0.9161102599	0.9160254346	0.9176559496	0.9179472030	0.9183797826	0.9178481413	0.9164420723	0.9175247076	0.9169813509	0.9175851382	0.9171370617	0.9169728239	0.9174041429	0.9166068292	0.9183194261	0.9172903257	0.9176523905	0.9177323221	0.9178052096	0.9177415906	0.9183681414	0.9168043595	0.9178605982	0.9171669434	0.9170372585	0.9170294729	0.9177259453	0.9180521225	0.9164092989	0.9174854833	0.9176873142	0.9180969821	0.9175121024	0.9176878333	0.9182034586	0.9177027370	0.9173424518	0.9156895440	0.9176679616	0.9177388471	0.9174716918	0.9170394829
0.9179956217	0.9179278504	0.9179439405	0.9177837067	0.9177237209	0.9178372415	0.9169728239	0.9181500720	0.9174161549	0.9176947290	0.9174514494	0.9173039689	0.9173357784	0.9176423805	0.9177227570	0.9173385219	0.9175969278	0.9179909504	0.9180883067	0.9172324161	0.9173254719	0.9174955674	0.9174883751	0.9178903315	0.9176943583	1.0000000000	0.9173311071	0.9176767852	0.9169223291	0.9176621780	0.9175215934	0.9173580970	0.9179311871	0.9174119285	0.9166864642	0.9167640972	0.9163017101	0.9166681496	0.9165753163	0.9166995884	0.9166680013	0.9172995942	0.9185336398	0.9173540189	0.9177384022	0.9168665697	0.9170044109	0.9182283724	0.9172298951	0.9181020983	0.9171424745	0.9175123249	0.9176380799	0.9178720911	0.9161912295	0.9165284547	0.9171581198	0.9158809942	0.9162756100	0.9176280700	0.9175441344	0.9175963346	0.9175511043	0.9160130518	0.9163681467	0.9161842596	0.9164442967	0.9166880213	0.9174949742	0.9162853975	0.9166470174	0.9171572300	0.9170262104	0.9167630591	0.9173294017	0.9173299207	0.9177840032	0.9181477735	0.9169799421	0.9175092848	0.9175221124	0.9168348344	0.9177589412	0.9172616304	0.9176443084	0.9160507190	0.9175885491	0.9172373840	0.9178005383	0.9177450755	0.9169892106	0.9169236637	0.9170572043	0.9166887628	0.9155335366	0.9165975607	0.9167474880	0.9174318001	0.9165492162
0.9178333117	0.9183216506	0.9180611686	0.9185740504	0.9179650727	0.9178720170	0.9176704826	0.9179170248	0.9177350655	0.9177171959	0.9175014993	0.9176611400	0.9175974468	0.9182030137	0.9175794288	0.9179615878	0.9176864244	0.9182056089	0.9180808178	0.9172731234	0.9175374611	0.9174876336	0.9172959609	0.9172232217	0.9181276052	0.9173311071	1.0000000000	0.9187394005	0.9175102487	0.9179892450	0.9184657202	0.9175316775	0.9179454976	0.9176547632	0.9170276192	0.9175706052	0.9166754903	0.9167239831	0.9168931889	0.9166136508	0.9177071859	0.9182202902	0.9182503202	0.9178667524	0.9178833616	0.9174725815	0.9169389382	0.9187755106	0.9180737737	0.9182206610	0.9175705311	0.9179544696	0.9184730608	0.9181519999	0.9170411883	0.9171544865	0.9173930949	0.9168823633	0.9160596168	0.9174943811	0.9179363033	0.9178342756	0.9172903257	0.9172132859	0.9172029793	0.9169287799	0.9173986560	0.9170456372	0.9173228767	0.9169673369	0.9171993461	0.9177676907	0.9177532318	0.9177991294	0.9180031848	0.9175683066	0.9179896157	0.9180109703	0.9177966826	0.9175876593	0.9178878846	0.9177008092	0.9183326245	0.9176969535	0.9180237238	0.9160702200	0.9171871858	0.9184614937	0.9173604697	0.9181366512	0.9171515206	0.9180019984	0.9175033530	0.9172692677	0.9164107818	0.9175089141	0.9166112781	0.9179255518	0.9166685204
0.9185240747	0.9182353423	0.9176764886	0.9185274855	0.9180958698	0.9181278276	0.9177679131	0.9178569649	0.9176308134	0.9175641544	0.9175637836	0.9179098324	0.9177768850	0.9177871916	0.9178755761	0.9176821980	0.9175259681	0.9183286946	0.9180397398	0.9175861763	0.9174865955	0.9178244139	0.9179036782	0.9181371703	0.9178580030	0.9176767852	0.9187394005	1.0000000000	0.9175071345	0.9178995259	0.9183297327	0.9178795800	0.9184691310	0.9185976295	0.9176869435	0.9169800904	0.9165473625	0.9164269461	0.9171006551	0.9170374809	0.9175273028	0.9179791608	0.9187948633	0.9179325959	0.9183426345	0.9177103001	0.9174412169	0.9192545069	0.9177331377	0.9188816165	0.9177969792	0.9180594632	0.9185888801	0.9179411229	0.9167067807	0.9166989211	0.9176493504	0.9168525558	0.9156311895	0.9181289399	0.9181605269	0.9177070376	0.9176131662	0.9172313780	0.9171921537	0.9168614535	0.9176236211	0.9170674367	0.9175377577	0.9173644737	0.9170369619	0.9179354135	0.9181189299	0.9176303685	0.9182904343	0.9173001874	0.9177573841	0.9187067754	0.9176359296	0.9181074369	0.9183063761	0.9176198395	0.9182569935	0.9176377833	0.9185056860	0.9159321563	0.9184551170	0.9176463104	0.9178544439	0.9181359098	0.9172249271	0.9180381827	0.9179635156	0.9172928467	0.9156997023	0.9171826628	0.9170001103	0.9185322310	0.9170916090
0.9178317546	0.9180298781	0.9184336141	0.9179557301	0.9180837837	0.9174537479	0.9173425259	0.9177216448	0.9178600050	0.9183304742	0.9172374582	0.9173813795	0.9172829850	0.9174320967	0.9169820182	0.9175753507	0.9167514920	0.9178972273	0.9178270091	0.9181760239	0.9171586388	0.9172969990	0.9175450242	0.9173763374	0.9175300463	0.9169223291	0.9175102487	0.9175071345	1.0000000000	0.9177594602	0.9179692992	0.9177491537	0.9182633702	0.9180555333	0.9169421266	0.9169669662	0.9165357213	0.9164270203	0.9166048272	0.9169881725	0.9174020668	0.9173910929	0.9183220213	0.9177664302	0.9173642513	0.9172204041	0.9169974410	0.9184834416	0.9180219443	0.9181903344	0.9180926073	0.9177183081	0.9180248360	0.9184467383	0.9169700804	0.9172650412	0.9171622721	0.9163040828	0.9161565283	0.9177839291	0.9173559467	0.9178045422	0.9172190694	0.9162635239	0.9169341927	0.9163358182	0.9167170132	0.9170242084	0.9172554761	0.9166304824	0.9167444479	0.9173056743	0.9173856801	0.9172101717	0.9177501176	0.9177347690	0.9176493504	0.9179876137	0.9169569562	0.9178589669	0.9173125701	0.9174603471	0.9177596827	0.9177167510	0.9177700634	0.9160888311	0.9168475137	0.9175333829	0.9175261906	0.9177656887	0.9171441799	0.9180137880	0.9173926500	0.9173847161	0.9156914719	0.9173783394	0.9170913866	0.9178351654	0.9169218842
0.9183390754	0.9177387730	0.9174650926	0.9180804470	0.9177861535	0.9180574612	0.9179827200	0.9178838806	0.9180780002	0.9184218246	0.9173245079	0.9171700576	0.9169473911	0.9173259168	0.9180792607	0.9183786704	0.9171404725	0.9186654008	0.9177552338	0.9178611913	0.9173023377	0.9175513267	0.9179497241	0.9177558270	0.9175887715	0.9176621780	0.9179892450	0.9178995259	0.9177594602	1.0000000000	0.9187898212	0.9175824689	0.9179466099	0.9181233046	0.9167591293	0.9171404725	0.9167848586	0.9168687942	0.9171299435	0.9170120482	0.9171916347	0.9179096841	0.9187237553	0.9178792835	0.9180462648	0.9176090881	0.9173907221	0.9182506168	0.9176838293	0.9174874111	0.9171986787	0.9177337309	0.9180067439	0.9187637952	0.9171023605	0.9168812510	0.9170931661	0.9166218813	0.9157577602	0.9176811599	0.9176780457	0.9179055319	0.9173667723	0.9161487427	0.9170916831	0.9174237180	0.9166599192	0.9169549542	0.9171798451	0.9169046818	0.9167137507	0.9177379573	0.9170965028	0.9174505596	0.9171529294	0.9176625488	0.9177589412	0.9183553879	0.9173177605	0.9178942614	0.9175554790	0.9171213424	0.9179486119	0.9177078532	0.9180493049	0.9158950082	0.9175563688	0.9178661593	0.9180229823	0.9187376210	0.9175000905	0.9180944610	0.9180577578	0.9177329153	0.9160610256	0.9179222893	0.9170933144	0.9183767426	0.9170511983
0.9183054122	0.9181983424	0.9188432078	0.9189983996	0.9183662877	0.9179671489	0.9179665557	0.9179678162	0.9179555076	0.9188515865	0.9180203130	0.9174820725	0.9174432931	0.9177946806	0.9179641829	0.9179751569	0.9178752795	0.9184649046	0.9176678874	0.9174710244	0.9176813824	0.9175679359	0.9178270832	0.9179371931	0.9179433474	0.9175215934	0.9184657202	0.9183297327	0.9179692992	0.9187898212	1.0000000000	0.9186886091	0.9183744440	0.9185103573	0.9169517658	0.9177035526	0.9173215420	0.9157746659	0.9168806579	0.9167939047	0.9179546178	0.9181358356	0.9190065559	0.9182632219	0.9181474027	0.9172912896	0.9173942812	0.9188196287	0.9179749344	0.9181357615	0.9177405525	0.9180711044	0.9184879646	0.9189631051	0.9176345950	0.9174375095	0.9175935170	0.9167182737	0.9163843110	0.9178201133	0.9180529381	0.9184270891	0.9177084464	0.9170810800	0.9174161549	0.9178806181	0.9176398595	0.9174343953	0.9180387759	0.9173587643	0.9172339732	0.9183117147	0.9175717916	0.9177059254	0.9180128982	0.9176827170	0.9182318573	0.9184204899	0.9178940389	0.9181867012	0.9179941387	0.9174670204	0.9176076792	0.9179208064	0.9182495045	0.9166206207	0.9182334886	0.9182716007	0.9178457686	0.9183462677	0.9180305454	0.9181920398	0.9183647306	0.9181852182	0.9165667151	0.9175582225	0.9180570904	0.9185198482	0.9170522364
