0.4503731952	-0.0042673039	-0.0037159300	-0.0032888689	-0.0042306406	-0.0038047365	-0.0048810771	-0.0036624766	-0.0040033183	-0.0036793835	-0.0045462364	-0.0039601485	-0.0057297379	-0.0047092236	-0.0046518696	-0.0032428153	-0.0052631510	-0.0048725385	-0.0044378635	-0.0038655311	-0.0038348472	-0.0048721825	-0.0048032754	-0.0044306004	-0.0049245145	-0.0041940691	-0.0055405220	-0.0034672753	-0.0048711583	-0.0045293699	-0.0042843114	-0.0045964663	-0.0045730079	-0.0047729142	-0.0065000265	-0.0062482109	-0.0043036917	-0.0057710788	-0.0046061833	-0.0046685688	-0.0039972897	-0.0046517736	-0.0034625487	-0.0040698639	-0.0045178845	-0.0054727190	-0.0047597203	-0.0029331055	-0.0039668198	-0.0044683223	-0.0057818741	-0.0065349231	-0.0042997145	-0.0035410529	-0.0045666932	-0.0035238008	-0.0037410406	-0.0055252390	-0.0043446946	-0.0050257067	-0.0049745868	-0.0050467297	-0.0037910128	-0.0048411412	-0.0036153494	-0.0037120957	-0.0035155715	-0.0057764346	-0.0054652281	-0.0041129956	-0.0055054842	-0.0047177522	-0.0053322738	-0.0053098704	-0.0050847610	-0.0048131321	-0.0057099166	-0.0044644119	-0.0056964428	-0.0029380600	-0.0037991889	-0.0047501476	-0.0053081867	-0.0050526995	-0.0042284383	-0.0038691647	-0.0037864173	-0.0059931917	-0.0047453362	-0.0041650563	-0.0053008840	-0.0055914696	-0.0043838113	-0.0049341865	-0.0062244472	-0.0033333343	-0.0042423412	-0.0045969239	-0.0058548075
-0.0042673039	0.4439324652	-0.0045724847	-0.0054112262	-0.0050981747	-0.0050412215	-0.0040687825	-0.0044079263	-0.0043223788	-0.0046781222	-0.0051229192	-0.0040725260	-0.0036414729	-0.0045459923	-0.0043104747	-0.0047356987	-0.0045277218	-0.0031090227	-0.0031526691	-0.0065134451	-0.0058127608	-0.0040548072	-0.0046442669	-0.0048726255	-0.0051068515	-0.0043541636	-0.0037529769	-0.0048077908	-0.0043172676	-0.0057192090	-0.0044291101	-0.0038680793	-0.0032361865	-0.0031390831	-0.0036963628	-0.0055728318	-0.0045623805	-0.0049735957	-0.0047748997	-0.0056624649	-0.0042771590	-0.0034630279	-0.0037968442	-0.0043448030	-0.0041016704	-0.0051014088	-0.0046659686	-0.0025475562	-0.0032280136	-0.0031976302	-0.0053954105	-0.0031654536	-0.0038542844	-0.0046913864	-0.0054987790	-0.0045085391	-0.0041454665	-0.0033368304	-0.0054038519	-0.0038058181	-0.0028461847	-0.0052152311	-0.0037517709	-0.0048049237	-0.0050984453	-0.0048818054	-0.0047377341	-0.0042615518	-0.0053594673	-0.0063632929	-0.0065530435	-0.0037351026	-0.0050687272	-0.0062252431	-0.0059299795	-0.0039238227	-0.0044001425	-0.0043346881	-0.0041365143	-0.0055660782	-0.0039965031	-0.0050417065	-0.0052013733	-0.0042362187	-0.0034816666	-0.0046146675	-0.0043154472	-0.0046896759	-0.0039235282	-0.0038523860	-0.0058058567	-0.0048265524	-0.0036582691	-0.0057868634	-0.0037595236	-0.0037845892	-0.0056578098	-0.0046262862	-0.0059926140
-0.0037159300	-0.0045724847	0.4730155493	-0.0046094538	-0.0039916476	-0.0039188022	-0.0037934097	-0.0044468134	-0.0055047950	-0.0051799291	-0.0047446979	-0.0038026489	-0.0045725500	-0.0046623803	-0.0054682744	-0.0047580002	-0.0044318480	-0.0045829088	-0.0048356687	-0.0051830699	-0.0056802759	-0.0051962040	-0.0030150455	-0.0057272032	-0.0049344803	-0.0039530879	-0.0042741280	-0.0060597167	-0.0035823034	-0.0054484279	-0.0025700987	-0.0058134156	-0.0045597769	-0.0035324906	-0.0055787635	-0.0061401380	-0.0050486059	-0.0066555074	-0.0065904546	-0.0049485570	-0.0042796021	-0.0061304868	-0.0030210959	-0.0045822791	-0.0051107036	-0.0060817101	-0.0039071537	-0.0037101704	-0.0057932722	-0.0036366072	-0.0048467885	-0.0037655974	-0.0032787261	-0.0032641554	-0.0048875425	-0.0063903890	-0.0057832386	-0.0066678331	-0.0058087849	-0.0054587408	-0.0051646551	-0.0050537780	-0.0060217858	-0.0048096854	-0.0051141818	-0.0064779707	-0.0069953340	-0.0029996552	-0.0053341785	-0.0040225475	-0.0057765392	-0.0039608733	-0.0066527178	-0.0045534581	-0.0042449548	-0.0050315264	-0.0033623068	-0.0031460882	-0.0055987346	-0.0032528300	-0.0040691116	-0.0051175538	-0.0042099336	-0.0034785365	-0.0053286209	-0.0044850852	-0.0044322532	-0.0049906598	-0.0055652388	-0.0046753573	-0.0038881616	-0.0055955010	-0.0047833739	-0.0067888446	-0.0052521283	-0.0046782363	-0.0050714129	-0.0051085281	-0.0054343396
-0.0032888689	-0.0054112262	-0.0046094538	0.4446882702	-0.0037751319	-0.0039567792	-0.0052589279	-0.0039394854	-0.0047666980	-0.0036201585	-0.0038478912	-0.0054364153	-0.0034714745	-0.0045803842	-0.0049047041	-0.0049499200	-0.0043271431	-0.0033494036	-0.0051300489	-0.0043555651	-0.0047603390	-0.0049825453	-0.0053202998	-0.0045334856	-0.0038206060	-0.0051934202	-0.0041997344	-0.0045318891	-0.0052059203	-0.0054721877	-0.0031584978	-0.0040594969	-0.0054775655	-0.0037569977	-0.0049445256	-0.0039182924	-0.0046090931	-0.0055768913	-0.0044214825	-0.0052454669	-0.0055705323	-0.0040711472	-0.0021616400	-0.0048767752	-0.0055290786	-0.0044988631	-0.0036111859	-0.0044354640	-0.0045980274	-0.0040588630	-0.0054821889	-0.0044406332	-0.0035800604	-0.0037874967	-0.0045394298	-0.0037566899	-0.0038152319	-0.0036874654	-0.0059765533	-0.0052856151	-0.0057504925	-0.0037870437	-0.0057275875	-0.0060952107	-0.0049921731	-0.0051857560	-0.0041192016	-0.0062784492	-0.0066284351	-0.0047921073	-0.0041997977	-0.0047801392	-0.0052548404	-0.0026963772	-0.0052533712	-0.0046822252	-0.0047312596	-0.0032964536	-0.0046117419	-0.0036659582	-0.0047160862	-0.0056165087	-0.0033988422	-0.0052277977	-0.0040312352	-0.0043020632	-0.0036532351	-0.0045068769	-0.0040784048	-0.0037706839	-0.0048836042	-0.0029997747	-0.0043369616	-0.0042896945	-0.0045521274	-0.0037636185	-0.0057100395	-0.0050477107	-0.0053430259
-0.0042306406	-0.0050981747	-0.0039916476	-0.0037751319	0.4510224623	-0.0038065509	-0.0034581291	-0.0043798888	-0.0051636763	-0.0043540348	-0.0041409223	-0.0051878993	-0.0046383938	-0.0046513015	-0.0037221932	-0.0055735198	-0.0048985651	-0.0046623834	-0.0040803131	-0.0024716083	-0.0038521906	-0.0055157545	-0.0035788705	-0.0038052628	-0.0046951962	-0.0035559581	-0.0052910768	-0.0044366089	-0.0036856918	-0.0052832422	-0.0042515044	-0.0043890167	-0.0040667683	-0.0051703097	-0.0042963427	-0.0055841463	-0.0064964697	-0.0066048510	-0.0056101189	-0.0039738613	-0.0048537032	-0.0035698499	-0.0036388330	-0.0039751336	-0.0037478894	-0.0043975632	-0.0057260283	-0.0047335026	-0.0047504575	-0.0037149857	-0.0028452131	-0.0056619424	-0.0034812071	-0.0027139211	-0.0073810898	-0.0052392911	-0.0050586824	-0.0065533372	-0.0061852328	-0.0021832981	-0.0054355835	-0.0045473933	-0.0040473468	-0.0056448047	-0.0051665223	-0.0044181034	-0.0044724939	-0.0051854102	-0.0041297781	-0.0039225127	-0.0058454939	-0.0052795010	-0.0039345062	-0.0034000727	-0.0049366834	-0.0039663446	-0.0038427475	-0.0045551096	-0.0052877208	-0.0033423491	-0.0048484509	-0.0050040608	-0.0050782713	-0.0062700919	-0.0054454334	-0.0051582548	-0.0047418301	-0.0047938190	-0.0042678340	-0.0045063273	-0.0051335911	-0.0040384605	-0.0034903917	-0.0048598062	-0.0056530515	-0.0059447244	-0.0052277502	-0.0047612127	-0.0035992456
-0.0038047365	-0.0050412215	-0.0039188022	-0.0039567792	-0.0038065509	0.4804228874	-0.0049565016	-0.0056264591	-0.0040918685	-0.0046501582	-0.0049401826	-0.0062384342	-0.0040510203	-0.0045034831	-0.0034046805	-0.0049571611	-0.0038443495	-0.0042110961	-0.0047919949	-0.0031426431	-0.0051672635	-0.0046459059	-0.0062817961	-0.0046345962	-0.0048619679	-0.0046493191	-0.0048935913	-0.0044346534	-0.0060812020	-0.0047472863	-0.0048367462	-0.0054692242	-0.0041700704	-0.0043744689	-0.0053572514	-0.0053002538	-0.0052821266	-0.0064053468	-0.0042520841	-0.0052402479	-0.0050665227	-0.0049906911	-0.0020525233	-0.0063077940	-0.0041274280	-0.0069206283	-0.0051749089	-0.0052128842	-0.0034985567	-0.0036797733	-0.0049567815	-0.0040490804	-0.0044178506	-0.0045112004	-0.0076327220	-0.0047332524	-0.0042185422	-0.0052123447	-0.0053545687	-0.0040293190	-0.0045327416	-0.0061386466	-0.0050582997	-0.0052579776	-0.0061533413	-0.0062930232	-0.0066863187	-0.0060169429	-0.0055783628	-0.0055289331	-0.0056269849	-0.0045748798	-0.0044640081	-0.0056694030	-0.0053690368	-0.0044437699	-0.0050431689	-0.0042960607	-0.0059037346	-0.0042160070	-0.0032856620	-0.0059167944	-0.0053502245	-0.0048572739	-0.0047029507	-0.0045583862	-0.0035773146	-0.0048350857	-0.0050437393	-0.0038871099	-0.0061734069	-0.0055685273	-0.0039270787	-0.0053527242	-0.0058058745	-0.0048853286	-0.0053153673	-0.0031878863	-0.0061696139
-0.0048810771	-0.0040687825	-0.0037934097	-0.0052589279	-0.0034581291	-0.0049565016	0.4814168718	-0.0044830632	-0.0059501729	-0.0035829830	-0.0038041521	-0.0052919828	-0.0048567227	-0.0039952103	-0.0044519293	-0.0052022903	-0.0036677208	-0.0042254937	-0.0042966376	-0.0052464304	-0.0052092446	-0.0038966007	-0.0039290884	-0.0047991206	-0.0050234484	-0.0060593310	-0.0041183873	-0.0041455672	-0.0051098854	-0.0041229427	-0.0051791041	-0.0056072807	-0.0050110885	-0.0045563041	-0.0067447630	-0.0060296604	-0.0061787650	-0.0060174980	-0.0061666147	-0.0061751609	-0.0045801144	-0.0062172200	-0.0052142694	-0.0039830086	-0.0048121247	-0.0071729584	-0.0064054462	-0.0044900090	-0.0051126299	-0.0045713708	-0.0055429878	-0.0040846297	-0.0049871532	-0.0052113815	-0.0055373521	-0.0058360470	-0.0053836878	-0.0053704868	-0.0056231737	-0.0035370159	-0.0045122008	-0.0031593268	-0.0054484796	-0.0060405581	-0.0063586068	-0.0058248539	-0.0038913816	-0.0040453209	-0.0054928245	-0.0063222627	-0.0055098010	-0.0047310672	-0.0056039870	-0.0056118709	-0.0050520347	-0.0035194044	-0.0039959091	-0.0041172273	-0.0036208695	-0.0050257394	-0.0043477775	-0.0038585935	-0.0045859749	-0.0052996028	-0.0052427116	-0.0066484002	-0.0046862886	-0.0033500754	-0.0028249788	-0.0045879355	-0.0056911461	-0.0056480349	-0.0042037907	-0.0043880741	-0.0053036956	-0.0045926716	-0.0043062995	-0.0046942989	-0.0060482560
-0.0036624766	-0.0044079263	-0.0044468134	-0.0039394854	-0.0043798888	-0.0056264591	-0.0044830632	0.4686853986	-0.0050744485	-0.0045207876	-0.0049563597	-0.0050905459	-0.0032690588	-0.0044407475	-0.0044365599	-0.0030660619	-0.0042382517	-0.0057259101	-0.0042055951	-0.0050761921	-0.0046576635	-0.0052421827	-0.0051560157	-0.0034130929	-0.0042166213	-0.0035999927	-0.0042286617	-0.0051244355	-0.0045990200	-0.0045697782	-0.0045898219	-0.0035063563	-0.0055612160	-0.0053841721	-0.0041926914	-0.0057901310	-0.0060603095	-0.0050435298	-0.0045547613	-0.0054591509	-0.0056482913	-0.0042171979	-0.0056527577	-0.0050563926	-0.0025254202	-0.0051963956	-0.0034927030	-0.0047817595	-0.0049651145	-0.0041196205	-0.0040796952	-0.0037300038	-0.0036453489	-0.0047816279	-0.0041636223	-0.0058825917	-0.0053278683	-0.0065272479	-0.0075896411	-0.0042374848	-0.0051778100	-0.0058173568	-0.0041131598	-0.0059062688	-0.0048039103	-0.0059139721	-0.0046209800	-0.0044990655	-0.0051069242	-0.0048952810	-0.0061634294	-0.0033107183	-0.0050763089	-0.0044322775	-0.0055998545	-0.0039060060	-0.0053469581	-0.0043726134	-0.0056125453	-0.0053565570	-0.0029068970	-0.0031712936	-0.0061454184	-0.0055753177	-0.0052671899	-0.0056742747	-0.0042624865	-0.0059964356	-0.0048470545	-0.0048631606	-0.0054061104	-0.0040464306	-0.0043482814	-0.0061002136	-0.0060670809	-0.0041114573	-0.0056780322	-0.0028986566	-0.0056705893
-0.0040033183	-0.0043223788	-0.0055047950	-0.0047666980	-0.0051636763	-0.0040918685	-0.0059501729	-0.0050744485	0.4829888156	-0.0043413575	-0.0050402037	-0.0055926953	-0.0043241141	-0.0053358193	-0.0039038323	-0.0040124018	-0.0047479897	-0.0052042710	-0.0045458224	-0.0048055723	-0.0047967359	-0.0038821374	-0.0056805795	-0.0036642849	-0.0054391193	-0.0053238430	-0.0052569039	-0.0052446057	-0.0046954819	-0.0043997327	-0.0050289936	-0.0054961869	-0.0039501211	-0.0042061648	-0.0050268870	-0.0058588033	-0.0057547102	-0.0067671510	-0.0057840455	-0.0056136523	-0.0037297948	-0.0052384254	-0.0051786252	-0.0052634430	-0.0036630647	-0.0047400332	-0.0063945965	-0.0041408722	-0.0044298165	-0.0044954034	-0.0049881584	-0.0047473979	-0.0052647692	-0.0048700838	-0.0056877368	-0.0056252000	-0.0061494814	-0.0054341433	-0.0065029405	-0.0062884060	-0.0058944429	-0.0048624833	-0.0054485432	-0.0060175403	-0.0069653315	-0.0052412304	-0.0046171131	-0.0044571297	-0.0042720652	-0.0064917544	-0.0047700297	-0.0049100126	-0.0043927860	-0.0036751236	-0.0056352132	-0.0055715671	-0.0049240677	-0.0045764494	-0.0045479751	-0.0056634105	-0.0059755177	-0.0041136246	-0.0050764535	-0.0039317230	-0.0027709332	-0.0049877985	-0.0046369576	-0.0038180998	-0.0046036321	-0.0017019778	-0.0049754389	-0.0058658030	-0.0041464322	-0.0056183706	-0.0056803101	-0.0043237209	-0.0046721139	-0.0045732686	-0.0031484029
-0.0036793835	-0.0046781222	-0.0051799291	-0.0036201585	-0.0043540348	-0.0046501582	-0.0035829830	-0.0045207876	-0.0043413575	0.4656530713	-0.0048889319	-0.0061063293	-0.0033458079	-0.0036409832	-0.0035273903	-0.0038413341	-0.0051162787	-0.0043310275	-0.0038406088	-0.0032170857	-0.0043413401	-0.0046229376	-0.0045134568	-0.0048027820	-0.0042225518	-0.0045411526	-0.0053746396	-0.0059429395	-0.0039192574	-0.0044474056	-0.0028069599	-0.0049336456	-0.0048609608	-0.0037582220	-0.0053715852	-0.0040948897	-0.0059162042	-0.0052214516	-0.0051144630	-0.0061961365	-0.0034364306	-0.0049717929	-0.0036293459	-0.0043229084	-0.0042520909	-0.0061787632	-0.0057215019	-0.0032831853	-0.0059465424	-0.0039574187	-0.0045166338	-0.0048388581	-0.0041385254	-0.0032336018	-0.0042968669	-0.0052252895	-0.0046068056	-0.0063813553	-0.0035415916	-0.0044782627	-0.0047039724	-0.0041090176	-0.0043000552	-0.0051370881	-0.0047615650	-0.0062483115	-0.0055486784	-0.0063193085	-0.0049892007	-0.0056444385	-0.0047602011	-0.0054195529	-0.0062732484	-0.0044091086	-0.0057641625	-0.0049995690	-0.0045029972	-0.0047394484	-0.0042653829	-0.0043403394	-0.0046258198	-0.0051672200	-0.0042828444	-0.0052749289	-0.0047380822	-0.0059843522	-0.0040276846	-0.0054969462	-0.0038162783	-0.0056168895	-0.0045401070	-0.0046115730	-0.0058563759	-0.0060365883	-0.0080732439	-0.0046787065	-0.0052723174	-0.0052493324	-0.0046446909
-0.0045462364	-0.0051229192	-0.0047446979	-0.0038478912	-0.0041409223	-0.0049401826	-0.0038041521	-0.0049563597	-0.0050402037	-0.0048889319	0.4940554575	-0.0039974967	-0.0056136207	-0.0050387296	-0.0053457475	-0.0054093870	-0.0050769730	-0.0046944582	-0.0027470488	-0.0053269231	-0.0040497256	-0.0040004568	-0.0043226977	-0.0038048445	-0.0026256700	-0.0040536699	-0.0046943955	-0.0050071648	-0.0044485012	-0.0055622542	-0.0044639791	-0.0045787121	-0.0054820477	-0.0050015036	-0.0063863388	-0.0063677949	-0.0064792715	-0.0064355528	-0.0050848252	-0.0054949113	-0.0056034487	-0.0057877663	-0.0045920060	-0.0056539227	-0.0056825082	-0.0048893552	-0.0058178509	-0.0052949346	-0.0050973777	-0.0044008346	-0.0043711989	-0.0054149111	-0.0049486616	-0.0047630582	-0.0058533008	-0.0056041166	-0.0057598647	-0.0064024113	-0.0068139171	-0.0052492455	-0.0052552501	-0.0058230300	-0.0041630461	-0.0053976825	-0.0041077404	-0.0065775832	-0.0052524073	-0.0049884855	-0.0045588556	-0.0040171004	-0.0052804528	-0.0054635775	-0.0060088043	-0.0055161275	-0.0053914359	-0.0054539490	-0.0047080757	-0.0055352853	-0.0049288240	-0.0049490628	-0.0063108605	-0.0046630586	-0.0048670565	-0.0054037534	-0.0041217028	-0.0057995303	-0.0034821615	-0.0046493256	-0.0038341995	-0.0054754262	-0.0056570921	-0.0050594392	-0.0047385048	-0.0048655715	-0.0052484966	-0.0056392817	-0.0060848207	-0.0036420455	-0.0055084654
-0.0039601485	-0.0040725260	-0.0038026489	-0.0054364153	-0.0051878993	-0.0062384342	-0.0052919828	-0.0050905459	-0.0055926953	-0.0061063293	-0.0039974967	0.4990159811	-0.0058718841	-0.0047709963	-0.0037235723	-0.0045176906	-0.0046947915	-0.0043164581	-0.0055027733	-0.0042218089	-0.0040930564	-0.0048636657	-0.0050020620	-0.0041344371	-0.0053654332	-0.0045420806	-0.0046832672	-0.0039748109	-0.0040895106	-0.0057903868	-0.0052738063	-0.0057811294	-0.0052179057	-0.0042774522	-0.0052796796	-0.0057278544	-0.0069775122	-0.0052088396	-0.0064698977	-0.0048656470	-0.0058879492	-0.0058088597	-0.0045031079	-0.0043335295	-0.0044991842	-0.0051768235	-0.0060201716	-0.0049792922	-0.0041070652	-0.0037511711	-0.0050031840	-0.0042462303	-0.0036495314	-0.0064060086	-0.0069627625	-0.0054596966	-0.0050563731	-0.0058989382	-0.0048788260	-0.0045932979	-0.0050630012	-0.0046739112	-0.0044941577	-0.0048999798	-0.0053827933	-0.0054403502	-0.0055585480	-0.0055126682	-0.0061875591	-0.0065278192	-0.0058740599	-0.0045381398	-0.0043165456	-0.0048282096	-0.0055264830	-0.0062262759	-0.0065601169	-0.0054795453	-0.0055791255	-0.0060044354	-0.0059459410	-0.0058561207	-0.0045749646	-0.0050788816	-0.0048321549	-0.0052876186	-0.0047492532	-0.0037784145	-0.0049045831	-0.0043156271	-0.0060389361	-0.0048667263	-0.0032270412	-0.0045392570	-0.0046817233	-0.0057384117	-0.0054712583	-0.0052439568	-0.0059738518
-0.0057297379	-0.0036414729	-0.0045725500	-0.0034714745	-0.0046383938	-0.0040510203	-0.0048567227	-0.0032690588	-0.0043241141	-0.0033458079	-0.0056136207	-0.0058718841	0.4981181894	-0.0054261340	-0.0040021713	-0.0056600586	-0.0057024941	-0.0057122631	-0.0053467880	-0.0044848355	-0.0047792106	-0.0038123862	-0.0050928817	-0.0043417573	-0.0051291336	-0.0045528930	-0.0052828430	-0.0038673526	-0.0045784915	-0.0067996061	-0.0055792718	-0.0045095646	-0.0048682646	-0.0049502391	-0.0068516402	-0.0044797939	-0.0078155975	-0.0058978698	-0.0049957380	-0.0052667287	-0.0067967434	-0.0047893009	-0.0045130388	-0.0059735961	-0.0049441860	-0.0058170380	-0.0055423138	-0.0036169194	-0.0050206304	-0.0045241316	-0.0054936039	-0.0041225274	-0.0044393373	-0.0050136838	-0.0044580753	-0.0056292454	-0.0044897868	-0.0047129040	-0.0063576762	-0.0056003832	-0.0037222679	-0.0042785405	-0.0043981619	-0.0057227306	-0.0062766572	-0.0066728513	-0.0054592767	-0.0063603258	-0.0046756162	-0.0065556486	-0.0046348500	-0.0060893834	-0.0046547037	-0.0045963263	-0.0048265296	-0.0053926352	-0.0061864314	-0.0047142346	-0.0048611319	-0.0058784540	-0.0052131301	-0.0054184473	-0.0063181555	-0.0039587290	-0.0030799310	-0.0055199964	-0.0058544972	-0.0045549122	-0.0043062756	-0.0058007180	-0.0049058970	-0.0058146506	-0.0033324532	-0.0055430967	-0.0055522653	-0.0041998040	-0.0064760198	-0.0059522077	-0.0053332584
-0.0047092236	-0.0045459923	-0.0046623803	-0.0045803842	-0.0046513015	-0.0045034831	-0.0039952103	-0.0044407475	-0.0053358193	-0.0036409832	-0.0050387296	-0.0047709963	-0.0054261340	0.4782589428	-0.0050442653	-0.0031197368	-0.0041638085	-0.0035353197	-0.0041355112	-0.0047200807	-0.0056056482	-0.0042563144	-0.0043186185	-0.0039775290	-0.0043008000	-0.0045022086	-0.0038753369	-0.0051669233	-0.0050478469	-0.0056651971	-0.0050821549	-0.0049933862	-0.0043091333	-0.0054213811	-0.0065602376	-0.0055133696	-0.0045362424	-0.0055580773	-0.0057667055	-0.0053249616	-0.0044402804	-0.0042149350	-0.0056053454	-0.0061807314	-0.0047325881	-0.0051564269	-0.0053327522	-0.0049015713	-0.0048020326	-0.0035079552	-0.0032349249	-0.0052836578	-0.0044055308	-0.0048829949	-0.0056258618	-0.0058158163	-0.0034843083	-0.0060601033	-0.0062913890	-0.0054631074	-0.0048811156	-0.0058355482	-0.0029100674	-0.0062147461	-0.0051203311	-0.0058455434	-0.0044665773	-0.0049771445	-0.0060241496	-0.0055016896	-0.0046204987	-0.0057801547	-0.0046338033	-0.0056706565	-0.0041959068	-0.0051611136	-0.0064451896	-0.0042617746	-0.0045423002	-0.0048800523	-0.0041853295	-0.0061833046	-0.0053397921	-0.0044974371	-0.0041541266	-0.0064757198	-0.0033280082	-0.0043939069	-0.0046436104	-0.0029363398	-0.0057307834	-0.0037134793	-0.0046990040	-0.0049571508	-0.0062240645	-0.0045916253	-0.0063298810	-0.0039591270	-0.0057233968
-0.0046518696	-0.0043104747	-0.0054682744	-0.0049047041	-0.0037221932	-0.0034046805	-0.0044519293	-0.0044365599	-0.0039038323	-0.0035273903	-0.0053457475	-0.0037235723	-0.0040021713	-0.0050442653	0.4825133267	-0.0052138681	-0.0040931356	-0.0053288814	-0.0049092414	-0.0034811130	-0.0024498616	-0.0045079520	-0.0048857237	-0.0049616012	-0.0047979589	-0.0039596066	-0.0051096625	-0.0044218090	-0.0057144775	-0.0037562046	-0.0041591186	-0.0056997699	-0.0046323069	-0.0040256030	-0.0045050861	-0.0064185872	-0.0064437217	-0.0054965229	-0.0061862456	-0.0045542231	-0.0037305952	-0.0035357898	-0.0029803201	-0.0049748307	-0.0041103692	-0.0064235631	-0.0064853872	-0.0057511752	-0.0051053575	-0.0063656854	-0.0050844529	-0.0048740834	-0.0058563639	-0.0051450705	-0.0057369857	-0.0061878364	-0.0056830797	-0.0065923129	-0.0046047487	-0.0036146064	-0.0044028512	-0.0040454008	-0.0046838767	-0.0047717540	-0.0067701008	-0.0060120018	-0.0068096310	-0.0058896590	-0.0053465921	-0.0071111033	-0.0052041327	-0.0044017931	-0.0047362006	-0.0050643553	-0.0054510948	-0.0045828361	-0.0046851142	-0.0033623469	-0.0054460371	-0.0054789606	-0.0030658570	-0.0042328540	-0.0044681935	-0.0043820482	-0.0049455114	-0.0067703094	-0.0040782686	-0.0051927091	-0.0040476270	-0.0045116007	-0.0035233817	-0.0066688779	-0.0063712061	-0.0048959646	-0.0066400152	-0.0044650433	-0.0058284692	-0.0053349042	-0.0053820831
-0.0032428153	-0.0047356987	-0.0047580002	-0.0049499200	-0.0055735198	-0.0049571611	-0.0052022903	-0.0030660619	-0.0040124018	-0.0038413341	-0.0054093870	-0.0045176906	-0.0056600586	-0.0031197368	-0.0052138681	0.4904821465	-0.0045716680	-0.0040491258	-0.0045646224	-0.0033671243	-0.0051992911	-0.0040453200	-0.0036691293	-0.0049412489	-0.0038683911	-0.0055548370	-0.0042505974	-0.0048509930	-0.0053026493	-0.0037035597	-0.0043616631	-0.0055405944	-0.0058719312	-0.0041605183	-0.0061760126	-0.0056921693	-0.0051080561	-0.0053158442	-0.0049043754	-0.0054146188	-0.0038176495	-0.0045775849	-0.0046835273	-0.0041475192	-0.0033242935	-0.0059314976	-0.0063096114	-0.0038916068	-0.0049698976	-0.0047240336	-0.0054124598	-0.0060995676	-0.0052602961	-0.0046746138	-0.0046425709	-0.0048333563	-0.0058617947	-0.0056382984	-0.0066210934	-0.0036315773	-0.0054509457	-0.0050954851	-0.0040765127	-0.0054247024	-0.0061155953	-0.0073589028	-0.0059459568	-0.0057479631	-0.0070960953	-0.0078947634	-0.0049523280	-0.0042779351	-0.0066061764	-0.0046872402	-0.0056338458	-0.0047810757	-0.0063319334	-0.0059249779	-0.0055868543	-0.0064460172	-0.0045087287	-0.0056637072	-0.0057477287	-0.0051974714	-0.0046341950	-0.0051179957	-0.0039876058	-0.0034807734	-0.0044379335	-0.0040287748	-0.0055403727	-0.0044614701	-0.0044740616	-0.0054317320	-0.0058186696	-0.0039625030	-0.0049665211	-0.0059273692	-0.0058620919
-0.0052631510	-0.0045277218	-0.0044318480	-0.0043271431	-0.0048985651	-0.0038443495	-0.0036677208	-0.0042382517	-0.0047479897	-0.0051162787	-0.0050769730	-0.0046947915	-0.0057024941	-0.0041638085	-0.0040931356	-0.0045716680	0.4895695000	-0.0031162434	-0.0040680643	-0.0040046992	-0.0052134157	-0.0048726813	-0.0044764387	-0.0059289161	-0.0040851265	-0.0039038246	-0.0050479700	-0.0052022747	-0.0065444218	-0.0064915926	-0.0042314785	-0.0052748212	-0.0040036379	-0.0043261035	-0.0056364180	-0.0056361357	-0.0060525673	-0.0064465601	-0.0045699317	-0.0058111288	-0.0044464708	-0.0053834976	-0.0042696965	-0.0046508344	-0.0051652403	-0.0070202287	-0.0049632155	-0.0040911732	-0.0064217837	-0.0042166895	-0.0061135046	-0.0035640789	-0.0022821055	-0.0047384377	-0.0049928640	-0.0060696975	-0.0059404369	-0.0060503483	-0.0069968606	-0.0042175683	-0.0047486483	-0.0048592851	-0.0052265498	-0.0063802650	-0.0054168588	-0.0056504747	-0.0057983073	-0.0041777979	-0.0051228844	-0.0056041350	-0.0045004836	-0.0055330817	-0.0053373656	-0.0047469927	-0.0050557678	-0.0047295988	-0.0049325601	-0.0041760084	-0.0049468923	-0.0050531103	-0.0055304890	-0.0043547935	-0.0053695425	-0.0068403633	-0.0044304477	-0.0054866824	-0.0063866138	-0.0044390654	-0.0044385571	-0.0050223804	-0.0049718882	-0.0037064141	-0.0049565846	-0.0062610737	-0.0069171851	-0.0044760760	-0.0056375202	-0.0034175236	-0.0050241578
-0.0048725385	-0.0031090227	-0.0045829088	-0.0033494036	-0.0046623834	-0.0042110961	-0.0042254937	-0.0057259101	-0.0052042710	-0.0043310275	-0.0046944582	-0.0043164581	-0.0057122631	-0.0035353197	-0.0053288814	-0.0040491258	-0.0031162434	0.4741143570	-0.0042598670	-0.0054579278	-0.0043838192	-0.0052305811	-0.0038347239	-0.0051763564	-0.0051594693	-0.0041974729	-0.0040780722	-0.0040618761	-0.0041601814	-0.0026796654	-0.0047885007	-0.0050710637	-0.0053368263	-0.0053457849	-0.0042787341	-0.0061249623	-0.0051970520	-0.0056349907	-0.0061686130	-0.0054393362	-0.0052076690	-0.0049358895	-0.0038966444	-0.0044245333	-0.0048445421	-0.0050288086	-0.0044805925	-0.0048965153	-0.0053607667	-0.0056507324	-0.0049851760	-0.0040672072	-0.0050344816	-0.0054879452	-0.0053218359	-0.0039307046	-0.0054143187	-0.0047439602	-0.0070399845	-0.0055160617	-0.0042492947	-0.0035577120	-0.0043978349	-0.0053605954	-0.0056008316	-0.0060837909	-0.0045993095	-0.0062616372	-0.0054100927	-0.0054057927	-0.0059353476	-0.0054503014	-0.0052748245	-0.0040937817	-0.0052952871	-0.0049992563	-0.0028407708	-0.0057540619	-0.0049026407	-0.0052351440	-0.0047390421	-0.0046934991	-0.0038248283	-0.0043978121	-0.0053938381	-0.0053619055	-0.0045972576	-0.0034281831	-0.0036983204	-0.0030449157	-0.0062397073	-0.0052891512	-0.0038590783	-0.0061231400	-0.0051284339	-0.0047422924	-0.0063733815	-0.0054580207	-0.0056521907
-0.0044378635	-0.0031526691	-0.0048356687	-0.0051300489	-0.0040803131	-0.0047919949	-0.0042966376	-0.0042055951	-0.0045458224	-0.0038406088	-0.0027470488	-0.0055027733	-0.0053467880	-0.0041355112	-0.0049092414	-0.0045646224	-0.0040680643	-0.0042598670	0.4858015981	-0.0049456104	-0.0025892853	-0.0039473354	-0.0035636531	-0.0043552759	-0.0047777319	-0.0038843203	-0.0045088486	-0.0049262793	-0.0045523363	-0.0051228418	-0.0058271030	-0.0036434678	-0.0060230207	-0.0045861487	-0.0053196482	-0.0056672412	-0.0056816680	-0.0063390640	-0.0060370340	-0.0053327918	-0.0057043085	-0.0051843207	-0.0047688032	-0.0049772093	-0.0057528643	-0.0050978324	-0.0065450485	-0.0040828449	-0.0054255601	-0.0043017851	-0.0054379611	-0.0031000192	-0.0063505346	-0.0035592246	-0.0046085768	-0.0058740552	-0.0060331776	-0.0051881773	-0.0052147360	-0.0034841689	-0.0047750277	-0.0063082543	-0.0034823801	-0.0059264136	-0.0052863864	-0.0063098164	-0.0067753900	-0.0062123610	-0.0042225151	-0.0044882625	-0.0046599703	-0.0034677496	-0.0049963938	-0.0064363274	-0.0053438520	-0.0048777737	-0.0045451608	-0.0056468635	-0.0047492778	-0.0058661941	-0.0060226141	-0.0056140518	-0.0047771490	-0.0055975935	-0.0057980869	-0.0055704971	-0.0029878505	-0.0032352482	-0.0053721064	-0.0045799478	-0.0048400928	-0.0055011009	-0.0073423010	-0.0057377442	-0.0061067517	-0.0050721387	-0.0058670942	-0.0039996756	-0.0062301315
-0.0038655311	-0.0065134451	-0.0051830699	-0.0043555651	-0.0024716083	-0.0031426431	-0.0052464304	-0.0050761921	-0.0048055723	-0.0032170857	-0.0053269231	-0.0042218089	-0.0044848355	-0.0047200807	-0.0034811130	-0.0033671243	-0.0040046992	-0.0054579278	-0.0049456104	0.4861881352	-0.0045844571	-0.0055844908	-0.0043451143	-0.0045944315	-0.0049396456	-0.0057734564	-0.0056669762	-0.0051105605	-0.0037358176	-0.0037275309	-0.0048131115	-0.0034056438	-0.0042362085	-0.0032664693	-0.0063763568	-0.0059591634	-0.0061902159	-0.0061033304	-0.0062737678	-0.0047038396	-0.0045371794	-0.0054468821	-0.0040321895	-0.0060260628	-0.0046980528	-0.0054278819	-0.0055078666	-0.0040657183	-0.0062493402	-0.0051264033	-0.0050326594	-0.0061823698	-0.0039380772	-0.0052360216	-0.0043588864	-0.0052080778	-0.0045541410	-0.0071356512	-0.0046102705	-0.0038383022	-0.0052979267	-0.0028056983	-0.0049052644	-0.0064589693	-0.0063471400	-0.0060946941	-0.0062465074	-0.0048903527	-0.0063288953	-0.0052543996	-0.0064148200	-0.0059351989	-0.0042879329	-0.0047895136	-0.0053257200	-0.0061036241	-0.0044433851	-0.0041659772	-0.0065353917	-0.0042907194	-0.0047172947	-0.0066449420	-0.0050611392	-0.0052602687	-0.0038394076	-0.0055957682	-0.0049371188	-0.0039551059	-0.0042404740	-0.0056262254	-0.0046598071	-0.0039106792	-0.0056518431	-0.0044258538	-0.0067782756	-0.0058676529	-0.0055039787	-0.0039050051	-0.0041952762
-0.0038348472	-0.0058127608	-0.0056802759	-0.0047603390	-0.0038521906	-0.0051672635	-0.0052092446	-0.0046576635	-0.0047967359	-0.0043413401	-0.0040497256	-0.0040930564	-0.0047792106	-0.0056056482	-0.0024498616	-0.0051992911	-0.0052134157	-0.0043838192	-0.0025892853	-0.0045844571	0.4896567959	-0.0026908916	-0.0049669026	-0.0041588874	-0.0062850253	-0.0051016215	-0.0040166551	-0.0039868863	-0.0046481017	-0.0047024770	-0.0044055014	-0.0041548954	-0.0051571344	-0.0047013611	-0.0051945149	-0.0077876809	-0.0067166369	-0.0049244323	-0.0071805032	-0.0066121592	-0.0049811717	-0.0035385312	-0.0044074475	-0.0040804601	-0.0053958530	-0.0057502859	-0.0058861130	-0.0037055465	-0.0058126664	-0.0043242113	-0.0054535485	-0.0045145192	-0.0050420195	-0.0051647382	-0.0066382952	-0.0069467123	-0.0052394507	-0.0049589670	-0.0058408559	-0.0042468711	-0.0054316624	-0.0038139174	-0.0029404558	-0.0060480976	-0.0054012460	-0.0055854325	-0.0059541068	-0.0068122844	-0.0049097590	-0.0047034818	-0.0054628088	-0.0063519459	-0.0065813178	-0.0059401047	-0.0051335826	-0.0049038368	-0.0049051913	-0.0046056155	-0.0047084297	-0.0044387267	-0.0042684932	-0.0047702723	-0.0047224982	-0.0060982128	-0.0048099015	-0.0049194120	-0.0044158834	-0.0043567556	-0.0044081393	-0.0050918159	-0.0060794513	-0.0046102505	-0.0043429679	-0.0055377776	-0.0056391018	-0.0050670392	-0.0056431526	-0.0046502244	-0.0052124786
-0.0048721825	-0.0040548072	-0.0051962040	-0.0049825453	-0.0055157545	-0.0046459059	-0.0038966007	-0.0052421827	-0.0038821374	-0.0046229376	-0.0040004568	-0.0048636657	-0.0038123862	-0.0042563144	-0.0045079520	-0.0040453200	-0.0048726813	-0.0052305811	-0.0039473354	-0.0055844908	-0.0026908916	0.4814841416	-0.0048590056	-0.0039097360	-0.0044607710	-0.0048116325	-0.0055112118	-0.0036389278	-0.0055326006	-0.0050968086	-0.0055202036	-0.0032785988	-0.0042946542	-0.0043076282	-0.0055378505	-0.0046449657	-0.0056468917	-0.0079283980	-0.0040821103	-0.0057120108	-0.0057761035	-0.0061422466	-0.0050159496	-0.0050560407	-0.0040949985	-0.0046075787	-0.0055816566	-0.0057481426	-0.0046247119	-0.0044398661	-0.0049286679	-0.0046944710	-0.0053175623	-0.0040073214	-0.0060669287	-0.0051970475	-0.0052881432	-0.0062500528	-0.0064064140	-0.0056627130	-0.0041497778	-0.0041167040	-0.0042923797	-0.0067420834	-0.0051400765	-0.0050724343	-0.0051042846	-0.0054270636	-0.0046602338	-0.0047579520	-0.0048235523	-0.0047582904	-0.0053028210	-0.0060116961	-0.0050433392	-0.0049927717	-0.0056387909	-0.0050970079	-0.0049034404	-0.0061545342	-0.0055363256	-0.0054377838	-0.0048729435	-0.0054771467	-0.0028083923	-0.0061656759	-0.0049064557	-0.0052485390	-0.0042679910	-0.0040154479	-0.0052760299	-0.0043854265	-0.0056253154	-0.0056431051	-0.0048012430	-0.0044889483	-0.0031816915	-0.0035497423	-0.0052027489
-0.0048032754	-0.0046442669	-0.0030150455	-0.0053202998	-0.0035788705	-0.0062817961	-0.0039290884	-0.0051560157	-0.0056805795	-0.0045134568	-0.0043226977	-0.0050020620	-0.0050928817	-0.0043186185	-0.0048857237	-0.0036691293	-0.0044764387	-0.0038347239	-0.0035636531	-0.0043451143	-0.0049669026	-0.0048590056	0.4834683129	-0.0038553934	-0.0043688404	-0.0043075510	-0.0057804126	-0.0040351709	-0.0047964454	-0.0038795098	-0.0047300051	-0.0046802742	-0.0028754732	-0.0057450479	-0.0066585098	-0.0053341597	-0.0053327990	-0.0054297592	-0.0066702466	-0.0045973446	-0.0045565696	-0.0050155106	-0.0048790528	-0.0045472677	-0.0046074671	-0.0049814790	-0.0059377236	-0.0035794121	-0.0054933501	-0.0054033464	-0.0042486408	-0.0052359088	-0.0049080856	-0.0038602016	-0.0052430270	-0.0047601951	-0.0046837699	-0.0049543239	-0.0043531054	-0.0047002771	-0.0048839369	-0.0040624081	-0.0046304040	-0.0059405111	-0.0069785872	-0.0058295911	-0.0051119295	-0.0064769681	-0.0056546183	-0.0064701844	-0.0070776553	-0.0050908033	-0.0060248896	-0.0039765486	-0.0051169895	-0.0046799846	-0.0046431246	-0.0037045882	-0.0065407389	-0.0048804196	-0.0055979589	-0.0062678673	-0.0047874631	-0.0047477334	-0.0046536401	-0.0060459361	-0.0037729333	-0.0052694632	-0.0038806542	-0.0023731733	-0.0056799764	-0.0046549331	-0.0055510768	-0.0063344893	-0.0066249078	-0.0048378598	-0.0059197571	-0.0048500124	-0.0045582937
-0.0044306004	-0.0048726255	-0.0057272032	-0.0045334856	-0.0038052628	-0.0046345962	-0.0047991206	-0.0034130929	-0.0036642849	-0.0048027820	-0.0038048445	-0.0041344371	-0.0043417573	-0.0039775290	-0.0049616012	-0.0049412489	-0.0059289161	-0.0051763564	-0.0043552759	-0.0045944315	-0.0041588874	-0.0039097360	-0.0038553934	0.4731371527	-0.0037974958	-0.0031299511	-0.0060178916	-0.0045782451	-0.0048005352	-0.0048852471	-0.0045646342	-0.0046654337	-0.0054801533	-0.0041103890	-0.0037054208	-0.0058581538	-0.0070998514	-0.0049419077	-0.0039192677	-0.0069400927	-0.0047047784	-0.0054068516	-0.0054980659	-0.0062597363	-0.0043653338	-0.0051794356	-0.0052213892	-0.0045156869	-0.0036994144	-0.0044965728	-0.0053077874	-0.0039029782	-0.0044948869	-0.0041999973	-0.0046870091	-0.0054246112	-0.0040326738	-0.0052761757	-0.0065863391	-0.0056235904	-0.0058521542	-0.0048194685	-0.0050953457	-0.0046200770	-0.0057476193	-0.0059748249	-0.0057375385	-0.0040501114	-0.0047999456	-0.0054244586	-0.0051484860	-0.0037178391	-0.0050484375	-0.0053758685	-0.0053705652	-0.0040927544	-0.0044523968	-0.0041678746	-0.0052641106	-0.0059757205	-0.0051964513	-0.0051405096	-0.0046609893	-0.0042420212	-0.0049612398	-0.0070593179	-0.0039366296	-0.0037314001	-0.0047837100	-0.0052983281	-0.0037992627	-0.0053558895	-0.0039159705	-0.0040955889	-0.0057063533	-0.0047019380	-0.0054606407	-0.0050574519	-0.0050964102
-0.0049245145	-0.0051068515	-0.0049344803	-0.0038206060	-0.0046951962	-0.0048619679	-0.0050234484	-0.0042166213	-0.0054391193	-0.0042225518	-0.0026256700	-0.0053654332	-0.0051291336	-0.0043008000	-0.0047979589	-0.0038683911	-0.0040851265	-0.0051594693	-0.0047777319	-0.0049396456	-0.0062850253	-0.0044607710	-0.0043688404	-0.0037974958	0.4830259863	-0.0044110988	-0.0046523502	-0.0049318298	-0.0056885355	-0.0055893640	-0.0050297300	-0.0033863685	-0.0039216275	-0.0053020129	-0.0056405439	-0.0056510257	-0.0064727903	-0.0060987557	-0.0042581828	-0.0058729170	-0.0056874516	-0.0048402361	-0.0032202613	-0.0035567752	-0.0039684742	-0.0044685682	-0.0051337544	-0.0035216141	-0.0049159132	-0.0033421262	-0.0050509552	-0.0034002744	-0.0042844485	-0.0057824433	-0.0053034403	-0.0056609867	-0.0047045483	-0.0079117632	-0.0062899392	-0.0043794374	-0.0044866840	-0.0036528046	-0.0039002060	-0.0059008527	-0.0049336735	-0.0048255216	-0.0043617608	-0.0062053488	-0.0064256375	-0.0052697428	-0.0068054796	-0.0042692695	-0.0052823347	-0.0043166045	-0.0053227152	-0.0045429157	-0.0048538301	-0.0048008408	-0.0064323847	-0.0051110377	-0.0062021841	-0.0060420994	-0.0065352783	-0.0044274681	-0.0041348174	-0.0056521735	-0.0048379025	-0.0059927045	-0.0034300455	-0.0064635465	-0.0041874020	-0.0042303892	-0.0043295591	-0.0055788508	-0.0066637365	-0.0043618063	-0.0037339338	-0.0060684367	-0.0049166139
-0.0041940691	-0.0043541636	-0.0039530879	-0.0051934202	-0.0035559581	-0.0046493191	-0.0060593310	-0.0035999927	-0.0053238430	-0.0045411526	-0.0040536699	-0.0045420806	-0.0045528930	-0.0045022086	-0.0039596066	-0.0055548370	-0.0039038246	-0.0041974729	-0.0038843203	-0.0057734564	-0.0051016215	-0.0048116325	-0.0043075510	-0.0031299511	-0.0044110988	0.5011659186	-0.0063293684	-0.0043706132	-0.0061183057	-0.0041102016	-0.0057730637	-0.0051032471	-0.0040524632	-0.0053439970	-0.0056763514	-0.0051206020	-0.0054988930	-0.0047696891	-0.0053893541	-0.0045864222	-0.0058319196	-0.0049128195	-0.0031253927	-0.0048891427	-0.0038736131	-0.0056909734	-0.0053288291	-0.0041847633	-0.0060828195	-0.0047096225	-0.0049458981	-0.0053097017	-0.0053341671	-0.0047938996	-0.0063541793	-0.0059247717	-0.0044233651	-0.0068712626	-0.0052299010	-0.0044240562	-0.0048734922	-0.0054201401	-0.0040800499	-0.0067033135	-0.0063918428	-0.0069197141	-0.0068746817	-0.0060989634	-0.0048231920	-0.0063920884	-0.0052749161	-0.0054171095	-0.0059179358	-0.0053762053	-0.0048841393	-0.0051133599	-0.0046745084	-0.0050325272	-0.0060482270	-0.0054794216	-0.0042995326	-0.0059139668	-0.0045544098	-0.0049807679	-0.0053534583	-0.0052280109	-0.0048550185	-0.0061240196	-0.0038818650	-0.0051803070	-0.0049519039	-0.0069145742	-0.0053633903	-0.0057673331	-0.0070592072	-0.0055376167	-0.0057702877	-0.0058034670	-0.0052367229
-0.0055405220	-0.0037529769	-0.0042741280	-0.0041997344	-0.0052910768	-0.0048935913	-0.0041183873	-0.0042286617	-0.0052569039	-0.0053746396	-0.0046943955	-0.0046832672	-0.0052828430	-0.0038753369	-0.0051096625	-0.0042505974	-0.0050479700	-0.0040780722	-0.0045088486	-0.0056669762	-0.0040166551	-0.0055112118	-0.0057804126	-0.0060178916	-0.0046523502	-0.0063293684	0.4870176550	-0.0028448655	-0.0046521672	-0.0049230695	-0.0037771226	-0.0049671486	-0.0045698302	-0.0054590476	-0.0049743660	-0.0047812511	-0.0055479803	-0.0054705278	-0.0060601248	-0.0057852317	-0.0044583244	-0.0036682240	-0.0046536775	-0.0039502784	-0.0046481535	-0.0055044125	-0.0062170960	-0.0040058680	-0.0045112958	-0.0053615732	-0.0050954557	-0.0039790731	-0.0041795536	-0.0048690608	-0.0058866111	-0.0057658058	-0.0041299817	-0.0050723244	-0.0064678797	-0.0057416921	-0.0042350362	-0.0052897031	-0.0051992587	-0.0045439767	-0.0052681577	-0.0053501444	-0.0052347186	-0.0057883917	-0.0062385123	-0.0054831273	-0.0047247653	-0.0051824319	-0.0041440100	-0.0040169819	-0.0043762116	-0.0049666612	-0.0048414427	-0.0059986323	-0.0043499219	-0.0059267404	-0.0047202472	-0.0041000024	-0.0040178844	-0.0045799381	-0.0051079794	-0.0065836586	-0.0065745686	-0.0033870158	-0.0059534119	-0.0046761403	-0.0060799237	-0.0045572522	-0.0053883217	-0.0054070723	-0.0043526596	-0.0042564842	-0.0068268382	-0.0051070544	-0.0057668206
-0.0034672753	-0.0048077908	-0.0060597167	-0.0045318891	-0.0044366089	-0.0044346534	-0.0041455672	-0.0051244355	-0.0052446057	-0.0059429395	-0.0050071648	-0.0039748109	-0.0038673526	-0.0051669233	-0.0044218090	-0.0048509930	-0.0052022747	-0.0040618761	-0.0049262793	-0.0051105605	-0.0039868863	-0.0036389278	-0.0040351709	-0.0045782451	-0.0049318298	-0.0043706132	-0.0028448655	0.4693198155	-0.0053973692	-0.0052572979	-0.0037914885	-0.0039931404	-0.0039713025	-0.0035877025	-0.0039460562	-0.0055582466	-0.0066161206	-0.0064303943	-0.0051986957	-0.0048877430	-0.0057241718	-0.0043104379	-0.0037197285	-0.0045592392	-0.0035722390	-0.0045418138	-0.0044775023	-0.0030365132	-0.0057041830	-0.0037102641	-0.0050300274	-0.0043203882	-0.0041714186	-0.0058280945	-0.0070920885	-0.0065031934	-0.0041819102	-0.0047955791	-0.0065331093	-0.0038266379	-0.0039800240	-0.0053622090	-0.0048634980	-0.0044529902	-0.0047328268	-0.0060324292	-0.0045724480	-0.0057829139	-0.0056714075	-0.0052904612	-0.0055801611	-0.0049988255	-0.0036207417	-0.0048786464	-0.0038225248	-0.0059967826	-0.0058799207	-0.0040429882	-0.0052455232	-0.0049494182	-0.0036732146	-0.0048470849	-0.0044527107	-0.0048074719	-0.0028360288	-0.0070985150	-0.0034527375	-0.0051615463	-0.0049397768	-0.0047758295	-0.0054607709	-0.0043321850	-0.0040226902	-0.0058188943	-0.0063851220	-0.0049596681	-0.0062167532	-0.0035899885	-0.0052859251
