0.4509928681	-0.0043472115	-0.0031956556	-0.0033239440	-0.0040865856	-0.0038902685	-0.0049092864	-0.0038472732	-0.0037770383	-0.0035202750	-0.0043282630	-0.0039988842	-0.0054153002	-0.0049470609	-0.0049178948	-0.0033080559	-0.0052219342	-0.0049400771	-0.0043991895	-0.0039329823	-0.0039358443	-0.0049181535	-0.0046752464	-0.0045645235	-0.0049306872	-0.0042776337	-0.0053937241	-0.0034252181	-0.0048576567	-0.0047996942	-0.0045858081	-0.0044845817	-0.0046014447	-0.0045993905	-0.0066817939	-0.0062945957	-0.0045290796	-0.0057886628	-0.0047114093	-0.0046030368	-0.0034802740	-0.0044262966	-0.0036313380	-0.0041545641	-0.0045431118	-0.0055176182	-0.0045555670	-0.0031218271	-0.0038561506	-0.0045759701	-0.0056878142	-0.0063076656	-0.0045828013	-0.0037688678	-0.0046377443	-0.0033761204	-0.0037080068	-0.0053272023	-0.0047502185	-0.0050827537	-0.0053212833	-0.0050602103	-0.0038321188	-0.0048129261	-0.0037629784	-0.0038141951	-0.0034753009	-0.0057969389	-0.0054970568	-0.0041454447	-0.0055245540	-0.0046045274	-0.0052733342	-0.0050355803	-0.0053269793	-0.0050352479	-0.0055132344	-0.0044427326	-0.0056748470	-0.0029425349	-0.0038964514	-0.0047659783	-0.0055192467	-0.0049756936	-0.0043171716	-0.0040602828	-0.0036133626	-0.0057338792	-0.0049026911	-0.0041291644	-0.0053300998	-0.0056034762	-0.0045890850	-0.0049456706	-0.0061032911	-0.0033256810	-0.0040705064	-0.0045334669	-0.0056283671
-0.0043472115	0.4446702971	-0.0042170588	-0.0053933025	-0.0047444328	-0.0051618935	-0.0038408339	-0.0042629855	-0.0041812963	-0.0046869568	-0.0047615697	-0.0041622100	-0.0033777875	-0.0043754042	-0.0045076029	-0.0047924122	-0.0045564757	-0.0031511763	-0.0033713342	-0.0062773968	-0.0059832671	-0.0043169826	-0.0046545998	-0.0048138635	-0.0050736843	-0.0044291841	-0.0034897848	-0.0051091530	-0.0042736610	-0.0059666469	-0.0048982724	-0.0039967816	-0.0031460778	-0.0030499923	-0.0038538034	-0.0054441416	-0.0043709220	-0.0048577216	-0.0046535527	-0.0055451450	-0.0044682728	-0.0034974183	-0.0036468438	-0.0047269391	-0.0040830461	-0.0053350080	-0.0045421745	-0.0024568383	-0.0035417718	-0.0032819753	-0.0056235134	-0.0029907354	-0.0041208713	-0.0045802974	-0.0055723796	-0.0048721188	-0.0039339401	-0.0031177077	-0.0053523537	-0.0038118883	-0.0032966886	-0.0050817089	-0.0038603408	-0.0046634440	-0.0051901780	-0.0050676675	-0.0046764839	-0.0044707279	-0.0053451125	-0.0064794921	-0.0065558184	-0.0036277549	-0.0052782211	-0.0060686658	-0.0057197691	-0.0038349601	-0.0044307522	-0.0043306229	-0.0042949169	-0.0054348296	-0.0040746151	-0.0052562433	-0.0051196382	-0.0042995851	-0.0035714334	-0.0047740618	-0.0046990893	-0.0044383525	-0.0038099625	-0.0037272814	-0.0058885843	-0.0049120055	-0.0034885785	-0.0055232319	-0.0042213919	-0.0036920728	-0.0055752751	-0.0044353028	-0.0058027641
-0.0031956556	-0.0042170588	0.4726019324	-0.0044317855	-0.0037559208	-0.0038514131	-0.0035263367	-0.0045798823	-0.0052927695	-0.0051430572	-0.0046500198	-0.0039122517	-0.0043732202	-0.0043310506	-0.0052843150	-0.0046474688	-0.0044485687	-0.0041513199	-0.0050234167	-0.0051925577	-0.0058039304	-0.0051071941	-0.0029731482	-0.0056210243	-0.0046723497	-0.0040423841	-0.0045281014	-0.0061548740	-0.0035197233	-0.0053382533	-0.0027373767	-0.0058169778	-0.0046576149	-0.0038620292	-0.0053687192	-0.0063632880	-0.0053074866	-0.0067726592	-0.0065325852	-0.0052889495	-0.0042428806	-0.0059376517	-0.0032360395	-0.0049169638	-0.0052758253	-0.0060095798	-0.0044006248	-0.0036666923	-0.0056355664	-0.0035525114	-0.0047136061	-0.0035453368	-0.0033668516	-0.0033646051	-0.0048491544	-0.0062429747	-0.0059434023	-0.0067433486	-0.0058640824	-0.0055703861	-0.0051233739	-0.0052554262	-0.0057724851	-0.0048475806	-0.0053451047	-0.0062522221	-0.0064307359	-0.0030358178	-0.0053544180	-0.0040665905	-0.0056609520	-0.0037941359	-0.0067581068	-0.0044540533	-0.0041169468	-0.0052303740	-0.0035784348	-0.0034804103	-0.0054436288	-0.0031130085	-0.0040548551	-0.0052772948	-0.0041971959	-0.0034971547	-0.0055560757	-0.0047372898	-0.0041793707	-0.0047154273	-0.0053347276	-0.0047327591	-0.0038529622	-0.0057815635	-0.0047995717	-0.0069091363	-0.0052599840	-0.0047789815	-0.0053292624	-0.0050129608	-0.0059267319
-0.0033239440	-0.0053933025	-0.0044317855	0.4452199559	-0.0038496570	-0.0039446955	-0.0053259862	-0.0038055627	-0.0047148250	-0.0036098313	-0.0038038219	-0.0055433664	-0.0036790658	-0.0044555232	-0.0047332684	-0.0046384763	-0.0043476062	-0.0035634118	-0.0050259728	-0.0044652520	-0.0048362677	-0.0050354096	-0.0053850031	-0.0047362851	-0.0038389148	-0.0050712058	-0.0042551344	-0.0043610391	-0.0053879233	-0.0054748179	-0.0033427145	-0.0038969955	-0.0053367493	-0.0036499299	-0.0048706546	-0.0039417820	-0.0045139098	-0.0058243234	-0.0044659371	-0.0049473069	-0.0055363270	-0.0039984529	-0.0023046047	-0.0045815618	-0.0055222061	-0.0043940409	-0.0034232556	-0.0040637863	-0.0045593556	-0.0038936753	-0.0052385299	-0.0046903264	-0.0038208795	-0.0039361990	-0.0046463190	-0.0036025213	-0.0039122777	-0.0040220942	-0.0061546241	-0.0054535853	-0.0056513709	-0.0036535160	-0.0055554046	-0.0063893919	-0.0048197417	-0.0051419981	-0.0041502927	-0.0063543308	-0.0064625353	-0.0050476423	-0.0043253592	-0.0049075017	-0.0052333334	-0.0029646109	-0.0051363964	-0.0047296546	-0.0046251152	-0.0032553758	-0.0044084990	-0.0037304057	-0.0046949244	-0.0055400365	-0.0033781536	-0.0051069153	-0.0039281992	-0.0041872457	-0.0037405591	-0.0045896325	-0.0041984499	-0.0037631561	-0.0051335820	-0.0031822563	-0.0044319826	-0.0045845689	-0.0046236353	-0.0035502466	-0.0057599490	-0.0050387244	-0.0056629811
-0.0040865856	-0.0047444328	-0.0037559208	-0.0038496570	0.4518569357	-0.0040113257	-0.0036211493	-0.0043397273	-0.0053257117	-0.0045704956	-0.0041083271	-0.0051309022	-0.0048569859	-0.0046915071	-0.0035875247	-0.0057762429	-0.0046830905	-0.0046577996	-0.0043602403	-0.0027380248	-0.0038944823	-0.0055789687	-0.0036659560	-0.0039419322	-0.0046351993	-0.0033600260	-0.0052006658	-0.0045295597	-0.0038349176	-0.0054313405	-0.0045431669	-0.0047052190	-0.0040772431	-0.0052139696	-0.0039624978	-0.0058656413	-0.0065238225	-0.0064996906	-0.0057094516	-0.0037703337	-0.0048581570	-0.0036330290	-0.0036945479	-0.0041272246	-0.0037213679	-0.0043932167	-0.0056053781	-0.0047512816	-0.0048492966	-0.0036958744	-0.0028386738	-0.0054487547	-0.0035760403	-0.0030328226	-0.0074560720	-0.0054756104	-0.0048172560	-0.0063905113	-0.0064191625	-0.0023757874	-0.0054519878	-0.0048140326	-0.0040603259	-0.0055131552	-0.0053186008	-0.0044507662	-0.0046342017	-0.0048481100	-0.0041791394	-0.0037194218	-0.0057412848	-0.0053608620	-0.0041040333	-0.0030482564	-0.0044852011	-0.0038695024	-0.0036340997	-0.0044338683	-0.0052025663	-0.0037244392	-0.0048308441	-0.0050528679	-0.0047227685	-0.0063209369	-0.0052922510	-0.0054265625	-0.0046210282	-0.0047062512	-0.0042559562	-0.0041517443	-0.0053422150	-0.0042386312	-0.0033010261	-0.0047798022	-0.0055363748	-0.0061313214	-0.0054057102	-0.0047912928	-0.0033556969
-0.0038902685	-0.0051618935	-0.0038514131	-0.0039446955	-0.0040113257	0.4804758535	-0.0047518297	-0.0054261643	-0.0040074329	-0.0047645351	-0.0047089868	-0.0060071870	-0.0037881161	-0.0046567937	-0.0034716149	-0.0049487097	-0.0036972682	-0.0043456614	-0.0047253425	-0.0033183270	-0.0052416542	-0.0046393590	-0.0060823426	-0.0048877310	-0.0054609086	-0.0046960205	-0.0051621208	-0.0047648269	-0.0064343519	-0.0048464951	-0.0049360372	-0.0053643444	-0.0039977411	-0.0044472145	-0.0054568274	-0.0053313608	-0.0051475863	-0.0066900324	-0.0041906782	-0.0054757618	-0.0049835021	-0.0051311790	-0.0018136639	-0.0062726692	-0.0040626878	-0.0069601112	-0.0054053992	-0.0051067801	-0.0035443028	-0.0038489127	-0.0049748491	-0.0041365362	-0.0041087882	-0.0045774811	-0.0076601704	-0.0042877527	-0.0040055834	-0.0050301144	-0.0052082835	-0.0041751362	-0.0047105198	-0.0063721183	-0.0049534450	-0.0053452466	-0.0060032779	-0.0062539012	-0.0067353872	-0.0059157608	-0.0053474550	-0.0054185022	-0.0055764951	-0.0048559405	-0.0045802962	-0.0052491319	-0.0053434936	-0.0046254589	-0.0050590922	-0.0042995986	-0.0057457154	-0.0039904977	-0.0035044648	-0.0058055278	-0.0053925652	-0.0047672036	-0.0046486672	-0.0044105806	-0.0036611255	-0.0047984442	-0.0048498401	-0.0042344063	-0.0061798220	-0.0057131083	-0.0041276681	-0.0050728610	-0.0057645823	-0.0047102632	-0.0053656950	-0.0030097657	-0.0060530653
-0.0049092864	-0.0038408339	-0.0035263367	-0.0053259862	-0.0036211493	-0.0047518297	0.4818506903	-0.0045997779	-0.0059031741	-0.0036395648	-0.0039436510	-0.0051322959	-0.0046057908	-0.0040396446	-0.0043914210	-0.0053980920	-0.0035593888	-0.0039419052	-0.0042660414	-0.0055348805	-0.0054085256	-0.0037870781	-0.0040484168	-0.0046144757	-0.0050784187	-0.0059503571	-0.0040184636	-0.0041173605	-0.0051311833	-0.0041645530	-0.0053410491	-0.0055615340	-0.0049439002	-0.0048382939	-0.0068874581	-0.0061613826	-0.0062192949	-0.0058373097	-0.0061737260	-0.0062410853	-0.0047896136	-0.0062077394	-0.0049815069	-0.0039052930	-0.0048163882	-0.0073595713	-0.0062024007	-0.0043242323	-0.0050635370	-0.0044322770	-0.0057373913	-0.0039728225	-0.0052489604	-0.0052449311	-0.0057016168	-0.0057741650	-0.0050262791	-0.0053839872	-0.0053184720	-0.0035550188	-0.0047956184	-0.0033631045	-0.0056213060	-0.0060212444	-0.0064355473	-0.0056943853	-0.0042280775	-0.0042133173	-0.0053273754	-0.0061113142	-0.0054288840	-0.0046456125	-0.0055759708	-0.0058326211	-0.0050611961	-0.0037085803	-0.0038442815	-0.0040593492	-0.0035130141	-0.0056094122	-0.0042020173	-0.0039757140	-0.0044952727	-0.0054901578	-0.0050372477	-0.0068030359	-0.0045222246	-0.0032003216	-0.0031235897	-0.0047060747	-0.0057604425	-0.0056981392	-0.0043498252	-0.0043829687	-0.0052422485	-0.0044344415	-0.0042711545	-0.0046986654	-0.0058658167
-0.0038472732	-0.0042629855	-0.0045798823	-0.0038055627	-0.0043397273	-0.0054261643	-0.0045997779	0.4694740669	-0.0047483001	-0.0044882635	-0.0050665159	-0.0049373755	-0.0038221782	-0.0044725308	-0.0042879689	-0.0029273368	-0.0040133279	-0.0058228044	-0.0044225244	-0.0049472727	-0.0044651333	-0.0052547664	-0.0049791507	-0.0035404972	-0.0044695971	-0.0035451502	-0.0043067770	-0.0054279369	-0.0045464860	-0.0048233460	-0.0046325674	-0.0036237362	-0.0053821893	-0.0050359371	-0.0041762632	-0.0057850523	-0.0058029605	-0.0051375640	-0.0046990166	-0.0056747809	-0.0054458182	-0.0041342222	-0.0057195156	-0.0048786727	-0.0023984051	-0.0052625332	-0.0038850715	-0.0049379502	-0.0049579587	-0.0042337516	-0.0043285669	-0.0035680786	-0.0037349239	-0.0048541521	-0.0040966079	-0.0059134594	-0.0053574738	-0.0062400978	-0.0077605118	-0.0044116034	-0.0052449014	-0.0056944522	-0.0042066367	-0.0059231911	-0.0048728820	-0.0056673660	-0.0046070753	-0.0043116774	-0.0052109918	-0.0049598360	-0.0064166569	-0.0038649877	-0.0051014169	-0.0044666866	-0.0056700256	-0.0038370767	-0.0053705613	-0.0043312846	-0.0057818068	-0.0051250592	-0.0030689042	-0.0031567156	-0.0060865750	-0.0055796601	-0.0052302426	-0.0056952102	-0.0041226025	-0.0060506494	-0.0049514071	-0.0049676874	-0.0051450567	-0.0040781703	-0.0042705177	-0.0061876571	-0.0059417415	-0.0042989280	-0.0055329921	-0.0026410148	-0.0055577073
-0.0037770383	-0.0041812963	-0.0052927695	-0.0047148250	-0.0053257117	-0.0040074329	-0.0059031741	-0.0047483001	0.4821206923	-0.0044638187	-0.0048480164	-0.0056065663	-0.0043206108	-0.0050266597	-0.0040223346	-0.0039235380	-0.0048015894	-0.0051107090	-0.0043869391	-0.0050922654	-0.0050644289	-0.0040058046	-0.0054784204	-0.0036923193	-0.0054476529	-0.0051918592	-0.0050550745	-0.0052154853	-0.0047551541	-0.0046975068	-0.0050264117	-0.0051458184	-0.0035132336	-0.0043047375	-0.0051069167	-0.0061271488	-0.0057478291	-0.0066600647	-0.0060286762	-0.0055241230	-0.0039289825	-0.0054402731	-0.0051699934	-0.0049114291	-0.0037509735	-0.0048406272	-0.0062890801	-0.0039186952	-0.0046497275	-0.0043146958	-0.0050167690	-0.0047662597	-0.0052906165	-0.0051803795	-0.0057965474	-0.0055081293	-0.0059511143	-0.0054264465	-0.0064326262	-0.0062391618	-0.0059733957	-0.0051185380	-0.0053649339	-0.0060681476	-0.0067253275	-0.0050954487	-0.0047204823	-0.0046599424	-0.0043239273	-0.0063014733	-0.0048041523	-0.0049959580	-0.0042210363	-0.0035311399	-0.0055410917	-0.0055430927	-0.0050220356	-0.0044267567	-0.0044936167	-0.0058845873	-0.0058107451	-0.0042773498	-0.0050205202	-0.0041142323	-0.0026395447	-0.0048602477	-0.0047767334	-0.0042242246	-0.0048022001	-0.0018373902	-0.0051331978	-0.0058441633	-0.0038416944	-0.0056569180	-0.0055755056	-0.0043255065	-0.0046456755	-0.0044275784	-0.0033273925
-0.0035202750	-0.0046869568	-0.0051430572	-0.0036098313	-0.0045704956	-0.0047645351	-0.0036395648	-0.0044882635	-0.0044638187	0.4662389462	-0.0047889840	-0.0063645957	-0.0031816669	-0.0036301631	-0.0039070203	-0.0037366947	-0.0051472854	-0.0044043424	-0.0036723075	-0.0029553648	-0.0044621368	-0.0044143067	-0.0047053544	-0.0049369151	-0.0040694531	-0.0044271376	-0.0053271050	-0.0059034351	-0.0041253569	-0.0044548954	-0.0029169035	-0.0047480281	-0.0046810544	-0.0036683918	-0.0052248904	-0.0040366600	-0.0059968056	-0.0050479280	-0.0049445996	-0.0062414160	-0.0036331233	-0.0050684447	-0.0038102801	-0.0045463476	-0.0044692569	-0.0061094039	-0.0056403255	-0.0032388246	-0.0060662091	-0.0039906688	-0.0044627686	-0.0046054156	-0.0040198292	-0.0030614645	-0.0045495510	-0.0051440988	-0.0047725205	-0.0064901915	-0.0036842536	-0.0045986342	-0.0044894163	-0.0041070861	-0.0040784339	-0.0053092034	-0.0049303280	-0.0061987955	-0.0054944958	-0.0062834967	-0.0048683320	-0.0054204501	-0.0050687937	-0.0053107579	-0.0062578751	-0.0045531349	-0.0058319885	-0.0050781946	-0.0049595358	-0.0045697183	-0.0044102485	-0.0044198107	-0.0045714942	-0.0053187253	-0.0041474703	-0.0050785942	-0.0049618725	-0.0057310230	-0.0041252171	-0.0054528767	-0.0038115813	-0.0055798340	-0.0043096558	-0.0045863379	-0.0059177006	-0.0061955287	-0.0079819667	-0.0048390463	-0.0050750227	-0.0050997683	-0.0048455267
-0.0043282630	-0.0047615697	-0.0046500198	-0.0038038219	-0.0041083271	-0.0047089868	-0.0039436510	-0.0050665159	-0.0048480164	-0.0047889840	0.4940597614	-0.0041043739	-0.0058438539	-0.0050328409	-0.0053252912	-0.0051167692	-0.0053299611	-0.0045427937	-0.0029915189	-0.0053254723	-0.0040977736	-0.0039816639	-0.0040973823	-0.0039989509	-0.0027376155	-0.0042756069	-0.0048881292	-0.0049659052	-0.0045339151	-0.0053391941	-0.0046665190	-0.0047283906	-0.0055240853	-0.0049285474	-0.0064547892	-0.0065200454	-0.0062173166	-0.0063487077	-0.0052179534	-0.0054828189	-0.0050284422	-0.0059045195	-0.0047735081	-0.0055947250	-0.0057918114	-0.0050295591	-0.0056809040	-0.0052482022	-0.0055343267	-0.0044973319	-0.0042729701	-0.0050343013	-0.0050606970	-0.0045519644	-0.0055789554	-0.0056674537	-0.0056595482	-0.0063372718	-0.0069706362	-0.0050767699	-0.0052435296	-0.0060050684	-0.0043045115	-0.0053327053	-0.0041533901	-0.0063648796	-0.0052614069	-0.0048589227	-0.0048143304	-0.0041266709	-0.0052092469	-0.0053176801	-0.0057479281	-0.0054626927	-0.0055322686	-0.0055072069	-0.0048752962	-0.0056680552	-0.0047729158	-0.0050367300	-0.0065081173	-0.0048419373	-0.0049124114	-0.0054663438	-0.0042151258	-0.0056671577	-0.0033905583	-0.0046736786	-0.0040015147	-0.0055502652	-0.0057266810	-0.0051306311	-0.0045709007	-0.0049864974	-0.0051048182	-0.0056259335	-0.0057559689	-0.0036788916	-0.0057366541
-0.0039988842	-0.0041622100	-0.0039122517	-0.0055433664	-0.0051309022	-0.0060071870	-0.0051322959	-0.0049373755	-0.0056065663	-0.0063645957	-0.0041043739	0.4985802134	-0.0058836323	-0.0049199893	-0.0036356587	-0.0046702009	-0.0046236208	-0.0044013552	-0.0053045314	-0.0040377475	-0.0040436910	-0.0049986811	-0.0049732873	-0.0039424205	-0.0052126418	-0.0043913122	-0.0047702951	-0.0040469168	-0.0041920743	-0.0059485286	-0.0052979559	-0.0056101073	-0.0051478856	-0.0042670640	-0.0054231931	-0.0059210514	-0.0068378920	-0.0051677666	-0.0061716085	-0.0046980481	-0.0056657395	-0.0058055108	-0.0045862942	-0.0044519719	-0.0043724049	-0.0053415616	-0.0061676258	-0.0050748516	-0.0042775395	-0.0038800117	-0.0049084706	-0.0038816674	-0.0037424385	-0.0065585245	-0.0067621715	-0.0056666154	-0.0051859301	-0.0060640518	-0.0047943932	-0.0044322628	-0.0048319512	-0.0048405309	-0.0045540933	-0.0048174162	-0.0053050875	-0.0057742912	-0.0057105741	-0.0051417177	-0.0058298523	-0.0065015053	-0.0059606424	-0.0047944279	-0.0041460753	-0.0049486648	-0.0053757005	-0.0061398717	-0.0065466450	-0.0052778774	-0.0054930679	-0.0062053103	-0.0059809199	-0.0057392005	-0.0050865962	-0.0048853378	-0.0051870676	-0.0052667496	-0.0048864124	-0.0037201186	-0.0048337787	-0.0041266026	-0.0063474586	-0.0049759432	-0.0032753996	-0.0044415644	-0.0043510713	-0.0056691136	-0.0055602344	-0.0051310466	-0.0058610919
-0.0054153002	-0.0033777875	-0.0043732202	-0.0036790658	-0.0048569859	-0.0037881161	-0.0046057908	-0.0038221782	-0.0043206108	-0.0031816669	-0.0058438539	-0.0058836323	0.4983259581	-0.0055292814	-0.0042256641	-0.0054084678	-0.0058459007	-0.0055216676	-0.0056381049	-0.0046276482	-0.0047457108	-0.0042449279	-0.0050516039	-0.0045824749	-0.0051006451	-0.0048056984	-0.0054436763	-0.0041183985	-0.0045853317	-0.0063528991	-0.0054770800	-0.0045517256	-0.0045809873	-0.0048544183	-0.0070842800	-0.0043621819	-0.0076797528	-0.0055933757	-0.0049988911	-0.0054963654	-0.0065030950	-0.0049620167	-0.0046214328	-0.0061515137	-0.0050729485	-0.0058815811	-0.0055009443	-0.0035481333	-0.0049245712	-0.0045885848	-0.0056287072	-0.0043115573	-0.0041152626	-0.0048942367	-0.0044599755	-0.0055997181	-0.0045504123	-0.0047652689	-0.0064150601	-0.0057281645	-0.0036993290	-0.0043146136	-0.0042613121	-0.0058107714	-0.0064245086	-0.0065955827	-0.0055175842	-0.0065007777	-0.0047135413	-0.0064619094	-0.0046340828	-0.0060579370	-0.0049156175	-0.0046306420	-0.0048014454	-0.0052232051	-0.0061099734	-0.0049470548	-0.0048477924	-0.0056258755	-0.0054240357	-0.0052448764	-0.0062040502	-0.0038257128	-0.0032754495	-0.0051263614	-0.0058342222	-0.0046313500	-0.0041317237	-0.0057917251	-0.0046069266	-0.0054850073	-0.0033940334	-0.0057502359	-0.0055851861	-0.0043295030	-0.0060436255	-0.0060718241	-0.0055980007
-0.0049470609	-0.0043754042	-0.0043310506	-0.0044555232	-0.0046915071	-0.0046567937	-0.0040396446	-0.0044725308	-0.0050266597	-0.0036301631	-0.0050328409	-0.0049199893	-0.0055292814	0.4779678811	-0.0050512334	-0.0031736816	-0.0038647878	-0.0032551609	-0.0042458625	-0.0046592928	-0.0054122767	-0.0044084935	-0.0041832667	-0.0040632429	-0.0043674290	-0.0047853199	-0.0038715510	-0.0051010798	-0.0045778833	-0.0056685069	-0.0048959839	-0.0051342040	-0.0044907862	-0.0053344550	-0.0064357839	-0.0057202007	-0.0049355687	-0.0054628713	-0.0058047658	-0.0052390981	-0.0043327214	-0.0040838408	-0.0055949333	-0.0061421656	-0.0048964515	-0.0053054006	-0.0052315250	-0.0048035991	-0.0048419744	-0.0033628935	-0.0033052181	-0.0054555024	-0.0040420305	-0.0048768750	-0.0055996685	-0.0056561422	-0.0033977851	-0.0060447796	-0.0064319539	-0.0055074968	-0.0050496764	-0.0055618293	-0.0028700773	-0.0061511653	-0.0051150788	-0.0058438480	-0.0045544048	-0.0050777938	-0.0059412723	-0.0054446089	-0.0048005021	-0.0057137399	-0.0047782865	-0.0059178813	-0.0043505212	-0.0051584745	-0.0062983580	-0.0039540027	-0.0046070558	-0.0046492585	-0.0045451625	-0.0061954620	-0.0053536040	-0.0046521168	-0.0044036782	-0.0064023026	-0.0036498723	-0.0043335507	-0.0045137514	-0.0027900443	-0.0056886893	-0.0036246693	-0.0048866813	-0.0050765020	-0.0063748599	-0.0045106652	-0.0060756934	-0.0042272871	-0.0056612605
-0.0049178948	-0.0045076029	-0.0052843150	-0.0047332684	-0.0035875247	-0.0034716149	-0.0043914210	-0.0042879689	-0.0040223346	-0.0039070203	-0.0053252912	-0.0036356587	-0.0042256641	-0.0050512334	0.4834065322	-0.0055434450	-0.0041607742	-0.0054453244	-0.0049065012	-0.0035606774	-0.0021382103	-0.0042852358	-0.0050416194	-0.0049996518	-0.0048972363	-0.0039346779	-0.0049243979	-0.0045192410	-0.0063113962	-0.0035512071	-0.0043121464	-0.0056668729	-0.0045485914	-0.0038102954	-0.0044033689	-0.0066217966	-0.0063926446	-0.0056203943	-0.0059924622	-0.0045147475	-0.0037218219	-0.0036895540	-0.0030228412	-0.0046624256	-0.0041266007	-0.0064765304	-0.0066010506	-0.0056421883	-0.0050770543	-0.0064061522	-0.0049382465	-0.0049387177	-0.0058205520	-0.0044614703	-0.0060581239	-0.0063984024	-0.0055469676	-0.0066699544	-0.0046265649	-0.0035089525	-0.0045148417	-0.0039905992	-0.0044772321	-0.0047393046	-0.0065755229	-0.0059301956	-0.0069042996	-0.0055763781	-0.0053991131	-0.0069572280	-0.0054812009	-0.0045114719	-0.0047884197	-0.0050965595	-0.0056300492	-0.0045061872	-0.0048171078	-0.0036638714	-0.0053577700	-0.0053183458	-0.0033256986	-0.0046433224	-0.0045848463	-0.0043721686	-0.0050329944	-0.0069644317	-0.0040089459	-0.0051760600	-0.0040734190	-0.0044776210	-0.0035322746	-0.0064072597	-0.0062362781	-0.0047948987	-0.0068569601	-0.0042437229	-0.0057560607	-0.0055523077	-0.0052856630
-0.0033080559	-0.0047924122	-0.0046474688	-0.0046384763	-0.0057762429	-0.0049487097	-0.0053980920	-0.0029273368	-0.0039235380	-0.0037366947	-0.0051167692	-0.0046702009	-0.0054084678	-0.0031736816	-0.0055434450	0.4903214810	-0.0044117305	-0.0043368104	-0.0047692154	-0.0032699612	-0.0053923843	-0.0038023188	-0.0038368917	-0.0050257491	-0.0038039098	-0.0054425163	-0.0041861170	-0.0048110364	-0.0054161329	-0.0039388017	-0.0041696698	-0.0054992251	-0.0060131566	-0.0043650054	-0.0059784263	-0.0056313610	-0.0048739085	-0.0053731807	-0.0049631334	-0.0053625690	-0.0040600892	-0.0047092636	-0.0047062333	-0.0041801819	-0.0033240469	-0.0058778535	-0.0062393986	-0.0038507203	-0.0050747417	-0.0046602858	-0.0053496754	-0.0061051261	-0.0054769446	-0.0047352554	-0.0048297404	-0.0048452458	-0.0058231082	-0.0056565230	-0.0064911797	-0.0038258087	-0.0054048851	-0.0049891073	-0.0040256786	-0.0052971990	-0.0060593138	-0.0072754299	-0.0057866049	-0.0057864011	-0.0071861058	-0.0079771902	-0.0046908538	-0.0041632345	-0.0063285788	-0.0044460793	-0.0056240406	-0.0048610751	-0.0063692620	-0.0057796786	-0.0056464093	-0.0063053784	-0.0046104612	-0.0057499880	-0.0058773505	-0.0052299602	-0.0045223143	-0.0052235182	-0.0040528224	-0.0037624079	-0.0045264869	-0.0037073288	-0.0054697036	-0.0046423071	-0.0044883722	-0.0054915606	-0.0059264827	-0.0039744916	-0.0049202510	-0.0057184326	-0.0059205096
-0.0052219342	-0.0045564757	-0.0044485687	-0.0043476062	-0.0046830905	-0.0036972682	-0.0035593888	-0.0040133279	-0.0048015894	-0.0051472854	-0.0053299611	-0.0046236208	-0.0058459007	-0.0038647878	-0.0041607742	-0.0044117305	0.4896212524	-0.0031546076	-0.0041057447	-0.0040995422	-0.0049645402	-0.0047988167	-0.0044968089	-0.0060359907	-0.0041427177	-0.0039919667	-0.0051452885	-0.0051078114	-0.0068265601	-0.0066295436	-0.0042865093	-0.0054357566	-0.0039437020	-0.0044556723	-0.0056240099	-0.0055237992	-0.0060004205	-0.0063189165	-0.0042085834	-0.0057593612	-0.0048519761	-0.0054532690	-0.0039088035	-0.0048178871	-0.0052658841	-0.0071811481	-0.0052288218	-0.0044069044	-0.0064023070	-0.0045814200	-0.0058640095	-0.0036400234	-0.0021229522	-0.0050548858	-0.0047078229	-0.0060270444	-0.0060942915	-0.0061469951	-0.0070852240	-0.0046426569	-0.0048170307	-0.0052424295	-0.0051608995	-0.0060767177	-0.0051374124	-0.0054889481	-0.0058160510	-0.0041494443	-0.0048351445	-0.0055419920	-0.0044181784	-0.0053961908	-0.0053879236	-0.0047502054	-0.0053098422	-0.0047817733	-0.0047000248	-0.0043479506	-0.0052912976	-0.0049379175	-0.0052953287	-0.0043002341	-0.0052907812	-0.0069011106	-0.0041541557	-0.0056415764	-0.0064480846	-0.0043770314	-0.0043201836	-0.0048711979	-0.0050371623	-0.0037644248	-0.0050874292	-0.0060249807	-0.0069876463	-0.0045781774	-0.0052451841	-0.0033826373	-0.0050722457
-0.0049400771	-0.0031511763	-0.0041513199	-0.0035634118	-0.0046577996	-0.0043456614	-0.0039419052	-0.0058228044	-0.0051107090	-0.0044043424	-0.0045427937	-0.0044013552	-0.0055216676	-0.0032551609	-0.0054453244	-0.0043368104	-0.0031546076	0.4744762595	-0.0042569364	-0.0052707265	-0.0044554160	-0.0051908992	-0.0037920998	-0.0053807161	-0.0053037463	-0.0043953658	-0.0043830846	-0.0043197469	-0.0039063268	-0.0028040121	-0.0049381217	-0.0049223133	-0.0053440673	-0.0052463981	-0.0044529541	-0.0062749539	-0.0051660948	-0.0057295285	-0.0060570270	-0.0054981234	-0.0051500811	-0.0048969028	-0.0037492316	-0.0048886637	-0.0046625776	-0.0050037233	-0.0047629325	-0.0049858838	-0.0054544107	-0.0056313070	-0.0051056101	-0.0040658004	-0.0049222338	-0.0054870022	-0.0054671718	-0.0039882414	-0.0054101760	-0.0047739708	-0.0069996498	-0.0055645487	-0.0041731998	-0.0038115891	-0.0044085964	-0.0053285245	-0.0052235354	-0.0060035863	-0.0045874081	-0.0061315283	-0.0053882721	-0.0054473489	-0.0060241512	-0.0054190730	-0.0053713358	-0.0040537977	-0.0051551863	-0.0053259533	-0.0029408789	-0.0055238401	-0.0046692288	-0.0050326021	-0.0049177796	-0.0043896923	-0.0037508102	-0.0044662861	-0.0050064920	-0.0053600101	-0.0047435441	-0.0034093773	-0.0035765145	-0.0031719798	-0.0062919850	-0.0052170047	-0.0038444662	-0.0061173193	-0.0053286586	-0.0046731930	-0.0061191499	-0.0055209263	-0.0057457298
-0.0043991895	-0.0033713342	-0.0050234167	-0.0050259728	-0.0043602403	-0.0047253425	-0.0042660414	-0.0044225244	-0.0043869391	-0.0036723075	-0.0029915189	-0.0053045314	-0.0056381049	-0.0042458625	-0.0049065012	-0.0047692154	-0.0041057447	-0.0042569364	0.4853942552	-0.0049065233	-0.0024809205	-0.0039471309	-0.0036401114	-0.0043238851	-0.0047328134	-0.0041669172	-0.0047056245	-0.0050639586	-0.0043881249	-0.0050247663	-0.0057759423	-0.0036964409	-0.0058711773	-0.0041455368	-0.0052820466	-0.0055666475	-0.0057528236	-0.0063435358	-0.0061705033	-0.0053748608	-0.0053652198	-0.0051222788	-0.0046411847	-0.0048647594	-0.0058261227	-0.0048599276	-0.0063049040	-0.0040824600	-0.0055303710	-0.0042297119	-0.0057388336	-0.0032135815	-0.0059406679	-0.0036608747	-0.0045335584	-0.0059002926	-0.0057990370	-0.0050777630	-0.0054286725	-0.0037045235	-0.0046154842	-0.0060905515	-0.0036534188	-0.0061257588	-0.0053696595	-0.0063352535	-0.0065237851	-0.0061691388	-0.0045606400	-0.0046533877	-0.0048907390	-0.0035764076	-0.0048345936	-0.0064788049	-0.0052842477	-0.0049820793	-0.0044627758	-0.0055109611	-0.0049153371	-0.0056920325	-0.0059681098	-0.0057537821	-0.0047732530	-0.0056076137	-0.0057019628	-0.0048702295	-0.0029378523	-0.0033716898	-0.0052015574	-0.0046205556	-0.0049725779	-0.0053823390	-0.0073233180	-0.0057262571	-0.0063953927	-0.0051420745	-0.0056370277	-0.0041666262	-0.0060602196
-0.0039329823	-0.0062773968	-0.0051925577	-0.0044652520	-0.0027380248	-0.0033183270	-0.0055348805	-0.0049472727	-0.0050922654	-0.0029553648	-0.0053254723	-0.0040377475	-0.0046276482	-0.0046592928	-0.0035606774	-0.0032699612	-0.0040995422	-0.0052707265	-0.0049065233	0.4867456421	-0.0046265687	-0.0051317440	-0.0041660117	-0.0046622265	-0.0050341332	-0.0055208943	-0.0055933710	-0.0049566185	-0.0038563823	-0.0035072416	-0.0048540150	-0.0033062686	-0.0043361087	-0.0034423264	-0.0062497856	-0.0055319268	-0.0063376030	-0.0063037961	-0.0063835876	-0.0046303129	-0.0050259163	-0.0057473249	-0.0043753239	-0.0059891045	-0.0051278174	-0.0053410966	-0.0056517165	-0.0037494737	-0.0062201521	-0.0052699187	-0.0052416103	-0.0061608276	-0.0041640877	-0.0054336603	-0.0042648575	-0.0053199828	-0.0046464141	-0.0070587182	-0.0046834090	-0.0039716663	-0.0050931886	-0.0029834160	-0.0048342482	-0.0061141642	-0.0065470221	-0.0059131662	-0.0061783312	-0.0051472085	-0.0059909023	-0.0053226964	-0.0063368186	-0.0056202082	-0.0041031807	-0.0048321857	-0.0055420087	-0.0062654442	-0.0045359994	-0.0042186497	-0.0065120300	-0.0043770260	-0.0045473894	-0.0065877367	-0.0049117695	-0.0049938795	-0.0038362737	-0.0057795781	-0.0052045175	-0.0038217227	-0.0044462609	-0.0055759933	-0.0043216271	-0.0039891534	-0.0058125284	-0.0044198269	-0.0064095906	-0.0059191247	-0.0055244803	-0.0036692157	-0.0044211622
-0.0039358443	-0.0059832671	-0.0058039304	-0.0048362677	-0.0038944823	-0.0052416542	-0.0054085256	-0.0044651333	-0.0050644289	-0.0044621368	-0.0040977736	-0.0040436910	-0.0047457108	-0.0054122767	-0.0021382103	-0.0053923843	-0.0049645402	-0.0044554160	-0.0024809205	-0.0046265687	0.4895692956	-0.0029830405	-0.0051279336	-0.0042136445	-0.0061737422	-0.0051880366	-0.0040131314	-0.0039864607	-0.0047874759	-0.0046830881	-0.0042912845	-0.0042862989	-0.0050955245	-0.0044620249	-0.0053127686	-0.0076542317	-0.0064330573	-0.0049024858	-0.0071551318	-0.0067971907	-0.0048565123	-0.0031716932	-0.0046178157	-0.0039662885	-0.0052943228	-0.0058996895	-0.0060656633	-0.0040289471	-0.0057298625	-0.0046088736	-0.0052323868	-0.0044543174	-0.0051535661	-0.0050653294	-0.0064949708	-0.0068569595	-0.0056101422	-0.0049647109	-0.0057714003	-0.0043695926	-0.0053420096	-0.0035172702	-0.0028839332	-0.0059793016	-0.0053432375	-0.0054729308	-0.0060617946	-0.0066594475	-0.0049067777	-0.0045724010	-0.0050034328	-0.0063163253	-0.0065758738	-0.0056856635	-0.0051903320	-0.0051732580	-0.0047822503	-0.0046267065	-0.0043787703	-0.0046479055	-0.0045813097	-0.0045150796	-0.0048968892	-0.0059973425	-0.0050246012	-0.0049878258	-0.0043292938	-0.0042610635	-0.0042728006	-0.0049981288	-0.0059811156	-0.0047814552	-0.0042334815	-0.0056482561	-0.0059115989	-0.0052042810	-0.0057657277	-0.0047018009	-0.0051448628
-0.0049181535	-0.0043169826	-0.0051071941	-0.0050354096	-0.0055789687	-0.0046393590	-0.0037870781	-0.0052547664	-0.0040058046	-0.0044143067	-0.0039816639	-0.0049986811	-0.0042449279	-0.0044084935	-0.0042852358	-0.0038023188	-0.0047988167	-0.0051908992	-0.0039471309	-0.0051317440	-0.0029830405	0.4819796661	-0.0048053088	-0.0040086617	-0.0044038471	-0.0052501642	-0.0057302029	-0.0038280247	-0.0053302626	-0.0051355176	-0.0053193796	-0.0033576473	-0.0044030566	-0.0038365635	-0.0054073364	-0.0045424542	-0.0057903472	-0.0078527931	-0.0040466308	-0.0057765772	-0.0058761850	-0.0060854227	-0.0050698832	-0.0048882096	-0.0041087214	-0.0047835970	-0.0051679541	-0.0056666273	-0.0044308898	-0.0044112217	-0.0047758319	-0.0044211439	-0.0053089000	-0.0037352127	-0.0057851911	-0.0051484039	-0.0052618489	-0.0060908376	-0.0063698486	-0.0053348293	-0.0040099846	-0.0041940502	-0.0042783781	-0.0065914827	-0.0052610576	-0.0048664934	-0.0054677711	-0.0052648957	-0.0047632913	-0.0049894070	-0.0050000933	-0.0046661482	-0.0052765773	-0.0060204088	-0.0048045140	-0.0050418505	-0.0055936677	-0.0047826818	-0.0048542751	-0.0060421978	-0.0055167358	-0.0057529323	-0.0051427512	-0.0056728793	-0.0029752421	-0.0062216770	-0.0048523378	-0.0051227226	-0.0045854366	-0.0039474375	-0.0054623894	-0.0043438059	-0.0057207880	-0.0058213815	-0.0049374004	-0.0048457390	-0.0034678682	-0.0038477136	-0.0055966907
-0.0046752464	-0.0046545998	-0.0029731482	-0.0053850031	-0.0036659560	-0.0060823426	-0.0040484168	-0.0049791507	-0.0054784204	-0.0047053544	-0.0040973823	-0.0049732873	-0.0050516039	-0.0041832667	-0.0050416194	-0.0038368917	-0.0044968089	-0.0037920998	-0.0036401114	-0.0041660117	-0.0051279336	-0.0048053088	0.4825962857	-0.0038517054	-0.0045555968	-0.0041038747	-0.0060859013	-0.0040351712	-0.0045359617	-0.0037976113	-0.0049248109	-0.0047111354	-0.0031182081	-0.0054881239	-0.0064666605	-0.0052771706	-0.0052652862	-0.0057888657	-0.0065317086	-0.0047364799	-0.0045945794	-0.0049586481	-0.0051125439	-0.0046512163	-0.0047249977	-0.0049106644	-0.0060550062	-0.0034948941	-0.0052162928	-0.0054846235	-0.0040241908	-0.0051614301	-0.0049399135	-0.0039961285	-0.0050539183	-0.0047160546	-0.0042966767	-0.0050247827	-0.0045105288	-0.0046118372	-0.0047235214	-0.0044969969	-0.0045991915	-0.0060165703	-0.0068730280	-0.0060990700	-0.0051443262	-0.0064493570	-0.0056662920	-0.0068557177	-0.0071122544	-0.0050351825	-0.0058221018	-0.0036849073	-0.0050231854	-0.0050811022	-0.0046692935	-0.0037812481	-0.0063282563	-0.0047846851	-0.0055407471	-0.0063636496	-0.0046779730	-0.0048727095	-0.0045102621	-0.0060953702	-0.0034319339	-0.0052481413	-0.0039183099	-0.0024119743	-0.0055417877	-0.0047818424	-0.0052281383	-0.0063899254	-0.0066137163	-0.0048330311	-0.0062251319	-0.0045435898	-0.0044486007
-0.0045645235	-0.0048138635	-0.0056210243	-0.0047362851	-0.0039419322	-0.0048877310	-0.0046144757	-0.0035404972	-0.0036923193	-0.0049369151	-0.0039989509	-0.0039424205	-0.0045824749	-0.0040632429	-0.0049996518	-0.0050257491	-0.0060359907	-0.0053807161	-0.0043238851	-0.0046622265	-0.0042136445	-0.0040086617	-0.0038517054	0.4729821472	-0.0038056786	-0.0032792788	-0.0058224601	-0.0046963266	-0.0045172368	-0.0045135293	-0.0044047242	-0.0046718781	-0.0056231498	-0.0042398734	-0.0036621171	-0.0058297914	-0.0066548538	-0.0048171703	-0.0038201828	-0.0070163438	-0.0046937004	-0.0056091377	-0.0054157505	-0.0062204396	-0.0043453072	-0.0052319176	-0.0052836749	-0.0044165235	-0.0036965967	-0.0045235677	-0.0055152469	-0.0038733889	-0.0044780753	-0.0043924670	-0.0045159577	-0.0055887757	-0.0039774487	-0.0053951620	-0.0065931678	-0.0055181068	-0.0059542599	-0.0045753396	-0.0052072570	-0.0046268202	-0.0056773528	-0.0059962613	-0.0058575176	-0.0041161647	-0.0050163597	-0.0052138223	-0.0050319830	-0.0036452676	-0.0048437795	-0.0053237352	-0.0052587898	-0.0040369392	-0.0046672267	-0.0041188803	-0.0053835173	-0.0059290437	-0.0049634676	-0.0050320871	-0.0046135037	-0.0041476364	-0.0051485163	-0.0069770946	-0.0040901680	-0.0037669145	-0.0047279121	-0.0051624297	-0.0039762378	-0.0053205372	-0.0037975757	-0.0043522403	-0.0054787997	-0.0048818157	-0.0051991602	-0.0050020325	-0.0047658063
-0.0049306872	-0.0050736843	-0.0046723497	-0.0038389148	-0.0046351993	-0.0054609086	-0.0050784187	-0.0044695971	-0.0054476529	-0.0040694531	-0.0027376155	-0.0052126418	-0.0051006451	-0.0043674290	-0.0048972363	-0.0038039098	-0.0041427177	-0.0053037463	-0.0047328134	-0.0050341332	-0.0061737422	-0.0044038471	-0.0045555968	-0.0038056786	0.4826821795	-0.0044756219	-0.0045800322	-0.0048921020	-0.0057251284	-0.0056632972	-0.0050817636	-0.0035130028	-0.0039709336	-0.0054488417	-0.0055514682	-0.0056737586	-0.0065930182	-0.0058740013	-0.0042669178	-0.0056949132	-0.0058985592	-0.0049464446	-0.0029369950	-0.0035242964	-0.0041480999	-0.0046102808	-0.0050121904	-0.0037631908	-0.0047438201	-0.0035423153	-0.0050995060	-0.0033554297	-0.0043832907	-0.0054872276	-0.0051248934	-0.0057139829	-0.0045883927	-0.0076778261	-0.0063914731	-0.0040601492	-0.0042138044	-0.0035338950	-0.0037384024	-0.0059356666	-0.0050092181	-0.0043061160	-0.0043800677	-0.0064388805	-0.0062495679	-0.0055430761	-0.0067133018	-0.0042682641	-0.0056156159	-0.0044423825	-0.0053349462	-0.0044860794	-0.0050595935	-0.0047423779	-0.0060840045	-0.0051374410	-0.0061584725	-0.0060806844	-0.0063716956	-0.0046965195	-0.0040670942	-0.0054189334	-0.0048163250	-0.0058455601	-0.0032075731	-0.0064220153	-0.0046594198	-0.0042795788	-0.0043202352	-0.0058543069	-0.0064487336	-0.0043180271	-0.0036317409	-0.0061493672	-0.0047414123
-0.0042776337	-0.0044291841	-0.0040423841	-0.0050712058	-0.0033600260	-0.0046960205	-0.0059503571	-0.0035451502	-0.0051918592	-0.0044271376	-0.0042756069	-0.0043913122	-0.0048056984	-0.0047853199	-0.0039346779	-0.0054425163	-0.0039919667	-0.0043953658	-0.0041669172	-0.0055208943	-0.0051880366	-0.0052501642	-0.0041038747	-0.0032792788	-0.0044756219	0.5013814086	-0.0062687250	-0.0042875502	-0.0059918596	-0.0042281044	-0.0056938915	-0.0050880479	-0.0039080302	-0.0050862500	-0.0056509935	-0.0050590675	-0.0051826032	-0.0050091881	-0.0052984070	-0.0045303867	-0.0058537353	-0.0050656122	-0.0028065018	-0.0046650092	-0.0039241627	-0.0058316212	-0.0053790242	-0.0042352431	-0.0063764184	-0.0048942773	-0.0048723371	-0.0057842154	-0.0051320299	-0.0050947425	-0.0064471137	-0.0057716902	-0.0042990526	-0.0070726117	-0.0053384325	-0.0047412995	-0.0049307240	-0.0052053183	-0.0044872785	-0.0067480261	-0.0060489704	-0.0068435928	-0.0070255534	-0.0058250028	-0.0049430555	-0.0061574514	-0.0051571813	-0.0048796628	-0.0061994657	-0.0051604617	-0.0051598080	-0.0054123161	-0.0048729293	-0.0051858470	-0.0060774720	-0.0054496535	-0.0040309838	-0.0057030412	-0.0046891038	-0.0050372370	-0.0051962367	-0.0050715178	-0.0049429330	-0.0063120071	-0.0038462813	-0.0050980409	-0.0049226302	-0.0069488263	-0.0051355575	-0.0057800776	-0.0069842961	-0.0053993368	-0.0058003058	-0.0056759348	-0.0051708449
-0.0053937241	-0.0034897848	-0.0045281014	-0.0042551344	-0.0052006658	-0.0051621208	-0.0040184636	-0.0043067770	-0.0050550745	-0.0053271050	-0.0048881292	-0.0047702951	-0.0054436763	-0.0038715510	-0.0049243979	-0.0041861170	-0.0051452885	-0.0043830846	-0.0047056245	-0.0055933710	-0.0040131314	-0.0057302029	-0.0060859013	-0.0058224601	-0.0045800322	-0.0062687250	0.4870631314	-0.0029925006	-0.0043613509	-0.0051062499	-0.0038110080	-0.0047397661	-0.0046643104	-0.0055849876	-0.0051751419	-0.0050659262	-0.0053301979	-0.0052091665	-0.0060716398	-0.0057390429	-0.0044089281	-0.0037282061	-0.0045896367	-0.0038219247	-0.0047020539	-0.0054694130	-0.0060917104	-0.0039641862	-0.0045867401	-0.0051437646	-0.0050448032	-0.0041530683	-0.0043060675	-0.0044587633	-0.0057699182	-0.0056117553	-0.0042860467	-0.0049718215	-0.0064574557	-0.0056053522	-0.0044202037	-0.0053862543	-0.0051534558	-0.0046383210	-0.0049537556	-0.0051515409	-0.0053453811	-0.0058134713	-0.0059491483	-0.0051152100	-0.0048097689	-0.0053047279	-0.0041899653	-0.0043527517	-0.0043789210	-0.0049355343	-0.0048224081	-0.0058883189	-0.0044792706	-0.0058837035	-0.0045831137	-0.0042958976	-0.0041707041	-0.0043664130	-0.0052570864	-0.0066291098	-0.0068245727	-0.0032786079	-0.0061385817	-0.0047959371	-0.0058995398	-0.0045594819	-0.0053239854	-0.0052891610	-0.0044335427	-0.0041027938	-0.0067664643	-0.0054089644	-0.0057952182
-0.0034252181	-0.0051091530	-0.0061548740	-0.0043610391	-0.0045295597	-0.0047648269	-0.0041173605	-0.0054279369	-0.0052154853	-0.0059034351	-0.0049659052	-0.0040469168	-0.0041183985	-0.0051010798	-0.0045192410	-0.0048110364	-0.0051078114	-0.0043197469	-0.0050639586	-0.0049566185	-0.0039864607	-0.0038280247	-0.0040351712	-0.0046963266	-0.0048921020	-0.0042875502	-0.0029925006	0.4693693094	-0.0054406588	-0.0049205257	-0.0033683363	-0.0039998681	-0.0041297438	-0.0033502688	-0.0039499415	-0.0056750010	-0.0064088346	-0.0066076082	-0.0051864804	-0.0050666515	-0.0058272035	-0.0043180340	-0.0037197298	-0.0046726310	-0.0036374620	-0.0047268411	-0.0045904034	-0.0029803881	-0.0056934263	-0.0037306264	-0.0048593168	-0.0040767763	-0.0039245870	-0.0054797998	-0.0073094897	-0.0065796830	-0.0041527494	-0.0051630932	-0.0065625067	-0.0034626974	-0.0041451900	-0.0053209500	-0.0048878253	-0.0047524862	-0.0048945868	-0.0058115406	-0.0047271019	-0.0057502293	-0.0059110245	-0.0050675796	-0.0054770296	-0.0050335211	-0.0035512586	-0.0048796667	-0.0036076526	-0.0057792334	-0.0057446936	-0.0037749766	-0.0056569421	-0.0048007220	-0.0039390798	-0.0048282464	-0.0044808189	-0.0047909392	-0.0029582214	-0.0067870985	-0.0033079523	-0.0050209411	-0.0049118617	-0.0045785614	-0.0056033477	-0.0042259338	-0.0042205551	-0.0058721737	-0.0064905584	-0.0048268568	-0.0056922730	-0.0036274766	-0.0053231022
