FID1	IID1	FID2	IID2	RT	Z0	Z1	Z2	PI_HAT
KHV1	KHV1	KHV2	KHV2	UN	1	0	0	0
KHV1	KHV1	KHV3	KHV3	UN	0.9748	0.01342	0.01182	0.01853
KHV1	KHV1	KHV4	KHV4	UN	0.9486	0.04095	0.01049	0.03097
KHV1	KHV1	KHV5	KHV5	UN	0.9737	0	0.02626	0.02626
KHV1	KHV1	KHV6	KHV6	UN	0.983	0.002237	0.01475	0.01587
KHV1	KHV1	KHV7	KHV7	UN	0.9871	0.002896	0.009974	0.01142
KHV1	KHV1	KHV8	KHV8	UN	0.9804	0.0005528	0.01902	0.01929
KHV1	KHV1	KHV9	KHV9	UN	0.9705	0.02033	0.009128	0.01929
KHV1	KHV1	KHV10	KHV10	UN	0.9732	0	0.02675	0.02675
KHV1	KHV1	KHV11	KHV11	UN	0.9822	0	0.0178	0.0178
KHV1	KHV1	KHV12	KHV12	UN	0.985	0	0.01502	0.01502
KHV1	KHV1	KHV13	KHV13	UN	1	0	0	0
KHV1	KHV1	KHV14	KHV14	UN	1	0	0	0
KHV1	KHV1	KHV15	KHV15	UN	0.9855	0.004778	0.0097	0.01209
KHV1	KHV1	KHV16	KHV16	UN	0.9583	0.03647	0.005217	0.02345
KHV1	KHV1	KHV17	KHV17	UN	0.9879	0.002328	0.009734	0.0109
KHV1	KHV1	KHV18	KHV18	UN	0.9804	0	0.01955	0.01955
KHV1	KHV1	KHV19	KHV19	UN	0.962	0.03513	0.002909	0.02047
KHV1	KHV1	KHV20	KHV20	UN	0.9757	0.01655	0.007799	0.01607
KHV1	KHV1	KHV21	KHV21	UN	0.9816	0	0.01841	0.01841
KHV1	KHV1	KHV22	KHV22	UN	0.9839	0	0.01613	0.01613
KHV1	KHV1	KHV23	KHV23	UN	0.9813	0	0.01875	0.01875
KHV1	KHV1	KHV24	KHV24	UN	1	0	0	0
KHV1	KHV1	KHV25	KHV25	UN	0.9827	0.002725	0.01458	0.01594
KHV1	KHV1	KHV26	KHV26	UN	0.9693	0.02811	0.002544	0.0166
KHV1	KHV1	KHV27	KHV27	UN	0.9856	0	0.01445	0.01445
KHV1	KHV1	KHV28	KHV28	UN	0.9777	0.003551	0.01874	0.02052
KHV1	KHV1	KHV29	KHV29	UN	0.9873	0.001407	0.01127	0.01198
KHV1	KHV1	KHV30	KHV30	UN	0.9781	0.006619	0.01529	0.0186
KHV1	KHV1	KHV31	KHV31	UN	1	0	0	0
KHV1	KHV1	KHV32	KHV32	UN	1	0	0	0
KHV1	KHV1	KHV33	KHV33	UN	0.9815	0.006117	0.01241	0.01547
KHV1	KHV1	KHV34	KHV34	UN	0.9713	0	0.02871	0.02871
KHV1	KHV1	KHV35	KHV35	UN	1	0	0	0
KHV1	KHV1	KHV36	KHV36	UN	0.9576	0.04242	0	0.02121
KHV1	KHV1	KHV37	KHV37	UN	0.9742	0.02575	0	0.01288
KHV1	KHV1	KHV38	KHV38	UN	1	0	0	0
KHV1	KHV1	KHV39	KHV39	UN	0.9275	0.07251	0	0.03626
KHV1	KHV1	KHV40	KHV40	UN	0.9734	0.02662	0	0.01331
KHV1	KHV1	KHV41	KHV41	UN	0.9822	0.01019	0.007607	0.0127
KHV1	KHV1	KHV42	KHV42	UN	0.983	0.006712	0.0103	0.01365
KHV1	KHV1	KHV43	KHV43	UN	0.9695	0.009573	0.02094	0.02572
KHV1	KHV1	KHV44	KHV44	UN	0.9772	0.01219	0.01062	0.01671
KHV1	KHV1	KHV45	KHV45	UN	0.9672	0.02623	0.006558	0.01968
KHV1	KHV1	KHV46	KHV46	UN	0.9685	0.03145	0	0.01573
KHV1	KHV1	KHV47	KHV47	UN	0.9868	0.006289	0.006904	0.01005
KHV1	KHV1	KHV48	KHV48	UN	0.9663	0	0.03371	0.03371
KHV1	KHV1	KHV49	KHV49	UN	0.9769	0.00861	0.01451	0.01881
KHV1	KHV1	KHV50	KHV50	UN	0.981	0	0.01901	0.01901
KHV1	KHV1	KHV51	KHV51	UN	0.9903	0	0.009676	0.009676
KHV1	KHV1	KHV52	KHV52	UN	1	0	0	0
KHV1	KHV1	KHV53	KHV53	UN	0.9591	0.03465	0.006278	0.0236
KHV1	KHV1	KHV54	KHV54	UN	0.9582	0.03417	0.007615	0.0247
KHV1	KHV1	KHV55	KHV55	UN	0.9611	0.03887	0	0.01944
KHV1	KHV1	KHV56	KHV56	UN	0.9671	0.03293	0	0.01646
KHV1	KHV1	KHV57	KHV57	UN	0.9603	0.03971	0	0.01986
KHV1	KHV1	KHV58	KHV58	UN	0.9621	0.03794	0	0.01897
KHV1	KHV1	KHV59	KHV59	UN	0.9746	0.02537	0	0.01268
KHV1	KHV1	KHV60	KHV60	UN	0.9855	0	0.01445	0.01445
KHV1	KHV1	KHV61	KHV61	UN	0.9856	0	0.01436	0.01436
KHV1	KHV1	KHV62	KHV62	UN	0.9638	0.03528	0.0009512	0.01859
KHV1	KHV1	KHV63	KHV63	UN	0.9751	0.01996	0.004892	0.01487
KHV1	KHV1	KHV64	KHV64	UN	0.9616	0.03838	0	0.01919
KHV1	KHV1	KHV65	KHV65	UN	0.9706	0.0267	0.002742	0.01609
KHV1	KHV1	KHV66	KHV66	UN	0.9305	0.06955	0	0.03477
KHV1	KHV1	KHV67	KHV67	UN	0.962	0.038	0	0.019
KHV1	KHV1	KHV68	KHV68	UN	0.9849	0.01341	0.001692	0.008399
KHV1	KHV1	KHV69	KHV69	UN	0.9824	0.01763	0	0.008813
KHV1	KHV1	KHV70	KHV70	UN	0.9869	0	0.01313	0.01313
KHV1	KHV1	KHV71	KHV71	UN	0.9961	0	0.003896	0.003896
KHV1	KHV1	KHV72	KHV72	UN	0.9867	0	0.01326	0.01326
KHV1	KHV1	KHV73	KHV73	UN	0.9899	0.002875	0.007265	0.008702
KHV1	KHV1	KHV74	KHV74	UN	1	0	0	0
KHV1	KHV1	KHV75	KHV75	UN	0.9762	0.02058	0.003181	0.01347
KHV1	KHV1	KHV76	KHV76	UN	0.9795	0.01184	0.008652	0.01457
KHV1	KHV1	KHV77	KHV77	UN	1	0	0	0
KHV1	KHV1	KHV78	KHV78	UN	0.9731	0	0.02688	0.02688
KHV1	KHV1	KHV79	KHV79	UN	1	0	0	0
KHV1	KHV1	KHV80	KHV80	UN	0.9736	0.01067	0.01577	0.02111
KHV1	KHV1	KHV81	KHV81	UN	0.9641	0.03017	0.00569	0.02078
KHV1	KHV1	KHV82	KHV82	UN	0.9926	0	0.00736	0.00736
KHV1	KHV1	KHV83	KHV83	UN	1	0	0	0
KHV1	KHV1	KHV84	KHV84	UN	0.9863	0.006297	0.0074	0.01055
KHV1	KHV1	KHV85	KHV85	UN	0.9728	0.01428	0.01296	0.0201
KHV1	KHV1	KHV86	KHV86	UN	0.9924	0.007602	0	0.003801
KHV1	KHV1	KHV87	KHV87	UN	0.975	0	0.02498	0.02498
KHV1	KHV1	KHV88	KHV88	UN	0.9903	0	0.009687	0.009687
KHV1	KHV1	KHV89	KHV89	UN	0.9867	0.0001053	0.01322	0.01328
KHV1	KHV1	KHV90	KHV90	UN	0.9781	0	0.02188	0.02188
KHV1	KHV1	KHV91	KHV91	UN	1	0	0	0
KHV1	KHV1	KHV92	KHV92	UN	0.9838	0	0.01616	0.01616
KHV1	KHV1	KHV93	KHV93	UN	0.9823	0	0.01771	0.01771
KHV1	KHV1	KHV94	KHV94	UN	0.988	0	0.01204	0.01204
KHV1	KHV1	KHV95	KHV95	UN	1	0	0	0
KHV1	KHV1	KHV96	KHV96	UN	1	0	0	0
KHV1	KHV1	KHV97	KHV97	UN	0.9856	0	0.0144	0.0144
KHV1	KHV1	KHV98	KHV98	UN	0.9711	0.02075	0.008139	0.01851
KHV1	KHV1	KHV99	KHV99	UN	1	0	0	0
KHV2	KHV2	KHV3	KHV3	UN	0.9826	0	0.01743	0.01743
KHV2	KHV2	KHV4	KHV4	UN	1	0	0	0
KHV2	KHV2	KHV5	KHV5	UN	1	0	0	0
KHV2	KHV2	KHV6	KHV6	UN	1	0	0	0
KHV2	KHV2	KHV7	KHV7	UN	1	0	0	0
KHV2	KHV2	KHV8	KHV8	UN	1	0	0	0
KHV2	KHV2	KHV9	KHV9	UN	0.9754	0.01437	0.01022	0.01741
KHV2	KHV2	KHV10	KHV10	UN	1	0	0	0
KHV2	KHV2	KHV11	KHV11	UN	1	0	0	0
KHV2	KHV2	KHV12	KHV12	UN	0.9877	0	0.01225	0.01225
KHV2	KHV2	KHV13	KHV13	UN	1	0	0	0
KHV2	KHV2	KHV14	KHV14	UN	1	0	0	0
KHV2	KHV2	KHV15	KHV15	UN	0.9816	0	0.01839	0.01839
KHV2	KHV2	KHV16	KHV16	UN	1	0	0	0
KHV2	KHV2	KHV17	KHV17	UN	1	0	0	0
KHV2	KHV2	KHV18	KHV18	UN	0.9762	0	0.02385	0.02385
KHV2	KHV2	KHV19	KHV19	UN	0.974	0.01314	0.01285	0.01942
KHV2	KHV2	KHV20	KHV20	UN	1	0	0	0
KHV2	KHV2	KHV21	KHV21	UN	1	0	0	0
KHV2	KHV2	KHV22	KHV22	UN	0.9777	0	0.0223	0.0223
KHV2	KHV2	KHV23	KHV23	UN	1	0	0	0
KHV2	KHV2	KHV24	KHV24	UN	1	0	0	0
KHV2	KHV2	KHV25	KHV25	UN	1	0	0	0
KHV2	KHV2	KHV26	KHV26	UN	0.9834	0	0.01664	0.01664
KHV2	KHV2	KHV27	KHV27	UN	0.9815	0	0.01854	0.01854
KHV2	KHV2	KHV28	KHV28	UN	0.9742	0	0.02585	0.02585
KHV2	KHV2	KHV29	KHV29	UN	0.9797	0	0.02034	0.02034
KHV2	KHV2	KHV30	KHV30	UN	0.9862	0	0.01376	0.01376
KHV2	KHV2	KHV31	KHV31	UN	1	0	0	0
KHV2	KHV2	KHV32	KHV32	UN	0.9802	0	0.01979	0.01979
KHV2	KHV2	KHV33	KHV33	UN	0.9806	0.0002114	0.01918	0.01929
KHV2	KHV2	KHV34	KHV34	UN	0.9718	0.01548	0.01269	0.02043
KHV2	KHV2	KHV35	KHV35	UN	1	0	0	0
KHV2	KHV2	KHV36	KHV36	UN	0.9942	0.005394	0.0003618	0.003059
KHV2	KHV2	KHV37	KHV37	UN	1	0	0	0
KHV2	KHV2	KHV38	KHV38	UN	1	0	0	0
KHV2	KHV2	KHV39	KHV39	UN	0.9942	0.003603	0.002207	0.004008
KHV2	KHV2	KHV40	KHV40	UN	0.9991	0	0.0009238	0.0009238
KHV2	KHV2	KHV41	KHV41	UN	1	0	0	0
KHV2	KHV2	KHV42	KHV42	UN	1	0	0	0
KHV2	KHV2	KHV43	KHV43	UN	1	0	0	0
KHV2	KHV2	KHV44	KHV44	UN	1	0	0	0
KHV2	KHV2	KHV45	KHV45	UN	0.9818	0.01029	0.007884	0.01303
KHV2	KHV2	KHV46	KHV46	UN	0.9827	0.01222	0.005092	0.0112
KHV2	KHV2	KHV47	KHV47	UN	0.984	0.01378	0.002224	0.009114
KHV2	KHV2	KHV48	KHV48	UN	1	0	0	0
KHV2	KHV2	KHV49	KHV49	UN	0.9662	0.02145	0.01237	0.02309
KHV2	KHV2	KHV50	KHV50	UN	0.9642	0	0.03579	0.03579
KHV2	KHV2	KHV51	KHV51	UN	0.9923	0.001753	0.005961	0.006838
KHV2	KHV2	KHV52	KHV52	UN	0.9777	0.008586	0.01368	0.01797
KHV2	KHV2	KHV53	KHV53	UN	0.9719	0.01248	0.01566	0.0219
KHV2	KHV2	KHV54	KHV54	UN	0.9813	0	0.0187	0.0187
KHV2	KHV2	KHV55	KHV55	UN	1	0	0	0
KHV2	KHV2	KHV56	KHV56	UN	0.979	0.0191	0.001915	0.01147
KHV2	KHV2	KHV57	KHV57	UN	1	0	0	0
KHV2	KHV2	KHV58	KHV58	UN	0.9789	0.02108	0	0.01054
KHV2	KHV2	KHV59	KHV59	UN	1	0	0	0
KHV2	KHV2	KHV60	KHV60	UN	1	0	0	0
KHV2	KHV2	KHV61	KHV61	UN	0.9763	0.006403	0.01734	0.02054
KHV2	KHV2	KHV62	KHV62	UN	1	0	0	0
KHV2	KHV2	KHV63	KHV63	UN	0.9847	0	0.01529	0.01529
KHV2	KHV2	KHV64	KHV64	UN	0.9987	0	0.001324	0.001324
KHV2	KHV2	KHV65	KHV65	UN	1	0	0	0
KHV2	KHV2	KHV66	KHV66	UN	0.9865	0.012	0.001461	0.007462
KHV2	KHV2	KHV67	KHV67	UN	0.9906	0	0.009444	0.009444
KHV2	KHV2	KHV68	KHV68	UN	0.9651	0.03488	0	0.01744
KHV2	KHV2	KHV69	KHV69	UN	0.9908	0	0.00919	0.00919
KHV2	KHV2	KHV70	KHV70	UN	1	0	0	0
KHV2	KHV2	KHV71	KHV71	UN	1	0	0	0
KHV2	KHV2	KHV72	KHV72	UN	0.9797	0.001469	0.01879	0.01953
KHV2	KHV2	KHV73	KHV73	UN	0.9907	0.002897	0.006433	0.007882
KHV2	KHV2	KHV74	KHV74	UN	1	0	0	0
KHV2	KHV2	KHV75	KHV75	UN	1	0	0	0
KHV2	KHV2	KHV76	KHV76	UN	0.9822	0	0.01783	0.01783
KHV2	KHV2	KHV77	KHV77	UN	0.9811	0	0.01886	0.01886
KHV2	KHV2	KHV78	KHV78	UN	0.9701	0	0.02994	0.02994
KHV2	KHV2	KHV79	KHV79	UN	0.9785	0.01614	0.00541	0.01348
KHV2	KHV2	KHV80	KHV80	UN	1	0	0	0
KHV2	KHV2	KHV81	KHV81	UN	0.9811	0	0.01895	0.01895
KHV2	KHV2	KHV82	KHV82	UN	1	0	0	0
KHV2	KHV2	KHV83	KHV83	UN	1	0	0	0
KHV2	KHV2	KHV84	KHV84	UN	1	0	0	0
KHV2	KHV2	KHV85	KHV85	UN	0.9774	0	0.02256	0.02256
KHV2	KHV2	KHV86	KHV86	UN	0.9862	0.01379	0	0.006895
KHV2	KHV2	KHV87	KHV87	UN	0.9852	0	0.01478	0.01478
KHV2	KHV2	KHV88	KHV88	UN	0.9862	0	0.0138	0.0138
KHV2	KHV2	KHV89	KHV89	UN	0.9754	0	0.0246	0.0246
KHV2	KHV2	KHV90	KHV90	UN	0.9682	0	0.03178	0.03178
KHV2	KHV2	KHV91	KHV91	UN	1	0	0	0
KHV2	KHV2	KHV92	KHV92	UN	0.9796	0	0.02037	0.02037
KHV2	KHV2	KHV93	KHV93	UN	0.9843	0.000388	0.01528	0.01547
KHV2	KHV2	KHV94	KHV94	UN	1	0	0	0
KHV2	KHV2	KHV95	KHV95	UN	0.9845	0.01549	0	0.007743
KHV2	KHV2	KHV96	KHV96	UN	1	0	0	0
KHV2	KHV2	KHV97	KHV97	UN	1	0	0	0
KHV2	KHV2	KHV98	KHV98	UN	0.9807	0	0.01935	0.01935
KHV2	KHV2	KHV99	KHV99	UN	1	0	0	0
KHV3	KHV3	KHV4	KHV4	UN	0.9692	0.01873	0.01205	0.02142
KHV3	KHV3	KHV5	KHV5	UN	0.9785	0.007997	0.0135	0.01749
KHV3	KHV3	KHV6	KHV6	UN	0.9534	0.04366	0.002912	0.02474
KHV3	KHV3	KHV7	KHV7	UN	0.9798	0.0114	0.008812	0.01451
KHV3	KHV3	KHV8	KHV8	UN	0.9849	0	0.01511	0.01511
KHV3	KHV3	KHV9	KHV9	UN	0.9592	0.04083	0	0.02041
KHV3	KHV3	KHV10	KHV10	UN	0.9804	0	0.01959	0.01959
KHV3	KHV3	KHV11	KHV11	UN	0.9584	0.04164	0	0.02082
KHV3	KHV3	KHV12	KHV12	UN	0.9835	0.0112	0.005344	0.01094
KHV3	KHV3	KHV13	KHV13	UN	0.9775	0.02212	0.0004136	0.01147
KHV3	KHV3	KHV14	KHV14	UN	0.9789	0	0.02108	0.02108
KHV3	KHV3	KHV15	KHV15	UN	0.988	0.003955	0.008079	0.01006
KHV3	KHV3	KHV16	KHV16	UN	0.9717	0.02452	0.00374	0.016
KHV3	KHV3	KHV17	KHV17	UN	0.9694	0.03062	0	0.01531
KHV3	KHV3	KHV18	KHV18	UN	0.9619	0.03357	0.004548	0.02133
KHV3	KHV3	KHV19	KHV19	UN	0.9711	0.02721	0.00173	0.01533
KHV3	KHV3	KHV20	KHV20	UN	0.9694	0.03063	0	0.01531
KHV3	KHV3	KHV21	KHV21	UN	0.9827	0.0173	0	0.008651
KHV3	KHV3	KHV22	KHV22	UN	0.9879	0	0.01206	0.01206
KHV3	KHV3	KHV23	KHV23	UN	0.9622	0.03784	0	0.01892
KHV3	KHV3	KHV24	KHV24	UN	1	0	0	0
KHV3	KHV3	KHV25	KHV25	UN	0.9883	0.0008759	0.01084	0.01128
KHV3	KHV3	KHV26	KHV26	UN	0.9783	0.01416	0.007513	0.01459
KHV3	KHV3	KHV27	KHV27	UN	0.9691	0.02727	0.003667	0.0173
KHV3	KHV3	KHV28	KHV28	UN	0.9861	0	0.01386	0.01386
KHV3	KHV3	KHV29	KHV29	UN	0.9642	0.02785	0.007916	0.02184
KHV3	KHV3	KHV30	KHV30	UN	0.9803	0.01973	0	0.009864
KHV3	KHV3	KHV31	KHV31	UN	0.9683	0.01288	0.01884	0.02528
KHV3	KHV3	KHV32	KHV32	UN	0.9885	0	0.01154	0.01154
KHV3	KHV3	KHV33	KHV33	UN	0.9748	0.01677	0.008388	0.01677
KHV3	KHV3	KHV34	KHV34	UN	0.9383	0.06175	0	0.03087
KHV3	KHV3	KHV35	KHV35	UN	1	0	0	0
KHV3	KHV3	KHV36	KHV36	UN	0.9441	0.05586	0	0.02793
KHV3	KHV3	KHV37	KHV37	UN	0.982	0.01804	0	0.009022
KHV3	KHV3	KHV38	KHV38	UN	1	0	0	0
KHV3	KHV3	KHV39	KHV39	UN	0.9931	0.006854	0	0.003427
KHV3	KHV3	KHV40	KHV40	UN	0.9615	0.03853	0	0.01927
KHV3	KHV3	KHV41	KHV41	UN	0.9814	0.008352	0.01026	0.01443
KHV3	KHV3	KHV42	KHV42	UN	1	0	0	0
KHV3	KHV3	KHV43	KHV43	UN	0.965	0.01471	0.02026	0.02761
KHV3	KHV3	KHV44	KHV44	UN	0.9778	0.01454	0.007692	0.01496
KHV3	KHV3	KHV45	KHV45	UN	0.9493	0.05072	0	0.02536
KHV3	KHV3	KHV46	KHV46	UN	0.9619	0.0381	0	0.01905
KHV3	KHV3	KHV47	KHV47	UN	0.9379	0.06208	0	0.03104
KHV3	KHV3	KHV48	KHV48	UN	0.9733	0.00645	0.02029	0.02351
KHV3	KHV3	KHV49	KHV49	UN	0.9858	0.01054	0.003628	0.0089
KHV3	KHV3	KHV50	KHV50	UN	0.9677	0.01497	0.01731	0.02479
KHV3	KHV3	KHV51	KHV51	UN	0.9575	0.04247	0	0.02123
KHV3	KHV3	KHV52	KHV52	UN	0.9708	0.02305	0.006172	0.0177
KHV3	KHV3	KHV53	KHV53	UN	0.9541	0.03746	0.00846	0.02719
KHV3	KHV3	KHV54	KHV54	UN	0.9479	0.049	0.003087	0.02759
KHV3	KHV3	KHV55	KHV55	UN	0.967	0.03305	0	0.01652
KHV3	KHV3	KHV56	KHV56	UN	0.9719	0.02813	0	0.01406
KHV3	KHV3	KHV57	KHV57	UN	0.9953	0.003784	0.0008758	0.002768
KHV3	KHV3	KHV58	KHV58	UN	0.9819	0.01812	0	0.009061
KHV3	KHV3	KHV59	KHV59	UN	0.9841	0.01587	0	0.007935
KHV3	KHV3	KHV60	KHV60	UN	0.9867	0	0.01334	0.01334
KHV3	KHV3	KHV61	KHV61	UN	0.9878	0.001572	0.01062	0.01141
KHV3	KHV3	KHV62	KHV62	UN	0.967	0.03297	0	0.01648
KHV3	KHV3	KHV63	KHV63	UN	0.9697	0.0303	0	0.01515
KHV3	KHV3	KHV64	KHV64	UN	0.9363	0.06369	0	0.03185
KHV3	KHV3	KHV65	KHV65	UN	0.9636	0.03644	0	0.01822
KHV3	KHV3	KHV66	KHV66	UN	0.9756	0.02445	0	0.01222
KHV3	KHV3	KHV67	KHV67	UN	0.9918	0.008208	0	0.004104
KHV3	KHV3	KHV68	KHV68	UN	0.9058	0.09422	0	0.04711
KHV3	KHV3	KHV69	KHV69	UN	0.9656	0.03436	0	0.01718
KHV3	KHV3	KHV70	KHV70	UN	0.9724	0.02756	0	0.01378
KHV3	KHV3	KHV71	KHV71	UN	0.995	0.005035	0	0.002518
KHV3	KHV3	KHV72	KHV72	UN	0.9561	0.04389	0	0.02194
KHV3	KHV3	KHV73	KHV73	UN	0.9898	0.01017	0	0.005083
KHV3	KHV3	KHV74	KHV74	UN	0.9885	0.00387	0.007608	0.009543
KHV3	KHV3	KHV75	KHV75	UN	0.9528	0.04716	0	0.02358
KHV3	KHV3	KHV76	KHV76	UN	0.9739	0.0261	0	0.01305
KHV3	KHV3	KHV77	KHV77	UN	0.9418	0.0582	0	0.0291
KHV3	KHV3	KHV78	KHV78	UN	0.9515	0.03885	0.009656	0.02908
KHV3	KHV3	KHV79	KHV79	UN	1	0	0	0
KHV3	KHV3	KHV80	KHV80	UN	0.9584	0.03639	0.005229	0.02343
KHV3	KHV3	KHV81	KHV81	UN	0.9644	0.0325	0.003121	0.01937
KHV3	KHV3	KHV82	KHV82	UN	0.9887	0.0108	0.0004639	0.005863
KHV3	KHV3	KHV83	KHV83	UN	1	0	0	0
KHV3	KHV3	KHV84	KHV84	UN	0.9782	0.01537	0.006426	0.01411
KHV3	KHV3	KHV85	KHV85	UN	0.9718	0.0267	0.0015	0.01485
KHV3	KHV3	KHV86	KHV86	UN	0.9658	0.03419	0	0.0171
KHV3	KHV3	KHV87	KHV87	UN	0.9886	0	0.01143	0.01143
KHV3	KHV3	KHV88	KHV88	UN	0.9833	0.01383	0.00289	0.009807
KHV3	KHV3	KHV89	KHV89	UN	0.988	0	0.01203	0.01203
KHV3	KHV3	KHV90	KHV90	UN	0.9781	0	0.02191	0.02191
KHV3	KHV3	KHV91	KHV91	UN	0.97	0.02929	0.0006929	0.01534
KHV3	KHV3	KHV92	KHV92	UN	0.9738	0.02622	0	0.01311
KHV3	KHV3	KHV93	KHV93	UN	0.9717	0.02749	0.0007939	0.01454
KHV3	KHV3	KHV94	KHV94	UN	0.964	0.03596	0	0.01798
KHV3	KHV3	KHV95	KHV95	UN	0.9478	0.05222	0	0.02611
KHV3	KHV3	KHV96	KHV96	UN	1	0	0	0
KHV3	KHV3	KHV97	KHV97	UN	0.9884	0.00575	0.005899	0.008774
KHV3	KHV3	KHV98	KHV98	UN	0.9646	0.03542	0	0.01771
KHV3	KHV3	KHV99	KHV99	UN	0.9746	0.02539	0	0.01269
KHV4	KHV4	KHV5	KHV5	UN	0.9759	0.004893	0.01921	0.02166
KHV4	KHV4	KHV6	KHV6	UN	0.9543	0.04198	0.003675	0.02467
KHV4	KHV4	KHV7	KHV7	UN	0.9857	0	0.0143	0.0143
KHV4	KHV4	KHV8	KHV8	UN	0.9732	0	0.02677	0.02677
KHV4	KHV4	KHV9	KHV9	UN	0.9403	0.05968	0	0.02984
KHV4	KHV4	KHV10	KHV10	UN	0.9642	0.0196	0.0162	0.026
KHV4	KHV4	KHV11	KHV11	UN	0.9542	0.04515	0.0006315	0.02321
KHV4	KHV4	KHV12	KHV12	UN	0.9746	0.02403	0.001414	0.01343
KHV4	KHV4	KHV13	KHV13	UN	0.9579	0.03387	0.008239	0.02517
KHV4	KHV4	KHV14	KHV14	UN	0.9751	0.01555	0.009298	0.01707
KHV4	KHV4	KHV15	KHV15	UN	0.9859	0.005559	0.008497	0.01128
KHV4	KHV4	KHV16	KHV16	UN	0.9603	0.03516	0.004491	0.02207
KHV4	KHV4	KHV17	KHV17	UN	0.972	0.01924	0.008783	0.0184
KHV4	KHV4	KHV18	KHV18	UN	0.9424	0.05139	0.00622	0.03192
KHV4	KHV4	KHV19	KHV19	UN	0.9602	0.03527	0.004488	0.02212
KHV4	KHV4	KHV20	KHV20	UN	0.9742	0.01423	0.01154	0.01865
KHV4	KHV4	KHV21	KHV21	UN	0.9778	0.02056	0.001642	0.01192
KHV4	KHV4	KHV22	KHV22	UN	0.9785	0.01225	0.009291	0.01541
KHV4	KHV4	KHV23	KHV23	UN	0.9864	0.006745	0.006879	0.01025
KHV4	KHV4	KHV24	KHV24	UN	0.9754	0	0.02463	0.02463
KHV4	KHV4	KHV25	KHV25	UN	0.9583	0.02994	0.01173	0.0267
KHV4	KHV4	KHV26	KHV26	UN	0.9857	0	0.01427	0.01427
KHV4	KHV4	KHV27	KHV27	UN	0.9623	0.02831	0.009419	0.02358
KHV4	KHV4	KHV28	KHV28	UN	1	0	0	0
KHV4	KHV4	KHV29	KHV29	UN	0.9698	0.0281	0.002068	0.01612
KHV4	KHV4	KHV30	KHV30	UN	0.9699	0.02546	0.004625	0.01736
KHV4	KHV4	KHV31	KHV31	UN	0.9622	0.01999	0.01786	0.02785
KHV4	KHV4	KHV32	KHV32	UN	0.9698	0.01831	0.01184	0.021
KHV4	KHV4	KHV33	KHV33	UN	1	0	0	0
KHV4	KHV4	KHV34	KHV34	UN	0.955	0.03696	0.008051	0.02653
KHV4	KHV4	KHV35	KHV35	UN	0.9927	0.0003166	0.006984	0.007143
KHV4	KHV4	KHV36	KHV36	UN	0.95	0.04999	0	0.025
KHV4	KHV4	KHV37	KHV37	UN	0.9669	0.03311	0	0.01656
KHV4	KHV4	KHV38	KHV38	UN	0.9809	0.01913	0	0.009567
KHV4	KHV4	KHV39	KHV39	UN	0.9412	0.05879	0	0.02939
KHV4	KHV4	KHV40	KHV40	UN	0.9628	0.03716	0	0.01858
KHV4	KHV4	KHV41	KHV41	UN	0.9784	0.02163	0	0.01081
KHV4	KHV4	KHV42	KHV42	UN	0.9728	0.01282	0.01435	0.02076
KHV4	KHV4	KHV43	KHV43	UN	0.9457	0.04076	0.01358	0.03396
KHV4	KHV4	KHV44	KHV44	UN	0.9803	0.007732	0.01192	0.01579
KHV4	KHV4	KHV45	KHV45	UN	0.9558	0.04418	0	0.02209
KHV4	KHV4	KHV46	KHV46	UN	0.9558	0.04425	0	0.02212
KHV4	KHV4	KHV47	KHV47	UN	0.967	0.03012	0.002838	0.0179
KHV4	KHV4	KHV48	KHV48	UN	0.9603	0.02436	0.01533	0.02751
KHV4	KHV4	KHV49	KHV49	UN	0.9602	0.0345	0.005263	0.02251
KHV4	KHV4	KHV50	KHV50	UN	0.967	0	0.03296	0.03296
KHV4	KHV4	KHV51	KHV51	UN	0.9809	0.009813	0.009264	0.01417
KHV4	KHV4	KHV52	KHV52	UN	0.9441	0.05593	0	0.02797
KHV4	KHV4	KHV53	KHV53	UN	0.9561	0.02753	0.01637	0.03014
KHV4	KHV4	KHV54	KHV54	UN	0.9402	0.05767	0.002176	0.03101
KHV4	KHV4	KHV55	KHV55	UN	0.9422	0.05784	0	0.02892
KHV4	KHV4	KHV56	KHV56	UN	0.9486	0.05144	0	0.02572
KHV4	KHV4	KHV57	KHV57	UN	0.9565	0.04353	0	0.02176
KHV4	KHV4	KHV58	KHV58	UN	0.9245	0.0755	0	0.03775
KHV4	KHV4	KHV59	KHV59	UN	1	0	0	0
KHV4	KHV4	KHV60	KHV60	UN	0.9821	0.009512	0.008424	0.01318
KHV4	KHV4	KHV61	KHV61	UN	0.9886	0	0.01136	0.01136
KHV4	KHV4	KHV62	KHV62	UN	0.9447	0.05526	0	0.02763
KHV4	KHV4	KHV63	KHV63	UN	0.9826	0.01196	0.005428	0.01141
KHV4	KHV4	KHV64	KHV64	UN	0.9653	0.03467	0	0.01734
KHV4	KHV4	KHV65	KHV65	UN	0.97	0.02997	0	0.01499
KHV4	KHV4	KHV66	KHV66	UN	0.9611	0.0389	0	0.01945
KHV4	KHV4	KHV67	KHV67	UN	0.9448	0.05524	0	0.02762
KHV4	KHV4	KHV68	KHV68	UN	0.9589	0.04109	0	0.02055
KHV4	KHV4	KHV69	KHV69	UN	0.9921	0.002538	0.0054	0.00667
KHV4	KHV4	KHV70	KHV70	UN	0.9842	0	0.01581	0.01581
KHV4	KHV4	KHV71	KHV71	UN	0.9385	0.06151	0	0.03075
KHV4	KHV4	KHV72	KHV72	UN	0.9807	0	0.01927	0.01927
KHV4	KHV4	KHV73	KHV73	UN	0.9865	0	0.01352	0.01352
KHV4	KHV4	KHV74	KHV74	UN	0.9782	0.007103	0.01467	0.01822
KHV4	KHV4	KHV75	KHV75	UN	0.9585	0.04153	0	0.02077
KHV4	KHV4	KHV76	KHV76	UN	0.962	0.03159	0.006397	0.02219
KHV4	KHV4	KHV77	KHV77	UN	0.9786	0	0.02143	0.02143
KHV4	KHV4	KHV78	KHV78	UN	0.9692	0.004725	0.02605	0.02841
KHV4	KHV4	KHV79	KHV79	UN	0.9781	0.008728	0.01319	0.01755
KHV4	KHV4	KHV80	KHV80	UN	0.9506	0.04256	0.006832	0.02811
KHV4	KHV4	KHV81	KHV81	UN	0.9653	0.03292	0.001727	0.01819
KHV4	KHV4	KHV82	KHV82	UN	0.9866	0.006549	0.006806	0.01008
KHV4	KHV4	KHV83	KHV83	UN	0.9757	0	0.02432	0.02432
KHV4	KHV4	KHV84	KHV84	UN	0.9859	0.002052	0.01207	0.01309
KHV4	KHV4	KHV85	KHV85	UN	0.9738	0.01033	0.01588	0.02104
KHV4	KHV4	KHV86	KHV86	UN	0.957	0.04299	0	0.02149
KHV4	KHV4	KHV87	KHV87	UN	0.965	0.03101	0.003963	0.01947
KHV4	KHV4	KHV88	KHV88	UN	0.9531	0.04683	0.000117	0.02353
KHV4	KHV4	KHV89	KHV89	UN	0.9767	0	0.0233	0.0233
KHV4	KHV4	KHV90	KHV90	UN	0.9637	0.01824	0.01805	0.02717
KHV4	KHV4	KHV91	KHV91	UN	0.9855	0.004107	0.01039	0.01244
KHV4	KHV4	KHV92	KHV92	UN	0.9431	0.05279	0.004064	0.03046
KHV4	KHV4	KHV93	KHV93	UN	0.9718	0.0182	0.009986	0.01909
KHV4	KHV4	KHV94	KHV94	UN	0.9328	0.06716	0	0.03358
KHV4	KHV4	KHV95	KHV95	UN	0.9678	0.03224	0	0.01612
KHV4	KHV4	KHV96	KHV96	UN	0.9732	0	0.02683	0.02683
KHV4	KHV4	KHV97	KHV97	UN	0.9888	0	0.01125	0.01125
KHV4	KHV4	KHV98	KHV98	UN	0.9553	0.04473	0	0.02237
KHV4	KHV4	KHV99	KHV99	UN	0.9863	0.01372	0	0.006861
KHV5	KHV5	KHV6	KHV6	UN	0.9614	0.03387	0.004749	0.02169
KHV5	KHV5	KHV7	KHV7	UN	0.9853	0	0.01472	0.01472
KHV5	KHV5	KHV8	KHV8	UN	1	0	0	0
KHV5	KHV5	KHV9	KHV9	UN	0.9741	0.02585	2.73e-05	0.01295
KHV5	KHV5	KHV10	KHV10	UN	0.9854	0.002094	0.01253	0.01357
KHV5	KHV5	KHV11	KHV11	UN	0.9892	0	0.0108	0.0108
KHV5	KHV5	KHV12	KHV12	UN	0.9921	0	0.007935	0.007935
KHV5	KHV5	KHV13	KHV13	UN	1	0	0	0
KHV5	KHV5	KHV14	KHV14	UN	0.9871	0	0.01294	0.01294
KHV5	KHV5	KHV15	KHV15	UN	0.9773	0.01286	0.009839	0.01627
KHV5	KHV5	KHV16	KHV16	UN	1	0	0	0
KHV5	KHV5	KHV17	KHV17	UN	1	0	0	0
KHV5	KHV5	KHV18	KHV18	UN	0.9683	0.02916	0.002495	0.01707
KHV5	KHV5	KHV19	KHV19	UN	0.9691	0.02518	0.0057	0.01829
KHV5	KHV5	KHV20	KHV20	UN	0.9671	0.02362	0.00927	0.02108
KHV5	KHV5	KHV21	KHV21	UN	0.986	0	0.01396	0.01396
KHV5	KHV5	KHV22	KHV22	UN	1	0	0	0
KHV5	KHV5	KHV23	KHV23	UN	0.9788	0	0.0212	0.0212
KHV5	KHV5	KHV24	KHV24	UN	0.9791	0	0.02088	0.02088
KHV5	KHV5	KHV25	KHV25	UN	0.9852	0.001062	0.01377	0.0143
KHV5	KHV5	KHV26	KHV26	UN	0.9837	0.00969	0.006656	0.0115
KHV5	KHV5	KHV27	KHV27	UN	1	0	0	0
KHV5	KHV5	KHV28	KHV28	UN	0.9848	0	0.01522	0.01522
KHV5	KHV5	KHV29	KHV29	UN	0.9807	0.007441	0.01189	0.01561
KHV5	KHV5	KHV30	KHV30	UN	0.9858	0.00481	0.009362	0.01177
KHV5	KHV5	KHV31	KHV31	UN	0.9717	0	0.02825	0.02825
KHV5	KHV5	KHV32	KHV32	UN	0.9873	0.001535	0.01116	0.01192
KHV5	KHV5	KHV33	KHV33	UN	0.9576	0.04243	0	0.02122
KHV5	KHV5	KHV34	KHV34	UN	0.9773	0.01412	0.008542	0.0156
KHV5	KHV5	KHV35	KHV35	UN	0.9892	0.009598	0.001224	0.006023
KHV5	KHV5	KHV36	KHV36	UN	0.9648	0.03521	0	0.01761
KHV5	KHV5	KHV37	KHV37	UN	1	0	0	0
KHV5	KHV5	KHV38	KHV38	UN	1	0	0	0
KHV5	KHV5	KHV39	KHV39	UN	0.9921	0.007866	0	0.003933
KHV5	KHV5	KHV40	KHV40	UN	0.9723	0.02767	0	0.01384
KHV5	KHV5	KHV41	KHV41	UN	0.9863	0	0.01373	0.01373
KHV5	KHV5	KHV42	KHV42	UN	0.9766	0	0.02338	0.02338
KHV5	KHV5	KHV43	KHV43	UN	0.9583	0.02909	0.01258	0.02713
KHV5	KHV5	KHV44	KHV44	UN	0.97	0.02159	0.008433	0.01923
KHV5	KHV5	KHV45	KHV45	UN	0.9407	0.05926	0	0.02963
KHV5	KHV5	KHV46	KHV46	UN	0.9673	0.03274	0	0.01637
KHV5	KHV5	KHV47	KHV47	UN	1	0	0	0
KHV5	KHV5	KHV48	KHV48	UN	1	0	0	0
KHV5	KHV5	KHV49	KHV49	UN	0.9797	0	0.02027	0.02027
KHV5	KHV5	KHV50	KHV50	UN	0.9753	0.00773	0.01693	0.0208
KHV5	KHV5	KHV51	KHV51	UN	0.9574	0.04189	0.0007073	0.02165
KHV5	KHV5	KHV52	KHV52	UN	1	0	0	0
KHV5	KHV5	KHV53	KHV53	UN	0.9782	0	0.02183	0.02183
KHV5	KHV5	KHV54	KHV54	UN	0.9502	0.04338	0.006419	0.02811
KHV5	KHV5	KHV55	KHV55	UN	0.9856	0.0144	0	0.007202
KHV5	KHV5	KHV56	KHV56	UN	0.9557	0.0443	0	0.02215
KHV5	KHV5	KHV57	KHV57	UN	0.9866	0.01341	0	0.006707
KHV5	KHV5	KHV58	KHV58	UN	1	0	0	0
KHV5	KHV5	KHV59	KHV59	UN	1	0	0	0
KHV5	KHV5	KHV60	KHV60	UN	0.9663	0.02309	0.01058	0.02212
KHV5	KHV5	KHV61	KHV61	UN	0.9907	0	0.009318	0.009318
KHV5	KHV5	KHV62	KHV62	UN	0.9831	0.004114	0.01275	0.01481
KHV5	KHV5	KHV63	KHV63	UN	0.9862	0.002714	0.0111	0.01246
KHV5	KHV5	KHV64	KHV64	UN	0.9511	0.04886	0	0.02443
KHV5	KHV5	KHV65	KHV65	UN	0.9774	0.02259	0	0.0113
KHV5	KHV5	KHV66	KHV66	UN	0.9922	0.002882	0.004922	0.006363
KHV5	KHV5	KHV67	KHV67	UN	0.9905	0.001193	0.0083	0.008896
KHV5	KHV5	KHV68	KHV68	UN	0.96	0.04004	0	0.02002
KHV5	KHV5	KHV69	KHV69	UN	0.9705	0.0277	0.00181	0.01566
KHV5	KHV5	KHV70	KHV70	UN	0.9891	0	0.0109	0.0109
KHV5	KHV5	KHV71	KHV71	UN	1	0	0	0
KHV5	KHV5	KHV72	KHV72	UN	0.9882	0.005365	0.006472	0.009154
KHV5	KHV5	KHV73	KHV73	UN	0.9771	0.01942	0.003525	0.01324
KHV5	KHV5	KHV74	KHV74	UN	0.9848	0	0.01522	0.01522
KHV5	KHV5	KHV75	KHV75	UN	0.988	0.003204	0.008831	0.01043
KHV5	KHV5	KHV76	KHV76	UN	0.9649	0.03512	0	0.01756
KHV5	KHV5	KHV77	KHV77	UN	0.9801	0.006574	0.01335	0.01663
KHV5	KHV5	KHV78	KHV78	UN	1	0	0	0
KHV5	KHV5	KHV79	KHV79	UN	1	0	0	0
KHV5	KHV5	KHV80	KHV80	UN	0.9372	0.0628	0	0.0314
KHV5	KHV5	KHV81	KHV81	UN	0.974	0.02078	0.005227	0.01562
KHV5	KHV5	KHV82	KHV82	UN	1	0	0	0
KHV5	KHV5	KHV83	KHV83	UN	1	0	0	0
KHV5	KHV5	KHV84	KHV84	UN	1	0	0	0
KHV5	KHV5	KHV85	KHV85	UN	1	0	0	0
KHV5	KHV5	KHV86	KHV86	UN	1	0	0	0
KHV5	KHV5	KHV87	KHV87	UN	1	0	0	0
KHV5	KHV5	KHV88	KHV88	UN	0.979	0.01761	0.003433	0.01224
KHV5	KHV5	KHV89	KHV89	UN	0.9831	0	0.01688	0.01688
KHV5	KHV5	KHV90	KHV90	UN	0.9827	0	0.01725	0.01725
KHV5	KHV5	KHV91	KHV91	UN	1	0	0	0
KHV5	KHV5	KHV92	KHV92	UN	0.9656	0.02905	0.005377	0.0199
KHV5	KHV5	KHV93	KHV93	UN	0.9703	0.02536	0.004356	0.01703
KHV5	KHV5	KHV94	KHV94	UN	0.9793	0.02068	0	0.01034
KHV5	KHV5	KHV95	KHV95	UN	0.978	0.02195	0	0.01098
KHV5	KHV5	KHV96	KHV96	UN	1	0	0	0
KHV5	KHV5	KHV97	KHV97	UN	1	0	0	0
KHV5	KHV5	KHV98	KHV98	UN	0.9789	0.01401	0.007119	0.01413
KHV5	KHV5	KHV99	KHV99	UN	0.9778	0.02141	0.0008379	0.01154
KHV6	KHV6	KHV7	KHV7	UN	0.9642	0.03578	0	0.01789
KHV6	KHV6	KHV8	KHV8	UN	1	0	0	0
KHV6	KHV6	KHV9	KHV9	UN	0.9201	0.07988	0	0.03994
KHV6	KHV6	KHV10	KHV10	UN	0.9642	0.02689	0.008946	0.02239
KHV6	KHV6	KHV11	KHV11	UN	0.9542	0.04575	0	0.02288
KHV6	KHV6	KHV12	KHV12	UN	0.9952	0.001876	0.002937	0.003875
KHV6	KHV6	KHV13	KHV13	UN	0.977	0.02097	0.002052	0.01254
KHV6	KHV6	KHV14	KHV14	UN	0.9749	0.02341	0.001716	0.01342
KHV6	KHV6	KHV15	KHV15	UN	0.9485	0.05147	0	0.02573
KHV6	KHV6	KHV16	KHV16	UN	0.9616	0.03843	0	0.01921
KHV6	KHV6	KHV17	KHV17	UN	0.9678	0.03057	0.00161	0.0169
KHV6	KHV6	KHV18	KHV18	UN	0.9554	0.04209	0.00249	0.02353
KHV6	KHV6	KHV19	KHV19	UN	0.9292	0.07081	0	0.0354
KHV6	KHV6	KHV20	KHV20	UN	0.9387	0.06135	0	0.03067
KHV6	KHV6	KHV21	KHV21	UN	0.9938	0.001936	0.004215	0.005183
KHV6	KHV6	KHV22	KHV22	UN	0.9732	0.02586	0.0008969	0.01383
KHV6	KHV6	KHV23	KHV23	UN	0.9937	0	0.006275	0.006275
KHV6	KHV6	KHV24	KHV24	UN	0.9724	0.02279	0.004853	0.01625
KHV6	KHV6	KHV25	KHV25	UN	0.9601	0.03985	0	0.01993
KHV6	KHV6	KHV26	KHV26	UN	0.9669	0.03315	0	0.01657
KHV6	KHV6	KHV27	KHV27	UN	0.9422	0.05781	0	0.02891
KHV6	KHV6	KHV28	KHV28	UN	0.962	0.03764	0.0003143	0.01914
KHV6	KHV6	KHV29	KHV29	UN	0.9679	0.03215	0	0.01607
KHV6	KHV6	KHV30	KHV30	UN	0.929	0.07096	0	0.03548
KHV6	KHV6	KHV31	KHV31	UN	0.9834	0.00521	0.01138	0.01398
KHV6	KHV6	KHV32	KHV32	UN	0.9721	0.02791	0	0.01395
KHV6	KHV6	KHV33	KHV33	UN	0.9621	0.03786	0	0.01893
KHV6	KHV6	KHV34	KHV34	UN	0.9424	0.05757	0	0.02879
KHV6	KHV6	KHV35	KHV35	UN	0.9944	0.004721	0.0008377	0.003198
KHV6	KHV6	KHV36	KHV36	UN	0.9538	0.04617	0	0.02309
KHV6	KHV6	KHV37	KHV37	UN	0.9518	0.04825	0	0.02412
KHV6	KHV6	KHV38	KHV38	UN	0.9713	0.02873	0	0.01437
KHV6	KHV6	KHV39	KHV39	UN	0.9334	0.06661	0	0.03331
KHV6	KHV6	KHV40	KHV40	UN	0.9788	0.02118	0	0.01059
KHV6	KHV6	KHV41	KHV41	UN	0.9494	0.05064	0	0.02532
KHV6	KHV6	KHV42	KHV42	UN	0.9662	0.03382	0	0.01691
KHV6	KHV6	KHV43	KHV43	UN	0.9558	0.03169	0.01247	0.02831
KHV6	KHV6	KHV44	KHV44	UN	0.9886	0.006352	0.005027	0.008203
KHV6	KHV6	KHV45	KHV45	UN	0.954	0.04601	0	0.023
KHV6	KHV6	KHV46	KHV46	UN	0.9744	0.02563	0	0.01282
KHV6	KHV6	KHV47	KHV47	UN	0.9556	0.04437	0	0.02219
KHV6	KHV6	KHV48	KHV48	UN	0.9752	0.005899	0.01894	0.02189
KHV6	KHV6	KHV49	KHV49	UN	0.9494	0.05058	0	0.02529
KHV6	KHV6	KHV50	KHV50	UN	0.959	0.02791	0.0131	0.02706
KHV6	KHV6	KHV51	KHV51	UN	0.9634	0.03664	0	0.01832
KHV6	KHV6	KHV52	KHV52	UN	0.9453	0.05468	0	0.02734
KHV6	KHV6	KHV53	KHV53	UN	0.9319	0.06811	0	0.03405
KHV6	KHV6	KHV54	KHV54	UN	0.9362	0.06381	0	0.03191
KHV6	KHV6	KHV55	KHV55	UN	0.9881	0.01191	0	0.005955
KHV6	KHV6	KHV56	KHV56	UN	0.9392	0.0608	0	0.0304
KHV6	KHV6	KHV57	KHV57	UN	0.9541	0.04587	0	0.02293
KHV6	KHV6	KHV58	KHV58	UN	0.9579	0.04214	0	0.02107
KHV6	KHV6	KHV59	KHV59	UN	0.944	0.05597	0	0.02799
KHV6	KHV6	KHV60	KHV60	UN	0.9833	0.008181	0.008542	0.01263
KHV6	KHV6	KHV61	KHV61	UN	0.9538	0.04619	0	0.0231
KHV6	KHV6	KHV62	KHV62	UN	0.9548	0.04521	0	0.02261
KHV6	KHV6	KHV63	KHV63	UN	0.9467	0.0533	0	0.02665
KHV6	KHV6	KHV64	KHV64	UN	0.9585	0.04149	0	0.02074
KHV6	KHV6	KHV65	KHV65	UN	0.953	0.04704	0	0.02352
KHV6	KHV6	KHV66	KHV66	UN	0.9358	0.06422	0	0.03211
KHV6	KHV6	KHV67	KHV67	UN	0.9791	0.0209	0	0.01045
KHV6	KHV6	KHV68	KHV68	UN	0.9129	0.08713	0	0.04357
KHV6	KHV6	KHV69	KHV69	UN	0.9639	0.0361	0	0.01805
KHV6	KHV6	KHV70	KHV70	UN	0.9762	0.02375	0	0.01188
KHV6	KHV6	KHV71	KHV71	UN	0.9501	0.04987	0	0.02494
KHV6	KHV6	KHV72	KHV72	UN	0.9513	0.04871	0	0.02436
KHV6	KHV6	KHV73	KHV73	UN	0.953	0.04705	0	0.02352
KHV6	KHV6	KHV74	KHV74	UN	0.9943	0.004343	0.001368	0.00354
KHV6	KHV6	KHV75	KHV75	UN	0.9574	0.04265	0	0.02132
KHV6	KHV6	KHV76	KHV76	UN	0.9634	0.03286	0.00378	0.02021
KHV6	KHV6	KHV77	KHV77	UN	0.9541	0.04591	0	0.02295
KHV6	KHV6	KHV78	KHV78	UN	0.9547	0.04115	0.004198	0.02477
KHV6	KHV6	KHV79	KHV79	UN	0.9906	0.008538	0.0008473	0.005116
KHV6	KHV6	KHV80	KHV80	UN	0.942	0.05796	0	0.02898
KHV6	KHV6	KHV81	KHV81	UN	0.9449	0.0551	0	0.02755
KHV6	KHV6	KHV82	KHV82	UN	0.9605	0.03954	0	0.01977
KHV6	KHV6	KHV83	KHV83	UN	0.9735	0.02654	0	0.01327
KHV6	KHV6	KHV84	KHV84	UN	0.9688	0.03123	0	0.01561
KHV6	KHV6	KHV85	KHV85	UN	0.9384	0.06157	0	0.03079
KHV6	KHV6	KHV86	KHV86	UN	0.9616	0.03845	0	0.01922
KHV6	KHV6	KHV87	KHV87	UN	0.9417	0.05834	0	0.02917
KHV6	KHV6	KHV88	KHV88	UN	0.9458	0.05424	0	0.02712
KHV6	KHV6	KHV89	KHV89	UN	0.9855	0.00564	0.008856	0.01168
KHV6	KHV6	KHV90	KHV90	UN	0.9681	0.02043	0.01143	0.02164
KHV6	KHV6	KHV91	KHV91	UN	0.9756	0.02438	0	0.01219
KHV6	KHV6	KHV92	KHV92	UN	0.9383	0.06172	0	0.03086
KHV6	KHV6	KHV93	KHV93	UN	0.9519	0.04806	0	0.02403
KHV6	KHV6	KHV94	KHV94	UN	0.9548	0.04517	0	0.02258
KHV6	KHV6	KHV95	KHV95	UN	0.9407	0.05928	0	0.02964
KHV6	KHV6	KHV96	KHV96	UN	1	0	0	0
KHV6	KHV6	KHV97	KHV97	UN	0.967	0.03301	0	0.0165
KHV6	KHV6	KHV98	KHV98	UN	0.9219	0.07808	0	0.03904
KHV6	KHV6	KHV99	KHV99	UN	0.9942	0.005826	0	0.002913
KHV7	KHV7	KHV8	KHV8	UN	0.9884	0.003489	0.008123	0.009868
KHV7	KHV7	KHV9	KHV9	UN	0.9692	0.03075	0	0.01538
KHV7	KHV7	KHV10	KHV10	UN	0.9674	0.02927	0.003379	0.01801
KHV7	KHV7	KHV11	KHV11	UN	0.98	0.01727	0.002752	0.01139
KHV7	KHV7	KHV12	KHV12	UN	1	0	0	0
KHV7	KHV7	KHV13	KHV13	UN	0.9825	0.01751	0	0.008755
KHV7	KHV7	KHV14	KHV14	UN	0.9853	0.008658	0.006035	0.01036
KHV7	KHV7	KHV15	KHV15	UN	0.991	0.00214	0.006831	0.007902
KHV7	KHV7	KHV16	KHV16	UN	0.9802	0.01982	0	0.009909
KHV7	KHV7	KHV17	KHV17	UN	0.9813	0.0166	0.00206	0.01036
KHV7	KHV7	KHV18	KHV18	UN	0.9734	0.01985	0.0068	0.01672
KHV7	KHV7	KHV19	KHV19	UN	0.9469	0.05308	0	0.02654
KHV7	KHV7	KHV20	KHV20	UN	0.989	0.008728	0.002265	0.006629
KHV7	KHV7	KHV21	KHV21	UN	1	0	0	0
KHV7	KHV7	KHV22	KHV22	UN	0.9742	0.02391	0.001935	0.01389
KHV7	KHV7	KHV23	KHV23	UN	0.9718	0.02673	0.001511	0.01487
KHV7	KHV7	KHV24	KHV24	UN	1	0	0	0
KHV7	KHV7	KHV25	KHV25	UN	0.9782	0.01789	0.003884	0.01283
KHV7	KHV7	KHV26	KHV26	UN	0.9977	0	0.00231	0.00231
KHV7	KHV7	KHV27	KHV27	UN	0.9715	0.02851	0	0.01425
KHV7	KHV7	KHV28	KHV28	UN	0.9752	0.02286	0.001909	0.01334
KHV7	KHV7	KHV29	KHV29	UN	0.9645	0.03552	0	0.01776
KHV7	KHV7	KHV30	KHV30	UN	0.9708	0.02599	0.00324	0.01623
KHV7	KHV7	KHV31	KHV31	UN	1	0	0	0
KHV7	KHV7	KHV32	KHV32	UN	1	0	0	0
KHV7	KHV7	KHV33	KHV33	UN	0.9898	0.001192	0.008992	0.009588
KHV7	KHV7	KHV34	KHV34	UN	0.9632	0.03678	0	0.01839
KHV7	KHV7	KHV35	KHV35	UN	1	0	0	0
KHV7	KHV7	KHV36	KHV36	UN	0.9471	0.05294	0	0.02647
KHV7	KHV7	KHV37	KHV37	UN	0.9806	0.01943	0	0.009713
KHV7	KHV7	KHV38	KHV38	UN	1	0	0	0
KHV7	KHV7	KHV39	KHV39	UN	0.975	0.02504	0	0.01252
KHV7	KHV7	KHV40	KHV40	UN	0.9532	0.04676	0	0.02338
KHV7	KHV7	KHV41	KHV41	UN	0.9589	0.04108	0	0.02054
KHV7	KHV7	KHV42	KHV42	UN	1	0	0	0
KHV7	KHV7	KHV43	KHV43	UN	0.9817	0	0.01825	0.01825
KHV7	KHV7	KHV44	KHV44	UN	0.9699	0.03006	0	0.01503
KHV7	KHV7	KHV45	KHV45	UN	0.9748	0.02517	0	0.01258
KHV7	KHV7	KHV46	KHV46	UN	0.9903	0.009705	0	0.004853
KHV7	KHV7	KHV47	KHV47	UN	1	0	0	0
KHV7	KHV7	KHV48	KHV48	UN	0.9746	0	0.02538	0.02538
KHV7	KHV7	KHV49	KHV49	UN	0.9837	0.01117	0.005169	0.01075
KHV7	KHV7	KHV50	KHV50	UN	0.9783	0.009145	0.01257	0.01714
KHV7	KHV7	KHV51	KHV51	UN	0.9821	0.0179	0	0.008948
KHV7	KHV7	KHV52	KHV52	UN	0.9731	0.02691	0	0.01345
KHV7	KHV7	KHV53	KHV53	UN	0.9503	0.04974	0	0.02487
KHV7	KHV7	KHV54	KHV54	UN	0.9831	0.009632	0.007307	0.01212
KHV7	KHV7	KHV55	KHV55	UN	0.9527	0.04734	0	0.02367
KHV7	KHV7	KHV56	KHV56	UN	1	0	0	0
KHV7	KHV7	KHV57	KHV57	UN	1	0	0	0
KHV7	KHV7	KHV58	KHV58	UN	0.9452	0.05484	0	0.02742
KHV7	KHV7	KHV59	KHV59	UN	0.9736	0.0264	0	0.0132
KHV7	KHV7	KHV60	KHV60	UN	0.9645	0.03554	0	0.01777
KHV7	KHV7	KHV61	KHV61	UN	0.9852	0.008102	0.006708	0.01076
KHV7	KHV7	KHV62	KHV62	UN	0.9609	0.03909	0	0.01954
KHV7	KHV7	KHV63	KHV63	UN	0.9867	0.01327	0	0.006637
KHV7	KHV7	KHV64	KHV64	UN	0.9796	0.02043	0	0.01022
KHV7	KHV7	KHV65	KHV65	UN	0.979	0.02103	0	0.01051
KHV7	KHV7	KHV66	KHV66	UN	0.9648	0.03518	0	0.01759
KHV7	KHV7	KHV67	KHV67	UN	0.9633	0.03674	0	0.01837
KHV7	KHV7	KHV68	KHV68	UN	0.9179	0.08206	0	0.04103
KHV7	KHV7	KHV69	KHV69	UN	0.9906	0.009364	0	0.004682
KHV7	KHV7	KHV70	KHV70	UN	1	0	0	0
KHV7	KHV7	KHV71	KHV71	UN	0.9826	0.01735	0	0.008677
KHV7	KHV7	KHV72	KHV72	UN	0.9672	0.03281	0	0.01641
KHV7	KHV7	KHV73	KHV73	UN	0.9604	0.03964	0	0.01982
KHV7	KHV7	KHV74	KHV74	UN	1	0	0	0
KHV7	KHV7	KHV75	KHV75	UN	0.9723	0.02773	0	0.01387
KHV7	KHV7	KHV76	KHV76	UN	0.943	0.057	0	0.0285
KHV7	KHV7	KHV77	KHV77	UN	0.9557	0.04426	0	0.02213
KHV7	KHV7	KHV78	KHV78	UN	0.9817	0.001997	0.01631	0.01731
KHV7	KHV7	KHV79	KHV79	UN	0.986	0.008349	0.005608	0.009782
KHV7	KHV7	KHV80	KHV80	UN	0.9779	0.0173	0.004792	0.01344
KHV7	KHV7	KHV81	KHV81	UN	0.968	0.03197	0	0.01599
KHV7	KHV7	KHV82	KHV82	UN	0.9634	0.03659	0	0.0183
KHV7	KHV7	KHV83	KHV83	UN	0.9877	0	0.01235	0.01235
KHV7	KHV7	KHV84	KHV84	UN	0.9945	0.005073	0.0004318	0.002968
KHV7	KHV7	KHV85	KHV85	UN	0.988	0.002918	0.009099	0.01056
KHV7	KHV7	KHV86	KHV86	UN	1	0	0	0
KHV7	KHV7	KHV87	KHV87	UN	0.9925	0.001989	0.005546	0.00654
KHV7	KHV7	KHV88	KHV88	UN	0.9739	0.02531	0.0007612	0.01342
KHV7	KHV7	KHV89	KHV89	UN	0.971	0.01873	0.01023	0.0196
KHV7	KHV7	KHV90	KHV90	UN	0.988	0	0.01198	0.01198
KHV7	KHV7	KHV91	KHV91	UN	1	0	0	0
KHV7	KHV7	KHV92	KHV92	UN	0.9616	0.03839	0	0.01919
KHV7	KHV7	KHV93	KHV93	UN	0.9584	0.04161	0	0.02081
KHV7	KHV7	KHV94	KHV94	UN	0.9727	0.02729	0	0.01364
KHV7	KHV7	KHV95	KHV95	UN	0.947	0.05296	0	0.02648
KHV7	KHV7	KHV96	KHV96	UN	1	0	0	0
KHV7	KHV7	KHV97	KHV97	UN	0.9617	0.03831	0	0.01915
KHV7	KHV7	KHV98	KHV98	UN	0.948	0.05205	0	0.02602
KHV7	KHV7	KHV99	KHV99	UN	1	0	0	0
KHV8	KHV8	KHV9	KHV9	UN	0.9817	0.01325	0.005093	0.01172
KHV8	KHV8	KHV10	KHV10	UN	1	0	0	0
KHV8	KHV8	KHV11	KHV11	UN	0.9862	0.009294	0.004528	0.009175
KHV8	KHV8	KHV12	KHV12	UN	0.9937	0.002205	0.004135	0.005237
KHV8	KHV8	KHV13	KHV13	UN	0.9841	0	0.01585	0.01585
KHV8	KHV8	KHV14	KHV14	UN	1	0	0	0
KHV8	KHV8	KHV15	KHV15	UN	0.9841	0.009389	0.006526	0.01122
KHV8	KHV8	KHV16	KHV16	UN	0.9672	0.02839	0.004421	0.01862
KHV8	KHV8	KHV17	KHV17	UN	0.9879	0.006103	0.00595	0.009001
KHV8	KHV8	KHV18	KHV18	UN	0.9826	0	0.01739	0.01739
KHV8	KHV8	KHV19	KHV19	UN	0.9795	0.01066	0.009793	0.01512
KHV8	KHV8	KHV20	KHV20	UN	1	0	0	0
KHV8	KHV8	KHV21	KHV21	UN	0.9905	0.006525	0.00294	0.006203
KHV8	KHV8	KHV22	KHV22	UN	1	0	0	0
KHV8	KHV8	KHV23	KHV23	UN	1	0	0	0
KHV8	KHV8	KHV24	KHV24	UN	0.9738	0	0.02623	0.02623
KHV8	KHV8	KHV25	KHV25	UN	0.9853	0.003725	0.01102	0.01288
KHV8	KHV8	KHV26	KHV26	UN	0.9839	0	0.01615	0.01615
KHV8	KHV8	KHV27	KHV27	UN	0.9813	0.009678	0.008985	0.01382
KHV8	KHV8	KHV28	KHV28	UN	0.9807	0	0.01925	0.01925
KHV8	KHV8	KHV29	KHV29	UN	1	0	0	0
KHV8	KHV8	KHV30	KHV30	UN	0.9826	0.008245	0.009161	0.01328
KHV8	KHV8	KHV31	KHV31	UN	1	0	0	0
KHV8	KHV8	KHV32	KHV32	UN	0.9704	0.02066	0.008919	0.01925
KHV8	KHV8	KHV33	KHV33	UN	1	0	0	0
KHV8	KHV8	KHV34	KHV34	UN	1	0	0	0
KHV8	KHV8	KHV35	KHV35	UN	1	0	0	0
KHV8	KHV8	KHV36	KHV36	UN	0.9739	0.02608	0	0.01304
KHV8	KHV8	KHV37	KHV37	UN	1	0	0	0
KHV8	KHV8	KHV38	KHV38	UN	1	0	0	0
KHV8	KHV8	KHV39	KHV39	UN	0.9791	0.02091	0	0.01045
KHV8	KHV8	KHV40	KHV40	UN	1	0	0	0
KHV8	KHV8	KHV41	KHV41	UN	1	0	0	0
KHV8	KHV8	KHV42	KHV42	UN	1	0	0	0
KHV8	KHV8	KHV43	KHV43	UN	1	0	0	0
KHV8	KHV8	KHV44	KHV44	UN	0.9928	0	0.007216	0.007216
KHV8	KHV8	KHV45	KHV45	UN	0.9324	0.06763	0	0.03382
KHV8	KHV8	KHV46	KHV46	UN	0.9859	0.01406	0	0.007031
KHV8	KHV8	KHV47	KHV47	UN	0.9704	0.029	0.0006133	0.01511
KHV8	KHV8	KHV48	KHV48	UN	1	0	0	0
KHV8	KHV8	KHV49	KHV49	UN	0.9846	0	0.01535	0.01535
KHV8	KHV8	KHV50	KHV50	UN	0.9678	0	0.03219	0.03219
KHV8	KHV8	KHV51	KHV51	UN	0.9729	0.02563	0.001468	0.01428
KHV8	KHV8	KHV52	KHV52	UN	0.9808	0	0.01919	0.01919
KHV8	KHV8	KHV53	KHV53	UN	0.973	0.01388	0.01313	0.02008
KHV8	KHV8	KHV54	KHV54	UN	0.9766	0	0.02338	0.02338
KHV8	KHV8	KHV55	KHV55	UN	0.9551	0.04487	0	0.02244
KHV8	KHV8	KHV56	KHV56	UN	0.9827	0.01734	0	0.008669
KHV8	KHV8	KHV57	KHV57	UN	1	0	0	0
KHV8	KHV8	KHV58	KHV58	UN	1	0	0	0
KHV8	KHV8	KHV59	KHV59	UN	1	0	0	0
KHV8	KHV8	KHV60	KHV60	UN	0.9893	0.0009772	0.009764	0.01025
KHV8	KHV8	KHV61	KHV61	UN	0.9849	0	0.0151	0.0151
KHV8	KHV8	KHV62	KHV62	UN	1	0	0	0
KHV8	KHV8	KHV63	KHV63	UN	0.9904	0	0.009551	0.009551
KHV8	KHV8	KHV64	KHV64	UN	1	0	0	0
KHV8	KHV8	KHV65	KHV65	UN	0.9803	0.01971	0	0.009857
KHV8	KHV8	KHV66	KHV66	UN	1	0	0	0
KHV8	KHV8	KHV67	KHV67	UN	1	0	0	0
KHV8	KHV8	KHV68	KHV68	UN	0.9518	0.0482	0	0.0241
KHV8	KHV8	KHV69	KHV69	UN	0.9891	0	0.01094	0.01094
KHV8	KHV8	KHV70	KHV70	UN	0.9974	0	0.002555	0.002555
KHV8	KHV8	KHV71	KHV71	UN	1	0	0	0
KHV8	KHV8	KHV72	KHV72	UN	0.9665	0.02318	0.01028	0.02188
KHV8	KHV8	KHV73	KHV73	UN	0.9908	0.004037	0.005177	0.007196
KHV8	KHV8	KHV74	KHV74	UN	1	0	0	0
KHV8	KHV8	KHV75	KHV75	UN	0.9927	0	0.00733	0.00733
KHV8	KHV8	KHV76	KHV76	UN	0.976	0.01638	0.007623	0.01581
KHV8	KHV8	KHV77	KHV77	UN	0.9847	0	0.01534	0.01534
KHV8	KHV8	KHV78	KHV78	UN	0.9739	0	0.02609	0.02609
KHV8	KHV8	KHV79	KHV79	UN	0.9921	0	0.007856	0.007856
KHV8	KHV8	KHV80	KHV80	UN	0.9831	0.01188	0.005039	0.01098
KHV8	KHV8	KHV81	KHV81	UN	0.9683	0.0269	0.004749	0.0182
KHV8	KHV8	KHV82	KHV82	UN	0.9893	0	0.0107	0.0107
KHV8	KHV8	KHV83	KHV83	UN	1	0	0	0
KHV8	KHV8	KHV84	KHV84	UN	1	0	0	0
KHV8	KHV8	KHV85	KHV85	UN	1	0	0	0
KHV8	KHV8	KHV86	KHV86	UN	1	0	0	0
KHV8	KHV8	KHV87	KHV87	UN	1	0	0	0
KHV8	KHV8	KHV88	KHV88	UN	1	0	0	0
KHV8	KHV8	KHV89	KHV89	UN	1	0	0	0
KHV8	KHV8	KHV90	KHV90	UN	1	0	0	0
KHV8	KHV8	KHV91	KHV91	UN	1	0	0	0
KHV8	KHV8	KHV92	KHV92	UN	0.9801	0.01085	0.009027	0.01445
KHV8	KHV8	KHV93	KHV93	UN	0.9899	0.004364	0.005784	0.007966
KHV8	KHV8	KHV94	KHV94	UN	0.9948	0.005227	0	0.002613
KHV8	KHV8	KHV95	KHV95	UN	1	0	0	0
KHV8	KHV8	KHV96	KHV96	UN	1	0	0	0
KHV8	KHV8	KHV97	KHV97	UN	1	0	0	0
KHV8	KHV8	KHV98	KHV98	UN	0.9684	0.0196	0.01198	0.02177
KHV8	KHV8	KHV99	KHV99	UN	1	0	0	0
KHV9	KHV9	KHV10	KHV10	UN	0.9655	0.03137	0.003096	0.01878
KHV9	KHV9	KHV11	KHV11	UN	0.9682	0.03184	0	0.01592
KHV9	KHV9	KHV12	KHV12	UN	0.9616	0.03837	0	0.01919
KHV9	KHV9	KHV13	KHV13	UN	0.9374	0.06259	0	0.0313
KHV9	KHV9	KHV14	KHV14	UN	0.978	0.02203	0	0.01102
KHV9	KHV9	KHV15	KHV15	UN	0.9306	0.06943	0	0.03471
KHV9	KHV9	KHV16	KHV16	UN	0.9275	0.0725	0	0.03625
KHV9	KHV9	KHV17	KHV17	UN	0.9415	0.05846	0	0.02923
KHV9	KHV9	KHV18	KHV18	UN	0.9636	0.03641	0	0.01821
KHV9	KHV9	KHV19	KHV19	UN	0.9341	0.06592	0	0.03296
KHV9	KHV9	KHV20	KHV20	UN	0.9503	0.04973	0	0.02487
KHV9	KHV9	KHV21	KHV21	UN	0.9596	0.04041	0	0.02021
KHV9	KHV9	KHV22	KHV22	UN	0.9296	0.07035	0	0.03518
KHV9	KHV9	KHV23	KHV23	UN	0.9872	0.009403	0.003377	0.008079
KHV9	KHV9	KHV24	KHV24	UN	0.9728	0.02155	0.005657	0.01643
KHV9	KHV9	KHV25	KHV25	UN	0.9442	0.05582	0	0.02791
KHV9	KHV9	KHV26	KHV26	UN	0.9503	0.04972	0	0.02486
KHV9	KHV9	KHV27	KHV27	UN	0.9728	0.02723	0	0.01362
KHV9	KHV9	KHV28	KHV28	UN	0.9804	0.01706	0.002587	0.01111
KHV9	KHV9	KHV29	KHV29	UN	0.9462	0.05377	0	0.02689
KHV9	KHV9	KHV30	KHV30	UN	0.918	0.082	0	0.041
KHV9	KHV9	KHV31	KHV31	UN	0.9717	0.02503	0.003295	0.01581
KHV9	KHV9	KHV32	KHV32	UN	0.9396	0.06042	0	0.03021
KHV9	KHV9	KHV33	KHV33	UN	0.9373	0.06272	0	0.03136
KHV9	KHV9	KHV34	KHV34	UN	0.9079	0.0921	0	0.04605
KHV9	KHV9	KHV35	KHV35	UN	0.9619	0.03813	0	0.01907
KHV9	KHV9	KHV36	KHV36	UN	0.9174	0.08259	0	0.04129
KHV9	KHV9	KHV37	KHV37	UN	0.9138	0.08624	0	0.04312
KHV9	KHV9	KHV38	KHV38	UN	1	0	0	0
KHV9	KHV9	KHV39	KHV39	UN	0.9413	0.05871	0	0.02935
KHV9	KHV9	KHV40	KHV40	UN	0.9282	0.07182	0	0.03591
KHV9	KHV9	KHV41	KHV41	UN	0.9111	0.08888	0	0.04444
KHV9	KHV9	KHV42	KHV42	UN	0.9543	0.04571	0	0.02285
KHV9	KHV9	KHV43	KHV43	UN	0.9695	0.02032	0.01019	0.02035
KHV9	KHV9	KHV44	KHV44	UN	0.9636	0.03644	0	0.01822
KHV9	KHV9	KHV45	KHV45	UN	0.9239	0.07607	0	0.03803
KHV9	KHV9	KHV46	KHV46	UN	0.9286	0.07143	0	0.03571
KHV9	KHV9	KHV47	KHV47	UN	0.9205	0.07954	0	0.03977
KHV9	KHV9	KHV48	KHV48	UN	0.9464	0.0527	0.0008952	0.02725
KHV9	KHV9	KHV49	KHV49	UN	0.9074	0.09255	0	0.04628
KHV9	KHV9	KHV50	KHV50	UN	0.9571	0.03761	0.005315	0.02412
KHV9	KHV9	KHV51	KHV51	UN	0.9531	0.0469	0	0.02345
KHV9	KHV9	KHV52	KHV52	UN	0.9335	0.06645	0	0.03323
KHV9	KHV9	KHV53	KHV53	UN	0.9359	0.06413	0	0.03207
KHV9	KHV9	KHV54	KHV54	UN	0.9203	0.07971	0	0.03986
KHV9	KHV9	KHV55	KHV55	UN	0.9252	0.07484	0	0.03742
KHV9	KHV9	KHV56	KHV56	UN	0.9387	0.06132	0	0.03066
KHV9	KHV9	KHV57	KHV57	UN	0.9771	0.02291	0	0.01145
KHV9	KHV9	KHV58	KHV58	UN	0.926	0.07401	0	0.037
KHV9	KHV9	KHV59	KHV59	UN	0.9544	0.04561	0	0.0228
KHV9	KHV9	KHV60	KHV60	UN	0.9716	0.0284	0	0.0142
KHV9	KHV9	KHV61	KHV61	UN	0.948	0.05198	0	0.02599
KHV9	KHV9	KHV62	KHV62	UN	0.918	0.082	0	0.041
KHV9	KHV9	KHV63	KHV63	UN	0.9521	0.04794	0	0.02397
KHV9	KHV9	KHV64	KHV64	UN	0.8947	0.1053	0	0.05263
KHV9	KHV9	KHV65	KHV65	UN	0.9558	0.04423	0	0.02211
KHV9	KHV9	KHV66	KHV66	UN	0.8944	0.1056	0	0.05282
KHV9	KHV9	KHV67	KHV67	UN	0.9347	0.06532	0	0.03266
KHV9	KHV9	KHV68	KHV68	UN	0.8886	0.1114	0	0.0557
KHV9	KHV9	KHV69	KHV69	UN	0.9088	0.09116	0	0.04558
KHV9	KHV9	KHV70	KHV70	UN	0.9988	0.001246	0	0.000623
KHV9	KHV9	KHV71	KHV71	UN	0.9172	0.08277	0	0.04138
