FID1	IID1	FID2	IID2	RT	Z0	Z1	Z2	PI_HAT
KHV1	KHV1	KHV2	KHV2	UN	0.9717	0	0.02834	0.02834
KHV1	KHV1	KHV3	KHV3	UN	0.9547	0.03913	0.006201	0.02577
KHV1	KHV1	KHV4	KHV4	UN	0.9327	0.06641	0.0009209	0.03413
KHV1	KHV1	KHV5	KHV5	UN	0.9784	0	0.02162	0.02162
KHV1	KHV1	KHV6	KHV6	UN	0.9755	0.01289	0.01156	0.01801
KHV1	KHV1	KHV7	KHV7	UN	0.9637	0.03626	0	0.01813
KHV1	KHV1	KHV8	KHV8	UN	0.9751	0.008227	0.01668	0.02079
KHV1	KHV1	KHV9	KHV9	UN	0.9499	0.04924	0.0008952	0.02552
KHV1	KHV1	KHV10	KHV10	UN	0.9741	0.007833	0.01802	0.02194
KHV1	KHV1	KHV11	KHV11	UN	0.9789	0.008606	0.01246	0.01676
KHV1	KHV1	KHV12	KHV12	UN	0.9819	0.003246	0.01486	0.01648
KHV1	KHV1	KHV13	KHV13	UN	0.9815	0	0.01849	0.01849
KHV1	KHV1	KHV14	KHV14	UN	0.984	0	0.016	0.016
KHV1	KHV1	KHV15	KHV15	UN	0.9774	0.01759	0.005029	0.01383
KHV1	KHV1	KHV16	KHV16	UN	0.9523	0.04324	0.004442	0.02606
KHV1	KHV1	KHV17	KHV17	UN	0.9729	0.02524	0.001854	0.01448
KHV1	KHV1	KHV18	KHV18	UN	0.9797	0.007965	0.01229	0.01627
KHV1	KHV1	KHV19	KHV19	UN	0.9468	0.0532	0	0.0266
KHV1	KHV1	KHV20	KHV20	UN	0.9683	0.02543	0.006261	0.01898
KHV1	KHV1	KHV21	KHV21	UN	0.9751	0.01522	0.00966	0.01727
KHV1	KHV1	KHV22	KHV22	UN	0.9783	0.01047	0.01118	0.01641
KHV1	KHV1	KHV23	KHV23	UN	0.9758	0.01165	0.01258	0.01841
KHV1	KHV1	KHV24	KHV24	UN	0.9737	0	0.0263	0.0263
KHV1	KHV1	KHV25	KHV25	UN	0.9624	0.03514	0.002455	0.02002
KHV1	KHV1	KHV26	KHV26	UN	0.9534	0.04656	0	0.02328
KHV1	KHV1	KHV27	KHV27	UN	0.9753	0.01695	0.00773	0.0162
KHV1	KHV1	KHV28	KHV28	UN	0.9672	0.01589	0.01686	0.02481
KHV1	KHV1	KHV29	KHV29	UN	0.9764	0.01662	0.006969	0.01528
KHV1	KHV1	KHV30	KHV30	UN	0.9642	0.02956	0.006257	0.02104
KHV1	KHV1	KHV31	KHV31	UN	1	0	0	0
KHV1	KHV1	KHV32	KHV32	UN	0.9708	0	0.0292	0.0292
KHV1	KHV1	KHV33	KHV33	UN	0.9708	0.02193	0.007262	0.01823
KHV1	KHV1	KHV34	KHV34	UN	0.9772	0.001545	0.02125	0.02203
KHV1	KHV1	KHV35	KHV35	UN	1	0	0	0
KHV1	KHV1	KHV36	KHV36	UN	0.9355	0.06445	0	0.03223
KHV1	KHV1	KHV37	KHV37	UN	0.9591	0.04091	0	0.02046
KHV1	KHV1	KHV38	KHV38	UN	1	0	0	0
KHV1	KHV1	KHV39	KHV39	UN	0.9106	0.08942	0	0.04471
KHV1	KHV1	KHV40	KHV40	UN	0.9411	0.05887	0	0.02943
KHV1	KHV1	KHV41	KHV41	UN	0.9611	0.03585	0.003094	0.02102
KHV1	KHV1	KHV42	KHV42	UN	0.9684	0.02418	0.007424	0.01952
KHV1	KHV1	KHV43	KHV43	UN	0.962	0.01981	0.01815	0.02805
KHV1	KHV1	KHV44	KHV44	UN	0.9743	0.01605	0.009605	0.01763
KHV1	KHV1	KHV45	KHV45	UN	0.9625	0.03371	0.003775	0.02063
KHV1	KHV1	KHV46	KHV46	UN	0.9578	0.0422	0	0.0211
KHV1	KHV1	KHV47	KHV47	UN	0.9734	0.02555	0.00109	0.01387
KHV1	KHV1	KHV48	KHV48	UN	0.9634	0	0.03661	0.03661
KHV1	KHV1	KHV49	KHV49	UN	0.969	0.01695	0.014	0.02248
KHV1	KHV1	KHV50	KHV50	UN	0.9761	0.005808	0.01807	0.02097
KHV1	KHV1	KHV51	KHV51	UN	0.985	0.008425	0.00661	0.01082
KHV1	KHV1	KHV52	KHV52	UN	0.9876	0	0.01239	0.01239
KHV1	KHV1	KHV53	KHV53	UN	0.9469	0.05314	0	0.02657
KHV1	KHV1	KHV54	KHV54	UN	0.9524	0.0416	0.005972	0.02677
KHV1	KHV1	KHV55	KHV55	UN	0.9538	0.04615	0	0.02308
KHV1	KHV1	KHV56	KHV56	UN	0.9223	0.07771	0	0.03885
KHV1	KHV1	KHV57	KHV57	UN	0.9412	0.05882	0	0.02941
KHV1	KHV1	KHV58	KHV58	UN	0.9389	0.06107	0	0.03054
KHV1	KHV1	KHV59	KHV59	UN	0.9563	0.04368	0	0.02184
KHV1	KHV1	KHV60	KHV60	UN	0.9663	0.03018	0.003536	0.01863
KHV1	KHV1	KHV61	KHV61	UN	0.9843	0.006436	0.009253	0.01247
KHV1	KHV1	KHV62	KHV62	UN	0.9423	0.05771	0	0.02885
KHV1	KHV1	KHV63	KHV63	UN	0.953	0.04703	0	0.02351
KHV1	KHV1	KHV64	KHV64	UN	0.9359	0.06414	0	0.03207
KHV1	KHV1	KHV65	KHV65	UN	0.9561	0.04387	0	0.02193
KHV1	KHV1	KHV66	KHV66	UN	0.9099	0.09005	0	0.04503
KHV1	KHV1	KHV67	KHV67	UN	0.9492	0.05084	0	0.02542
KHV1	KHV1	KHV68	KHV68	UN	0.9654	0.03458	0	0.01729
KHV1	KHV1	KHV69	KHV69	UN	0.9668	0.03324	0	0.01662
KHV1	KHV1	KHV70	KHV70	UN	0.985	0.006426	0.008525	0.01174
KHV1	KHV1	KHV71	KHV71	UN	0.9714	0.02856	0	0.01428
KHV1	KHV1	KHV72	KHV72	UN	0.9695	0.02458	0.00589	0.01818
KHV1	KHV1	KHV73	KHV73	UN	0.9721	0.02732	0.0006102	0.01427
KHV1	KHV1	KHV74	KHV74	UN	0.9797	0	0.02027	0.02027
KHV1	KHV1	KHV75	KHV75	UN	0.963	0.03702	0	0.01851
KHV1	KHV1	KHV76	KHV76	UN	0.9729	0.0241	0.00299	0.01504
KHV1	KHV1	KHV77	KHV77	UN	0.9802	0	0.01983	0.01983
KHV1	KHV1	KHV78	KHV78	UN	0.9759	0	0.02408	0.02408
KHV1	KHV1	KHV79	KHV79	UN	1	0	0	0
KHV1	KHV1	KHV80	KHV80	UN	0.9506	0.04692	0.002507	0.02596
KHV1	KHV1	KHV81	KHV81	UN	0.9543	0.04485	0.0008358	0.02326
KHV1	KHV1	KHV82	KHV82	UN	0.9844	0.01358	0.002041	0.008833
KHV1	KHV1	KHV83	KHV83	UN	0.9804	0	0.01956	0.01956
KHV1	KHV1	KHV84	KHV84	UN	0.9768	0.01973	0.003461	0.01333
KHV1	KHV1	KHV85	KHV85	UN	0.9548	0.04145	0.00377	0.02449
KHV1	KHV1	KHV86	KHV86	UN	0.9719	0.02806	0	0.01403
KHV1	KHV1	KHV87	KHV87	UN	0.9763	0	0.02371	0.02371
KHV1	KHV1	KHV88	KHV88	UN	0.9767	0.02132	0.001947	0.01261
KHV1	KHV1	KHV89	KHV89	UN	0.9724	0.02281	0.004761	0.01617
KHV1	KHV1	KHV90	KHV90	UN	0.9763	0.000938	0.02279	0.02326
KHV1	KHV1	KHV91	KHV91	UN	0.9849	0	0.01508	0.01508
KHV1	KHV1	KHV92	KHV92	UN	0.9844	0	0.01563	0.01563
KHV1	KHV1	KHV93	KHV93	UN	0.9815	0.005344	0.01318	0.01585
KHV1	KHV1	KHV94	KHV94	UN	0.9851	0.006847	0.00802	0.01144
KHV1	KHV1	KHV95	KHV95	UN	0.9627	0.03727	0	0.01863
KHV1	KHV1	KHV96	KHV96	UN	1	0	0	0
KHV1	KHV1	KHV97	KHV97	UN	0.9738	0.02038	0.005822	0.01601
KHV1	KHV1	KHV98	KHV98	UN	0.9615	0.03579	0.002762	0.02066
KHV1	KHV1	KHV99	KHV99	UN	0.9833	0.01534	0.001332	0.009
KHV2	KHV2	KHV3	KHV3	UN	0.9808	0.002735	0.01652	0.01788
KHV2	KHV2	KHV4	KHV4	UN	1	0	0	0
KHV2	KHV2	KHV5	KHV5	UN	1	0	0	0
KHV2	KHV2	KHV6	KHV6	UN	0.9799	0	0.0201	0.0201
KHV2	KHV2	KHV7	KHV7	UN	0.9777	0	0.02231	0.02231
KHV2	KHV2	KHV8	KHV8	UN	1	0	0	0
KHV2	KHV2	KHV9	KHV9	UN	0.9624	0.03129	0.006316	0.02196
KHV2	KHV2	KHV10	KHV10	UN	1	0	0	0
KHV2	KHV2	KHV11	KHV11	UN	0.9847	0	0.01533	0.01533
KHV2	KHV2	KHV12	KHV12	UN	0.9857	0.004241	0.01006	0.01218
KHV2	KHV2	KHV13	KHV13	UN	0.9855	0	0.01446	0.01446
KHV2	KHV2	KHV14	KHV14	UN	0.9806	0	0.01944	0.01944
KHV2	KHV2	KHV15	KHV15	UN	0.983	0	0.01704	0.01704
KHV2	KHV2	KHV16	KHV16	UN	0.9853	0	0.01473	0.01473
KHV2	KHV2	KHV17	KHV17	UN	1	0	0	0
KHV2	KHV2	KHV18	KHV18	UN	0.9758	0	0.02419	0.02419
KHV2	KHV2	KHV19	KHV19	UN	0.9621	0.0322	0.00565	0.02175
KHV2	KHV2	KHV20	KHV20	UN	1	0	0	0
KHV2	KHV2	KHV21	KHV21	UN	1	0	0	0
KHV2	KHV2	KHV22	KHV22	UN	0.9793	0	0.0207	0.0207
KHV2	KHV2	KHV23	KHV23	UN	0.9742	0	0.02583	0.02583
KHV2	KHV2	KHV24	KHV24	UN	1	0	0	0
KHV2	KHV2	KHV25	KHV25	UN	0.9848	0	0.01518	0.01518
KHV2	KHV2	KHV26	KHV26	UN	0.9825	0	0.01752	0.01752
KHV2	KHV2	KHV27	KHV27	UN	0.968	0.01737	0.01467	0.02335
KHV2	KHV2	KHV28	KHV28	UN	0.9704	0	0.02962	0.02962
KHV2	KHV2	KHV29	KHV29	UN	0.9793	0	0.02073	0.02073
KHV2	KHV2	KHV30	KHV30	UN	0.9833	0.006572	0.01016	0.01345
KHV2	KHV2	KHV31	KHV31	UN	1	0	0	0
KHV2	KHV2	KHV32	KHV32	UN	0.9801	0	0.01987	0.01987
KHV2	KHV2	KHV33	KHV33	UN	0.968	0.01734	0.0147	0.02337
KHV2	KHV2	KHV34	KHV34	UN	0.9613	0.02809	0.01057	0.02461
KHV2	KHV2	KHV35	KHV35	UN	1	0	0	0
KHV2	KHV2	KHV36	KHV36	UN	0.9913	0.003689	0.004974	0.006818
KHV2	KHV2	KHV37	KHV37	UN	0.9924	0.005045	0.002596	0.005118
KHV2	KHV2	KHV38	KHV38	UN	1	0	0	0
KHV2	KHV2	KHV39	KHV39	UN	0.9767	0.02329	0	0.01164
KHV2	KHV2	KHV40	KHV40	UN	0.9934	0.005413	0.001227	0.003933
KHV2	KHV2	KHV41	KHV41	UN	0.9832	0	0.01675	0.01675
KHV2	KHV2	KHV42	KHV42	UN	0.9771	0	0.02291	0.02291
KHV2	KHV2	KHV43	KHV43	UN	1	0	0	0
KHV2	KHV2	KHV44	KHV44	UN	1	0	0	0
KHV2	KHV2	KHV45	KHV45	UN	0.9746	0.01816	0.007265	0.01634
KHV2	KHV2	KHV46	KHV46	UN	0.978	0.01816	0.003849	0.01293
KHV2	KHV2	KHV47	KHV47	UN	0.9795	0.01751	0.002976	0.01173
KHV2	KHV2	KHV48	KHV48	UN	0.9588	0	0.04116	0.04116
KHV2	KHV2	KHV49	KHV49	UN	0.9645	0.02393	0.01157	0.02354
KHV2	KHV2	KHV50	KHV50	UN	0.9626	0	0.03736	0.03736
KHV2	KHV2	KHV51	KHV51	UN	0.9914	0.002081	0.00655	0.00759
KHV2	KHV2	KHV52	KHV52	UN	0.9665	0.02283	0.01065	0.02207
KHV2	KHV2	KHV53	KHV53	UN	0.9655	0.02046	0.01403	0.02425
KHV2	KHV2	KHV54	KHV54	UN	0.9714	0.01425	0.0143	0.02143
KHV2	KHV2	KHV55	KHV55	UN	1	0	0	0
KHV2	KHV2	KHV56	KHV56	UN	0.9702	0.02978	0	0.01489
KHV2	KHV2	KHV57	KHV57	UN	0.992	0.001059	0.006939	0.007469
KHV2	KHV2	KHV58	KHV58	UN	0.9655	0.03445	0	0.01723
KHV2	KHV2	KHV59	KHV59	UN	1	0	0	0
KHV2	KHV2	KHV60	KHV60	UN	1	0	0	0
KHV2	KHV2	KHV61	KHV61	UN	0.967	0.02154	0.01146	0.02223
KHV2	KHV2	KHV62	KHV62	UN	0.987	0	0.01305	0.01305
KHV2	KHV2	KHV63	KHV63	UN	0.9828	0.007087	0.01013	0.01367
KHV2	KHV2	KHV64	KHV64	UN	0.9827	0.01735	0	0.008674
KHV2	KHV2	KHV65	KHV65	UN	1	0	0	0
KHV2	KHV2	KHV66	KHV66	UN	0.9743	0.02572	0	0.01286
KHV2	KHV2	KHV67	KHV67	UN	0.9892	0.002635	0.008123	0.009441
KHV2	KHV2	KHV68	KHV68	UN	0.9488	0.0512	0	0.0256
KHV2	KHV2	KHV69	KHV69	UN	0.9886	0.003478	0.007965	0.009704
KHV2	KHV2	KHV70	KHV70	UN	1	0	0	0
KHV2	KHV2	KHV71	KHV71	UN	0.9855	0.01452	0	0.007258
KHV2	KHV2	KHV72	KHV72	UN	0.9674	0.01667	0.01591	0.02425
KHV2	KHV2	KHV73	KHV73	UN	0.9902	0	0.0098	0.0098
KHV2	KHV2	KHV74	KHV74	UN	1	0	0	0
KHV2	KHV2	KHV75	KHV75	UN	1	0	0	0
KHV2	KHV2	KHV76	KHV76	UN	0.9834	0	0.01662	0.01662
KHV2	KHV2	KHV77	KHV77	UN	0.9834	0	0.01656	0.01656
KHV2	KHV2	KHV78	KHV78	UN	0.9698	0	0.03017	0.03017
KHV2	KHV2	KHV79	KHV79	UN	0.975	0.01942	0.005605	0.01531
KHV2	KHV2	KHV80	KHV80	UN	0.9793	0	0.0207	0.0207
KHV2	KHV2	KHV81	KHV81	UN	0.9825	0.007535	0.009934	0.0137
KHV2	KHV2	KHV82	KHV82	UN	1	0	0	0
KHV2	KHV2	KHV83	KHV83	UN	1	0	0	0
KHV2	KHV2	KHV84	KHV84	UN	1	0	0	0
KHV2	KHV2	KHV85	KHV85	UN	0.9748	0	0.02517	0.02517
KHV2	KHV2	KHV86	KHV86	UN	0.9694	0.03056	0	0.01528
KHV2	KHV2	KHV87	KHV87	UN	0.9869	0	0.01314	0.01314
KHV2	KHV2	KHV88	KHV88	UN	0.9826	0.006365	0.01104	0.01422
KHV2	KHV2	KHV89	KHV89	UN	0.9743	0	0.02566	0.02566
KHV2	KHV2	KHV90	KHV90	UN	0.9625	0	0.03754	0.03754
KHV2	KHV2	KHV91	KHV91	UN	1	0	0	0
KHV2	KHV2	KHV92	KHV92	UN	0.9815	0	0.01854	0.01854
KHV2	KHV2	KHV93	KHV93	UN	0.9655	0.02492	0.009614	0.02207
KHV2	KHV2	KHV94	KHV94	UN	1	0	0	0
KHV2	KHV2	KHV95	KHV95	UN	0.9736	0.02637	0	0.01319
KHV2	KHV2	KHV96	KHV96	UN	1	0	0	0
KHV2	KHV2	KHV97	KHV97	UN	1	0	0	0
KHV2	KHV2	KHV98	KHV98	UN	0.9764	0.01041	0.01315	0.01835
KHV2	KHV2	KHV99	KHV99	UN	0.9972	0	0.002753	0.002753
KHV3	KHV3	KHV4	KHV4	UN	0.9583	0.03493	0.006725	0.02419
KHV3	KHV3	KHV5	KHV5	UN	0.9706	0.01694	0.01246	0.02093
KHV3	KHV3	KHV6	KHV6	UN	0.9373	0.06268	0	0.03134
KHV3	KHV3	KHV7	KHV7	UN	0.952	0.04804	0	0.02402
KHV3	KHV3	KHV8	KHV8	UN	0.9839	0.003463	0.01262	0.01435
KHV3	KHV3	KHV9	KHV9	UN	0.9253	0.07474	0	0.03737
KHV3	KHV3	KHV10	KHV10	UN	0.9769	0.0119	0.01117	0.01711
KHV3	KHV3	KHV11	KHV11	UN	0.9311	0.06886	0	0.03443
KHV3	KHV3	KHV12	KHV12	UN	0.9659	0.03412	0	0.01706
KHV3	KHV3	KHV13	KHV13	UN	0.939	0.06104	0	0.03052
KHV3	KHV3	KHV14	KHV14	UN	0.9754	0.01176	0.01281	0.01869
KHV3	KHV3	KHV15	KHV15	UN	0.9728	0.02626	0.0009455	0.01407
KHV3	KHV3	KHV16	KHV16	UN	0.9533	0.04667	0	0.02333
KHV3	KHV3	KHV17	KHV17	UN	0.9543	0.04566	0	0.02283
KHV3	KHV3	KHV18	KHV18	UN	0.9425	0.05751	0	0.02875
KHV3	KHV3	KHV19	KHV19	UN	0.9575	0.04253	0	0.02126
KHV3	KHV3	KHV20	KHV20	UN	0.9513	0.04869	0	0.02434
KHV3	KHV3	KHV21	KHV21	UN	0.9397	0.0603	0	0.03015
KHV3	KHV3	KHV22	KHV22	UN	0.9718	0.02823	0	0.01412
KHV3	KHV3	KHV23	KHV23	UN	0.9456	0.05436	0	0.02718
KHV3	KHV3	KHV24	KHV24	UN	0.9889	0	0.01105	0.01105
KHV3	KHV3	KHV25	KHV25	UN	0.966	0.03358	0.0004591	0.01725
KHV3	KHV3	KHV26	KHV26	UN	0.9678	0.03182	0.0003999	0.01631
KHV3	KHV3	KHV27	KHV27	UN	0.9484	0.05158	0	0.02579
KHV3	KHV3	KHV28	KHV28	UN	0.9781	0.01673	0.00514	0.01351
KHV3	KHV3	KHV29	KHV29	UN	0.9546	0.04409	0.00132	0.02336
KHV3	KHV3	KHV30	KHV30	UN	0.9518	0.04822	0	0.02411
KHV3	KHV3	KHV31	KHV31	UN	0.9625	0.02129	0.01621	0.02685
KHV3	KHV3	KHV32	KHV32	UN	0.9837	0.01164	0.00467	0.01049
KHV3	KHV3	KHV33	KHV33	UN	0.9645	0.03183	0.003641	0.01956
KHV3	KHV3	KHV34	KHV34	UN	0.9306	0.06937	0	0.03468
KHV3	KHV3	KHV35	KHV35	UN	0.9863	0.01365	0	0.006827
KHV3	KHV3	KHV36	KHV36	UN	0.933	0.06705	0	0.03352
KHV3	KHV3	KHV37	KHV37	UN	0.9589	0.04114	0	0.02057
KHV3	KHV3	KHV38	KHV38	UN	1	0	0	0
KHV3	KHV3	KHV39	KHV39	UN	0.9559	0.04408	0	0.02204
KHV3	KHV3	KHV40	KHV40	UN	0.956	0.04402	0	0.02201
KHV3	KHV3	KHV41	KHV41	UN	0.9716	0.01906	0.009386	0.01892
KHV3	KHV3	KHV42	KHV42	UN	0.9838	0.01297	0.003194	0.009679
KHV3	KHV3	KHV43	KHV43	UN	0.9562	0.02921	0.01461	0.02921
KHV3	KHV3	KHV44	KHV44	UN	0.9792	0.01222	0.00861	0.01472
KHV3	KHV3	KHV45	KHV45	UN	0.9389	0.06108	0	0.03054
KHV3	KHV3	KHV46	KHV46	UN	0.9428	0.05725	0	0.02862
KHV3	KHV3	KHV47	KHV47	UN	0.9336	0.06645	0	0.03322
KHV3	KHV3	KHV48	KHV48	UN	0.9709	0.007669	0.02142	0.02525
KHV3	KHV3	KHV49	KHV49	UN	0.9775	0.02164	0.000877	0.0117
KHV3	KHV3	KHV50	KHV50	UN	0.952	0.03951	0.008465	0.02822
KHV3	KHV3	KHV51	KHV51	UN	0.9428	0.0572	0	0.0286
KHV3	KHV3	KHV52	KHV52	UN	0.9442	0.05577	0	0.02788
KHV3	KHV3	KHV53	KHV53	UN	0.9416	0.05653	0.001848	0.03011
KHV3	KHV3	KHV54	KHV54	UN	0.9303	0.06971	0	0.03485
KHV3	KHV3	KHV55	KHV55	UN	0.956	0.04401	0	0.02201
KHV3	KHV3	KHV56	KHV56	UN	0.9391	0.06086	0	0.03043
KHV3	KHV3	KHV57	KHV57	UN	0.9818	0.01819	0	0.009093
KHV3	KHV3	KHV58	KHV58	UN	0.9586	0.04145	0	0.02072
KHV3	KHV3	KHV59	KHV59	UN	0.9785	0.0215	0	0.01075
KHV3	KHV3	KHV60	KHV60	UN	0.9836	0.007423	0.009003	0.01271
KHV3	KHV3	KHV61	KHV61	UN	0.9718	0.0255	0.002667	0.01541
KHV3	KHV3	KHV62	KHV62	UN	0.9511	0.0489	0	0.02445
KHV3	KHV3	KHV63	KHV63	UN	0.9417	0.05828	0	0.02914
KHV3	KHV3	KHV64	KHV64	UN	0.916	0.08403	0	0.04201
KHV3	KHV3	KHV65	KHV65	UN	0.9473	0.05269	0	0.02635
KHV3	KHV3	KHV66	KHV66	UN	0.9497	0.05034	0	0.02517
KHV3	KHV3	KHV67	KHV67	UN	0.9583	0.04173	0	0.02086
KHV3	KHV3	KHV68	KHV68	UN	0.8855	0.1145	0	0.05727
KHV3	KHV3	KHV69	KHV69	UN	0.9259	0.0741	0	0.03705
KHV3	KHV3	KHV70	KHV70	UN	0.9625	0.03747	0	0.01873
KHV3	KHV3	KHV71	KHV71	UN	0.9553	0.04469	0	0.02235
KHV3	KHV3	KHV72	KHV72	UN	0.9251	0.07485	0	0.03743
KHV3	KHV3	KHV73	KHV73	UN	0.9645	0.03551	0	0.01776
KHV3	KHV3	KHV74	KHV74	UN	0.9804	0.01299	0.006629	0.01312
KHV3	KHV3	KHV75	KHV75	UN	0.9337	0.06634	0	0.03317
KHV3	KHV3	KHV76	KHV76	UN	0.966	0.034	0	0.017
KHV3	KHV3	KHV77	KHV77	UN	0.9314	0.06864	0	0.03432
KHV3	KHV3	KHV78	KHV78	UN	0.9472	0.04849	0.004326	0.02857
KHV3	KHV3	KHV79	KHV79	UN	0.9913	0	0.008678	0.008678
KHV3	KHV3	KHV80	KHV80	UN	0.9493	0.04704	0.003654	0.02718
KHV3	KHV3	KHV81	KHV81	UN	0.9442	0.05577	0	0.02789
KHV3	KHV3	KHV82	KHV82	UN	0.9705	0.02946	0	0.01473
KHV3	KHV3	KHV83	KHV83	UN	0.9841	0.0003937	0.01547	0.01567
KHV3	KHV3	KHV84	KHV84	UN	0.9587	0.04135	0	0.02067
KHV3	KHV3	KHV85	KHV85	UN	0.9442	0.05577	0	0.02788
KHV3	KHV3	KHV86	KHV86	UN	0.9408	0.05918	0	0.02959
KHV3	KHV3	KHV87	KHV87	UN	0.9688	0.02921	0.00197	0.01657
KHV3	KHV3	KHV88	KHV88	UN	0.9519	0.04808	0	0.02404
KHV3	KHV3	KHV89	KHV89	UN	0.9769	0.01794	0.00521	0.01418
KHV3	KHV3	KHV90	KHV90	UN	0.9759	0	0.02407	0.02407
KHV3	KHV3	KHV91	KHV91	UN	0.9686	0.0311	0.0003357	0.01589
KHV3	KHV3	KHV92	KHV92	UN	0.9641	0.03587	0	0.01794
KHV3	KHV3	KHV93	KHV93	UN	0.9518	0.04823	0	0.02411
KHV3	KHV3	KHV94	KHV94	UN	0.9408	0.0592	0	0.0296
KHV3	KHV3	KHV95	KHV95	UN	0.9274	0.07261	0	0.03631
KHV3	KHV3	KHV96	KHV96	UN	1	0	0	0
KHV3	KHV3	KHV97	KHV97	UN	0.9821	0.01596	0.001965	0.009944
KHV3	KHV3	KHV98	KHV98	UN	0.9371	0.06288	0	0.03144
KHV3	KHV3	KHV99	KHV99	UN	0.9613	0.03871	0	0.01935
KHV4	KHV4	KHV5	KHV5	UN	0.9768	0.002657	0.02059	0.02191
KHV4	KHV4	KHV6	KHV6	UN	0.9442	0.0558	0	0.0279
KHV4	KHV4	KHV7	KHV7	UN	0.9798	0.01186	0.00834	0.01427
KHV4	KHV4	KHV8	KHV8	UN	0.9735	0	0.02654	0.02654
KHV4	KHV4	KHV9	KHV9	UN	0.9165	0.08351	0	0.04175
KHV4	KHV4	KHV10	KHV10	UN	0.9539	0.0365	0.009579	0.02783
KHV4	KHV4	KHV11	KHV11	UN	0.944	0.05604	0	0.02802
KHV4	KHV4	KHV12	KHV12	UN	0.973	0.02701	0	0.01351
KHV4	KHV4	KHV13	KHV13	UN	0.9578	0.033	0.009202	0.0257
KHV4	KHV4	KHV14	KHV14	UN	0.9607	0.03757	0.001759	0.02054
KHV4	KHV4	KHV15	KHV15	UN	0.9812	0.0108	0.008	0.0134
KHV4	KHV4	KHV16	KHV16	UN	0.9463	0.05368	0	0.02684
KHV4	KHV4	KHV17	KHV17	UN	0.9642	0.03285	0.002972	0.0194
KHV4	KHV4	KHV18	KHV18	UN	0.9437	0.05086	0.00544	0.03087
KHV4	KHV4	KHV19	KHV19	UN	0.9499	0.05014	0	0.02507
KHV4	KHV4	KHV20	KHV20	UN	0.9668	0.02838	0.004852	0.01904
KHV4	KHV4	KHV21	KHV21	UN	0.9696	0.03036	0	0.01518
KHV4	KHV4	KHV22	KHV22	UN	0.9682	0.02774	0.00401	0.01788
KHV4	KHV4	KHV23	KHV23	UN	0.976	0.02052	0.003437	0.0137
KHV4	KHV4	KHV24	KHV24	UN	0.976	0	0.02403	0.02403
KHV4	KHV4	KHV25	KHV25	UN	0.9509	0.0414	0.00766	0.02836
KHV4	KHV4	KHV26	KHV26	UN	0.9838	0.006364	0.009862	0.01304
KHV4	KHV4	KHV27	KHV27	UN	0.9579	0.03512	0.006964	0.02452
KHV4	KHV4	KHV28	KHV28	UN	0.9677	0	0.03231	0.03231
KHV4	KHV4	KHV29	KHV29	UN	0.9493	0.05075	0	0.02537
KHV4	KHV4	KHV30	KHV30	UN	0.9514	0.04864	0	0.02432
KHV4	KHV4	KHV31	KHV31	UN	0.9657	0.01331	0.021	0.02766
KHV4	KHV4	KHV32	KHV32	UN	0.9603	0.03171	0.008027	0.02388
KHV4	KHV4	KHV33	KHV33	UN	0.9784	0	0.02161	0.02161
KHV4	KHV4	KHV34	KHV34	UN	0.9404	0.05962	0	0.02981
KHV4	KHV4	KHV35	KHV35	UN	0.9909	0	0.009106	0.009106
KHV4	KHV4	KHV36	KHV36	UN	0.9441	0.05595	0	0.02797
KHV4	KHV4	KHV37	KHV37	UN	0.9459	0.05408	0	0.02704
KHV4	KHV4	KHV38	KHV38	UN	0.9821	0.01794	0	0.008968
KHV4	KHV4	KHV39	KHV39	UN	0.9322	0.06785	0	0.03392
KHV4	KHV4	KHV40	KHV40	UN	0.9429	0.05711	0	0.02856
KHV4	KHV4	KHV41	KHV41	UN	0.9636	0.03638	0	0.01819
KHV4	KHV4	KHV42	KHV42	UN	0.9593	0.0342	0.006512	0.02361
KHV4	KHV4	KHV43	KHV43	UN	0.9416	0.04806	0.01031	0.03434
KHV4	KHV4	KHV44	KHV44	UN	0.9759	0.01096	0.01312	0.0186
KHV4	KHV4	KHV45	KHV45	UN	0.9493	0.05073	0	0.02536
KHV4	KHV4	KHV46	KHV46	UN	0.9426	0.05741	0	0.0287
KHV4	KHV4	KHV47	KHV47	UN	0.9482	0.05181	0	0.02591
KHV4	KHV4	KHV48	KHV48	UN	0.9515	0.03554	0.01292	0.03069
KHV4	KHV4	KHV49	KHV49	UN	0.9604	0.03318	0.006382	0.02297
KHV4	KHV4	KHV50	KHV50	UN	0.9738	0	0.02622	0.02622
KHV4	KHV4	KHV51	KHV51	UN	0.9736	0.02002	0.00641	0.01642
KHV4	KHV4	KHV52	KHV52	UN	0.9354	0.06462	0	0.03231
KHV4	KHV4	KHV53	KHV53	UN	0.9591	0.02342	0.01747	0.02918
KHV4	KHV4	KHV54	KHV54	UN	0.9256	0.07442	0	0.03721
KHV4	KHV4	KHV55	KHV55	UN	0.9424	0.05759	0	0.02879
KHV4	KHV4	KHV56	KHV56	UN	0.932	0.06799	0	0.03399
KHV4	KHV4	KHV57	KHV57	UN	0.9546	0.04539	0	0.02269
KHV4	KHV4	KHV58	KHV58	UN	0.9055	0.09452	0	0.04726
KHV4	KHV4	KHV59	KHV59	UN	0.9945	0.00549	0	0.002745
KHV4	KHV4	KHV60	KHV60	UN	0.9744	0.02263	0.002973	0.01429
KHV4	KHV4	KHV61	KHV61	UN	0.9777	0.01863	0.00368	0.01299
KHV4	KHV4	KHV62	KHV62	UN	0.9309	0.06907	0	0.03453
KHV4	KHV4	KHV63	KHV63	UN	0.9678	0.0322	0	0.0161
KHV4	KHV4	KHV64	KHV64	UN	0.9495	0.05054	0	0.02527
KHV4	KHV4	KHV65	KHV65	UN	0.9574	0.04262	0	0.02131
KHV4	KHV4	KHV66	KHV66	UN	0.9439	0.05609	0	0.02804
KHV4	KHV4	KHV67	KHV67	UN	0.9414	0.05864	0	0.02932
KHV4	KHV4	KHV68	KHV68	UN	0.9245	0.07555	0	0.03777
KHV4	KHV4	KHV69	KHV69	UN	0.9712	0.02885	0	0.01442
KHV4	KHV4	KHV70	KHV70	UN	0.984	0	0.01597	0.01597
KHV4	KHV4	KHV71	KHV71	UN	0.9326	0.06742	0	0.03371
KHV4	KHV4	KHV72	KHV72	UN	0.97	0.01992	0.01008	0.02005
KHV4	KHV4	KHV73	KHV73	UN	0.9837	0.004719	0.01159	0.01395
KHV4	KHV4	KHV74	KHV74	UN	0.9685	0.02483	0.006625	0.01904
KHV4	KHV4	KHV75	KHV75	UN	0.9439	0.05606	0	0.02803
KHV4	KHV4	KHV76	KHV76	UN	0.9536	0.04637	0	0.02318
KHV4	KHV4	KHV77	KHV77	UN	0.9762	0.006435	0.01732	0.02054
KHV4	KHV4	KHV78	KHV78	UN	0.9632	0.0164	0.02044	0.02864
KHV4	KHV4	KHV79	KHV79	UN	0.9675	0.02279	0.009728	0.02112
KHV4	KHV4	KHV80	KHV80	UN	0.9364	0.06363	0	0.03182
KHV4	KHV4	KHV81	KHV81	UN	0.9569	0.0431	0	0.02155
KHV4	KHV4	KHV82	KHV82	UN	0.983	0.01049	0.006467	0.01171
KHV4	KHV4	KHV83	KHV83	UN	0.9723	0.006819	0.02089	0.0243
KHV4	KHV4	KHV84	KHV84	UN	0.9793	0.009901	0.01079	0.01574
KHV4	KHV4	KHV85	KHV85	UN	0.9583	0.03359	0.008072	0.02486
KHV4	KHV4	KHV86	KHV86	UN	0.9383	0.06173	0	0.03086
KHV4	KHV4	KHV87	KHV87	UN	0.9638	0.03202	0.004134	0.02015
KHV4	KHV4	KHV88	KHV88	UN	0.9255	0.07455	0	0.03727
KHV4	KHV4	KHV89	KHV89	UN	0.9785	0	0.02152	0.02152
KHV4	KHV4	KHV90	KHV90	UN	0.9529	0.03487	0.01223	0.02967
KHV4	KHV4	KHV91	KHV91	UN	0.9857	0.004543	0.009745	0.01202
KHV4	KHV4	KHV92	KHV92	UN	0.9348	0.06516	0	0.03258
KHV4	KHV4	KHV93	KHV93	UN	0.9607	0.03708	0.002211	0.02075
KHV4	KHV4	KHV94	KHV94	UN	0.9212	0.07875	0	0.03938
KHV4	KHV4	KHV95	KHV95	UN	0.9512	0.04883	0	0.02441
KHV4	KHV4	KHV96	KHV96	UN	1	0	0	0
KHV4	KHV4	KHV97	KHV97	UN	0.9831	0.01162	0.00525	0.01106
KHV4	KHV4	KHV98	KHV98	UN	0.9508	0.04923	0	0.02462
KHV4	KHV4	KHV99	KHV99	UN	0.9674	0.03263	0	0.01631
KHV5	KHV5	KHV6	KHV6	UN	0.9599	0.03733	0.002729	0.02139
KHV5	KHV5	KHV7	KHV7	UN	0.9862	0	0.01382	0.01382
KHV5	KHV5	KHV8	KHV8	UN	1	0	0	0
KHV5	KHV5	KHV9	KHV9	UN	0.9633	0.03667	0	0.01833
KHV5	KHV5	KHV10	KHV10	UN	0.9796	0.01036	0.009994	0.01517
KHV5	KHV5	KHV11	KHV11	UN	0.9855	0	0.01451	0.01451
KHV5	KHV5	KHV12	KHV12	UN	0.9878	0.005596	0.006575	0.009372
KHV5	KHV5	KHV13	KHV13	UN	0.9914	0	0.00863	0.00863
KHV5	KHV5	KHV14	KHV14	UN	0.9863	0.006252	0.007488	0.01061
KHV5	KHV5	KHV15	KHV15	UN	0.9727	0.01846	0.008794	0.01803
KHV5	KHV5	KHV16	KHV16	UN	1	0	0	0
KHV5	KHV5	KHV17	KHV17	UN	0.9816	0	0.01837	0.01837
KHV5	KHV5	KHV18	KHV18	UN	0.9672	0.03025	0.002559	0.01768
KHV5	KHV5	KHV19	KHV19	UN	0.9618	0.03823	0	0.01911
KHV5	KHV5	KHV20	KHV20	UN	0.9651	0.02746	0.007434	0.02116
KHV5	KHV5	KHV21	KHV21	UN	0.9879	0	0.01211	0.01211
KHV5	KHV5	KHV22	KHV22	UN	1	0	0	0
KHV5	KHV5	KHV23	KHV23	UN	0.9824	0	0.0176	0.0176
KHV5	KHV5	KHV24	KHV24	UN	0.9825	0	0.0175	0.0175
KHV5	KHV5	KHV25	KHV25	UN	0.9723	0.01948	0.008209	0.01795
KHV5	KHV5	KHV26	KHV26	UN	0.9808	0.01037	0.008871	0.01406
KHV5	KHV5	KHV27	KHV27	UN	0.9783	0	0.02172	0.02172
KHV5	KHV5	KHV28	KHV28	UN	0.9769	0.009731	0.01341	0.01827
KHV5	KHV5	KHV29	KHV29	UN	0.9782	0.01333	0.008463	0.01513
KHV5	KHV5	KHV30	KHV30	UN	0.9745	0.02271	0.002778	0.01413
KHV5	KHV5	KHV31	KHV31	UN	0.9698	0	0.03018	0.03018
KHV5	KHV5	KHV32	KHV32	UN	0.9834	0	0.01664	0.01664
KHV5	KHV5	KHV33	KHV33	UN	0.944	0.05598	0	0.02799
KHV5	KHV5	KHV34	KHV34	UN	0.9597	0.04027	0	0.02014
KHV5	KHV5	KHV35	KHV35	UN	0.9801	0.01856	0.0013	0.01058
KHV5	KHV5	KHV36	KHV36	UN	0.9665	0.03353	0	0.01677
KHV5	KHV5	KHV37	KHV37	UN	1	0	0	0
KHV5	KHV5	KHV38	KHV38	UN	1	0	0	0
KHV5	KHV5	KHV39	KHV39	UN	0.9698	0.03019	0	0.0151
KHV5	KHV5	KHV40	KHV40	UN	0.9524	0.04759	0	0.02379
KHV5	KHV5	KHV41	KHV41	UN	0.9816	0.009412	0.008995	0.0137
KHV5	KHV5	KHV42	KHV42	UN	0.9798	0	0.02019	0.02019
KHV5	KHV5	KHV43	KHV43	UN	0.9523	0.03837	0.009282	0.02847
KHV5	KHV5	KHV44	KHV44	UN	0.9705	0.022	0.007527	0.01853
KHV5	KHV5	KHV45	KHV45	UN	0.9286	0.07145	0	0.03572
KHV5	KHV5	KHV46	KHV46	UN	0.9624	0.03764	0	0.01882
KHV5	KHV5	KHV47	KHV47	UN	0.9966	0	0.003385	0.003385
KHV5	KHV5	KHV48	KHV48	UN	0.9693	0	0.0307	0.0307
KHV5	KHV5	KHV49	KHV49	UN	0.9808	0	0.01924	0.01924
KHV5	KHV5	KHV50	KHV50	UN	0.9627	0.02718	0.01012	0.02371
KHV5	KHV5	KHV51	KHV51	UN	0.9442	0.05582	0	0.02791
KHV5	KHV5	KHV52	KHV52	UN	0.9883	0.0009614	0.01071	0.01119
KHV5	KHV5	KHV53	KHV53	UN	0.9712	0.01276	0.01607	0.02246
KHV5	KHV5	KHV54	KHV54	UN	0.9498	0.04561	0.004616	0.02742
KHV5	KHV5	KHV55	KHV55	UN	0.9923	0.007681	0	0.003841
KHV5	KHV5	KHV56	KHV56	UN	0.9451	0.05486	0	0.02743
KHV5	KHV5	KHV57	KHV57	UN	0.9723	0.02767	0	0.01384
KHV5	KHV5	KHV58	KHV58	UN	0.9816	0.01839	0	0.009193
KHV5	KHV5	KHV59	KHV59	UN	1	0	0	0
KHV5	KHV5	KHV60	KHV60	UN	0.9628	0.02773	0.009477	0.02334
KHV5	KHV5	KHV61	KHV61	UN	0.9797	0.01605	0.004284	0.01231
KHV5	KHV5	KHV62	KHV62	UN	0.9814	0.007343	0.01122	0.01489
KHV5	KHV5	KHV63	KHV63	UN	0.974	0.01997	0.006065	0.01605
KHV5	KHV5	KHV64	KHV64	UN	0.9383	0.0617	0	0.03085
KHV5	KHV5	KHV65	KHV65	UN	0.9687	0.03128	0	0.01564
KHV5	KHV5	KHV66	KHV66	UN	0.9763	0.02371	0	0.01186
KHV5	KHV5	KHV67	KHV67	UN	0.9877	0.005219	0.007131	0.00974
KHV5	KHV5	KHV68	KHV68	UN	0.934	0.06602	0	0.03301
KHV5	KHV5	KHV69	KHV69	UN	0.9598	0.04024	0	0.02012
KHV5	KHV5	KHV70	KHV70	UN	0.9872	0	0.01278	0.01278
KHV5	KHV5	KHV71	KHV71	UN	0.9928	0.007247	0	0.003624
KHV5	KHV5	KHV72	KHV72	UN	0.975	0.02502	0	0.01251
KHV5	KHV5	KHV73	KHV73	UN	0.9718	0.02678	0.001413	0.0148
KHV5	KHV5	KHV74	KHV74	UN	0.9756	0.01156	0.01282	0.0186
KHV5	KHV5	KHV75	KHV75	UN	0.9749	0.01782	0.007315	0.01623
KHV5	KHV5	KHV76	KHV76	UN	0.958	0.042	0	0.021
KHV5	KHV5	KHV77	KHV77	UN	0.9676	0.02382	0.008541	0.02045
KHV5	KHV5	KHV78	KHV78	UN	1	0	0	0
KHV5	KHV5	KHV79	KHV79	UN	1	0	0	0
KHV5	KHV5	KHV80	KHV80	UN	0.9266	0.07338	0	0.03669
KHV5	KHV5	KHV81	KHV81	UN	0.9573	0.04275	0	0.02137
KHV5	KHV5	KHV82	KHV82	UN	1	0	0	0
KHV5	KHV5	KHV83	KHV83	UN	0.9789	0	0.02109	0.02109
KHV5	KHV5	KHV84	KHV84	UN	1	0	0	0
KHV5	KHV5	KHV85	KHV85	UN	0.9785	0	0.02148	0.02148
KHV5	KHV5	KHV86	KHV86	UN	0.9802	0.01979	0	0.009897
KHV5	KHV5	KHV87	KHV87	UN	1	0	0	0
KHV5	KHV5	KHV88	KHV88	UN	0.9591	0.04085	0	0.02043
KHV5	KHV5	KHV89	KHV89	UN	0.9783	0.008832	0.0129	0.01732
KHV5	KHV5	KHV90	KHV90	UN	0.9767	0.008515	0.01483	0.01909
KHV5	KHV5	KHV91	KHV91	UN	1	0	0	0
KHV5	KHV5	KHV92	KHV92	UN	0.9554	0.04458	0	0.02229
KHV5	KHV5	KHV93	KHV93	UN	0.9504	0.0496	0	0.0248
KHV5	KHV5	KHV94	KHV94	UN	0.9634	0.03659	0	0.0183
KHV5	KHV5	KHV95	KHV95	UN	0.9582	0.04181	0	0.02091
KHV5	KHV5	KHV96	KHV96	UN	1	0	0	0
KHV5	KHV5	KHV97	KHV97	UN	0.9969	0	0.003137	0.003137
KHV5	KHV5	KHV98	KHV98	UN	0.9669	0.03288	0.0002188	0.01666
KHV5	KHV5	KHV99	KHV99	UN	0.9711	0.02694	0.002	0.01547
KHV6	KHV6	KHV7	KHV7	UN	0.9467	0.05329	0	0.02665
KHV6	KHV6	KHV8	KHV8	UN	1	0	0	0
KHV6	KHV6	KHV9	KHV9	UN	0.8997	0.1003	0	0.05015
KHV6	KHV6	KHV10	KHV10	UN	0.9488	0.0512	0	0.0256
KHV6	KHV6	KHV11	KHV11	UN	0.9265	0.07346	0	0.03673
KHV6	KHV6	KHV12	KHV12	UN	0.9774	0.02256	0	0.01128
KHV6	KHV6	KHV13	KHV13	UN	0.9562	0.04382	0	0.02191
KHV6	KHV6	KHV14	KHV14	UN	0.9626	0.03738	0	0.01869
KHV6	KHV6	KHV15	KHV15	UN	0.9362	0.06376	0	0.03188
KHV6	KHV6	KHV16	KHV16	UN	0.9431	0.05694	0	0.02847
KHV6	KHV6	KHV17	KHV17	UN	0.9403	0.05966	0	0.02983
KHV6	KHV6	KHV18	KHV18	UN	0.9543	0.0456	0.0001143	0.02291
KHV6	KHV6	KHV19	KHV19	UN	0.9178	0.08221	0	0.04111
KHV6	KHV6	KHV20	KHV20	UN	0.9366	0.06336	0	0.03168
KHV6	KHV6	KHV21	KHV21	UN	0.9799	0.02015	0	0.01007
KHV6	KHV6	KHV22	KHV22	UN	0.943	0.05703	0	0.02852
KHV6	KHV6	KHV23	KHV23	UN	0.9708	0.02923	0	0.01461
KHV6	KHV6	KHV24	KHV24	UN	0.9708	0.02528	0.003971	0.01661
KHV6	KHV6	KHV25	KHV25	UN	0.9448	0.05525	0	0.02762
KHV6	KHV6	KHV26	KHV26	UN	0.9592	0.04084	0	0.02042
KHV6	KHV6	KHV27	KHV27	UN	0.9438	0.05625	0	0.02812
KHV6	KHV6	KHV28	KHV28	UN	0.9559	0.04409	0	0.02204
KHV6	KHV6	KHV29	KHV29	UN	0.9682	0.03184	0	0.01592
KHV6	KHV6	KHV30	KHV30	UN	0.9099	0.09012	0	0.04506
KHV6	KHV6	KHV31	KHV31	UN	0.9758	0.01773	0.0065	0.01537
KHV6	KHV6	KHV32	KHV32	UN	0.9613	0.03872	0	0.01936
KHV6	KHV6	KHV33	KHV33	UN	0.9434	0.05663	0	0.02831
KHV6	KHV6	KHV34	KHV34	UN	0.9321	0.06795	0	0.03397
KHV6	KHV6	KHV35	KHV35	UN	0.9957	0.002498	0.001845	0.003094
KHV6	KHV6	KHV36	KHV36	UN	0.9355	0.06446	0	0.03223
KHV6	KHV6	KHV37	KHV37	UN	0.9317	0.06834	0	0.03417
KHV6	KHV6	KHV38	KHV38	UN	0.9705	0.02952	0	0.01476
KHV6	KHV6	KHV39	KHV39	UN	0.9059	0.09413	0	0.04706
KHV6	KHV6	KHV40	KHV40	UN	0.97	0.02996	0	0.01498
KHV6	KHV6	KHV41	KHV41	UN	0.9257	0.07431	0	0.03715
KHV6	KHV6	KHV42	KHV42	UN	0.946	0.05403	0	0.02702
KHV6	KHV6	KHV43	KHV43	UN	0.9446	0.04883	0.006561	0.03098
KHV6	KHV6	KHV44	KHV44	UN	0.9846	0.0136	0.00185	0.008648
KHV6	KHV6	KHV45	KHV45	UN	0.9363	0.0637	0	0.03185
KHV6	KHV6	KHV46	KHV46	UN	0.9593	0.04067	0	0.02034
KHV6	KHV6	KHV47	KHV47	UN	0.9436	0.0564	0	0.0282
KHV6	KHV6	KHV48	KHV48	UN	0.9679	0.01713	0.01497	0.02354
KHV6	KHV6	KHV49	KHV49	UN	0.9439	0.05609	0	0.02805
KHV6	KHV6	KHV50	KHV50	UN	0.9591	0.02706	0.01385	0.02738
KHV6	KHV6	KHV51	KHV51	UN	0.9498	0.0502	0	0.0251
KHV6	KHV6	KHV52	KHV52	UN	0.9355	0.06455	0	0.03227
KHV6	KHV6	KHV53	KHV53	UN	0.9131	0.08685	0	0.04343
KHV6	KHV6	KHV54	KHV54	UN	0.9217	0.07831	0	0.03915
KHV6	KHV6	KHV55	KHV55	UN	0.9738	0.02618	0	0.01309
KHV6	KHV6	KHV56	KHV56	UN	0.9045	0.09551	0	0.04776
KHV6	KHV6	KHV57	KHV57	UN	0.9372	0.06275	0	0.03138
KHV6	KHV6	KHV58	KHV58	UN	0.9366	0.06339	0	0.03169
KHV6	KHV6	KHV59	KHV59	UN	0.9273	0.07267	0	0.03633
KHV6	KHV6	KHV60	KHV60	UN	0.9798	0.01344	0.006762	0.01348
KHV6	KHV6	KHV61	KHV61	UN	0.9429	0.05708	0	0.02854
KHV6	KHV6	KHV62	KHV62	UN	0.9413	0.05871	0	0.02936
KHV6	KHV6	KHV63	KHV63	UN	0.92	0.08002	0	0.04001
KHV6	KHV6	KHV64	KHV64	UN	0.9414	0.05861	0	0.0293
KHV6	KHV6	KHV65	KHV65	UN	0.933	0.06703	0	0.03351
KHV6	KHV6	KHV66	KHV66	UN	0.9088	0.09119	0	0.04559
KHV6	KHV6	KHV67	KHV67	UN	0.9693	0.03071	0	0.01536
KHV6	KHV6	KHV68	KHV68	UN	0.8802	0.1198	0	0.05992
KHV6	KHV6	KHV69	KHV69	UN	0.9242	0.07581	0	0.0379
KHV6	KHV6	KHV70	KHV70	UN	0.9714	0.02863	0	0.01431
KHV6	KHV6	KHV71	KHV71	UN	0.9306	0.06939	0	0.0347
KHV6	KHV6	KHV72	KHV72	UN	0.9311	0.06893	0	0.03447
KHV6	KHV6	KHV73	KHV73	UN	0.9432	0.05679	0	0.0284
KHV6	KHV6	KHV74	KHV74	UN	0.9841	0.01308	0.0028	0.009339
KHV6	KHV6	KHV75	KHV75	UN	0.9335	0.06654	0	0.03327
KHV6	KHV6	KHV76	KHV76	UN	0.9616	0.03787	0.0005069	0.01944
KHV6	KHV6	KHV77	KHV77	UN	0.9482	0.05175	0	0.02588
KHV6	KHV6	KHV78	KHV78	UN	0.9443	0.05573	0	0.02787
KHV6	KHV6	KHV79	KHV79	UN	0.987	0.0117	0.001285	0.007133
KHV6	KHV6	KHV80	KHV80	UN	0.9199	0.0801	0	0.04005
KHV6	KHV6	KHV81	KHV81	UN	0.9276	0.0724	0	0.0362
KHV6	KHV6	KHV82	KHV82	UN	0.9439	0.05608	0	0.02804
KHV6	KHV6	KHV83	KHV83	UN	0.9609	0.03915	0	0.01957
KHV6	KHV6	KHV84	KHV84	UN	0.9616	0.03841	0	0.01921
KHV6	KHV6	KHV85	KHV85	UN	0.9127	0.08729	0	0.04364
KHV6	KHV6	KHV86	KHV86	UN	0.9485	0.05149	0	0.02574
KHV6	KHV6	KHV87	KHV87	UN	0.9242	0.0758	0	0.0379
KHV6	KHV6	KHV88	KHV88	UN	0.9251	0.07488	0	0.03744
KHV6	KHV6	KHV89	KHV89	UN	0.9733	0.02294	0.003789	0.01526
KHV6	KHV6	KHV90	KHV90	UN	0.9645	0.02664	0.008847	0.02217
KHV6	KHV6	KHV91	KHV91	UN	0.9778	0.02219	0	0.0111
KHV6	KHV6	KHV92	KHV92	UN	0.9302	0.06978	0	0.03489
KHV6	KHV6	KHV93	KHV93	UN	0.9479	0.05205	0	0.02603
KHV6	KHV6	KHV94	KHV94	UN	0.9337	0.06626	0	0.03313
KHV6	KHV6	KHV95	KHV95	UN	0.915	0.08503	0	0.04251
KHV6	KHV6	KHV96	KHV96	UN	1	0	0	0
KHV6	KHV6	KHV97	KHV97	UN	0.9521	0.04793	0	0.02396
KHV6	KHV6	KHV98	KHV98	UN	0.9016	0.0984	0	0.0492
KHV6	KHV6	KHV99	KHV99	UN	0.9786	0.02144	0	0.01072
KHV7	KHV7	KHV8	KHV8	UN	0.9866	0.005277	0.008074	0.01071
KHV7	KHV7	KHV9	KHV9	UN	0.944	0.05602	0	0.02801
KHV7	KHV7	KHV10	KHV10	UN	0.9584	0.04154	1.014e-05	0.02078
KHV7	KHV7	KHV11	KHV11	UN	0.9556	0.04435	0	0.02218
KHV7	KHV7	KHV12	KHV12	UN	0.9871	0.01286	0	0.006431
KHV7	KHV7	KHV13	KHV13	UN	0.9422	0.05779	0	0.0289
KHV7	KHV7	KHV14	KHV14	UN	0.9568	0.04317	0	0.02159
KHV7	KHV7	KHV15	KHV15	UN	0.965	0.03503	0	0.01752
KHV7	KHV7	KHV16	KHV16	UN	0.955	0.04499	0	0.0225
KHV7	KHV7	KHV17	KHV17	UN	0.9741	0.02567	0.0002639	0.0131
KHV7	KHV7	KHV18	KHV18	UN	0.9607	0.03841	0.0008944	0.0201
KHV7	KHV7	KHV19	KHV19	UN	0.9159	0.08413	0	0.04206
KHV7	KHV7	KHV20	KHV20	UN	0.9774	0.02257	0	0.01128
KHV7	KHV7	KHV21	KHV21	UN	1	0	0	0
KHV7	KHV7	KHV22	KHV22	UN	0.9293	0.07067	0	0.03533
KHV7	KHV7	KHV23	KHV23	UN	0.9468	0.05324	0	0.02662
KHV7	KHV7	KHV24	KHV24	UN	0.989	0.003253	0.007717	0.009343
KHV7	KHV7	KHV25	KHV25	UN	0.9449	0.05509	0	0.02755
KHV7	KHV7	KHV26	KHV26	UN	0.9749	0.02505	0	0.01253
KHV7	KHV7	KHV27	KHV27	UN	0.9366	0.06336	0	0.03168
KHV7	KHV7	KHV28	KHV28	UN	0.9622	0.03783	0	0.01891
KHV7	KHV7	KHV29	KHV29	UN	0.9366	0.06341	0	0.03171
KHV7	KHV7	KHV30	KHV30	UN	0.9448	0.05525	0	0.02762
KHV7	KHV7	KHV31	KHV31	UN	0.9788	0	0.02123	0.02123
KHV7	KHV7	KHV32	KHV32	UN	0.993	0	0.00696	0.00696
KHV7	KHV7	KHV33	KHV33	UN	0.961	0.03898	0	0.01949
KHV7	KHV7	KHV34	KHV34	UN	0.9387	0.06133	0	0.03067
KHV7	KHV7	KHV35	KHV35	UN	1	0	0	0
KHV7	KHV7	KHV36	KHV36	UN	0.9324	0.06755	0	0.03378
KHV7	KHV7	KHV37	KHV37	UN	0.9453	0.05474	0	0.02737
KHV7	KHV7	KHV38	KHV38	UN	1	0	0	0
KHV7	KHV7	KHV39	KHV39	UN	0.948	0.05203	0	0.02602
KHV7	KHV7	KHV40	KHV40	UN	0.9364	0.06357	0	0.03179
KHV7	KHV7	KHV41	KHV41	UN	0.9279	0.07209	0	0.03605
KHV7	KHV7	KHV42	KHV42	UN	0.994	0.003278	0.002687	0.004326
KHV7	KHV7	KHV43	KHV43	UN	0.9692	0.02058	0.01026	0.02055
KHV7	KHV7	KHV44	KHV44	UN	0.9417	0.05832	0	0.02916
KHV7	KHV7	KHV45	KHV45	UN	0.9502	0.04984	0	0.02492
KHV7	KHV7	KHV46	KHV46	UN	0.9735	0.02651	0	0.01326
KHV7	KHV7	KHV47	KHV47	UN	0.9668	0.03316	0	0.01658
KHV7	KHV7	KHV48	KHV48	UN	0.9771	0	0.02295	0.02295
KHV7	KHV7	KHV49	KHV49	UN	0.953	0.04703	0	0.02351
KHV7	KHV7	KHV50	KHV50	UN	0.96	0.03658	0.003451	0.02174
KHV7	KHV7	KHV51	KHV51	UN	0.9734	0.02661	0	0.01331
KHV7	KHV7	KHV52	KHV52	UN	0.953	0.04705	0	0.02352
KHV7	KHV7	KHV53	KHV53	UN	0.9388	0.06124	0	0.03062
KHV7	KHV7	KHV54	KHV54	UN	0.9698	0.02887	0.001326	0.01576
KHV7	KHV7	KHV55	KHV55	UN	0.9318	0.06822	0	0.03411
KHV7	KHV7	KHV56	KHV56	UN	0.9612	0.03881	0	0.0194
KHV7	KHV7	KHV57	KHV57	UN	0.9712	0.02879	0	0.01439
KHV7	KHV7	KHV58	KHV58	UN	0.9284	0.0716	0	0.0358
KHV7	KHV7	KHV59	KHV59	UN	0.9432	0.05684	0	0.02842
KHV7	KHV7	KHV60	KHV60	UN	0.9496	0.05039	0	0.02519
KHV7	KHV7	KHV61	KHV61	UN	0.9681	0.03186	0	0.01593
KHV7	KHV7	KHV62	KHV62	UN	0.9435	0.05648	0	0.02824
KHV7	KHV7	KHV63	KHV63	UN	0.9642	0.03577	0	0.01789
KHV7	KHV7	KHV64	KHV64	UN	0.9576	0.04237	0	0.02118
KHV7	KHV7	KHV65	KHV65	UN	0.9552	0.04482	0	0.02241
KHV7	KHV7	KHV66	KHV66	UN	0.9327	0.0673	0	0.03365
KHV7	KHV7	KHV67	KHV67	UN	0.9409	0.0591	0	0.02955
KHV7	KHV7	KHV68	KHV68	UN	0.8814	0.1186	0	0.0593
KHV7	KHV7	KHV69	KHV69	UN	0.9554	0.04456	0	0.02228
KHV7	KHV7	KHV70	KHV70	UN	0.9917	0.00829	0	0.004145
KHV7	KHV7	KHV71	KHV71	UN	0.9544	0.04555	0	0.02278
KHV7	KHV7	KHV72	KHV72	UN	0.9401	0.05989	0	0.02994
KHV7	KHV7	KHV73	KHV73	UN	0.9304	0.0696	0	0.0348
KHV7	KHV7	KHV74	KHV74	UN	0.9907	0.009253	0	0.004627
KHV7	KHV7	KHV75	KHV75	UN	0.9386	0.06144	0	0.03072
KHV7	KHV7	KHV76	KHV76	UN	0.9231	0.0769	0	0.03845
KHV7	KHV7	KHV77	KHV77	UN	0.9366	0.06336	0	0.03168
KHV7	KHV7	KHV78	KHV78	UN	0.9702	0.01992	0.009863	0.01982
KHV7	KHV7	KHV79	KHV79	UN	0.9747	0.02333	0.001925	0.01359
KHV7	KHV7	KHV80	KHV80	UN	0.9555	0.0445	0	0.02225
KHV7	KHV7	KHV81	KHV81	UN	0.9352	0.06476	0	0.03238
KHV7	KHV7	KHV82	KHV82	UN	0.9479	0.05211	0	0.02605
KHV7	KHV7	KHV83	KHV83	UN	0.9778	0.01733	0.00486	0.01352
KHV7	KHV7	KHV84	KHV84	UN	0.9713	0.02869	0	0.01434
KHV7	KHV7	KHV85	KHV85	UN	0.9709	0.02512	0.004005	0.01656
KHV7	KHV7	KHV86	KHV86	UN	0.9528	0.04716	0	0.02358
KHV7	KHV7	KHV87	KHV87	UN	0.9758	0.02415	0	0.01208
KHV7	KHV7	KHV88	KHV88	UN	0.9516	0.04841	0	0.0242
KHV7	KHV7	KHV89	KHV89	UN	0.9575	0.04248	0	0.02124
KHV7	KHV7	KHV90	KHV90	UN	0.9769	0.01573	0.007419	0.01528
KHV7	KHV7	KHV91	KHV91	UN	0.991	0.009023	0	0.004512
KHV7	KHV7	KHV92	KHV92	UN	0.9381	0.06186	0	0.03093
KHV7	KHV7	KHV93	KHV93	UN	0.9257	0.0743	0	0.03715
KHV7	KHV7	KHV94	KHV94	UN	0.9318	0.06819	0	0.03409
KHV7	KHV7	KHV95	KHV95	UN	0.9232	0.07683	0	0.03842
KHV7	KHV7	KHV96	KHV96	UN	1	0	0	0
KHV7	KHV7	KHV97	KHV97	UN	0.9359	0.06407	0	0.03203
KHV7	KHV7	KHV98	KHV98	UN	0.9084	0.09156	0	0.04578
KHV7	KHV7	KHV99	KHV99	UN	0.9818	0.01818	0	0.009092
KHV8	KHV8	KHV9	KHV9	UN	0.9715	0.025	0.003478	0.01598
KHV8	KHV8	KHV10	KHV10	UN	0.9749	0	0.02509	0.02509
KHV8	KHV8	KHV11	KHV11	UN	0.986	0.008235	0.005737	0.009854
KHV8	KHV8	KHV12	KHV12	UN	0.9898	0.004594	0.005564	0.007861
KHV8	KHV8	KHV13	KHV13	UN	0.9827	0	0.0173	0.0173
KHV8	KHV8	KHV14	KHV14	UN	1	0	0	0
KHV8	KHV8	KHV15	KHV15	UN	0.984	0.00676	0.009256	0.01264
KHV8	KHV8	KHV16	KHV16	UN	0.9608	0.03667	0.002498	0.02083
KHV8	KHV8	KHV17	KHV17	UN	0.9789	0.01925	0.001897	0.01152
KHV8	KHV8	KHV18	KHV18	UN	0.9853	0	0.01471	0.01471
KHV8	KHV8	KHV19	KHV19	UN	0.9764	0.01749	0.006131	0.01488
KHV8	KHV8	KHV20	KHV20	UN	1	0	0	0
KHV8	KHV8	KHV21	KHV21	UN	0.9797	0.01899	0.001326	0.01082
KHV8	KHV8	KHV22	KHV22	UN	1	0	0	0
KHV8	KHV8	KHV23	KHV23	UN	1	0	0	0
KHV8	KHV8	KHV24	KHV24	UN	0.974	0	0.02595	0.02595
KHV8	KHV8	KHV25	KHV25	UN	0.9836	0.007407	0.008998	0.0127
KHV8	KHV8	KHV26	KHV26	UN	0.9789	0.005782	0.01533	0.01822
KHV8	KHV8	KHV27	KHV27	UN	0.9766	0.01594	0.00742	0.01539
KHV8	KHV8	KHV28	KHV28	UN	0.982	0	0.01798	0.01798
KHV8	KHV8	KHV29	KHV29	UN	0.984	0	0.01597	0.01597
KHV8	KHV8	KHV30	KHV30	UN	0.9788	0.01201	0.009153	0.01516
KHV8	KHV8	KHV31	KHV31	UN	1	0	0	0
KHV8	KHV8	KHV32	KHV32	UN	0.9761	0.009176	0.01473	0.01932
KHV8	KHV8	KHV33	KHV33	UN	0.9852	0	0.0148	0.0148
KHV8	KHV8	KHV34	KHV34	UN	0.9832	0	0.01682	0.01682
KHV8	KHV8	KHV35	KHV35	UN	1	0	0	0
KHV8	KHV8	KHV36	KHV36	UN	0.9691	0.03093	0	0.01547
KHV8	KHV8	KHV37	KHV37	UN	0.9812	0.01876	0	0.009379
KHV8	KHV8	KHV38	KHV38	UN	1	0	0	0
KHV8	KHV8	KHV39	KHV39	UN	0.9805	0.01951	0	0.009755
KHV8	KHV8	KHV40	KHV40	UN	1	0	0	0
KHV8	KHV8	KHV41	KHV41	UN	0.9911	0	0.008882	0.008882
KHV8	KHV8	KHV42	KHV42	UN	0.981	0	0.01897	0.01897
KHV8	KHV8	KHV43	KHV43	UN	1	0	0	0
KHV8	KHV8	KHV44	KHV44	UN	0.9854	0.01347	0.001146	0.00788
KHV8	KHV8	KHV45	KHV45	UN	0.9224	0.07755	0	0.03878
KHV8	KHV8	KHV46	KHV46	UN	0.9739	0.02615	0	0.01307
KHV8	KHV8	KHV47	KHV47	UN	0.9769	0.02268	0.0004687	0.01181
KHV8	KHV8	KHV48	KHV48	UN	1	0	0	0
KHV8	KHV8	KHV49	KHV49	UN	0.9833	0	0.01671	0.01671
KHV8	KHV8	KHV50	KHV50	UN	0.9687	0	0.03132	0.03132
KHV8	KHV8	KHV51	KHV51	UN	0.9766	0.02071	0.002666	0.01302
KHV8	KHV8	KHV52	KHV52	UN	0.9796	0	0.02043	0.02043
KHV8	KHV8	KHV53	KHV53	UN	0.9675	0.02461	0.007835	0.02014
KHV8	KHV8	KHV54	KHV54	UN	0.9781	0	0.0219	0.0219
KHV8	KHV8	KHV55	KHV55	UN	0.9526	0.0474	0	0.0237
KHV8	KHV8	KHV56	KHV56	UN	0.9834	0.01657	0	0.008285
KHV8	KHV8	KHV57	KHV57	UN	0.993	0	0.007015	0.007015
KHV8	KHV8	KHV58	KHV58	UN	0.9688	0.0312	0	0.0156
KHV8	KHV8	KHV59	KHV59	UN	1	0	0	0
KHV8	KHV8	KHV60	KHV60	UN	0.9865	0	0.01349	0.01349
KHV8	KHV8	KHV61	KHV61	UN	0.9879	0	0.01213	0.01213
KHV8	KHV8	KHV62	KHV62	UN	0.9909	0	0.009092	0.009092
KHV8	KHV8	KHV63	KHV63	UN	0.9777	0.02069	0.001621	0.01197
KHV8	KHV8	KHV64	KHV64	UN	0.9782	0.02179	0	0.0109
KHV8	KHV8	KHV65	KHV65	UN	0.9683	0.03171	0	0.01585
KHV8	KHV8	KHV66	KHV66	UN	0.9886	0.01141	0	0.005706
KHV8	KHV8	KHV67	KHV67	UN	0.9927	0	0.007255	0.007255
KHV8	KHV8	KHV68	KHV68	UN	0.9368	0.06324	0	0.03162
KHV8	KHV8	KHV69	KHV69	UN	0.983	0.01296	0.004069	0.01055
KHV8	KHV8	KHV70	KHV70	UN	1	0	0	0
KHV8	KHV8	KHV71	KHV71	UN	1	0	0	0
KHV8	KHV8	KHV72	KHV72	UN	0.9724	0.01377	0.01378	0.02066
KHV8	KHV8	KHV73	KHV73	UN	0.9903	0.001688	0.007985	0.008829
KHV8	KHV8	KHV74	KHV74	UN	1	0	0	0
KHV8	KHV8	KHV75	KHV75	UN	0.9883	0.006509	0.005166	0.008421
KHV8	KHV8	KHV76	KHV76	UN	0.9749	0.01528	0.00977	0.01741
KHV8	KHV8	KHV77	KHV77	UN	0.9823	0	0.01775	0.01775
KHV8	KHV8	KHV78	KHV78	UN	1	0	0	0
KHV8	KHV8	KHV79	KHV79	UN	1	0	0	0
KHV8	KHV8	KHV80	KHV80	UN	0.9759	0.01813	0.006014	0.01508
KHV8	KHV8	KHV81	KHV81	UN	0.9642	0.03398	0.001796	0.01879
KHV8	KHV8	KHV82	KHV82	UN	0.9865	0.002121	0.01142	0.01248
KHV8	KHV8	KHV83	KHV83	UN	1	0	0	0
KHV8	KHV8	KHV84	KHV84	UN	1	0	0	0
KHV8	KHV8	KHV85	KHV85	UN	0.9812	0	0.01878	0.01878
KHV8	KHV8	KHV86	KHV86	UN	0.9799	0.02007	0	0.01004
KHV8	KHV8	KHV87	KHV87	UN	1	0	0	0
KHV8	KHV8	KHV88	KHV88	UN	1	0	0	0
KHV8	KHV8	KHV89	KHV89	UN	1	0	0	0
KHV8	KHV8	KHV90	KHV90	UN	1	0	0	0
KHV8	KHV8	KHV91	KHV91	UN	1	0	0	0
KHV8	KHV8	KHV92	KHV92	UN	0.9693	0.03068	1.147e-05	0.01535
KHV8	KHV8	KHV93	KHV93	UN	0.9814	0.01475	0.003887	0.01126
KHV8	KHV8	KHV94	KHV94	UN	0.9863	0.01368	0	0.006841
KHV8	KHV8	KHV95	KHV95	UN	0.9825	0.01752	0	0.008762
KHV8	KHV8	KHV96	KHV96	UN	1	0	0	0
KHV8	KHV8	KHV97	KHV97	UN	1	0	0	0
KHV8	KHV8	KHV98	KHV98	UN	0.958	0.03561	0.006341	0.02415
KHV8	KHV8	KHV99	KHV99	UN	1	0	0	0
KHV9	KHV9	KHV10	KHV10	UN	0.9449	0.05508	0	0.02754
KHV9	KHV9	KHV11	KHV11	UN	0.9472	0.05276	0	0.02638
KHV9	KHV9	KHV12	KHV12	UN	0.9484	0.05162	0	0.02581
KHV9	KHV9	KHV13	KHV13	UN	0.9165	0.08345	0	0.04173
KHV9	KHV9	KHV14	KHV14	UN	0.9442	0.05581	0	0.02791
KHV9	KHV9	KHV15	KHV15	UN	0.9129	0.08706	0	0.04353
KHV9	KHV9	KHV16	KHV16	UN	0.9073	0.09267	0	0.04633
KHV9	KHV9	KHV17	KHV17	UN	0.9221	0.07787	0	0.03893
KHV9	KHV9	KHV18	KHV18	UN	0.9424	0.05757	0	0.02879
KHV9	KHV9	KHV19	KHV19	UN	0.9107	0.08934	0	0.04467
KHV9	KHV9	KHV20	KHV20	UN	0.9355	0.06445	0	0.03223
KHV9	KHV9	KHV21	KHV21	UN	0.9316	0.06837	0	0.03419
KHV9	KHV9	KHV22	KHV22	UN	0.9107	0.08926	0	0.04463
KHV9	KHV9	KHV23	KHV23	UN	0.9662	0.03378	0	0.01689
KHV9	KHV9	KHV24	KHV24	UN	0.9604	0.03866	0.0009397	0.02027
KHV9	KHV9	KHV25	KHV25	UN	0.9114	0.0886	0	0.0443
KHV9	KHV9	KHV26	KHV26	UN	0.9296	0.07037	0	0.03518
KHV9	KHV9	KHV27	KHV27	UN	0.9527	0.0473	0	0.02365
KHV9	KHV9	KHV28	KHV28	UN	0.9644	0.03558	0	0.01779
KHV9	KHV9	KHV29	KHV29	UN	0.9287	0.07135	0	0.03567
KHV9	KHV9	KHV30	KHV30	UN	0.9013	0.09872	0	0.04936
KHV9	KHV9	KHV31	KHV31	UN	0.9624	0.03761	0	0.0188
KHV9	KHV9	KHV32	KHV32	UN	0.9177	0.08235	0	0.04117
KHV9	KHV9	KHV33	KHV33	UN	0.9034	0.09657	0	0.04828
KHV9	KHV9	KHV34	KHV34	UN	0.8843	0.1157	0	0.05785
KHV9	KHV9	KHV35	KHV35	UN	0.9599	0.04011	0	0.02006
KHV9	KHV9	KHV36	KHV36	UN	0.9075	0.09246	0	0.04623
KHV9	KHV9	KHV37	KHV37	UN	0.8816	0.1184	0	0.0592
KHV9	KHV9	KHV38	KHV38	UN	1	0	0	0
KHV9	KHV9	KHV39	KHV39	UN	0.9184	0.0816	0	0.0408
KHV9	KHV9	KHV40	KHV40	UN	0.8939	0.1061	0	0.05305
KHV9	KHV9	KHV41	KHV41	UN	0.89	0.11	0	0.05499
KHV9	KHV9	KHV42	KHV42	UN	0.9416	0.05843	0	0.02922
KHV9	KHV9	KHV43	KHV43	UN	0.9522	0.04595	0.001888	0.02486
KHV9	KHV9	KHV44	KHV44	UN	0.9505	0.0495	0	0.02475
KHV9	KHV9	KHV45	KHV45	UN	0.9028	0.09723	0	0.04862
KHV9	KHV9	KHV46	KHV46	UN	0.9113	0.08872	0	0.04436
KHV9	KHV9	KHV47	KHV47	UN	0.8964	0.1036	0	0.05181
KHV9	KHV9	KHV48	KHV48	UN	0.9289	0.07107	0	0.03554
KHV9	KHV9	KHV49	KHV49	UN	0.9034	0.0966	0	0.0483
KHV9	KHV9	KHV50	KHV50	UN	0.9311	0.06889	0	0.03444
