0.5210238721	-0.0056220448	-0.0055685756	-0.0047113244	-0.0049366569	-0.0044654665	-0.0046470435	-0.0076270481	-0.0056424695	-0.0057096217	-0.0064293565	-0.0053892183	-0.0062997585	-0.0059928317	-0.0047921331	-0.0049963266	-0.0066329277	-0.0068335872	-0.0063515450	-0.0056585583	-0.0065963281	-0.0056867788	-0.0039860413	-0.0039671995	-0.0037587149	-0.0062731786	-0.0062726838	-0.0010712215	-0.0057178726	-0.0060653150	-0.0063284558	-0.0070080218	-0.0048756779	-0.0046239851	-0.0039323197	-0.0056670032	-0.0051394753	-0.0075819662	-0.0048655711	-0.0049115592	-0.0056526615	-0.0055391177	-0.0049176599	-0.0053835266	-0.0062942916	-0.0003506093	-0.0069545015	-0.0070790322	-0.0068777644	-0.0051021720	-0.0059966692	-0.0057235942	-0.0050303020	-0.0042970537	0.0034745418	-0.0051442010	-0.0057796890	-0.0044734690	-0.0059615188	-0.0052165352	-0.0065142948	-0.0052237705	-0.0058815641	-0.0040394647	-0.0040923177	-0.0052296445	-0.0060621137	-0.0054515029	-0.0061050354	-0.0066919208	-0.0063569867	-0.0060391842	-0.0057772195	-0.0061342877	-0.0039868229	-0.0070769030	-0.0047903814	-0.0049034403	-0.0053870086	-0.0050046152	-0.0055358153	-0.0045580520	-0.0060484183	-0.0049145317	-0.0041069717	-0.0063021587	-0.0043544510	-0.0032491881	-0.0033620128	-0.0060484140	-0.0047088635	-0.0061115862	-0.0063748972	-0.0046383892	-0.0055358131	-0.0055347001	-0.0059111272	-0.0057885070	-0.0062558064
-0.0056220448	0.5284471941	-0.0049670469	-0.0055107830	-0.0048469477	-0.0063811247	-0.0053041923	-0.0061302467	-0.0046025414	-0.0056228741	-0.0038710239	-0.0039674776	-0.0045059904	-0.0074313378	-0.0061005661	-0.0062568972	-0.0067540405	-0.0054149164	-0.0061803130	-0.0063659040	-0.0053599813	-0.0041267079	-0.0059234925	-0.0055637021	-0.0043563011	-0.0033504602	-0.0053345382	-0.0053085182	-0.0047537007	-0.0060657646	-0.0076802658	-0.0056311499	-0.0039264131	-0.0054046270	-0.0045778526	-0.0068711261	-0.0046356627	-0.0040152377	-0.0053521589	-0.0036967164	-0.0063751887	-0.0047415919	-0.0041134423	-0.0068318119	-0.0071807395	-0.0068885528	-0.0045981062	-0.0065729432	-0.0061957301	-0.0052669574	-0.0050890570	-0.0042443139	-0.0059741937	-0.0063529328	-0.0063177542	-0.0050642192	-0.0064349766	-0.0048599659	-0.0050185257	-0.0040828630	-0.0058911679	-0.0055151771	-0.0046286401	-0.0058425450	-0.0054191731	-0.0048923876	-0.0042142997	-0.0063344560	-0.0057052474	-0.0030673686	-0.0048737295	-0.0041877412	-0.0053662071	-0.0062534044	-0.0044631252	-0.0068257861	-0.0060038439	-0.0052364256	-0.0048110124	-0.0048333657	-0.0056801862	-0.0065946307	-0.0067241783	-0.0043535339	-0.0043656506	-0.0057646906	-0.0055134827	-0.0052614766	-0.0056148077	-0.0051127864	-0.0062296022	-0.0062532984	-0.0052327252	-0.0030846788	-0.0071672736	-0.0070026411	-0.0032524295	-0.0057172642	-0.0051822426
-0.0055685756	-0.0049670469	0.5393212695	-0.0060212101	-0.0055788726	-0.0060816915	-0.0054118232	-0.0074314340	-0.0051371769	-0.0046335457	-0.0062699019	-0.0052556343	-0.0050568378	-0.0063848081	-0.0055653226	-0.0057583729	-0.0065213454	-0.0065693140	-0.0063010402	-0.0052102211	-0.0049935453	-0.0054699343	-0.0045792177	-0.0061282268	-0.0060548204	-0.0062982042	-0.0064770773	-0.0059999352	-0.0049740186	-0.0065072236	-0.0058292814	-0.0056862514	-0.0059882155	-0.0054849070	-0.0050578165	-0.0055486892	-0.0056069445	-0.0062398750	-0.0046426139	-0.0058812302	-0.0065455640	-0.0050195661	-0.0034746484	-0.0060303485	-0.0081581451	-0.0066817550	-0.0053094730	-0.0064884789	-0.0058339821	-0.0048426151	-0.0051613890	-0.0058810830	-0.0061931627	-0.0061078744	-0.0058801975	-0.0074103862	-0.0054148394	-0.0042851027	-0.0042648743	-0.0054719391	-0.0049335576	-0.0063242682	-0.0044344692	-0.0042199976	-0.0051057342	-0.0048593598	-0.0040183469	-0.0030141645	-0.0052222294	-0.0026189190	-0.0061795516	-0.0043991049	-0.0060933879	-0.0057585127	-0.0051755220	-0.0059799821	-0.0044584482	-0.0056437259	-0.0051887403	-0.0049418645	-0.0035970341	-0.0049627774	-0.0050090544	-0.0054024818	-0.0066307839	-0.0061796860	-0.0050596826	-0.0046455986	-0.0060018720	-0.0068672195	-0.0055616218	-0.0053137562	-0.0047626873	-0.0040611530	-0.0070084704	-0.0062486747	-0.0052873196	-0.0052187450	-0.0053051377
-0.0047113244	-0.0055107830	-0.0060212101	0.5216208373	-0.0060841836	-0.0065956105	-0.0067890166	-0.0057002598	-0.0064439130	-0.0050139269	-0.0048870032	-0.0048339778	-0.0046880403	-0.0064243991	-0.0056839363	-0.0056255148	-0.0046342474	-0.0050024424	-0.0061938652	-0.0051225397	-0.0055140310	-0.0045193254	-0.0059814265	-0.0060902850	-0.0060161596	-0.0065427927	-0.0060281340	-0.0058298789	-0.0050907935	-0.0057124274	-0.0034449017	-0.0051857027	-0.0031868560	-0.0061829207	-0.0030187267	-0.0059611548	-0.0056136623	-0.0073502118	-0.0056607129	-0.0053247371	-0.0062511437	-0.0067986547	-0.0052990593	-0.0063484526	-0.0065819686	-0.0051907641	-0.0057468179	-0.0057353231	-0.0058833296	-0.0033174692	-0.0047914465	-0.0052919852	-0.0060021558	-0.0060044105	-0.0058972383	-0.0059539307	-0.0058868747	-0.0041365429	-0.0067133315	-0.0061113030	-0.0054953919	-0.0041873088	-0.0045666106	-0.0051203675	-0.0048345453	-0.0051022582	-0.0069546213	-0.0059630971	-0.0047354855	-0.0053698616	-0.0056582237	-0.0043265005	-0.0048687725	-0.0066983067	-0.0060015127	-0.0057548100	-0.0052701635	-0.0048913876	-0.0057569949	-0.0036109451	-0.0048988118	-0.0046650602	-0.0056873066	-0.0041029371	-0.0034685145	-0.0048714978	-0.0030625483	-0.0041478159	-0.0053319392	-0.0028964469	-0.0039025839	-0.0053874680	-0.0055135690	-0.0052452942	-0.0053805958	-0.0056587892	-0.0052184123	-0.0046073595	-0.0042434853
-0.0049366569	-0.0048469477	-0.0055788726	-0.0060841836	0.5445272808	-0.0059958057	-0.0061243720	-0.0071612045	-0.0061397083	-0.0067601293	-0.0052344194	-0.0057351713	-0.0064164339	-0.0065806053	-0.0053314308	-0.0051070173	-0.0069311623	-0.0061658432	-0.0058024015	-0.0058968750	-0.0040552807	-0.0047307531	-0.0054233932	-0.0052844711	-0.0059412997	-0.0057606568	-0.0063331766	-0.0049199470	-0.0048867005	-0.0059148362	-0.0053998138	-0.0047508968	-0.0047052868	-0.0047184934	-0.0059659917	-0.0056405083	-0.0059517268	-0.0051828518	-0.0053346480	-0.0057863164	-0.0067522667	-0.0056807053	-0.0049142940	-0.0058588175	-0.0046681926	-0.0054491318	-0.0062591465	-0.0064470827	-0.0061750203	-0.0053629806	-0.0056085183	-0.0057016564	-0.0040443616	-0.0060239591	-0.0059722485	-0.0043709072	-0.0053329934	-0.0035671778	-0.0060008288	-0.0060536150	-0.0076234481	-0.0049350836	-0.0065779842	-0.0056335861	-0.0062081008	-0.0053094788	-0.0072079399	-0.0063123917	-0.0065622704	-0.0040665178	-0.0060955273	-0.0042437958	-0.0048858649	-0.0046829113	-0.0053551817	-0.0059936268	-0.0062649456	-0.0060646526	-0.0047782291	-0.0042218413	-0.0055888721	-0.0048723095	-0.0066365803	-0.0063846720	-0.0045870708	-0.0036967743	-0.0059342626	-0.0051251126	-0.0066420614	-0.0050950864	-0.0042601994	-0.0054336841	-0.0044752531	-0.0060328139	-0.0060426152	-0.0051020879	-0.0045007370	-0.0058508718	-0.0054826451
-0.0044654665	-0.0063811247	-0.0060816915	-0.0065956105	-0.0059958057	0.4983417486	-0.0060196295	-0.0081128709	-0.0071863866	-0.0066615645	-0.0057751450	-0.0057760333	-0.0044482875	-0.0039521763	-0.0062202332	-0.0061876670	-0.0074731651	-0.0063610116	-0.0072932163	-0.0051994178	-0.0064563248	-0.0055335689	-0.0057397763	-0.0052094458	-0.0062585943	-0.0049457943	-0.0061486484	-0.0043242734	-0.0042934688	-0.0069691990	-0.0045946477	-0.0062290503	-0.0054736237	-0.0039892094	-0.0054064780	-0.0071648129	-0.0059137557	-0.0053913876	-0.0071175550	-0.0048914224	-0.0052126009	-0.0066154383	-0.0050584236	-0.0056520607	-0.0068514336	-0.0037280125	-0.0054649308	-0.0055802482	-0.0041294220	-0.0062296506	-0.0050904785	-0.0060055901	-0.0035193734	-0.0056901495	0.0455386319	-0.0057769373	-0.0039871444	-0.0052952275	-0.0073411108	-0.0050046169	-0.0065378189	-0.0056995828	-0.0057103379	-0.0065397137	-0.0048749618	-0.0072586302	-0.0041586759	-0.0064289351	-0.0027263024	-0.0047349489	-0.0063949279	-0.0056150305	-0.0056740010	-0.0051621510	-0.0049550816	-0.0056077343	-0.0059333756	-0.0059748000	-0.0057401963	-0.0061380331	-0.0064542144	-0.0056176133	-0.0039365986	-0.0059728577	-0.0063155454	-0.0061921432	-0.0046288769	-0.0049027876	-0.0068116525	-0.0051070913	-0.0057312311	-0.0059064977	-0.0030126603	-0.0037585070	-0.0051291318	-0.0067070948	-0.0044362632	-0.0054913913	-0.0054325934
-0.0046470435	-0.0053041923	-0.0054118232	-0.0067890166	-0.0061243720	-0.0060196295	0.4988251466	-0.0062477973	-0.0054387184	-0.0066716138	-0.0050813533	-0.0056118579	-0.0065528534	-0.0063583880	-0.0072868705	-0.0050012567	-0.0056012736	-0.0053358102	-0.0065881263	-0.0035521168	-0.0055441908	-0.0071697723	-0.0052117365	-0.0047912584	-0.0044056375	-0.0061122392	0.0065307280	-0.0028290657	-0.0056756599	-0.0034505762	-0.0056574184	-0.0040372240	-0.0053531975	-0.0054133707	-0.0025162723	-0.0079312337	-0.0065700524	-0.0078973235	-0.0061425485	-0.0058196061	0.0065476316	-0.0060172705	-0.0060285047	-0.0071384534	-0.0063903408	-0.0060161639	-0.0042861293	-0.0065695904	0.0064485782	-0.0069742254	-0.0048230192	-0.0062990973	-0.0063289058	-0.0059441383	-0.0067807214	0.0122813319	-0.0062552290	-0.0051113820	-0.0039018693	-0.0058282627	-0.0057907132	-0.0041364693	-0.0064263046	-0.0047303373	-0.0058112257	-0.0058492431	-0.0061658458	-0.0057376418	-0.0057722940	-0.0053645452	-0.0056797380	-0.0032735867	-0.0050756691	-0.0054886588	-0.0057366060	-0.0057657088	-0.0074239242	-0.0063881402	-0.0055568051	-0.0055467299	-0.0041221357	-0.0062458221	-0.0052817666	-0.0075414465	-0.0051747697	-0.0050109840	-0.0059581912	-0.0062392877	-0.0038069373	-0.0062214571	-0.0070218290	-0.0058635928	-0.0048454310	-0.0034495244	-0.0053212402	-0.0076982155	-0.0059343655	-0.0051257821	-0.0052046513
-0.0076270481	-0.0061302467	-0.0074314340	-0.0057002598	-0.0071612045	-0.0081128709	-0.0062477973	0.4917878188	-0.0060122716	-0.0053424018	-0.0056604799	-0.0065142329	-0.0057483499	-0.0073727098	-0.0040871573	-0.0078216578	0.0896398826	-0.0064904367	-0.0071469349	-0.0059616908	-0.0063075046	-0.0060718826	-0.0065424737	-0.0068267312	-0.0054052510	-0.0057409135	-0.0072393902	-0.0063279375	-0.0070022219	-0.0064567695	-0.0069107575	-0.0060419945	-0.0071889443	-0.0045183544	-0.0064521844	-0.0069816844	-0.0047389127	-0.0070656946	-0.0058572165	-0.0065850818	-0.0060996239	0.0189662173	-0.0068718059	-0.0057002984	-0.0068483001	-0.0046425164	-0.0062223617	-0.0066880119	-0.0065417450	-0.0042597254	-0.0062263520	-0.0059845086	-0.0079555314	-0.0058997277	-0.0075748156	-0.0072912646	-0.0063610452	-0.0059758183	-0.0068829334	-0.0061431766	-0.0055083387	-0.0081526452	-0.0077190212	-0.0063926392	-0.0058938861	-0.0055976417	-0.0070699709	-0.0056917467	-0.0056235510	-0.0055185522	-0.0049884054	-0.0058003000	-0.0059143467	-0.0060348234	-0.0049307107	-0.0063092824	-0.0075802644	-0.0067337852	-0.0064516890	-0.0068335483	-0.0065918915	-0.0069369018	-0.0076221323	-0.0072906140	-0.0052876907	-0.0062527029	-0.0063369509	-0.0056586355	-0.0060741790	-0.0062411609	-0.0061533942	-0.0042029953	-0.0059646847	-0.0049512744	-0.0054340414	-0.0033009837	-0.0069514851	-0.0056155377	-0.0057808670
-0.0056424695	-0.0046025414	-0.0051371769	-0.0064439130	-0.0061397083	-0.0071863866	-0.0054387184	-0.0060122716	0.5211943781	-0.0059068371	-0.0056014112	-0.0062684667	-0.0065333402	-0.0068846105	-0.0062311602	-0.0042773137	-0.0066040183	-0.0055320438	-0.0047509124	-0.0053830133	-0.0047549828	-0.0061491114	-0.0053486092	-0.0044793286	-0.0055361674	-0.0063048551	-0.0051692787	-0.0058895391	-0.0055612335	-0.0061169092	-0.0046132460	-0.0062430708	-0.0035756667	-0.0053494685	-0.0047180590	-0.0063150765	-0.0057325005	-0.0061444293	-0.0060877731	-0.0048339758	-0.0061928111	-0.0063248276	-0.0046356459	-0.0062211718	-0.0065700283	-0.0063126913	-0.0054475702	-0.0053295117	-0.0059823158	-0.0047531407	-0.0061719596	-0.0039894388	-0.0056528473	-0.0055079656	-0.0068776069	0.0198573151	-0.0058376872	-0.0060352933	-0.0050908577	-0.0047718757	-0.0061412973	-0.0063903705	-0.0068171065	-0.0057716468	-0.0057588008	-0.0058361745	-0.0059373565	-0.0013860478	-0.0055291799	-0.0049382279	-0.0064818825	-0.0065645955	-0.0045642754	-0.0055643807	-0.0058141167	-0.0060161573	-0.0064419251	-0.0059489190	-0.0052930031	-0.0061977219	-0.0046090709	-0.0048309486	-0.0064873108	-0.0045240299	-0.0058225584	-0.0060740389	-0.0024774277	-0.0048658489	-0.0063536326	-0.0058824037	-0.0052868636	-0.0055722776	-0.0062798042	-0.0039161143	-0.0057328579	-0.0053404789	-0.0068482856	-0.0048210104	-0.0047287041
-0.0057096217	-0.0056228741	-0.0046335457	-0.0050139269	-0.0067601293	-0.0066615645	-0.0066716138	-0.0053424018	-0.0059068371	0.5410107990	-0.0052527698	-0.0058413643	-0.0058228821	-0.0068509803	-0.0051704214	-0.0063670168	-0.0065982368	-0.0060630679	-0.0062856106	-0.0060870638	-0.0053952929	-0.0045614660	-0.0068642110	-0.0044354188	-0.0050565562	-0.0059968665	-0.0051537935	-0.0056164451	-0.0067837564	-0.0054726191	-0.0030870352	-0.0057061830	-0.0060485091	-0.0049943062	-0.0059769108	-0.0082350839	-0.0068484615	-0.0061515448	-0.0065892916	-0.0053154751	-0.0057169969	-0.0059182812	-0.0050435572	-0.0058740655	-0.0052798630	-0.0046092110	-0.0044633146	-0.0062607042	-0.0054838105	-0.0052020234	-0.0065442512	-0.0055693616	-0.0041187288	-0.0065579464	-0.0063141940	-0.0073579747	-0.0054681703	-0.0049653508	-0.0048322752	-0.0054116582	-0.0043632431	-0.0062060062	-0.0039925240	-0.0060749015	-0.0051757111	-0.0047967387	-0.0058860878	-0.0028207960	-0.0039322253	-0.0052286059	-0.0048108955	-0.0049227273	-0.0050758859	-0.0061069826	-0.0057650591	-0.0059878051	-0.0055529218	-0.0057700984	-0.0045750647	-0.0045728977	-0.0056942706	-0.0043242668	-0.0061688796	-0.0060081187	-0.0054667893	-0.0050825638	-0.0049551460	-0.0045714739	-0.0043527938	-0.0046189427	-0.0065100935	-0.0042770414	-0.0054157764	-0.0050923604	-0.0059108998	-0.0060728334	-0.0057201854	-0.0052630103	-0.0059452813
-0.0064293565	-0.0038710239	-0.0062699019	-0.0048870032	-0.0052344194	-0.0057751450	-0.0050813533	-0.0056604799	-0.0056014112	-0.0052527698	0.5262223678	-0.0060592847	-0.0040826584	-0.0050988899	-0.0057415795	-0.0059520125	-0.0065423643	-0.0061530963	-0.0062429957	-0.0040347865	-0.0048363553	-0.0047632836	-0.0051491981	-0.0065643868	-0.0061649368	-0.0055709907	-0.0040488448	-0.0051257186	-0.0031139671	-0.0057535336	-0.0047963556	-0.0039078388	-0.0052008915	-0.0057353914	-0.0054891084	-0.0061372598	-0.0055357132	-0.0059864028	-0.0036169153	-0.0061523403	-0.0054883485	-0.0060630115	-0.0047155698	-0.0047568252	-0.0049293887	-0.0062872651	-0.0037983793	-0.0048285656	-0.0075105795	-0.0042061012	-0.0060931471	-0.0056370153	-0.0048554998	-0.0065877803	-0.0050293190	-0.0076769411	-0.0053511117	-0.0041039230	-0.0064578723	-0.0056240725	-0.0059683062	-0.0029825018	-0.0051486725	-0.0056350608	-0.0043273598	-0.0052931593	-0.0057629710	-0.0057665977	-0.0054321081	-0.0054022898	-0.0056019970	-0.0067128743	-0.0033383848	-0.0055261538	-0.0049788755	-0.0063380174	-0.0047677200	-0.0075723365	-0.0053188843	-0.0052435010	-0.0049486260	-0.0061505903	-0.0061242677	-0.0064343588	-0.0042541554	-0.0049563814	-0.0061018960	-0.0046172844	-0.0048186408	-0.0052763290	-0.0050049889	-0.0037262565	-0.0044012284	-0.0039733626	-0.0065811206	-0.0068847841	-0.0054065067	-0.0063042031	-0.0055189346
-0.0053892183	-0.0039674776	-0.0052556343	-0.0048339778	-0.0057351713	-0.0057760333	-0.0056118579	-0.0065142329	-0.0062684667	-0.0058413643	-0.0060592847	0.5089765216	-0.0060834334	-0.0055536304	-0.0057577731	-0.0058388108	-0.0076479532	-0.0050908130	-0.0060911326	0.0024874065	-0.0033713526	-0.0039094990	-0.0052588181	-0.0065438533	-0.0052415536	-0.0056394251	-0.0068993825	-0.0046385802	-0.0060572328	-0.0068192295	0.0010100027	-0.0057478511	-0.0053018418	-0.0047211699	-0.0048844183	-0.0067746654	-0.0053984102	-0.0066780823	-0.0048536832	-0.0055104166	-0.0058769601	-0.0045407895	-0.0044185656	-0.0043530841	-0.0057171494	-0.0046364943	-0.0047231003	-0.0050588912	-0.0057988789	-0.0059222399	-0.0055445576	-0.0057611753	-0.0048044592	-0.0050343232	-0.0062469969	-0.0067079771	-0.0063799938	-0.0047051967	-0.0056069615	-0.0054876506	-0.0053879474	-0.0054767024	-0.0054924212	-0.0049958450	-0.0041487149	-0.0041479947	-0.0051507235	-0.0050882898	-0.0056551089	-0.0036919365	-0.0067789443	-0.0048536247	-0.0040534178	-0.0046456917	-0.0055382253	-0.0046791188	-0.0053652488	-0.0057378867	-0.0064333467	-0.0047858372	-0.0053414516	-0.0041694804	-0.0063456598	-0.0055172576	-0.0068648596	-0.0055678928	-0.0053372842	-0.0051774667	-0.0046780224	-0.0049371389	-0.0031424692	-0.0047947082	0.0012304250	-0.0052605844	-0.0056240919	-0.0054129962	-0.0059767332	-0.0058634503	-0.0066946053
-0.0062997585	-0.0045059904	-0.0050568378	-0.0046880403	-0.0064164339	-0.0044482875	-0.0065528534	-0.0057483499	-0.0065333402	-0.0058228821	-0.0040826584	-0.0060834334	0.5031085301	-0.0040466769	-0.0056857022	-0.0055464743	-0.0048422856	-0.0054816606	-0.0059498589	-0.0067355455	-0.0057135709	-0.0046367248	-0.0043517423	-0.0050364073	-0.0050359096	-0.0053394117	-0.0037327187	-0.0054602377	-0.0056494704	-0.0060288261	-0.0046131300	-0.0053041612	-0.0037405424	-0.0043227163	-0.0059240894	-0.0069063906	-0.0075153180	-0.0066673356	-0.0047980315	-0.0048542286	-0.0058164251	-0.0061601409	-0.0062588469	-0.0033589089	-0.0062493267	-0.0063498130	-0.0054749781	-0.0055710929	-0.0049542030	-0.0056246269	-0.0056469288	-0.0053400243	-0.0060789254	-0.0043197166	-0.0049068754	-0.0054954684	-0.0061543239	-0.0054178423	-0.0051179189	-0.0056619452	-0.0049002316	-0.0049798576	-0.0050451472	-0.0030594780	-0.0050274945	-0.0052935695	-0.0045924305	-0.0027426808	-0.0048282089	-0.0050566719	-0.0047757907	-0.0045990427	-0.0030166034	-0.0043510586	-0.0054106391	-0.0046761330	-0.0049368959	-0.0051206078	-0.0049710833	-0.0025736242	-0.0049638742	-0.0038201295	-0.0061028465	-0.0039480643	-0.0040369831	-0.0053980618	-0.0055941309	-0.0046132242	-0.0046335673	-0.0043025369	-0.0037978788	-0.0055567780	-0.0059795605	-0.0044861448	-0.0067036341	-0.0050416386	-0.0044698505	-0.0050880499	-0.0044979625
-0.0059928317	-0.0074313378	-0.0063848081	-0.0064243991	-0.0065806053	-0.0039521763	-0.0063583880	-0.0073727098	-0.0068846105	-0.0068509803	-0.0050988899	-0.0055536304	-0.0040466769	0.4853092157	-0.0065325792	-0.0071213995	-0.0068124852	-0.0056815303	-0.0075256684	-0.0042383043	-0.0058860086	-0.0050596807	-0.0040338177	-0.0066076498	-0.0055988775	-0.0066083115	-0.0056401817	-0.0051032369	-0.0065952900	-0.0061150030	-0.0043335045	-0.0056532931	-0.0051729508	-0.0049635496	-0.0050486308	-0.0064985385	-0.0067679401	-0.0080689704	-0.0061490607	-0.0066115185	-0.0018926862	-0.0040465924	-0.0073633411	-0.0071210152	-0.0062581741	-0.0058941739	-0.0011177286	-0.0058781177	-0.0073890494	-0.0046710433	-0.0061052275	-0.0060565343	-0.0058202417	-0.0041749636	-0.0064812535	-0.0058610539	-0.0062633085	-0.0053262194	-0.0066903189	-0.0053262850	-0.0071884965	-0.0059797845	-0.0053755021	-0.0063683922	-0.0036165921	-0.0049615009	-0.0051751711	-0.0051824726	0.0299903119	-0.0044098866	-0.0067694914	-0.0042667202	-0.0047042244	-0.0064687555	-0.0044918232	-0.0051537717	-0.0060220872	-0.0056909725	-0.0057853193	-0.0049623216	-0.0047258902	-0.0063350588	0.0127965995	0.0112501726	-0.0067821923	-0.0065247055	-0.0039403289	-0.0045795877	-0.0051901452	-0.0061189996	-0.0037567436	-0.0059927750	-0.0048059437	-0.0043144707	-0.0065935588	-0.0057022298	-0.0065792461	-0.0059763085	-0.0057574759
-0.0047921331	-0.0061005661	-0.0055653226	-0.0056839363	-0.0053314308	-0.0062202332	-0.0072868705	-0.0040871573	-0.0062311602	-0.0051704214	-0.0057415795	-0.0057577731	-0.0056857022	-0.0065325792	0.5218932053	-0.0060471581	-0.0077484189	-0.0043048586	-0.0065722980	-0.0057257523	-0.0057279714	-0.0061408776	-0.0046974955	-0.0029443624	-0.0055369443	-0.0071553112	-0.0066827980	-0.0069620655	-0.0049146707	-0.0064142664	-0.0056715135	-0.0057788296	-0.0033409384	-0.0055080550	-0.0062564061	-0.0067341676	-0.0056847924	-0.0064538281	-0.0049072934	-0.0059596112	-0.0042179085	-0.0055000800	-0.0028931379	-0.0053849633	-0.0029766277	-0.0041866406	-0.0070850289	-0.0050117553	-0.0057444605	-0.0058152604	-0.0053751180	-0.0068666298	-0.0058332120	-0.0057322912	-0.0054901406	-0.0063670224	-0.0059580506	-0.0054339042	-0.0044819638	-0.0043095583	-0.0057538038	-0.0055357298	-0.0023137431	-0.0052707999	-0.0060003481	-0.0042362280	-0.0055067285	-0.0007320872	-0.0053108965	-0.0049086512	-0.0060942860	-0.0051740342	-0.0048427476	-0.0045934353	-0.0058821414	-0.0060058602	-0.0062842046	-0.0054740343	-0.0042108349	-0.0055401647	-0.0045397514	-0.0048865713	-0.0057650206	-0.0061034952	-0.0048756124	-0.0037005481	-0.0050209269	-0.0041030473	-0.0045223851	-0.0045647893	-0.0058378516	-0.0045252099	-0.0050703278	-0.0039934009	-0.0038821895	-0.0052150102	-0.0066204986	-0.0049699443	-0.0053045617
-0.0049963266	-0.0062568972	-0.0057583729	-0.0056255148	-0.0051070173	-0.0061876670	-0.0050012567	-0.0078216578	-0.0042773137	-0.0063670168	-0.0059520125	-0.0058388108	-0.0055464743	-0.0071213995	-0.0060471581	0.5310433692	-0.0055929994	-0.0052288133	-0.0054457411	-0.0063032319	-0.0053494205	-0.0050570523	-0.0051921265	-0.0021978161	-0.0061899791	-0.0043628733	-0.0052262989	-0.0070869833	-0.0045936348	-0.0061710248	-0.0066035818	-0.0047034406	-0.0056088103	-0.0056685993	-0.0058941422	-0.0040902181	-0.0055382733	-0.0050185299	-0.0037542237	-0.0057621342	-0.0060741661	-0.0059561084	-0.0045937135	-0.0056427782	-0.0058090953	-0.0045125496	-0.0063965498	-0.0067295310	-0.0056508453	-0.0059386606	-0.0052760363	-0.0050874775	-0.0063104131	-0.0050035960	-0.0055232757	-0.0054421672	-0.0049653446	-0.0043899973	-0.0043599975	-0.0055290139	-0.0043198034	-0.0064232501	-0.0057802577	-0.0056941664	-0.0061727447	-0.0056385810	-0.0059675195	-0.0063075272	-0.0048398792	-0.0052988988	-0.0062050313	-0.0042013656	-0.0048350068	-0.0059175049	-0.0055789956	-0.0049229508	-0.0065430972	-0.0058057349	-0.0044607873	-0.0054746934	-0.0035480722	-0.0048767633	-0.0057294937	-0.0059277685	-0.0050229176	-0.0047829126	-0.0054411539	-0.0064082356	-0.0051151289	-0.0031111496	-0.0064586867	-0.0055215089	-0.0051099207	-0.0049724500	-0.0053795672	-0.0036301997	-0.0049583907	-0.0063799151	-0.0045451771
-0.0066329277	-0.0067540405	-0.0065213454	-0.0046342474	-0.0069311623	-0.0074731651	-0.0056012736	0.0896398826	-0.0066040183	-0.0065982368	-0.0065423643	-0.0076479532	-0.0048422856	-0.0068124852	-0.0077484189	-0.0055929994	0.5057620606	-0.0047297606	-0.0067111501	-0.0068278207	-0.0063274885	-0.0051953602	-0.0067259952	-0.0063088647	-0.0053320149	-0.0067777186	-0.0065052119	-0.0064232403	-0.0069965688	-0.0056822803	-0.0066000835	-0.0072907219	-0.0058905166	-0.0053525458	-0.0062401119	-0.0079064327	-0.0038461726	-0.0082612577	-0.0055798820	-0.0065772579	-0.0051151316	0.0042001587	-0.0070083477	-0.0061132764	-0.0071566978	-0.0049484129	-0.0058073129	-0.0067902222	-0.0071575506	-0.0052876248	-0.0058496288	-0.0057107390	-0.0080336895	-0.0056412769	-0.0062387988	-0.0068188726	-0.0057135773	-0.0067118961	-0.0068339794	-0.0063066687	-0.0058595952	-0.0074727565	-0.0062446406	-0.0065727219	-0.0051214583	-0.0056497587	-0.0056573247	-0.0043667510	-0.0058505268	-0.0060364520	-0.0048570279	-0.0055591480	-0.0057212484	-0.0057700930	-0.0057761468	-0.0069414790	-0.0063321681	-0.0057331891	-0.0074522147	-0.0071092510	-0.0049676530	-0.0062652815	-0.0077619400	-0.0072890027	-0.0068807016	-0.0063399043	-0.0054555214	-0.0067182221	-0.0066604062	-0.0062521272	-0.0051640755	-0.0070576502	-0.0063639559	-0.0053757471	-0.0054589193	-0.0063387911	-0.0063201360	-0.0054048751	-0.0071741549
-0.0068335872	-0.0054149164	-0.0065693140	-0.0050024424	-0.0061658432	-0.0063610116	-0.0053358102	-0.0064904367	-0.0055320438	-0.0060630679	-0.0061530963	-0.0050908130	-0.0054816606	-0.0056815303	-0.0043048586	-0.0052288133	-0.0047297606	0.5297385772	-0.0074133705	-0.0074159213	-0.0053502754	-0.0069274468	-0.0064792533	-0.0065123403	-0.0050870059	-0.0058254654	-0.0055079469	-0.0060724102	-0.0023652013	-0.0050038714	-0.0066919290	-0.0050972742	-0.0034369078	-0.0049325019	-0.0050546067	-0.0071717654	-0.0047917830	-0.0074451481	-0.0045367840	-0.0049628728	-0.0066874662	-0.0059351331	-0.0043927736	-0.0042384278	-0.0046081868	-0.0037031701	-0.0062218956	-0.0054389151	-0.0057924550	-0.0056945487	-0.0060535398	-0.0054778457	-0.0062638459	-0.0061502539	-0.0031555199	-0.0059968013	-0.0065050759	-0.0053044167	-0.0063089222	-0.0057165301	-0.0039606045	-0.0062658470	-0.0051970065	-0.0047688296	-0.0047992953	-0.0064338556	-0.0025967157	-0.0050841217	-0.0050258661	-0.0029936814	-0.0072407640	-0.0039356334	-0.0048032702	-0.0045925054	-0.0058767629	-0.0037812792	-0.0054280006	-0.0066635353	-0.0053255200	-0.0053596676	-0.0042054816	-0.0057462838	-0.0044449131	-0.0061483369	-0.0048634154	-0.0048462781	-0.0052609182	-0.0061266472	-0.0067751052	-0.0057990284	-0.0045587302	-0.0053394708	-0.0045201787	-0.0039436940	-0.0046521343	-0.0051801309	-0.0058884896	-0.0063745344	-0.0047652332
-0.0063515450	-0.0061803130	-0.0063010402	-0.0061938652	-0.0058024015	-0.0072932163	-0.0065881263	-0.0071469349	-0.0047509124	-0.0062856106	-0.0062429957	-0.0060911326	-0.0059498589	-0.0075256684	-0.0065722980	-0.0054457411	-0.0067111501	-0.0074133705	0.4950649933	-0.0068594368	-0.0040560618	-0.0049623312	0.0393410197	-0.0069166766	-0.0080588527	0.0042632810	-0.0071193296	-0.0060345183	-0.0050959997	-0.0064241546	0.0066532833	-0.0062444792	-0.0046443218	-0.0064936300	-0.0065064591	-0.0080423831	-0.0058886958	-0.0062671926	-0.0041995909	-0.0058451890	-0.0070271533	-0.0070873889	-0.0050420431	-0.0006054921	0.0023722293	-0.0069696815	-0.0071013687	-0.0061900537	-0.0067158424	-0.0062176684	-0.0055305971	-0.0056458306	-0.0067600937	-0.0067710088	-0.0064398862	-0.0064692257	-0.0063413483	-0.0058905648	-0.0018428147	-0.0045182372	-0.0051889688	-0.0056737073	-0.0065046463	-0.0056858296	-0.0062200500	-0.0054331635	-0.0056625208	-0.0056667513	-0.0056568706	-0.0062563380	0.0029719700	-0.0055827022	-0.0053668402	-0.0054322533	-0.0040835893	-0.0050649780	-0.0055180514	-0.0058527580	-0.0072590605	-0.0045386078	-0.0067000520	-0.0049212922	-0.0057572661	-0.0068301411	-0.0058769057	-0.0053147007	-0.0063372861	-0.0054544767	-0.0042619388	-0.0077485871	-0.0041102607	-0.0052140150	-0.0051541849	-0.0035164267	-0.0060931335	-0.0074173595	-0.0058399878	-0.0067593365	-0.0070399559
-0.0056585583	-0.0063659040	-0.0052102211	-0.0051225397	-0.0058968750	-0.0051994178	-0.0035521168	-0.0059616908	-0.0053830133	-0.0060870638	-0.0040347865	0.0024874065	-0.0067355455	-0.0042383043	-0.0057257523	-0.0063032319	-0.0068278207	-0.0074159213	-0.0068594368	0.5254694494	-0.0046515457	-0.0071031992	-0.0058134026	-0.0065556213	-0.0053067372	-0.0052727172	-0.0059751788	-0.0060858075	-0.0046014726	-0.0067330888	-0.0060005118	-0.0066230202	-0.0053657462	-0.0065337446	-0.0053146845	-0.0068778334	-0.0056585672	-0.0067885984	-0.0051103043	-0.0063610038	-0.0062994333	-0.0026201213	-0.0043021961	-0.0061666012	-0.0072593515	-0.0055342254	-0.0057443515	-0.0024256388	-0.0056106247	-0.0054898964	-0.0049080784	-0.0049984567	-0.0055450481	-0.0057237670	-0.0067572159	-0.0048599379	-0.0062759846	-0.0040281539	-0.0030798219	-0.0065501822	-0.0051368219	-0.0023645219	-0.0055275099	-0.0065628565	-0.0055265520	-0.0000540184	-0.0054940027	-0.0059725723	-0.0063380674	-0.0056516955	-0.0050380395	-0.0047301238	-0.0053196075	-0.0059820164	-0.0047126895	-0.0026253137	-0.0056289202	-0.0065791208	-0.0067633634	-0.0055049664	-0.0059351741	-0.0041977233	-0.0065212437	-0.0064606435	-0.0029294514	-0.0067278173	-0.0050386568	-0.0050550829	-0.0053210896	-0.0065812799	-0.0057717265	-0.0036953238	-0.0029567332	-0.0060908138	-0.0056444322	-0.0052425348	-0.0065091037	-0.0049081288	-0.0053670451
-0.0065963281	-0.0053599813	-0.0049935453	-0.0055140310	-0.0040552807	-0.0064563248	-0.0055441908	-0.0063075046	-0.0047549828	-0.0053952929	-0.0048363553	-0.0033713526	-0.0057135709	-0.0058860086	-0.0057279714	-0.0053494205	-0.0063274885	-0.0053502754	-0.0040560618	-0.0046515457	0.5104279276	-0.0054524979	-0.0039934910	-0.0058395283	-0.0062182940	-0.0055692227	-0.0053234312	-0.0052260473	-0.0057502749	-0.0057571579	-0.0046488557	-0.0061215162	-0.0051009858	-0.0057084842	-0.0044690681	-0.0057506773	-0.0035777416	-0.0059155894	-0.0060064849	-0.0062077847	-0.0069172826	-0.0068243566	-0.0040993634	-0.0068527827	-0.0058953110	-0.0053806390	-0.0027702825	-0.0050384178	-0.0057134402	-0.0051340587	-0.0050269125	-0.0047492222	-0.0053866176	-0.0046164383	-0.0064106201	-0.0063537058	-0.0049658950	-0.0041224569	-0.0059384884	-0.0052089871	-0.0042044086	-0.0052637486	-0.0058829351	-0.0051237232	-0.0042487919	-0.0057710735	-0.0069427455	-0.0052456563	-0.0045274402	-0.0046904421	-0.0053808767	-0.0040702626	-0.0015745419	-0.0054002072	-0.0035691894	-0.0044777021	-0.0062233008	-0.0048496371	-0.0041717533	-0.0041167459	-0.0054598103	-0.0053231605	-0.0047603560	-0.0054421408	-0.0061879673	-0.0057404032	-0.0053757398	-0.0044419813	-0.0014267854	-0.0063613876	-0.0057915414	-0.0051762311	-0.0024739115	-0.0042143085	-0.0055565996	-0.0062259111	-0.0060074538	-0.0068016854	-0.0056354461
-0.0056867788	-0.0041267079	-0.0054699343	-0.0045193254	-0.0047307531	-0.0055335689	-0.0071697723	-0.0060718826	-0.0061491114	-0.0045614660	-0.0047632836	-0.0039094990	-0.0046367248	-0.0050596807	-0.0061408776	-0.0050570523	-0.0051953602	-0.0069274468	-0.0049623312	-0.0071031992	-0.0054524979	0.5128380269	-0.0051032624	-0.0042590035	-0.0049570565	-0.0047077399	-0.0059223721	-0.0058244943	-0.0050795784	-0.0057888688	-0.0043304294	-0.0059067760	-0.0035449803	-0.0060010618	-0.0054516902	-0.0067289446	-0.0064473886	-0.0062209322	-0.0042801537	-0.0059208792	-0.0058363736	-0.0053311954	-0.0053333261	-0.0050217474	-0.0063960880	-0.0035789597	-0.0060706277	-0.0056443173	-0.0065670727	-0.0059257512	-0.0068087608	-0.0048635910	-0.0046733733	-0.0050742455	-0.0034168177	-0.0060141795	-0.0046390867	-0.0037838449	-0.0062503250	-0.0028851060	-0.0065924325	-0.0049728006	-0.0052364652	-0.0048296322	-0.0043248090	-0.0059457420	-0.0001908111	-0.0046889325	-0.0047830525	-0.0029021428	-0.0057729083	-0.0055552333	-0.0039949338	-0.0065481781	-0.0057571612	-0.0049189829	-0.0055541356	-0.0058380400	-0.0043803714	-0.0041884732	-0.0049033159	-0.0057083178	-0.0055680230	-0.0051824536	-0.0051091946	-0.0041444737	-0.0040796350	-0.0057978255	-0.0054573942	-0.0047909239	-0.0062923054	-0.0051453198	-0.0052670971	-0.0051490403	-0.0062540928	-0.0057467528	-0.0058191959	-0.0055490916	-0.0060806804
-0.0039860413	-0.0059234925	-0.0045792177	-0.0059814265	-0.0054233932	-0.0057397763	-0.0052117365	-0.0065424737	-0.0053486092	-0.0068642110	-0.0051491981	-0.0052588181	-0.0043517423	-0.0040338177	-0.0046974955	-0.0051921265	-0.0067259952	-0.0064792533	0.0393410197	-0.0058134026	-0.0039934910	-0.0051032624	0.4395510126	-0.0055324120	-0.0047491174	0.0032918274	-0.0060717370	-0.0048212097	-0.0012029634	-0.0059481752	-0.0032920383	-0.0056130867	-0.0038888773	-0.0052054628	-0.0046948380	-0.0065923074	-0.0058113508	-0.0064283133	-0.0030085115	-0.0055245096	-0.0046379379	-0.0049292072	-0.0048395472	-0.0023581999	-0.0009381823	-0.0042507207	-0.0051572419	-0.0047558531	-0.0055810320	-0.0070217405	-0.0044096288	-0.0059018139	-0.0048991923	-0.0042834893	-0.0056927085	-0.0066069514	-0.0042933334	-0.0052192766	-0.0014781547	-0.0052119450	-0.0046660455	-0.0057015934	-0.0049630000	-0.0041232791	-0.0056342449	-0.0061923913	-0.0051649181	-0.0060202172	-0.0044914595	-0.0045006074	-0.0047739132	-0.0042465325	-0.0053137318	-0.0046744168	-0.0046885162	-0.0055137051	-0.0049172234	-0.0044864455	-0.0058911157	-0.0047868037	-0.0043839742	-0.0064121706	-0.0057972504	-0.0057433380	-0.0030163620	-0.0051528071	-0.0039188332	-0.0048513967	-0.0047358512	-0.0058699809	-0.0057641619	-0.0049842725	-0.0048190926	-0.0045045205	-0.0058892916	-0.0060369503	-0.0030150765	-0.0062335711	-0.0070547508
-0.0039671995	-0.0055637021	-0.0061282268	-0.0060902850	-0.0052844711	-0.0052094458	-0.0047912584	-0.0068267312	-0.0044793286	-0.0044354188	-0.0065643868	-0.0065438533	-0.0050364073	-0.0066076498	-0.0029443624	-0.0021978161	-0.0063088647	-0.0065123403	-0.0069166766	-0.0065556213	-0.0058395283	-0.0042590035	-0.0055324120	0.5351654768	-0.0046013049	-0.0050622246	-0.0060309255	-0.0033495880	-0.0054342794	-0.0065206213	-0.0057593704	-0.0074264261	-0.0059401952	-0.0060232610	-0.0056708153	-0.0053425205	-0.0054441726	-0.0067545430	-0.0055752608	-0.0052264892	-0.0051096021	-0.0062813772	-0.0055627309	-0.0047207775	-0.0060185389	-0.0067554090	-0.0048425442	-0.0063546742	-0.0064278708	-0.0033422218	-0.0052924659	-0.0058891488	-0.0058288773	-0.0043709555	-0.0069321411	-0.0061330685	-0.0052000053	-0.0046206839	-0.0061210588	-0.0054405319	-0.0066749455	-0.0066671382	-0.0055421584	-0.0050578232	-0.0038550845	-0.0056095484	-0.0060213316	-0.0042039147	-0.0059615854	-0.0033780762	-0.0069130819	-0.0035240216	-0.0063665098	-0.0043641089	-0.0043135780	-0.0046552272	-0.0070219917	-0.0067695276	-0.0072744001	-0.0064839330	-0.0047213993	-0.0051518097	-0.0075207799	-0.0051763421	-0.0057664568	-0.0033700539	-0.0037886736	-0.0055415230	-0.0047634846	-0.0042859931	-0.0051792594	-0.0061334237	-0.0053963945	-0.0055809112	-0.0054652358	-0.0040315307	-0.0055321031	-0.0058173736	-0.0052830720
-0.0037587149	-0.0043563011	-0.0060548204	-0.0060161596	-0.0059412997	-0.0062585943	-0.0044056375	-0.0054052510	-0.0055361674	-0.0050565562	-0.0061649368	-0.0052415536	-0.0050359096	-0.0055988775	-0.0055369443	-0.0061899791	-0.0053320149	-0.0050870059	-0.0080588527	-0.0053067372	-0.0062182940	-0.0049570565	-0.0047491174	-0.0046013049	0.5146130177	-0.0050238643	-0.0057715721	-0.0048527259	-0.0046292100	-0.0061930816	-0.0057487947	-0.0054981483	-0.0058405353	-0.0049884253	-0.0051142007	-0.0065226878	-0.0047245741	-0.0063712097	-0.0049346758	-0.0048997528	-0.0060926877	-0.0037373802	-0.0026897322	-0.0068382784	-0.0052280866	-0.0058288277	-0.0046687211	-0.0053745397	-0.0067080202	-0.0054343237	-0.0046657279	-0.0050277742	-0.0062695759	-0.0055625221	-0.0058580732	-0.0057747048	-0.0050945875	-0.0056672809	-0.0049611722	-0.0029021228	-0.0061238764	-0.0068632757	-0.0054435663	-0.0027748189	-0.0051213124	-0.0053591493	-0.0058586497	-0.0059698856	-0.0053369415	-0.0047841453	-0.0048992696	-0.0041080842	-0.0050406634	-0.0047924680	-0.0034001189	-0.0049885642	-0.0049935916	-0.0052295500	-0.0041718837	-0.0049291247	-0.0054114631	-0.0044007504	-0.0044221272	-0.0066314652	-0.0046746677	-0.0043006244	-0.0051663485	-0.0049630715	-0.0056219004	-0.0050678847	-0.0062193442	-0.0050285862	-0.0057229925	-0.0043931080	-0.0058653254	-0.0047102800	-0.0055172589	-0.0040852960	-0.0058559000
-0.0062731786	-0.0033504602	-0.0062982042	-0.0065427927	-0.0057606568	-0.0049457943	-0.0061122392	-0.0057409135	-0.0063048551	-0.0059968665	-0.0055709907	-0.0056394251	-0.0053394117	-0.0066083115	-0.0071553112	-0.0043628733	-0.0067777186	-0.0058254654	0.0042632810	-0.0052727172	-0.0055692227	-0.0047077399	0.0032918274	-0.0050622246	-0.0050238643	0.4932840019	-0.0046057395	-0.0053276806	-0.0034958348	-0.0061234474	-0.0060582617	-0.0053560785	-0.0050777465	-0.0059528024	-0.0046660847	-0.0063834170	-0.0070356206	-0.0069399936	-0.0051389392	-0.0059493129	-0.0048012598	-0.0066056017	-0.0058477388	-0.0010588725	-0.0041525551	-0.0048548140	-0.0062427791	-0.0049877218	-0.0064507067	-0.0048936584	-0.0043693519	-0.0050678642	-0.0055270721	-0.0067267763	-0.0052428987	-0.0058712055	-0.0054693920	-0.0044871104	-0.0059712639	-0.0048264325	-0.0042126700	-0.0068005822	-0.0045851010	-0.0058016558	-0.0058594994	-0.0062530064	-0.0045677241	-0.0053566773	-0.0056955827	-0.0039054741	0.0006215275	-0.0053223439	-0.0034753277	-0.0055121000	-0.0048261316	-0.0065848077	-0.0059766943	-0.0042875129	-0.0057121981	-0.0047880537	-0.0058998258	-0.0044460425	-0.0034908623	-0.0059697486	-0.0057408927	-0.0044828246	-0.0051782931	-0.0047649447	-0.0013098888	-0.0051638744	-0.0046188239	-0.0052920357	-0.0020758337	-0.0027470190	-0.0046597774	-0.0061307409	-0.0055104232	-0.0057662329	-0.0068821391
-0.0062726838	-0.0053345382	-0.0064770773	-0.0060281340	-0.0063331766	-0.0061486484	0.0065307280	-0.0072393902	-0.0051692787	-0.0051537935	-0.0040488448	-0.0068993825	-0.0037327187	-0.0056401817	-0.0066827980	-0.0052262989	-0.0065052119	-0.0055079469	-0.0071193296	-0.0059751788	-0.0053234312	-0.0059223721	-0.0060717370	-0.0060309255	-0.0057715721	-0.0046057395	0.4895958798	0.0021321446	-0.0063373153	0.0047744992	-0.0053637840	-0.0062237696	-0.0046539232	-0.0047927952	-0.0043203032	-0.0064771083	-0.0063813062	-0.0061360364	-0.0051111445	-0.0064528785	0.0033998089	-0.0059224427	-0.0070756921	-0.0069893059	-0.0068982219	-0.0053056659	-0.0064576343	-0.0067945229	0.0148449443	-0.0061043484	-0.0050968404	-0.0042177087	-0.0036229961	-0.0071317060	-0.0047031785	-0.0048514490	-0.0055752903	-0.0056815289	-0.0057922932	-0.0073602481	-0.0057856002	-0.0056771493	-0.0047272727	-0.0037707115	-0.0050021384	-0.0042190851	-0.0045870342	-0.0056211450	-0.0063034203	-0.0039438297	-0.0055985239	-0.0052747241	-0.0048883839	-0.0058482381	-0.0041723346	-0.0072753879	-0.0069543030	-0.0064287929	-0.0054909534	-0.0057475396	-0.0053901791	-0.0039671385	-0.0054255446	-0.0052934263	-0.0065360317	-0.0053384793	-0.0053878758	-0.0051280830	-0.0043968050	-0.0045527143	-0.0059531659	-0.0049966149	-0.0054410575	-0.0055071860	-0.0050663589	-0.0050430060	-0.0057934489	-0.0051990277	-0.0064934660
-0.0010712215	-0.0053085182	-0.0059999352	-0.0058298789	-0.0049199470	-0.0043242734	-0.0028290657	-0.0063279375	-0.0058895391	-0.0056164451	-0.0051257186	-0.0046385802	-0.0054602377	-0.0051032369	-0.0069620655	-0.0070869833	-0.0064232403	-0.0060724102	-0.0060345183	-0.0060858075	-0.0052260473	-0.0058244943	-0.0048212097	-0.0033495880	-0.0048527259	-0.0053276806	0.0021321446	0.4681356093	-0.0055836569	-0.0014945580	-0.0054366733	-0.0063149154	-0.0033376725	-0.0056345912	-0.0045305392	-0.0063161500	-0.0046860238	-0.0037766307	-0.0048636270	-0.0028450032	0.0035018676	-0.0051769068	-0.0057549833	-0.0064675852	-0.0055916866	-0.0054003398	-0.0048201790	-0.0052932653	0.0081151741	-0.0053172995	-0.0062004453	-0.0054609289	-0.0039836883	-0.0063573790	-0.0029265781	-0.0062063358	-0.0044130065	-0.0043841752	-0.0055457709	-0.0069617423	-0.0046342298	-0.0056713864	-0.0039938798	-0.0049231303	-0.0062288260	-0.0054006144	-0.0043114097	-0.0055970858	-0.0056495341	-0.0061967155	-0.0065733923	-0.0067925247	-0.0044725680	-0.0050908590	-0.0049590862	-0.0049227608	-0.0071441195	-0.0069441612	-0.0053664009	-0.0055181342	-0.0058621424	-0.0055752882	-0.0058751111	-0.0058420615	-0.0061870230	-0.0055907474	-0.0044318222	-0.0064363412	-0.0054850938	-0.0056825359	-0.0049881350	-0.0060299332	-0.0003125767	-0.0045586993	0.0081348371	-0.0059131325	-0.0024758842	-0.0055912268	-0.0051974164
