1.0000000000	0.9348162425	0.9347953810	0.9351403858	0.9349693619	0.9351671210	0.9352486631	0.9346479731	0.9350689301	0.9348386028	0.9346622319	0.9351217927	0.9349924919	0.9350126243	0.9351133266	0.9351906560	0.9348083030	0.9347879275	0.9349393457	0.9348832019	0.9348848627	0.9348211439	0.9357951537	0.9353086147	0.9354564276	0.9351225219	0.9348520109	0.9356842029	0.9350139610	0.9352590736	0.9351785847	0.9346826883	0.9353048474	0.9354895225	0.9354660684	0.9350109229	0.9354028763	0.9349340391	0.9354402650	0.9352308802	0.9351569130	0.9351639208	0.9354064005	0.9350643527	0.9347664989	0.9357768847	0.9349569260	0.9349967857	0.9351444771	0.9352072642	0.9348803663	0.9352008640	0.9352654334	0.9350426810	0.9366470730	0.9349344847	0.9350556840	0.9352669322	0.9350251412	0.9352501214	0.9350628539	0.9350070747	0.9347553593	0.9352758034	0.9356150966	0.9352859708	0.9349444902	0.9351962461	0.9352751552	0.9352356196	0.9353141642	0.9351913446	0.9357272222	0.9347660128	0.9354164059	0.9348454486	0.9346672143	0.9349516195	0.9351800835	0.9352039830	0.9355350127	0.9355218072	0.9352135429	0.9356067520	0.9352300701	0.9351522141	0.9358222534	0.9352763300	0.9359650434	0.9348464208	0.9348672823	0.9353440590	0.9352517417	0.9358356615	0.9349140283	0.9347091399	0.9347820539	0.9349907500	0.9347965962
0.9348162425	1.0000000000	0.9348253567	0.9350532941	0.9350180523	0.9346458667	0.9350061835	0.9349461915	0.9353239671	0.9349402773	0.9353895087	0.9352344044	0.9352956522	0.9347173225	0.9349110307	0.9347122590	0.9348283138	0.9351896838	0.9350831483	0.9346254913	0.9350399265	0.9352155278	0.9355718748	0.9349344037	0.9353189442	0.9356671086	0.9349736153	0.9352587091	0.9353229544	0.9351202129	0.9347041574	0.9350739936	0.9356212133	0.9353638673	0.9354078182	0.9348569933	0.9353275318	0.9354578859	0.9353716448	0.9355414940	0.9350554005	0.9352247635	0.9355941946	0.9348072093	0.9347603417	0.9347512275	0.9354744536	0.9351068859	0.9351760732	0.9352511746	0.9350864700	0.9354601138	0.9351267347	0.9348658240	0.9351434239	0.9348784219	0.9348903312	0.9354847830	0.9351992436	0.9353219012	0.9352652308	0.9349795294	0.9351207395	0.9349927349	0.9354581694	0.9354851071	0.9353728195	0.9350957057	0.9354530654	0.9361125323	0.9356875650	0.9355459498	0.9359112896	0.9348743307	0.9354608024	0.9349073445	0.9347200365	0.9350426000	0.9353174049	0.9352535646	0.9356383076	0.9351258840	0.9351847013	0.9356573057	0.9352427085	0.9350218600	0.9355586287	0.9351743313	0.9353869162	0.9350116926	0.9348380357	0.9355628010	0.9353984609	0.9362813282	0.9346898582	0.9343445698	0.9351774910	0.9349169449	0.9349492296
0.9347953810	0.9348253567	1.0000000000	0.9346967850	0.9347504983	0.9348820676	0.9349135422	0.9347039144	0.9350658920	0.9351043744	0.9347615975	0.9349026861	0.9351207801	0.9349920868	0.9349015114	0.9348293670	0.9348179843	0.9346807034	0.9349704962	0.9349159727	0.9352410477	0.9348310683	0.9357452076	0.9348539147	0.9349440446	0.9349259376	0.9347287457	0.9351082226	0.9351804885	0.9350821761	0.9352101402	0.9350273691	0.9351637588	0.9351752225	0.9352298675	0.9351523356	0.9350922221	0.9352096946	0.9353841617	0.9349126915	0.9348929237	0.9351343097	0.9355770598	0.9349713063	0.9344639462	0.9347395207	0.9351067644	0.9348989594	0.9350239664	0.9351158381	0.9348585326	0.9351246688	0.9349930185	0.9347742359	0.9351731971	0.9343304731	0.9350820546	0.9352463947	0.9352906697	0.9351990411	0.9353403728	0.9348483247	0.9350197536	0.9351736832	0.9353148934	0.9353104780	0.9352135834	0.9356966388	0.9354732788	0.9360971798	0.9352625978	0.9353929519	0.9356154612	0.9349254110	0.9352980826	0.9349141903	0.9348579655	0.9347705902	0.9350283008	0.9351615714	0.9360685408	0.9352014311	0.9354600328	0.9353703080	0.9346711031	0.9351101265	0.9355171083	0.9352161759	0.9352898191	0.9346102199	0.9349954084	0.9355868222	0.9354045776	0.9360402664	0.9347056967	0.9344779619	0.9350128268	0.9350239259	0.9348321215
0.9351403858	0.9350532941	0.9346967850	1.0000000000	0.9348049813	0.9348381167	0.9346975952	0.9352069806	0.9349463535	0.9350705504	0.9352098972	0.9354382396	0.9352967054	0.9350900751	0.9350280172	0.9350371315	0.9351875369	0.9350859839	0.9349844713	0.9349440446	0.9352691196	0.9351750200	0.9353912101	0.9348720217	0.9349687138	0.9350275716	0.9350039961	0.9352053198	0.9352745881	0.9353972862	0.9355649480	0.9352748312	0.9357290450	0.9352124492	0.9357585347	0.9351361730	0.9352830543	0.9349828915	0.9353206860	0.9352328246	0.9350451925	0.9349231425	0.9353871188	0.9350567372	0.9347319053	0.9351369427	0.9352704563	0.9352069401	0.9351151495	0.9354506350	0.9350939234	0.9353634622	0.9350137990	0.9349858081	0.9353522011	0.9347414246	0.9349787192	0.9355556717	0.9349126105	0.9350829863	0.9353013638	0.9352641371	0.9349356189	0.9351393731	0.9355782345	0.9354678508	0.9347453539	0.9351777745	0.9357628690	0.9355958149	0.9354467867	0.9355485423	0.9360157997	0.9348028749	0.9352754388	0.9351198484	0.9347278950	0.9350080064	0.9351608017	0.9354843780	0.9357744137	0.9352999055	0.9353947747	0.9357614107	0.9354382801	0.9355240756	0.9360482869	0.9354108968	0.9357130849	0.9354943024	0.9352661220	0.9357684186	0.9354017826	0.9357729555	0.9351417631	0.9346792451	0.9350062240	0.9353364435	0.9350591677
0.9349693619	0.9350180523	0.9347504983	0.9348049813	1.0000000000	0.9348523754	0.9349019165	0.9347575872	0.9349926134	0.9346196177	0.9350110850	0.9349399128	0.9349237907	0.9349332290	0.9351005262	0.9349379684	0.9347043600	0.9348936529	0.9350586816	0.9348715356	0.9352776262	0.9349862537	0.9355168652	0.9349681872	0.9350208068	0.9351774504	0.9347573037	0.9353780450	0.9351267347	0.9352260193	0.9351483659	0.9351637588	0.9355029305	0.9354187148	0.9350895891	0.9350280172	0.9351099240	0.9353818933	0.9352859303	0.9350337693	0.9349752761	0.9351476367	0.9353346207	0.9349293807	0.9349777065	0.9349777470	0.9350616792	0.9349973528	0.9351796379	0.9351085062	0.9350150952	0.9352288953	0.9354145830	0.9349248034	0.9351206585	0.9349992162	0.9351602751	0.9354609645	0.9350853357	0.9349794484	0.9348740876	0.9352193355	0.9345969738	0.9348476360	0.9353846883	0.9352714690	0.9346516188	0.9349749925	0.9352837429	0.9357243056	0.9351660678	0.9354784638	0.9359327587	0.9351731161	0.9353312585	0.9350628134	0.9344382643	0.9347076816	0.9354307457	0.9354953151	0.9355572920	0.9353507833	0.9351218333	0.9351788277	0.9350619627	0.9354454905	0.9355336759	0.9352341208	0.9351843773	0.9350130698	0.9350945310	0.9355348507	0.9355746698	0.9356144080	0.9349831346	0.9346291775	0.9350320680	0.9349979604	0.9348248706
0.9351671210	0.9346458667	0.9348820676	0.9348381167	0.9348523754	1.0000000000	0.9350193891	0.9346192936	0.9347246949	0.9348142171	0.9349632858	0.9350774772	0.9353522821	0.9356410621	0.9349147574	0.9349466371	0.9347408170	0.9349497157	0.9349143118	0.9350942474	0.9349568855	0.9349502828	0.9356183777	0.9350809609	0.9350008770	0.9353701055	0.9348955162	0.9355168247	0.9354124766	0.9350610716	0.9356402114	0.9350306502	0.9353622875	0.9356560905	0.9352641776	0.9348324456	0.9351607207	0.9354288013	0.9350832293	0.9354563466	0.9354590201	0.9350213334	0.9354460981	0.9351025921	0.9348420865	0.9354349990	0.9352909533	0.9353834731	0.9353483933	0.9351863622	0.9350240880	0.9351240612	0.9357177433	0.9350980957	0.9437702868	0.9349873879	0.9353863086	0.9353332839	0.9348754244	0.9354154742	0.9351966106	0.9350971640	0.9348181464	0.9349732102	0.9357303818	0.9350815685	0.9355056041	0.9352187684	0.9360644900	0.9358508519	0.9353615584	0.9352965028	0.9359287079	0.9352017956	0.9355671759	0.9353793413	0.9347130691	0.9348630695	0.9352051983	0.9352265864	0.9353984204	0.9353424387	0.9358102226	0.9354091550	0.9348408712	0.9351998513	0.9357558207	0.9354534300	0.9354614506	0.9352769376	0.9348287189	0.9355897792	0.9359480706	0.9362239692	0.9350269640	0.9345753832	0.9351430593	0.9351028756	0.9349319732
0.9352486631	0.9350061835	0.9349135422	0.9346975952	0.9349019165	0.9350193891	1.0000000000	0.9350590867	0.9351367806	0.9349288136	0.9352307587	0.9351544015	0.9349447332	0.9351403453	0.9347963532	0.9350933968	0.9351191192	0.9352689575	0.9350594513	0.9352444908	0.9351295702	0.9346982838	0.9356461256	0.9351916687	0.9353785311	0.9351026326	0.9371273739	0.9358191343	0.9350868345	0.9359496909	0.9353004726	0.9355500816	0.9352779098	0.9353037942	0.9359154214	0.9347423158	0.9351896028	0.9350346200	0.9353819743	0.9351322438	0.9372787515	0.9352042261	0.9352820821	0.9349841068	0.9348751003	0.9350884548	0.9354671217	0.9351372262	0.9375140613	0.9348803258	0.9352235078	0.9350320680	0.9350214550	0.9350502560	0.9353272888	0.9376850852	0.9350768696	0.9352415338	0.9354350395	0.9352026058	0.9353017283	0.9354141375	0.9347646356	0.9352209963	0.9355076294	0.9352383742	0.9352043476	0.9353822983	0.9355699304	0.9357574815	0.9355431548	0.9357780999	0.9360447627	0.9351677286	0.9353534973	0.9352036590	0.9343148371	0.9346569254	0.9351480418	0.9352748312	0.9359688916	0.9352570888	0.9355161766	0.9351112202	0.9351067238	0.9355652720	0.9356548347	0.9351945447	0.9360480439	0.9348101663	0.9346234659	0.9356110458	0.9356478674	0.9361928187	0.9352352956	0.9343425039	0.9350256273	0.9352843100	0.9349303124
0.9346479731	0.9349461915	0.9347039144	0.9352069806	0.9347575872	0.9346192936	0.9350590867	1.0000000000	0.9353127870	0.9353900758	0.9350430861	0.9350578715	0.9353925468	0.9350942880	0.9354251556	0.9347520376	0.9491517061	0.9349605717	0.9349841473	0.9351215497	0.9351920738	0.9348969745	0.9356427634	0.9349514170	0.9353295572	0.9352945180	0.9349156081	0.9352744261	0.9349929780	0.9354726307	0.9351861191	0.9353309750	0.9352442478	0.9358571712	0.9352068186	0.9350337693	0.9356397658	0.9352211584	0.9355564413	0.9350225082	0.9354524578	0.9391997119	0.9352883608	0.9353783691	0.9349905880	0.9353694574	0.9352989738	0.9352514987	0.9355058066	0.9355409674	0.9351147444	0.9354145830	0.9349455028	0.9353814882	0.9353398867	0.9348221161	0.9351763162	0.9353446261	0.9352165810	0.9351553332	0.9355737382	0.9346597609	0.9346596799	0.9352140695	0.9357208219	0.9355611807	0.9349994997	0.9354880642	0.9358085618	0.9358741844	0.9357920751	0.9355296657	0.9361517438	0.9351657437	0.9355145158	0.9353371322	0.9345524153	0.9348599909	0.9352551039	0.9352747907	0.9355947212	0.9352286928	0.9351283955	0.9353376182	0.9354906972	0.9354348774	0.9357027555	0.9353686067	0.9357293691	0.9350057784	0.9352055223	0.9359927507	0.9356325150	0.9360861617	0.9353383879	0.9352900216	0.9349296643	0.9352238319	0.9348930048
0.9350689301	0.9353239671	0.9350658920	0.9349463535	0.9349926134	0.9347246949	0.9351367806	0.9353127870	1.0000000000	0.9350413848	0.9351822709	0.9352028893	0.9351588169	0.9350794621	0.9350287464	0.9354212263	0.9351019034	0.9351640019	0.9355293011	0.9351621385	0.9356105192	0.9349175525	0.9358653942	0.9352004589	0.9352603699	0.9351885496	0.9351942207	0.9354454500	0.9353325143	0.9354821095	0.9356897120	0.9351943017	0.9358296664	0.9354435056	0.9355453017	0.9351701996	0.9352288548	0.9355121663	0.9353680801	0.9352771401	0.9352346880	0.9351392921	0.9356952210	0.9353740753	0.9350573449	0.9351292462	0.9352578989	0.9355617073	0.9354891984	0.9354260873	0.9350440988	0.9356722936	0.9352105858	0.9351948283	0.9352010260	0.9390389770	0.9351431809	0.9352003373	0.9355412104	0.9354904136	0.9354380371	0.9350312173	0.9347445842	0.9351242232	0.9355851208	0.9353712802	0.9351946663	0.9361185274	0.9357682160	0.9358576572	0.9356078457	0.9352278016	0.9362095079	0.9352814339	0.9354345534	0.9353415070	0.9346456642	0.9349647440	0.9354259657	0.9352295030	0.9361100613	0.9355475701	0.9352628814	0.9358984081	0.9352293409	0.9351392516	0.9363738075	0.9354487311	0.9356632604	0.9351307855	0.9350528890	0.9358412516	0.9354811779	0.9362140853	0.9352875101	0.9347525642	0.9349076281	0.9355263440	0.9350772342
0.9348386028	0.9349402773	0.9351043744	0.9350705504	0.9346196177	0.9348142171	0.9349288136	0.9353900758	0.9350413848	1.0000000000	0.9350989058	0.9352036185	0.9350738315	0.9348715761	0.9351712528	0.9349357810	0.9349031722	0.9350097482	0.9349506878	0.9349067774	0.9352676613	0.9352263028	0.9352965028	0.9352473669	0.9352647447	0.9351810151	0.9351877394	0.9353995952	0.9349840663	0.9354055498	0.9358554698	0.9351780986	0.9352390628	0.9355239541	0.9351287196	0.9347144059	0.9349773825	0.9353905619	0.9351540369	0.9353074399	0.9353007967	0.9352753173	0.9353947342	0.9351755061	0.9351864837	0.9354763169	0.9353065893	0.9353128275	0.9354780182	0.9353312180	0.9348520919	0.9352520658	0.9355047534	0.9348627454	0.9351260866	0.9346487428	0.9351644069	0.9354215099	0.9353547125	0.9352535241	0.9355529171	0.9351347552	0.9351640019	0.9350492838	0.9355519045	0.9355653935	0.9350828648	0.9358201470	0.9357449646	0.9358220104	0.9357002845	0.9355368761	0.9360628697	0.9350634210	0.9354525388	0.9350530105	0.9348003229	0.9348526995	0.9354573188	0.9354347154	0.9357569144	0.9355106270	0.9353568594	0.9354136109	0.9349769774	0.9356316643	0.9358270334	0.9353942076	0.9357411974	0.9353309750	0.9348138930	0.9359220241	0.9356420748	0.9358451403	0.9350118141	0.9347416271	0.9348126778	0.9352318524	0.9348251947
0.9346622319	0.9353895087	0.9347615975	0.9352098972	0.9350110850	0.9349632858	0.9352307587	0.9350430861	0.9351822709	0.9350989058	1.0000000000	0.9351244663	0.9354990013	0.9353746019	0.9350985818	0.9349681062	0.9349078711	0.9351421277	0.9349961376	0.9352233863	0.9353370106	0.9350782874	0.9357168927	0.9349881981	0.9352376855	0.9352759654	0.9354337027	0.9355289770	0.9355594389	0.9353639078	0.9356367278	0.9355020799	0.9354346344	0.9352978396	0.9353355524	0.9351373882	0.9352598028	0.9354245885	0.9358297879	0.9350698213	0.9352935053	0.9350998375	0.9354993253	0.9353449096	0.9351866457	0.9350584386	0.9357912245	0.9353827439	0.9350362403	0.9354844185	0.9350492838	0.9352795301	0.9354081828	0.9350126243	0.9355306784	0.9345035629	0.9352745071	0.9356801926	0.9350442608	0.9353707536	0.9353467325	0.9356182562	0.9350436127	0.9351205775	0.9356907652	0.9354160008	0.9351124354	0.9353921417	0.9355342431	0.9357103709	0.9356359581	0.9350920195	0.9364579827	0.9352227787	0.9355611807	0.9349993782	0.9350381847	0.9345121910	0.9354044966	0.9352967459	0.9358364717	0.9352803807	0.9353497301	0.9353236026	0.9353012017	0.9355471650	0.9355332709	0.9354225631	0.9358555103	0.9351548471	0.9349858081	0.9361367154	0.9356648402	0.9360833261	0.9349349303	0.9346295016	0.9351656627	0.9350058189	0.9349617060
0.9351217927	0.9352344044	0.9349026861	0.9354382396	0.9349399128	0.9350774772	0.9351544015	0.9350578715	0.9352028893	0.9352036185	0.9351244663	1.0000000000	0.9351788682	0.9353631382	0.9352022412	0.9352089250	0.9348852273	0.9353081691	0.9350238044	0.9362653681	0.9358332716	0.9354534300	0.9357104519	0.9349478118	0.9354385637	0.9353587228	0.9349149195	0.9356773571	0.9351270993	0.9353467730	0.9364265892	0.9352331487	0.9354695926	0.9356865929	0.9354721041	0.9352200646	0.9353045639	0.9353546315	0.9355508107	0.9353419121	0.9353509858	0.9356010404	0.9356737924	0.9356458420	0.9351794758	0.9355313670	0.9354964493	0.9356775191	0.9354607214	0.9352687145	0.9349862132	0.9353349852	0.9355653125	0.9352913584	0.9354590201	0.9347762208	0.9351231295	0.9355631656	0.9353717663	0.9354398194	0.9354650558	0.9353571025	0.9351198889	0.9353837566	0.9359017702	0.9357334604	0.9353950583	0.9355670139	0.9357108165	0.9361889705	0.9353636242	0.9355715912	0.9363014201	0.9352951661	0.9354689445	0.9355116802	0.9348403041	0.9352360247	0.9351971372	0.9356955451	0.9358689994	0.9357711326	0.9354223605	0.9357279108	0.9349395887	0.9355357824	0.9357408733	0.9354576833	0.9358506899	0.9352917229	0.9355968681	0.9359429667	0.9367410916	0.9359321916	0.9352729678	0.9349937881	0.9351306234	0.9351406694	0.9348172147
0.9349924919	0.9352956522	0.9351207801	0.9352967054	0.9349237907	0.9353522821	0.9349447332	0.9353925468	0.9351588169	0.9350738315	0.9354990013	0.9351788682	1.0000000000	0.9356649212	0.9351203345	0.9350699023	0.9355191742	0.9352610180	0.9352747097	0.9348721432	0.9351477177	0.9352257762	0.9359029450	0.9352718741	0.9354408321	0.9354466247	0.9355119233	0.9355332304	0.9353953418	0.9353815287	0.9356371734	0.9353189442	0.9357531472	0.9357644488	0.9353769108	0.9350145281	0.9348328102	0.9353257090	0.9356652858	0.9354726712	0.9353747234	0.9352349310	0.9353138402	0.9356286667	0.9349757217	0.9349295833	0.9354684989	0.9354713345	0.9356391987	0.9353012828	0.9351118683	0.9354903731	0.9353105996	0.9356012429	0.9357719023	0.9349882386	0.9352406831	0.9353218202	0.9355064142	0.9352083579	0.9356257907	0.9352352551	0.9351263701	0.9357712541	0.9358389021	0.9354945454	0.9354555769	0.9360008523	0.9357519724	0.9357916701	0.9357934929	0.9357395365	0.9366128440	0.9352401565	0.9354895225	0.9353699840	0.9349880765	0.9351422087	0.9354098841	0.9358383755	0.9360162858	0.9359160695	0.9354798816	0.9359952622	0.9354597897	0.9355108296	0.9357981513	0.9354977050	0.9358164203	0.9353839997	0.9354541997	0.9357784240	0.9353998787	0.9361115601	0.9350126648	0.9349495536	0.9351837697	0.9354370244	0.9352128948
0.9350126243	0.9347173225	0.9349920868	0.9350900751	0.9349332290	0.9356410621	0.9351403453	0.9350942880	0.9350794621	0.9348715761	0.9353746019	0.9353631382	0.9356649212	1.0000000000	0.9350297996	0.9348993240	0.9351540775	0.9351784226	0.9349280035	0.9353532543	0.9352960978	0.9352330271	0.9360574822	0.9350206043	0.9353460844	0.9353231165	0.9353261140	0.9356343783	0.9352491492	0.9356672301	0.9358822050	0.9352958142	0.9356503789	0.9357446405	0.9355717938	0.9352219685	0.9351095999	0.9351501077	0.9354489337	0.9352191330	0.9361551870	0.9358148000	0.9351229270	0.9350264374	0.9350389543	0.9352850391	0.9360568746	0.9354792335	0.9352342424	0.9356770735	0.9351074530	0.9353052930	0.9352822036	0.9355585072	0.9353592494	0.9350245741	0.9351946258	0.9354683369	0.9353321092	0.9354661090	0.9352213204	0.9353464489	0.9350173637	0.9351846608	0.9360635178	0.9356299630	0.9352845936	0.9356907652	0.9414917237	0.9361134234	0.9354477589	0.9358125721	0.9363564702	0.9351325273	0.9358284511	0.9355997036	0.9346660801	0.9351105721	0.9354369839	0.9356383076	0.9360898074	0.9353010397	0.9389891929	0.9387471589	0.9350625298	0.9354286393	0.9361851222	0.9357111406	0.9359367690	0.9350380226	0.9354625848	0.9357066037	0.9359059425	0.9362789788	0.9350816495	0.9350005529	0.9350386303	0.9351649335	0.9351154735
0.9351133266	0.9349110307	0.9349015114	0.9350280172	0.9351005262	0.9349147574	0.9347963532	0.9354251556	0.9350287464	0.9351712528	0.9350985818	0.9352022412	0.9351203345	0.9350297996	1.0000000000	0.9348413168	0.9347658508	0.9353398057	0.9350626514	0.9350097482	0.9352802997	0.9348769637	0.9359251837	0.9354041320	0.9352725222	0.9350043202	0.9348760725	0.9351371857	0.9354759118	0.9353938836	0.9354094791	0.9351703211	0.9356715240	0.9352767755	0.9351765188	0.9350229942	0.9352648257	0.9353008777	0.9355635707	0.9351061162	0.9356595337	0.9352524709	0.9358413731	0.9352457466	0.9356522422	0.9353946532	0.9351321627	0.9354174186	0.9354467462	0.9352159328	0.9352723197	0.9349557108	0.9352766945	0.9352751147	0.9355656771	0.9347823375	0.9352111529	0.9353666623	0.9353506618	0.9355266276	0.9353592089	0.9353044019	0.9355789637	0.9353936810	0.9354896845	0.9356393608	0.9351603157	0.9360458564	0.9357874978	0.9357573600	0.9355732521	0.9353614773	0.9361453436	0.9354342293	0.9351907775	0.9351187142	0.9345945434	0.9349945578	0.9356231577	0.9352829732	0.9359559697	0.9355559957	0.9355108701	0.9353966786	0.9355445725	0.9357040922	0.9358888482	0.9356831092	0.9361265074	0.9350792596	0.9350539422	0.9359970446	0.9357374301	0.9361297481	0.9355612618	0.9346187265	0.9348720622	0.9352053603	0.9350713200
0.9351906560	0.9347122590	0.9348293670	0.9350371315	0.9349379684	0.9349466371	0.9350933968	0.9347520376	0.9354212263	0.9349357810	0.9349681062	0.9352089250	0.9350699023	0.9348993240	0.9348413168	1.0000000000	0.9350310553	0.9351096809	0.9351749795	0.9346496745	0.9351051035	0.9351317982	0.9357486913	0.9356667440	0.9349833371	0.9354833248	0.9351400618	0.9348944225	0.9353184581	0.9353326763	0.9352376855	0.9352723602	0.9353123414	0.9353991496	0.9353416690	0.9352550634	0.9351749390	0.9353973267	0.9357145432	0.9351634348	0.9351973803	0.9351949903	0.9355182425	0.9352854037	0.9350661350	0.9353863491	0.9351091138	0.9350987438	0.9352639346	0.9350893460	0.9351675260	0.9352316904	0.9352204292	0.9352714285	0.9353815692	0.9348739256	0.9352857278	0.9355034571	0.9355096548	0.9352581015	0.9356253856	0.9349282060	0.9349589109	0.9350539422	0.9354092765	0.9352185253	0.9350233588	0.9352795706	0.9358695260	0.9356893474	0.9355444510	0.9355566034	0.9361112765	0.9350374555	0.9353581962	0.9353349852	0.9345745730	0.9348660266	0.9354223605	0.9353301648	0.9359466124	0.9353404538	0.9352729678	0.9353554822	0.9350982982	0.9356148536	0.9356777622	0.9350907638	0.9358284106	0.9353451932	0.9347183352	0.9356765064	0.9354931277	0.9359185810	0.9351382389	0.9351711312	0.9352292194	0.9347900339	0.9350447874
0.9348083030	0.9348283138	0.9348179843	0.9351875369	0.9347043600	0.9347408170	0.9351191192	0.9491517061	0.9351019034	0.9349031722	0.9349078711	0.9348852273	0.9355191742	0.9351540775	0.9347658508	0.9350310553	1.0000000000	0.9353502567	0.9349597616	0.9347177681	0.9351220763	0.9351004856	0.9353299623	0.9350519573	0.9353546720	0.9351054276	0.9349928970	0.9349997833	0.9349062913	0.9355306379	0.9351421277	0.9349602477	0.9353510263	0.9354816639	0.9352379286	0.9348163235	0.9354743320	0.9349291782	0.9355800979	0.9349281250	0.9356333656	0.9368646809	0.9350652439	0.9352527949	0.9348369015	0.9352644612	0.9353266811	0.9351002426	0.9351669994	0.9352143125	0.9349583033	0.9354048612	0.9348891970	0.9351561839	0.9353206860	0.9348899262	0.9352435592	0.9351420871	0.9350415873	0.9351008097	0.9353875644	0.9348302987	0.9347762613	0.9350377796	0.9357071303	0.9354834868	0.9351224814	0.9356996769	0.9356778027	0.9355959769	0.9357434658	0.9354134893	0.9360409145	0.9351476772	0.9353542669	0.9349941932	0.9346705360	0.9349513765	0.9350297996	0.9351013363	0.9359139226	0.9353132731	0.9350562106	0.9352544152	0.9348286379	0.9353439780	0.9357183915	0.9350768696	0.9354450854	0.9350135559	0.9351572371	0.9353532137	0.9354230897	0.9359898342	0.9351936941	0.9345672816	0.9349743039	0.9351845393	0.9347525237
0.9347879275	0.9351896838	0.9346807034	0.9350859839	0.9348936529	0.9349497157	0.9352689575	0.9349605717	0.9351640019	0.9350097482	0.9351421277	0.9353081691	0.9352610180	0.9351784226	0.9353398057	0.9351096809	0.9353502567	1.0000000000	0.9349759242	0.9345770845	0.9352763705	0.9345984726	0.9354545237	0.9349302314	0.9352843100	0.9352410882	0.9349434369	0.9352503240	0.9359349866	0.9356046456	0.9351674450	0.9353971242	0.9357619778	0.9356815699	0.9354301380	0.9349282465	0.9355387799	0.9350858218	0.9356248590	0.9351785037	0.9352007019	0.9352017956	0.9357035251	0.9355866196	0.9352767755	0.9354471918	0.9350366859	0.9353896708	0.9354165679	0.9353563734	0.9350134344	0.9353048474	0.9351448417	0.9351831215	0.9359022563	0.9349861322	0.9350204017	0.9353273293	0.9351614499	0.9352227787	0.9358210382	0.9351539964	0.9350826217	0.9352777072	0.9357121938	0.9351937346	0.9357393745	0.9355399547	0.9357897257	0.9362985035	0.9352591952	0.9357916296	0.9362236451	0.9354180667	0.9353087767	0.9358770605	0.9348973391	0.9349044279	0.9353354308	0.9354422904	0.9360273849	0.9353227114	0.9357984349	0.9354400624	0.9353025385	0.9354541186	0.9357443570	0.9352911153	0.9354876591	0.9351260461	0.9352197406	0.9358090479	0.9358406845	0.9361843121	0.9352468808	0.9347854971	0.9350785304	0.9350896296	0.9351655817
0.9349393457	0.9350831483	0.9349704962	0.9349844713	0.9350586816	0.9349143118	0.9350594513	0.9349841473	0.9355293011	0.9349506878	0.9349961376	0.9350238044	0.9352747097	0.9349280035	0.9350626514	0.9351749795	0.9349597616	0.9349759242	1.0000000000	0.9348657430	0.9355708621	0.9351996082	0.9431600775	0.9347587214	0.9347760993	0.9372769287	0.9348898046	0.9354247505	0.9353756551	0.9353540644	0.9371778466	0.9351577232	0.9357281944	0.9353102755	0.9352942749	0.9347795829	0.9354031599	0.9354738054	0.9356817319	0.9352643802	0.9350315414	0.9349582628	0.9355986910	0.9363816255	0.9364651121	0.9350238044	0.9351838102	0.9353099514	0.9353094653	0.9352063325	0.9351353629	0.9352972320	0.9351072504	0.9351140963	0.9354280721	0.9349197804	0.9350513497	0.9353332434	0.9360036878	0.9355374432	0.9356414267	0.9352722792	0.9348150273	0.9351699565	0.9354820285	0.9354355661	0.9350647578	0.9354290443	0.9356523233	0.9357751429	0.9372136150	0.9354367813	0.9361712280	0.9350901967	0.9358847165	0.9355675810	0.9349783547	0.9349322973	0.9351027541	0.9356872815	0.9356493662	0.9356276540	0.9355853639	0.9354394953	0.9350867940	0.9356049697	0.9356776001	0.9353132326	0.9360446412	0.9348367394	0.9353371322	0.9360247114	0.9356919399	0.9364241182	0.9352643802	0.9345049401	0.9350928702	0.9350218195	0.9347953405
0.9348832019	0.9346254913	0.9349159727	0.9349440446	0.9348715356	0.9350942474	0.9352444908	0.9351215497	0.9351621385	0.9349067774	0.9352233863	0.9362653681	0.9348721432	0.9353532543	0.9350097482	0.9346496745	0.9347177681	0.9345770845	0.9348657430	1.0000000000	0.9353273293	0.9344591258	0.9355648669	0.9347788943	0.9351917092	0.9352743046	0.9350443824	0.9350331212	0.9351751415	0.9350147712	0.9351318792	0.9348710090	0.9353251418	0.9351147039	0.9351845798	0.9349629212	0.9350994324	0.9351106936	0.9353744398	0.9349041849	0.9350285438	0.9354988798	0.9356840814	0.9349640149	0.9346262204	0.9351772479	0.9351878609	0.9356583994	0.9352889684	0.9351309070	0.9349689569	0.9352264244	0.9350937208	0.9350829863	0.9351768428	0.9351054681	0.9349414116	0.9355043483	0.9355702545	0.9350377391	0.9353783691	0.9355335544	0.9348759510	0.9347898314	0.9353302053	0.9361690001	0.9351046985	0.9351815417	0.9354799221	0.9354995279	0.9355495550	0.9353651635	0.9358752781	0.9349950034	0.9354654608	0.9356139219	0.9346403577	0.9345509570	0.9348253567	0.9352732919	0.9354371054	0.9354087499	0.9350696187	0.9353392791	0.9354217124	0.9350546308	0.9357313945	0.9352427490	0.9355642188	0.9348260454	0.9349968667	0.9360294103	0.9357274247	0.9355332709	0.9351427758	0.9347624076	0.9346582216	0.9351145013	0.9348959618
0.9348848627	0.9350399265	0.9352410477	0.9352691196	0.9352776262	0.9349568855	0.9351295702	0.9351920738	0.9356105192	0.9352676613	0.9353370106	0.9358332716	0.9351477177	0.9352960978	0.9352802997	0.9351051035	0.9351220763	0.9352763705	0.9355708621	0.9353273293	1.0000000000	0.9350341339	0.9360120324	0.9351991626	0.9353289901	0.9355011887	0.9353099109	0.9354943834	0.9352842290	0.9356583994	0.9357565498	0.9352647852	0.9355308809	0.9355710241	0.9356386316	0.9352976371	0.9357908599	0.9354758713	0.9353608697	0.9352073857	0.9352311233	0.9351206585	0.9357502306	0.9351054276	0.9352097352	0.9354213884	0.9359308143	0.9354691065	0.9356101547	0.9354139349	0.9352923305	0.9355357013	0.9354678913	0.9354684989	0.9353268432	0.9348615707	0.9354163654	0.9357537548	0.9353527682	0.9354251961	0.9359079274	0.9353599785	0.9348213060	0.9355059686	0.9358042680	0.9355008241	0.9350443824	0.9355301923	0.9359538227	0.9358454239	0.9358273169	0.9358730097	0.9368058636	0.9352344449	0.9359818946	0.9355126929	0.9347846059	0.9353038753	0.9356072786	0.9356914538	0.9359886999	0.9354945859	0.9358480569	0.9357244676	0.9350566157	0.9355515399	0.9357858774	0.9356327985	0.9364019604	0.9350559271	0.9351045769	0.9358143544	0.9362386735	0.9362997998	0.9352017146	0.9348386028	0.9351683362	0.9348599909	0.9349888462
0.9348211439	0.9352155278	0.9348310683	0.9351750200	0.9349862537	0.9349502828	0.9346982838	0.9348969745	0.9349175525	0.9352263028	0.9350782874	0.9354534300	0.9352257762	0.9352330271	0.9348769637	0.9351317982	0.9351004856	0.9345984726	0.9351996082	0.9344591258	0.9350341339	1.0000000000	0.9356479079	0.9352004184	0.9352023222	0.9351655817	0.9347831881	0.9351787062	0.9351632322	0.9353987850	0.9354740890	0.9349610173	0.9355262225	0.9350015251	0.9351955169	0.9348530641	0.9348955162	0.9352556305	0.9354501894	0.9349795294	0.9351024300	0.9352261003	0.9353489199	0.9352306372	0.9348659455	0.9354059549	0.9350046847	0.9351484874	0.9350145686	0.9349709012	0.9346705765	0.9352527544	0.9354177021	0.9351667564	0.9358411706	0.9346495124	0.9353335270	0.9355080750	0.9351413580	0.9356392798	0.9350182548	0.9352538886	0.9348323646	0.9353142453	0.9356613970	0.9352183633	0.9359314624	0.9355203489	0.9356788964	0.9361444119	0.9353723739	0.9351226839	0.9361435207	0.9347768284	0.9350917360	0.9352191330	0.9346655535	0.9348233314	0.9353769108	0.9352962193	0.9357448025	0.9353098299	0.9353004321	0.9354984747	0.9350420734	0.9355442080	0.9359059020	0.9351645690	0.9355485018	0.9351106531	0.9346429097	0.9356618426	0.9354155147	0.9357908194	0.9348895211	0.9347584379	0.9347946518	0.9349728051	0.9347234797
0.9357951537	0.9355718748	0.9357452076	0.9353912101	0.9355168652	0.9356183777	0.9356461256	0.9356427634	0.9358653942	0.9352965028	0.9357168927	0.9357104519	0.9359029450	0.9360574822	0.9359251837	0.9357486913	0.9353299623	0.9354545237	0.9431600775	0.9355648669	0.9360120324	0.9356479079	1.0000000000	0.9355613023	0.9359256698	0.9373967102	0.9355242781	0.9360073740	0.9364564434	0.9359150568	0.9362637073	0.9357913865	0.9360919948	0.9360170149	0.9359997181	0.9356025797	0.9357773303	0.9357980703	0.9363913069	0.9357201333	0.9360706877	0.9359604660	0.9361345685	0.9363768861	0.9363308287	0.9359530126	0.9359969230	0.9361625999	0.9359547949	0.9355012697	0.9358701336	0.9356896309	0.9359448300	0.9358313677	0.9360670825	0.9353678371	0.9360475578	0.9359940470	0.9365310587	0.9359307333	0.9360967747	0.9358496367	0.9356194714	0.9360031612	0.9360128021	0.9358002577	0.9358065769	0.9358103442	0.9364088872	0.9363272235	0.9363636400	0.9361414143	0.9366719448	0.9358587510	0.9361093321	0.9359394020	0.9355463144	0.9357578866	0.9357885915	0.9358868634	0.9364357439	0.9356428444	0.9359022563	0.9361276012	0.9361022028	0.9359916975	0.9366165302	0.9358781137	0.9364751985	0.9355899818	0.9354736839	0.9363810584	0.9362261161	0.9365827062	0.9356363632	0.9351782201	0.9360941012	0.9356033899	0.9352681069
0.9353086147	0.9349344037	0.9348539147	0.9348720217	0.9349681872	0.9350809609	0.9351916687	0.9349514170	0.9352004589	0.9352473669	0.9349881981	0.9349478118	0.9352718741	0.9350206043	0.9354041320	0.9356667440	0.9350519573	0.9349302314	0.9347587214	0.9347788943	0.9351991626	0.9352004184	0.9355613023	1.0000000000	0.9354622202	0.9355003380	0.9349924514	0.9355576971	0.9353182150	0.9352215229	0.9353733056	0.9349051976	0.9352736159	0.9352943964	0.9353161491	0.9351491760	0.9352741830	0.9353423982	0.9353507023	0.9352260598	0.9353368891	0.9350737910	0.9354347154	0.9353010397	0.9349901424	0.9349583438	0.9355034976	0.9351845393	0.9351863217	0.9356775191	0.9350990679	0.9352211584	0.9351640424	0.9353492845	0.9351634753	0.9348667962	0.9353077640	0.9354747776	0.9350498914	0.9354229682	0.9351017819	0.9349750330	0.9347963937	0.9352440858	0.9358467607	0.9354166895	0.9351192813	0.9355074674	0.9354517287	0.9360558619	0.9353653256	0.9357703225	0.9356498118	0.9354715370	0.9355352152	0.9354928036	0.9343883992	0.9347785297	0.9348567098	0.9349298668	0.9358341627	0.9354496628	0.9350882523	0.9354948290	0.9350720492	0.9357850673	0.9359330422	0.9353379423	0.9358126936	0.9352555090	0.9352315689	0.9355717533	0.9354642051	0.9358527153	0.9351870913	0.9350846876	0.9348876577	0.9351729136	0.9349088433
0.9354564276	0.9353189442	0.9349440446	0.9349687138	0.9350208068	0.9350008770	0.9353785311	0.9353295572	0.9352603699	0.9352647447	0.9352376855	0.9354385637	0.9354408321	0.9353460844	0.9352725222	0.9349833371	0.9353546720	0.9352843100	0.9347760993	0.9351917092	0.9353289901	0.9352023222	0.9359256698	0.9354622202	1.0000000000	0.9355254934	0.9352911963	0.9356731038	0.9354999735	0.9355725229	0.9355227388	0.9352753173	0.9354262898	0.9357017833	0.9355015533	0.9350983387	0.9356031468	0.9354825956	0.9356451534	0.9356040380	0.9354229682	0.9357550915	0.9361014331	0.9351354034	0.9353456793	0.9353384284	0.9356003518	0.9355877133	0.9353802324	0.9353318661	0.9353606267	0.9354819070	0.9352686740	0.9352999865	0.9356918184	0.9348635151	0.9354172566	0.9353389550	0.9355695658	0.9359423185	0.9353575886	0.9350692136	0.9351056706	0.9356586830	0.9357939790	0.9356723341	0.9354450044	0.9353358359	0.9357223612	0.9358855266	0.9357928043	0.9356925070	0.9361451005	0.9353976913	0.9355877538	0.9354834463	0.9350062645	0.9352495948	0.9356052532	0.9354008509	0.9359088186	0.9357803279	0.9358716324	0.9353838781	0.9354035244	0.9358650702	0.9358961396	0.9356101141	0.9357814621	0.9353434514	0.9350033885	0.9359075223	0.9357409138	0.9361646658	0.9352956927	0.9351325273	0.9352464352	0.9355762496	0.9348317570
0.9351225219	0.9356671086	0.9349259376	0.9350275716	0.9351774504	0.9353701055	0.9351026326	0.9352945180	0.9351885496	0.9351810151	0.9352759654	0.9353587228	0.9354466247	0.9353231165	0.9350043202	0.9354833248	0.9351054276	0.9352410882	0.9372769287	0.9352743046	0.9355011887	0.9351655817	0.9373967102	0.9355003380	0.9355254934	1.0000000000	0.9353673105	0.9355081965	0.9357967740	0.9355410484	0.9354544832	0.9355034166	0.9356984616	0.9355848373	0.9355299492	0.9352474479	0.9351411555	0.9354731573	0.9356857017	0.9353423172	0.9355932224	0.9352371184	0.9354417638	0.9361629645	0.9354899275	0.9356112484	0.9354569947	0.9355972327	0.9353130300	0.9355442485	0.9355612618	0.9356567791	0.9354092765	0.9351051035	0.9357027960	0.9350288274	0.9355760066	0.9357211460	0.9354791120	0.9355874298	0.9358646246	0.9350634210	0.9352435187	0.9353050095	0.9356027417	0.9354260873	0.9356210918	0.9356715240	0.9358869444	0.9362016899	0.9368524475	0.9356065900	0.9364986930	0.9353962735	0.9357482862	0.9353433298	0.9348429776	0.9354858768	0.9353229544	0.9356496092	0.9358997853	0.9358230636	0.9361211199	0.9358118429	0.9353445046	0.9358407250	0.9358585889	0.9355167437	0.9366627901	0.9353707131	0.9354538756	0.9360409145	0.9363677718	0.9366343536	0.9354269784	0.9348656215	0.9352214419	0.9352724007	0.9348348761
0.9348520109	0.9349736153	0.9347287457	0.9350039961	0.9347573037	0.9348955162	0.9371273739	0.9349156081	0.9351942207	0.9351877394	0.9354337027	0.9349149195	0.9355119233	0.9353261140	0.9348760725	0.9351400618	0.9349928970	0.9349434369	0.9348898046	0.9350443824	0.9353099109	0.9347831881	0.9355242781	0.9349924514	0.9352911963	0.9353673105	1.0000000000	0.9367197845	0.9350941259	0.9373841528	0.9353822983	0.9351121114	0.9355975972	0.9355092498	0.9355563603	0.9351245473	0.9351056706	0.9354216314	0.9355624770	0.9350263564	0.9367593606	0.9352766540	0.9351062783	0.9349282870	0.9348439093	0.9351185116	0.9352653118	0.9351534293	0.9390031276	0.9351413580	0.9351655006	0.9354808943	0.9355214021	0.9348079384	0.9357033631	0.9350494053	0.9351723060	0.9351357274	0.9352750337	0.9349074660	0.9353338915	0.9351873749	0.9352207533	0.9354141375	0.9356833522	0.9356559285	0.9353661357	0.9355243186	0.9354575618	0.9359537822	0.9354898465	0.9354759929	0.9363174612	0.9350699428	0.9355944376	0.9349066559	0.9345173760	0.9349411280	0.9352722387	0.9352233863	0.9357476381	0.9356589260	0.9355596819	0.9357814621	0.9349766128	0.9353887391	0.9357425746	0.9354082638	0.9358861747	0.9352475694	0.9349963806	0.9358330285	0.9356007974	0.9358788833	0.9352433161	0.9349287326	0.9349613819	0.9351879015	0.9347919378
0.9356842029	0.9352587091	0.9351082226	0.9352053198	0.9353780450	0.9355168247	0.9358191343	0.9352744261	0.9354454500	0.9353995952	0.9355289770	0.9356773571	0.9355332304	0.9356343783	0.9351371857	0.9348944225	0.9349997833	0.9352503240	0.9354247505	0.9350331212	0.9354943834	0.9351787062	0.9360073740	0.9355576971	0.9356731038	0.9355081965	0.9367197845	1.0000000000	0.9355364710	0.9364532838	0.9356154612	0.9352395489	0.9360511225	0.9356069545	0.9357429392	0.9353658117	0.9356735899	0.9359109655	0.9359468959	0.9358856886	0.9370751594	0.9355120853	0.9355357418	0.9352012285	0.9353867947	0.9354882667	0.9358477328	0.9356759798	0.9380537060	0.9355382533	0.9351056301	0.9355478942	0.9358744680	0.9352029704	0.9361491108	0.9351482443	0.9355619909	0.9356617616	0.9354672837	0.9351073315	0.9356914133	0.9353613153	0.9354674457	0.9356955046	0.9355159740	0.9358101011	0.9355728065	0.9357065227	0.9358121670	0.9356794635	0.9356339732	0.9353871998	0.9364961815	0.9353655686	0.9358276005	0.9357068467	0.9346616648	0.9349635693	0.9355802599	0.9354886313	0.9358246839	0.9355057256	0.9356614375	0.9357189991	0.9353182555	0.9355805030	0.9362308555	0.9353694574	0.9357659476	0.9353231570	0.9352901431	0.9358688374	0.9366605621	0.9362268452	0.9374987898	0.9349345657	0.9359073198	0.9353244127	0.9351441125
0.9350139610	0.9353229544	0.9351804885	0.9352745881	0.9351267347	0.9354124766	0.9350868345	0.9349929780	0.9353325143	0.9349840663	0.9355594389	0.9351270993	0.9353953418	0.9352491492	0.9354759118	0.9353184581	0.9349062913	0.9359349866	0.9353756551	0.9351751415	0.9352842290	0.9351632322	0.9364564434	0.9353182150	0.9354999735	0.9357967740	0.9350941259	0.9355364710	1.0000000000	0.9355834195	0.9355514589	0.9355009862	0.9355922502	0.9353210506	0.9356698631	0.9351326488	0.9355867412	0.9355941946	0.9359821377	0.9355522285	0.9355504462	0.9355741432	0.9357346351	0.9356671491	0.9352015931	0.9352560761	0.9357992855	0.9352017146	0.9353241292	0.9356044431	0.9351334185	0.9352094921	0.9351280715	0.9351692679	0.9356639895	0.9348817841	0.9354662305	0.9355387799	0.9357953968	0.9358734958	0.9356778837	0.9354411967	0.9352096541	0.9352650688	0.9353971242	0.9355705380	0.9353961925	0.9355030926	0.9363481661	0.9359727399	0.9358037819	0.9354416423	0.9362852980	0.9353756956	0.9357371871	0.9354872135	0.9350602614	0.9350272476	0.9353718878	0.9354854717	0.9360896859	0.9355664873	0.9357892801	0.9356434926	0.9349523082	0.9359523645	0.9361719572	0.9357504736	0.9360290862	0.9351665539	0.9348622188	0.9359599799	0.9359747653	0.9361358647	0.9354183908	0.9348401826	0.9354361332	0.9353232785	0.9351936131
0.9352590736	0.9351202129	0.9350821761	0.9353972862	0.9352260193	0.9350610716	0.9359496909	0.9354726307	0.9354821095	0.9354055498	0.9353639078	0.9353467730	0.9353815287	0.9356672301	0.9353938836	0.9353326763	0.9355306379	0.9356046456	0.9353540644	0.9350147712	0.9356583994	0.9353987850	0.9359150568	0.9352215229	0.9355725229	0.9355410484	0.9373841528	0.9364532838	0.9355834195	1.0000000000	0.9359792616	0.9358019185	0.9358878356	0.9356764254	0.9357052264	0.9352509721	0.9353762222	0.9354928846	0.9355954098	0.9354070081	0.9393286482	0.9358235497	0.9356103167	0.9353207670	0.9352133809	0.9355566844	0.9362490435	0.9354283557	0.9374070802	0.9354271405	0.9356608704	0.9358421833	0.9356778837	0.9355136246	0.9357716187	0.9351127190	0.9354448019	0.9356852966	0.9355884425	0.9355719153	0.9355346076	0.9354623822	0.9351344312	0.9354290038	0.9358647866	0.9356154612	0.9354767625	0.9355085611	0.9360496642	0.9358595206	0.9359594533	0.9355350937	0.9366062412	0.9351093569	0.9356653668	0.9364561193	0.9349842283	0.9353646369	0.9356701467	0.9358013109	0.9382961046	0.9357034441	0.9392671574	0.9407130829	0.9356663390	0.9355756015	0.9362351088	0.9355013102	0.9359659346	0.9353445856	0.9351734402	0.9360117084	0.9358351349	0.9361333128	0.9356136788	0.9350277742	0.9351674450	0.9354104918	0.9355111536
0.9351785847	0.9347041574	0.9352101402	0.9355649480	0.9351483659	0.9356402114	0.9353004726	0.9351861191	0.9356897120	0.9358554698	0.9356367278	0.9364265892	0.9356371734	0.9358822050	0.9354094791	0.9352376855	0.9351421277	0.9351674450	0.9371778466	0.9351318792	0.9357565498	0.9354740890	0.9362637073	0.9353733056	0.9355227388	0.9354544832	0.9353822983	0.9356154612	0.9355514589	0.9359792616	1.0000000000	0.9354815424	0.9359432907	0.9355567249	0.9357779379	0.9357223612	0.9356307326	0.9361066181	0.9361245631	0.9351257625	0.9357124773	0.9353432488	0.9357755480	0.9353689308	0.9355891716	0.9353467325	0.9356213753	0.9357055505	0.9354909402	0.9352715500	0.9352461922	0.9356947754	0.9356810838	0.9356705113	0.9355948832	0.9352862949	0.9356913728	0.9359967610	0.9356195120	0.9355550236	0.9359578735	0.9353830275	0.9351778960	0.9354650963	0.9360217543	0.9357385643	0.9354575213	0.9356784103	0.9361157324	0.9360014194	0.9357690262	0.9358804226	0.9365110884	0.9354494197	0.9360656242	0.9356605869	0.9350437342	0.9353865517	0.9355135031	0.9356160688	0.9359700259	0.9356958691	0.9356450724	0.9358670956	0.9352585470	0.9361098587	0.9363196486	0.9356260337	0.9364919282	0.9355935060	0.9355813941	0.9361471259	0.9360243468	0.9362143688	0.9353308129	0.9352600053	0.9356150966	0.9357068873	0.9356246970
