1.0000000000	0.9190069324	0.9190176572	0.9194055860	0.9190305520	0.9194532842	0.9195479712	0.9187928955	0.9192091595	0.9189354059	0.9189749249	0.9193277164	0.9191678878	0.9194007035	0.9193802137	0.9195930821	0.9190081426	0.9189408309	0.9193033040	0.9191878351	0.9190446987	0.9191839958	0.9201741406	0.9194960999	0.9197055881	0.9193290518	0.9190721158	0.9201776460	0.9193077274	0.9196134467	0.9195064491	0.9188158057	0.9194970597	0.9196285115	0.9197882984	0.9194471080	0.9195785598	0.9192740090	0.9199005540	0.9195169235	0.9194328361	0.9195789354	0.9196589332	0.9192094933	0.9190137762	0.9201654189	0.9192199677	0.9192488454	0.9194869191	0.9193934840	0.9189133304	0.9193717423	0.9195180085	0.9192591111	0.9214074920	0.9190800029	0.9193182018	0.9195526867	0.9193222080	0.9195042791	0.9193248370	0.9192628252	0.9189487180	0.9194615886	0.9200849621	0.9195470531	0.9193292605	0.9193634379	0.9196676549	0.9195371629	0.9195546064	0.9193873079	0.9201547776	0.9189513471	0.9196138222	0.9190962779	0.9188857046	0.9192334050	0.9195411691	0.9195306529	0.9198056584	0.9196140726	0.9196190386	0.9199332709	0.9195087026	0.9193872244	0.9200931413	0.9194979778	0.9203244547	0.9191357551	0.9190154037	0.9195463437	0.9193951533	0.9201639166	0.9190890584	0.9188321224	0.9189433765	0.9191642155	0.9190544637
0.9190069324	1.0000000000	0.9191097152	0.9193231261	0.9192165875	0.9188280745	0.9193639387	0.9191844131	0.9195066995	0.9189908243	0.9196925264	0.9195064074	0.9194876286	0.9189527659	0.9191948458	0.9189016875	0.9189557288	0.9194179800	0.9196023463	0.9188741870	0.9192914942	0.9196076461	0.9198585729	0.9191427242	0.9195212218	0.9199665303	0.9193741627	0.9196035148	0.9196106090	0.9194333369	0.9188181426	0.9192457990	0.9200392252	0.9195458012	0.9195844021	0.9193447008	0.9196616874	0.9199063129	0.9196560120	0.9199638595	0.9193790870	0.9195361196	0.9199086498	0.9188883337	0.9189695417	0.9189095746	0.9199044350	0.9192334885	0.9195515183	0.9195702554	0.9192763876	0.9196544262	0.9193777933	0.9190486214	0.9195641627	0.9190805871	0.9191074617	0.9198965479	0.9194638420	0.9196731216	0.9194457726	0.9192496383	0.9194045010	0.9191718939	0.9198491835	0.9198504354	0.9197044196	0.9192974199	0.9197703124	0.9204932137	0.9199778393	0.9198854058	0.9202823901	0.9191800314	0.9197400994	0.9190717402	0.9189390365	0.9192122893	0.9196186213	0.9196540089	0.9197817884	0.9192852346	0.9195989244	0.9200400181	0.9196182874	0.9192700446	0.9198678789	0.9193595152	0.9197152696	0.9193214568	0.9190203280	0.9199638178	0.9196206661	0.9207125921	0.9188000315	0.9182490608	0.9194796997	0.9190459506	0.9192605300
0.9190176572	0.9191097152	1.0000000000	0.9188697218	0.9189785138	0.9190963613	0.9191522388	0.9188228165	0.9191335851	0.9191345032	0.9189422498	0.9191514041	0.9193316809	0.9192556892	0.9190615996	0.9189982941	0.9189589421	0.9187368929	0.9193916479	0.9191965568	0.9194371761	0.9191212746	0.9200831259	0.9189027308	0.9190219137	0.9191239453	0.9188764404	0.9194239475	0.9193964052	0.9193728691	0.9194424759	0.9191344197	0.9193262559	0.9193401105	0.9193126934	0.9195641627	0.9192876549	0.9195417116	0.9196104838	0.9190779581	0.9191060429	0.9194692253	0.9198870750	0.9190785840	0.9185229812	0.9188204795	0.9193141540	0.9190526693	0.9193469960	0.9193526297	0.9188146372	0.9192339058	0.9191569126	0.9188881668	0.9195490144	0.9183419116	0.9192402906	0.9195049885	0.9195832336	0.9195033193	0.9194711866	0.9190105630	0.9191785291	0.9193688212	0.9196738728	0.9196603520	0.9195271058	0.9199448720	0.9196778789	0.9204511909	0.9194977274	0.9196101082	0.9198952542	0.9190542968	0.9194018719	0.9191287026	0.9191646745	0.9188567853	0.9192641188	0.9194806178	0.9203153156	0.9191518214	0.9198041978	0.9195833588	0.9188670927	0.9193184105	0.9197566665	0.9193139036	0.9195829415	0.9188026188	0.9191626714	0.9198899962	0.9195614502	0.9203791219	0.9188661747	0.9185339564	0.9192322783	0.9190796273	0.9189432513
0.9194055860	0.9193231261	0.9188697218	1.0000000000	0.9189654103	0.9190845098	0.9188046219	0.9194109692	0.9191614612	0.9191987685	0.9194234884	0.9197493219	0.9194064623	0.9194794493	0.9193209978	0.9192977538	0.9194144746	0.9192477604	0.9193277999	0.9192480525	0.9194890891	0.9194876703	0.9197183994	0.9191123859	0.9190009649	0.9192388717	0.9193426560	0.9194832051	0.9195648304	0.9198314062	0.9199327284	0.9194636751	0.9199844328	0.9192461329	0.9200626779	0.9194347975	0.9194221113	0.9192461746	0.9195229327	0.9195549402	0.9194126802	0.9192079075	0.9195822738	0.9192922453	0.9188855377	0.9194033742	0.9195416698	0.9194331700	0.9194106771	0.9197466511	0.9193685708	0.9195929569	0.9190593462	0.9191462295	0.9197479865	0.9188853291	0.9193112328	0.9199352323	0.9192147514	0.9193823002	0.9194647601	0.9195862800	0.9191860406	0.9192754278	0.9199276790	0.9197206946	0.9189543100	0.9193186609	0.9201372507	0.9199342307	0.9197687267	0.9197290408	0.9204637101	0.9188640047	0.9195065326	0.9193016347	0.9189491771	0.9193203301	0.9194616720	0.9199948237	0.9200060076	0.9194926780	0.9196912745	0.9200716917	0.9197919290	0.9197702707	0.9204467257	0.9195421706	0.9199796337	0.9198419641	0.9195074506	0.9201968004	0.9196168686	0.9201690495	0.9193247118	0.9187291727	0.9192740925	0.9194782391	0.9192659132
0.9190305520	0.9192165875	0.9189785138	0.9189654103	1.0000000000	0.9190641869	0.9190766644	0.9188776089	0.9190345581	0.9185959683	0.9190878483	0.9190408595	0.9191028713	0.9190878900	0.9192519334	0.9190468270	0.9187914767	0.9189335698	0.9194284127	0.9190413602	0.9193264645	0.9192732996	0.9197300423	0.9190255443	0.9190079339	0.9191860824	0.9188314964	0.9196898974	0.9193877669	0.9195773913	0.9192902005	0.9191706837	0.9197229898	0.9194566644	0.9191718522	0.9193828427	0.9191368819	0.9196000928	0.9194164777	0.9193083534	0.9190950677	0.9194352148	0.9194442703	0.9189551028	0.9191800314	0.9191396778	0.9191256563	0.9191072948	0.9195324056	0.9193005915	0.9190805036	0.9193361878	0.9197183994	0.9187918105	0.9193751225	0.9190714064	0.9193220411	0.9197631765	0.9192838157	0.9191125946	0.9188998514	0.9194075473	0.9187227045	0.9188559924	0.9196650676	0.9194613382	0.9187654784	0.9190159880	0.9195509758	0.9201143822	0.9193360208	0.9194988124	0.9201740572	0.9193841781	0.9193648568	0.9191145559	0.9184399371	0.9187994890	0.9196732051	0.9197939738	0.9195960867	0.9195029020	0.9193583885	0.9193314305	0.9192318610	0.9196628976	0.9196256738	0.9192218039	0.9192588190	0.9191432667	0.9192571915	0.9197365523	0.9197032929	0.9198258143	0.9190762888	0.9185940069	0.9191743143	0.9189393704	0.9189542265
0.9194532842	0.9188280745	0.9190963613	0.9190845098	0.9190641869	1.0000000000	0.9193484149	0.9188095044	0.9189212175	0.9188057903	0.9191863328	0.9194201082	0.9196411141	0.9201746414	0.9191592912	0.9193232512	0.9190554652	0.9192095768	0.9193297612	0.9194444790	0.9192298996	0.9192709627	0.9200496162	0.9192609056	0.9191651753	0.9196613953	0.9192865282	0.9199211690	0.9197739430	0.9194153927	0.9199986212	0.9192517248	0.9195739277	0.9198733039	0.9195211383	0.9192388717	0.9194146415	0.9197948084	0.9194800753	0.9197793263	0.9199794251	0.9193750391	0.9197695196	0.9193417797	0.9191061680	0.9198596162	0.9196838464	0.9197488629	0.9198770179	0.9194848743	0.9192565238	0.9194249073	0.9199647776	0.9193305541	0.9296998869	0.9192251423	0.9198233939	0.9196059351	0.9191368401	0.9198412129	0.9194138904	0.9193387751	0.9190493725	0.9190783337	0.9201676724	0.9192824803	0.9199768378	0.9194149336	0.9206223703	0.9202414105	0.9196696162	0.9196096492	0.9203413139	0.9194044592	0.9198969235	0.9195907869	0.9189649930	0.9191280767	0.9194816611	0.9196250478	0.9196594339	0.9195996338	0.9203767015	0.9197711888	0.9189976682	0.9194201082	0.9201237716	0.9196313492	0.9198480568	0.9196223353	0.9191130536	0.9200008747	0.9203603014	0.9207407186	0.9191878768	0.9186605257	0.9194864601	0.9191935939	0.9191409297
0.9195479712	0.9193639387	0.9191522388	0.9188046219	0.9190766644	0.9193484149	1.0000000000	0.9192471344	0.9194208594	0.9190672333	0.9194578745	0.9193704070	0.9191545757	0.9195153378	0.9190154455	0.9194119290	0.9193257551	0.9195946261	0.9195257704	0.9197010812	0.9194858341	0.9189601105	0.9200136025	0.9194212767	0.9195935411	0.9193739958	0.9217420890	0.9202011404	0.9193043472	0.9205157066	0.9195706727	0.9197067148	0.9195922475	0.9194746503	0.9202979557	0.9191329174	0.9193645229	0.9193131107	0.9196475407	0.9194179800	0.9219116826	0.9196201236	0.9196119026	0.9191869170	0.9192063635	0.9194178965	0.9198301126	0.9193826758	0.9222906810	0.9191833699	0.9194136400	0.9192788915	0.9192767632	0.9192461329	0.9196549270	0.9223696773	0.9194036246	0.9196354388	0.9197220300	0.9195076593	0.9195443823	0.9197442725	0.9189500952	0.9195097041	0.9199572243	0.9195127087	0.9196450368	0.9195731348	0.9199830139	0.9202056473	0.9198778108	0.9200870069	0.9204080413	0.9194671805	0.9195045295	0.9195097041	0.9185550722	0.9188287422	0.9194426428	0.9196764183	0.9202025592	0.9192740925	0.9200232841	0.9193318895	0.9193935675	0.9198638310	0.9199564732	0.9193594735	0.9203616367	0.9190031766	0.9188451841	0.9199795503	0.9199985378	0.9206133147	0.9194120125	0.9184026716	0.9192975451	0.9194269938	0.9190936488
0.9187928955	0.9191844131	0.9188228165	0.9194109692	0.9188776089	0.9188095044	0.9192471344	1.0000000000	0.9193949864	0.9194746086	0.9191517380	0.9193193286	0.9196237124	0.9193755398	0.9196240463	0.9188481470	0.9359455985	0.9190887663	0.9194100094	0.9194347557	0.9193951115	0.9192099941	0.9199507561	0.9190547141	0.9194772793	0.9195441737	0.9190719906	0.9195432139	0.9191224848	0.9198545250	0.9193448260	0.9194962251	0.9193737454	0.9199282632	0.9193811318	0.9193235434	0.9199043515	0.9194353817	0.9197446063	0.9193352697	0.9198375824	0.9241338017	0.9194635917	0.9195498908	0.9191505278	0.9195757221	0.9194766534	0.9194371761	0.9200068422	0.9198255222	0.9193331832	0.9196095657	0.9190653554	0.9194183138	0.9196194559	0.9189546021	0.9194362580	0.9196418653	0.9193760823	0.9194033325	0.9198451774	0.9187955663	0.9188383403	0.9193246701	0.9200886761	0.9198834444	0.9192616150	0.9195632863	0.9200902619	0.9201483093	0.9201541516	0.9197258692	0.9204109625	0.9193801302	0.9197526604	0.9196068532	0.9187469500	0.9189518478	0.9193891441	0.9195761811	0.9196526318	0.9192854432	0.9194716040	0.9195215139	0.9197624671	0.9196326428	0.9199212525	0.9194351730	0.9199272200	0.9191865414	0.9194518653	0.9204265697	0.9198683379	0.9204508988	0.9194724386	0.9193457024	0.9191164338	0.9193006332	0.9190754542
0.9192091595	0.9195066995	0.9191335851	0.9191614612	0.9190345581	0.9189212175	0.9194208594	0.9193949864	1.0000000000	0.9189661197	0.9192723815	0.9192967522	0.9192932469	0.9192390387	0.9192104531	0.9196295547	0.9193097722	0.9193184105	0.9199193328	0.9193733698	0.9197893417	0.9190477033	0.9202133675	0.9193037213	0.9193254212	0.9193040134	0.9193624781	0.9196915666	0.9193971981	0.9198173430	0.9198625791	0.9191811164	0.9198834027	0.9195477208	0.9197101785	0.9195044460	0.9193026363	0.9198328668	0.9195742198	0.9194934709	0.9194840814	0.9193868906	0.9199805935	0.9194693088	0.9192663305	0.9192682919	0.9194151840	0.9198199720	0.9198566533	0.9196599764	0.9191215667	0.9199685751	0.9193843033	0.9193510022	0.9195447162	0.9238278738	0.9192654542	0.9193938596	0.9198199720	0.9197371365	0.9195258122	0.9192159198	0.9189225946	0.9192472596	0.9198551927	0.9195955442	0.9194198161	0.9203066357	0.9200841275	0.9201368334	0.9198599918	0.9193064338	0.9203961481	0.9193406947	0.9195059066	0.9194879624	0.9187832975	0.9189822695	0.9195683775	0.9194246569	0.9203498270	0.9195894515	0.9195077010	0.9201249818	0.9192932886	0.9192688761	0.9207322055	0.9195319466	0.9199145755	0.9192734665	0.9191877516	0.9201202245	0.9195690035	0.9204672989	0.9194108023	0.9187651863	0.9189649930	0.9195670838	0.9192066139
0.9189354059	0.9189908243	0.9191345032	0.9191987685	0.9185959683	0.9188057903	0.9190672333	0.9194746086	0.9189661197	1.0000000000	0.9191673035	0.9191946789	0.9189835215	0.9189677890	0.9193101895	0.9189970005	0.9189177538	0.9190249601	0.9191735214	0.9189942880	0.9192629504	0.9193214568	0.9193154059	0.9191946372	0.9192438794	0.9192283973	0.9193098140	0.9195612833	0.9190372289	0.9196540924	0.9199679074	0.9191795306	0.9192596954	0.9195059066	0.9192074068	0.9188774837	0.9189254740	0.9195683775	0.9192067391	0.9193767083	0.9193383578	0.9194172706	0.9195041956	0.9192662471	0.9192697525	0.9195156716	0.9194243648	0.9194629240	0.9197753619	0.9193311384	0.9188604158	0.9192181733	0.9196536334	0.9188165986	0.9193974067	0.9185081251	0.9192516831	0.9196109428	0.9195028185	0.9193821750	0.9195353268	0.9192549798	0.9192248919	0.9189942045	0.9196205826	0.9197191506	0.9191438092	0.9198350785	0.9200091791	0.9199832643	0.9198886190	0.9195836927	0.9202697040	0.9190769565	0.9194985620	0.9191401786	0.9188178505	0.9189632403	0.9196293043	0.9196448282	0.9198651664	0.9194867105	0.9195179668	0.9194584588	0.9189440025	0.9197232402	0.9199384872	0.9194135148	0.9198871167	0.9193744548	0.9187489113	0.9201015292	0.9197219048	0.9199956583	0.9190455750	0.9186757157	0.9188916304	0.9191538663	0.9188697635
0.9189749249	0.9196925264	0.9189422498	0.9194234884	0.9190878483	0.9191863328	0.9194578745	0.9191517380	0.9192723815	0.9191673035	1.0000000000	0.9193826758	0.9197913030	0.9196605607	0.9192150018	0.9191657178	0.9191115096	0.9192586104	0.9193862229	0.9195216391	0.9195910790	0.9193522958	0.9200270398	0.9190490387	0.9193597656	0.9193984500	0.9197779074	0.9198596162	0.9198630381	0.9197425198	0.9198900796	0.9196761679	0.9196007605	0.9194838311	0.9195500577	0.9194969762	0.9194536597	0.9197767390	0.9201772704	0.9194410988	0.9196092319	0.9193799216	0.9197713974	0.9195482216	0.9194240309	0.9192613229	0.9199987881	0.9196965743	0.9192824803	0.9197525769	0.9192442967	0.9194284544	0.9196151159	0.9191545757	0.9198876175	0.9185568248	0.9195743867	0.9200586717	0.9193124013	0.9196987860	0.9194481513	0.9198734708	0.9192755113	0.9192590694	0.9199156605	0.9197198600	0.9192963349	0.9195787267	0.9198422979	0.9200633456	0.9199714545	0.9192426275	0.9208948719	0.9194148502	0.9198320322	0.9191570795	0.9192107452	0.9186300205	0.9197298337	0.9196683226	0.9200332160	0.9193179097	0.9196246722	0.9195747623	0.9194252829	0.9197637607	0.9197277054	0.9195394998	0.9201238551	0.9193033874	0.9191342945	0.9204792339	0.9199576417	0.9203751158	0.9191938443	0.9186157486	0.9193601412	0.9190454081	0.9191765260
0.9193277164	0.9195064074	0.9191514041	0.9197493219	0.9190408595	0.9194201082	0.9193704070	0.9193193286	0.9192967522	0.9191946789	0.9193826758	1.0000000000	0.9193411955	0.9196643999	0.9194195657	0.9194049183	0.9190402335	0.9195003982	0.9195418785	0.9208459218	0.9201821529	0.9198256891	0.9200245360	0.9190289245	0.9196826779	0.9195837344	0.9191684720	0.9200988167	0.9193224584	0.9198150478	0.9208678304	0.9194153509	0.9197585861	0.9199182479	0.9196626472	0.9196487926	0.9195177581	0.9196536334	0.9199818037	0.9196146151	0.9196991198	0.9200845865	0.9199380699	0.9200471540	0.9195382896	0.9198131699	0.9196792977	0.9200056320	0.9198203059	0.9196738728	0.9191809495	0.9195931238	0.9198243537	0.9194529503	0.9199053948	0.9189192144	0.9194268269	0.9198822342	0.9197459000	0.9196710768	0.9196626472	0.9196961152	0.9193545493	0.9195126253	0.9202672836	0.9200525373	0.9197756540	0.9197189419	0.9200920980	0.9206009207	0.9197243252	0.9197422277	0.9206312172	0.9195451335	0.9196942373	0.9198328668	0.9191128450	0.9194516984	0.9195791023	0.9201006528	0.9201301147	0.9200397677	0.9197476109	0.9199858933	0.9191206486	0.9197480700	0.9201147161	0.9196490847	0.9201230205	0.9194688080	0.9198316983	0.9203497018	0.9211721725	0.9202477536	0.9195008155	0.9190595966	0.9194002027	0.9193006332	0.9189755509
0.9191678878	0.9194876286	0.9193316809	0.9194064623	0.9191028713	0.9196411141	0.9191545757	0.9196237124	0.9192932469	0.9189835215	0.9197913030	0.9193411955	1.0000000000	0.9200188606	0.9193219993	0.9191875847	0.9197787003	0.9194394713	0.9196476241	0.9190135258	0.9193468708	0.9195906617	0.9201976350	0.9193080195	0.9195809384	0.9196511712	0.9197830820	0.9198697150	0.9195262712	0.9197260779	0.9199154519	0.9194740243	0.9198190957	0.9198360383	0.9195482216	0.9193464118	0.9189665788	0.9195983819	0.9198759746	0.9197214458	0.9196248392	0.9196101917	0.9194832886	0.9198872419	0.9191425155	0.9191098403	0.9196344790	0.9197869630	0.9200482390	0.9194987707	0.9192242660	0.9197105541	0.9195828163	0.9198346195	0.9201551949	0.9190928977	0.9194356738	0.9194972266	0.9197978965	0.9194395548	0.9198058670	0.9193952367	0.9193724100	0.9200075516	0.9201559460	0.9197431458	0.9197274133	0.9202668663	0.9200541231	0.9200599236	0.9201446370	0.9199497128	0.9209736595	0.9193524210	0.9197198600	0.9196323924	0.9191996449	0.9192474683	0.9196525484	0.9202221727	0.9201758516	0.9200668927	0.9198063678	0.9203404375	0.9196031392	0.9197513250	0.9199425351	0.9196466643	0.9200589221	0.9195827329	0.9196360647	0.9201351224	0.9195893263	0.9203433170	0.9191137213	0.9188783183	0.9193396097	0.9194905080	0.9193190782
0.9194007035	0.9189527659	0.9192556892	0.9194794493	0.9190878900	0.9201746414	0.9195153378	0.9193755398	0.9192390387	0.9189677890	0.9196605607	0.9196643999	0.9200188606	1.0000000000	0.9193636883	0.9191722695	0.9194919685	0.9194133896	0.9193306793	0.9197110548	0.9195323639	0.9195090781	0.9204402157	0.9192656629	0.9195776417	0.9196676549	0.9197741934	0.9201015292	0.9195374133	0.9202116983	0.9202243009	0.9195538552	0.9199142000	0.9199696184	0.9198834444	0.9197534115	0.9193550501	0.9195422541	0.9196654431	0.9195646635	0.9206391878	0.9203616367	0.9194239057	0.9192367852	0.9193431151	0.9195991330	0.9204888320	0.9198591154	0.9196744570	0.9200417291	0.9192904926	0.9196275517	0.9195385400	0.9198192209	0.9198346612	0.9193113580	0.9194773628	0.9198109164	0.9197577098	0.9198900379	0.9194091331	0.9197677669	0.9192767215	0.9193982414	0.9205432488	0.9199929041	0.9197151027	0.9199326449	0.9269068498	0.9206220782	0.9197849599	0.9201462228	0.9207780676	0.9194819114	0.9201723462	0.9198786454	0.9189899480	0.9194275363	0.9197576680	0.9201521068	0.9203963150	0.9194572486	0.9240431626	0.9236953788	0.9192927044	0.9196626472	0.9206465741	0.9198975911	0.9203095985	0.9193165326	0.9198189705	0.9201180545	0.9202298511	0.9206333037	0.9192672486	0.9192089508	0.9192602796	0.9192650369	0.9194117621
0.9193802137	0.9191948458	0.9190615996	0.9193209978	0.9192519334	0.9191592912	0.9190154455	0.9196240463	0.9192104531	0.9193101895	0.9192150018	0.9194195657	0.9193219993	0.9193636883	1.0000000000	0.9190054718	0.9189136225	0.9194973101	0.9193999940	0.9192578175	0.9194946810	0.9190949007	0.9203139803	0.9196247557	0.9193795460	0.9192380371	0.9191979339	0.9194175209	0.9197361767	0.9198234774	0.9197607978	0.9193494999	0.9198735960	0.9193685708	0.9192958342	0.9194273694	0.9193491660	0.9196185796	0.9197937651	0.9194194823	0.9201392120	0.9195309033	0.9201279447	0.9195092451	0.9200543317	0.9197935565	0.9192811867	0.9196934027	0.9198308220	0.9194914260	0.9194345053	0.9192105366	0.9194631326	0.9194109692	0.9199090671	0.9188571191	0.9194603784	0.9196707430	0.9195530206	0.9199019311	0.9195023178	0.9197067148	0.9199237563	0.9196136971	0.9198304464	0.9199615643	0.9194863766	0.9203214501	0.9201130469	0.9200449840	0.9198551093	0.9194967676	0.9204485201	0.9196926098	0.9193870158	0.9193667347	0.9186866908	0.9191214415	0.9198922496	0.9196844306	0.9202493811	0.9195892429	0.9199780480	0.9196316830	0.9198456781	0.9199169125	0.9201525241	0.9198771848	0.9204497720	0.9193310966	0.9192430448	0.9204050367	0.9199405321	0.9204841164	0.9197206529	0.9186255971	0.9190865546	0.9193053905	0.9192897832
0.9195930821	0.9189016875	0.9189982941	0.9192977538	0.9190468270	0.9193232512	0.9194119290	0.9188481470	0.9196295547	0.9189970005	0.9191657178	0.9194049183	0.9191875847	0.9191722695	0.9190054718	1.0000000000	0.9192267281	0.9192460494	0.9195733017	0.9189092408	0.9192913272	0.9194479009	0.9200446919	0.9199754189	0.9190654389	0.9197510329	0.9194108023	0.9191898799	0.9196190386	0.9197374704	0.9193833435	0.9193706573	0.9195574858	0.9194570817	0.9195833171	0.9196590166	0.9194345053	0.9196964908	0.9199388628	0.9194193571	0.9195032776	0.9195198447	0.9197857945	0.9194551203	0.9193713250	0.9197316698	0.9193286345	0.9193185357	0.9196565128	0.9193836356	0.9192988388	0.9195659571	0.9194683490	0.9194770289	0.9198053663	0.9190406925	0.9195661658	0.9199122386	0.9199263019	0.9195035280	0.9199001367	0.9192148348	0.9192109539	0.9192685423	0.9196243384	0.9194784478	0.9193966139	0.9194408901	0.9202562250	0.9200381819	0.9197313777	0.9198026120	0.9205492998	0.9192558144	0.9196455376	0.9195781842	0.9187788740	0.9190401083	0.9196863085	0.9196162009	0.9201801498	0.9194610878	0.9195703806	0.9195490144	0.9192629086	0.9199025154	0.9199152015	0.9191608770	0.9201694668	0.9196178284	0.9188844527	0.9200327569	0.9197875890	0.9202386146	0.9193129855	0.9193433237	0.9195055728	0.9187935632	0.9192884061
0.9190081426	0.9189557288	0.9189589421	0.9194144746	0.9187914767	0.9190554652	0.9193257551	0.9359455985	0.9193097722	0.9189177538	0.9191115096	0.9190402335	0.9197787003	0.9194919685	0.9189136225	0.9192267281	1.0000000000	0.9195729261	0.9193669433	0.9188316634	0.9193234182	0.9193477054	0.9195881161	0.9191810747	0.9194379690	0.9193154059	0.9191728955	0.9192405827	0.9189956234	0.9199581841	0.9194384698	0.9191055421	0.9195606990	0.9196074374	0.9194372178	0.9191441013	0.9196674880	0.9192381623	0.9198317401	0.9191584984	0.9200038376	0.9214588626	0.9192449227	0.9194016633	0.9189957903	0.9195016918	0.9194986872	0.9192741759	0.9195153378	0.9194919268	0.9190770400	0.9196436180	0.9190599304	0.9193054740	0.9196455793	0.9190423200	0.9195634533	0.9194458978	0.9192539783	0.9193363964	0.9197063810	0.9190746613	0.9190052632	0.9192367852	0.9201554453	0.9198464710	0.9193038465	0.9199482105	0.9200368466	0.9198411712	0.9201072463	0.9195663744	0.9203868421	0.9193957375	0.9195343252	0.9192343648	0.9188970971	0.9190222058	0.9192740507	0.9193784610	0.9201420497	0.9193827593	0.9192888234	0.9195138354	0.9189675803	0.9195813140	0.9199049775	0.9191098403	0.9197817467	0.9192557309	0.9193763327	0.9196317665	0.9196999962	0.9203585904	0.9193184522	0.9186193375	0.9191933852	0.9193245866	0.9189575232
0.9189408309	0.9194179800	0.9187368929	0.9192477604	0.9189335698	0.9192095768	0.9195946261	0.9190887663	0.9193184105	0.9190249601	0.9192586104	0.9195003982	0.9194394713	0.9194133896	0.9194973101	0.9192460494	0.9195729261	1.0000000000	0.9193447008	0.9187540025	0.9194237806	0.9187204510	0.9196187047	0.9189346548	0.9193199128	0.9193610175	0.9190434885	0.9196199567	0.9201661283	0.9200054651	0.9192212614	0.9194896734	0.9200485729	0.9198676285	0.9196126955	0.9192238487	0.9197217796	0.9194329196	0.9199265105	0.9193312218	0.9193907716	0.9194959747	0.9200199039	0.9197173562	0.9195678767	0.9197456079	0.9191905893	0.9196497107	0.9198389595	0.9195365370	0.9191696405	0.9194207342	0.9192412504	0.9192682084	0.9203627217	0.9191777362	0.9192233062	0.9196410724	0.9193345603	0.9192880305	0.9200613842	0.9192767632	0.9191873343	0.9194216106	0.9200686871	0.9192943319	0.9201462645	0.9195965457	0.9201039913	0.9207192273	0.9194678899	0.9199374023	0.9205154979	0.9196029305	0.9195394581	0.9201477251	0.9190911867	0.9189568138	0.9195586125	0.9197584192	0.9202334817	0.9194060867	0.9201351641	0.9196649424	0.9195190518	0.9196333522	0.9200191945	0.9192595284	0.9196621047	0.9193136949	0.9193427395	0.9201531918	0.9200642636	0.9205433323	0.9193880173	0.9188574112	0.9191114678	0.9190584698	0.9192861526
0.9193033040	0.9196023463	0.9193916479	0.9193277999	0.9194284127	0.9193297612	0.9195257704	0.9194100094	0.9199193328	0.9191735214	0.9193862229	0.9195418785	0.9196476241	0.9193306793	0.9193999940	0.9195733017	0.9193669433	0.9193447008	1.0000000000	0.9193281337	0.9199984126	0.9195891177	0.9290731332	0.9189809759	0.9190010066	0.9219986494	0.9193628954	0.9200396008	0.9198955463	0.9198820256	0.9219481135	0.9194286630	0.9201567389	0.9197345075	0.9196865589	0.9192215952	0.9196921508	0.9200895107	0.9202184586	0.9197052125	0.9193676527	0.9193581799	0.9200890100	0.9208407471	0.9211271033	0.9193352280	0.9195924561	0.9198169674	0.9198549006	0.9196044746	0.9195109143	0.9197303761	0.9195477208	0.9193516699	0.9200571694	0.9191064602	0.9194854586	0.9197672661	0.9205336508	0.9200418542	0.9200587969	0.9197497392	0.9191637147	0.9195045712	0.9200444833	0.9198613689	0.9195498491	0.9198294031	0.9201969673	0.9202934070	0.9219364289	0.9198519377	0.9206830885	0.9194517819	0.9204404243	0.9200612590	0.9194520740	0.9192016062	0.9194849161	0.9202179579	0.9200316719	0.9199801345	0.9202069410	0.9199313513	0.9194985203	0.9200040879	0.9200758648	0.9196203322	0.9204917114	0.9191210659	0.9196573057	0.9206023813	0.9201261920	0.9208885288	0.9197272046	0.9187030910	0.9195468862	0.9193631875	0.9191319159
0.9191878351	0.9188741870	0.9191965568	0.9192480525	0.9190413602	0.9194444790	0.9197010812	0.9194347557	0.9193733698	0.9189942880	0.9195216391	0.9208459218	0.9190135258	0.9197110548	0.9192578175	0.9189092408	0.9188316634	0.9187540025	0.9193281337	1.0000000000	0.9196170355	0.9185915448	0.9199327284	0.9188646724	0.9193947360	0.9195301522	0.9192798930	0.9193660252	0.9193681952	0.9194617555	0.9193828010	0.9189783468	0.9195425044	0.9192770136	0.9193969060	0.9194060033	0.9192447558	0.9194393044	0.9197118060	0.9191460626	0.9193519203	0.9199256759	0.9200120168	0.9191976835	0.9188471455	0.9194369257	0.9193307628	0.9199978701	0.9197111383	0.9194009538	0.9191561614	0.9193797129	0.9192634094	0.9192527263	0.9195649556	0.9192960428	0.9191503191	0.9199340638	0.9199405321	0.9193835521	0.9195538969	0.9198787289	0.9190982392	0.9189181294	0.9197305431	0.9207110481	0.9194579163	0.9193495416	0.9198290276	0.9198366643	0.9198292362	0.9195250610	0.9203002926	0.9192260604	0.9196218763	0.9198295283	0.9189142067	0.9186672443	0.9190194099	0.9196182457	0.9195313623	0.9196292209	0.9194458144	0.9195891177	0.9197199852	0.9193197459	0.9200265808	0.9194037081	0.9199261350	0.9190976550	0.9191716018	0.9203595502	0.9200139781	0.9198826098	0.9193797964	0.9188885006	0.9188285753	0.9193211647	0.9190822146
0.9190446987	0.9192914942	0.9194371761	0.9194890891	0.9193264645	0.9192298996	0.9194858341	0.9193951115	0.9197893417	0.9192629504	0.9195910790	0.9201821529	0.9193468708	0.9195323639	0.9194946810	0.9192913272	0.9193234182	0.9194237806	0.9199984126	0.9196170355	1.0000000000	0.9192276879	0.9202680765	0.9192772223	0.9194221113	0.9197035850	0.9196015534	0.9197876724	0.9193837191	0.9200534137	0.9201049094	0.9193362295	0.9197262031	0.9196505870	0.9198864908	0.9195765150	0.9200274571	0.9197367609	0.9196214172	0.9194081315	0.9194672640	0.9194157265	0.9200040879	0.9192469258	0.9195092451	0.9195623683	0.9203246216	0.9197423946	0.9199337299	0.9196222936	0.9193837608	0.9197430206	0.9196777120	0.9196395701	0.9196610197	0.9188870818	0.9197332973	0.9201309493	0.9196730381	0.9196301807	0.9201391286	0.9196091484	0.9188904202	0.9196543428	0.9201294888	0.9197185246	0.9192682084	0.9196557616	0.9202482544	0.9201563216	0.9200621771	0.9200772419	0.9212834684	0.9192793923	0.9202634444	0.9196916500	0.9189394955	0.9194698095	0.9198320739	0.9200573363	0.9202139100	0.9196969081	0.9202602311	0.9199393219	0.9192244746	0.9196358978	0.9199402817	0.9197595877	0.9207359613	0.9192652455	0.9192356167	0.9201465566	0.9206183224	0.9206270859	0.9193646899	0.9189033567	0.9193116501	0.9188184765	0.9190569258
0.9191839958	0.9196076461	0.9191212746	0.9194876703	0.9192732996	0.9192709627	0.9189601105	0.9192099941	0.9190477033	0.9193214568	0.9193522958	0.9198256891	0.9195906617	0.9195090781	0.9190949007	0.9194479009	0.9193477054	0.9187204510	0.9195891177	0.9185915448	0.9192276879	1.0000000000	0.9200587552	0.9193814656	0.9194048348	0.9194103850	0.9190890167	0.9194991462	0.9195005651	0.9197754871	0.9197541209	0.9191252390	0.9198892033	0.9191734380	0.9193934840	0.9191290782	0.9190903521	0.9195742615	0.9197788255	0.9192407913	0.9194196075	0.9196540924	0.9195899523	0.9194106771	0.9191193967	0.9196166182	0.9192460494	0.9193901039	0.9194282875	0.9191475649	0.9187906003	0.9195576527	0.9198111668	0.9193222497	0.9203882192	0.9187391046	0.9197514084	0.9198584477	0.9194086323	0.9200295437	0.9191819928	0.9195440485	0.9190534204	0.9195412525	0.9200133939	0.9195255618	0.9205055243	0.9197309604	0.9201341626	0.9205362381	0.9196832622	0.9192986301	0.9205123681	0.9189383688	0.9193123178	0.9194482765	0.9189656190	0.9190510000	0.9196175780	0.9197299171	0.9200436487	0.9195228910	0.9197298337	0.9198463458	0.9193038465	0.9199647359	0.9203116016	0.9193113163	0.9198920827	0.9195241429	0.9188402599	0.9200476548	0.9197515754	0.9201433434	0.9191094648	0.9188635456	0.9190454081	0.9191159330	0.9188695549
0.9201741406	0.9198585729	0.9200831259	0.9197183994	0.9197300423	0.9200496162	0.9200136025	0.9199507561	0.9202133675	0.9193154059	0.9200270398	0.9200245360	0.9201976350	0.9204402157	0.9203139803	0.9200446919	0.9195881161	0.9196187047	0.9290731332	0.9199327284	0.9202680765	0.9200587552	1.0000000000	0.9198372068	0.9202272221	0.9220091656	0.9198068268	0.9204423857	0.9208173779	0.9203209493	0.9207853287	0.9199839320	0.9204430117	0.9202599807	0.9203220343	0.9200643054	0.9200130600	0.9201946721	0.9207845776	0.9199891483	0.9204012392	0.9203315906	0.9204879556	0.9207198950	0.9208347379	0.9202981226	0.9203582983	0.9205327327	0.9203966488	0.9197857528	0.9201195151	0.9200448589	0.9202415357	0.9201124209	0.9205732950	0.9195706727	0.9204457659	0.9203173605	0.9210281598	0.9202371540	0.9204399653	0.9200959373	0.9198386674	0.9203199895	0.9203698160	0.9202934488	0.9202524275	0.9200652652	0.9209179072	0.9207022012	0.9207912545	0.9203900136	0.9210759415	0.9201705518	0.9205117004	0.9202441230	0.9199307253	0.9200345514	0.9200806638	0.9203157747	0.9207585376	0.9198072024	0.9203661019	0.9205002245	0.9204579095	0.9202317707	0.9209797522	0.9200429810	0.9209105209	0.9199582676	0.9197074660	0.9208211337	0.9205921572	0.9209309272	0.9200056320	0.9194140990	0.9203825856	0.9197537871	0.9194672640
0.9194960999	0.9191427242	0.9189027308	0.9191123859	0.9190255443	0.9192609056	0.9194212767	0.9190547141	0.9193037213	0.9191946372	0.9190490387	0.9190289245	0.9193080195	0.9192656629	0.9196247557	0.9199754189	0.9191810747	0.9189346548	0.9189809759	0.9188646724	0.9192772223	0.9193814656	0.9198372068	1.0000000000	0.9195953355	0.9196281776	0.9192033172	0.9199062294	0.9194632995	0.9194948480	0.9195424210	0.9188619599	0.9193972398	0.9192587773	0.9194733984	0.9194617138	0.9193500424	0.9195140441	0.9194783226	0.9194215271	0.9195960867	0.9192474265	0.9195638706	0.9193721597	0.9190749535	0.9191327505	0.9196208330	0.9193484983	0.9195096206	0.9199110284	0.9191511120	0.9193553839	0.9192821465	0.9194832051	0.9193946525	0.9188786104	0.9194181886	0.9197075077	0.9192854015	0.9197039189	0.9190464097	0.9190530031	0.9189199238	0.9193502510	0.9201782720	0.9196283445	0.9192906178	0.9195397085	0.9197228229	0.9203121024	0.9193875166	0.9200445667	0.9197439804	0.9196700335	0.9197428536	0.9196706595	0.9184017118	0.9188517358	0.9189310659	0.9191234446	0.9199760866	0.9195362866	0.9193334335	0.9196590166	0.9190949007	0.9199035169	0.9201896227	0.9193828844	0.9199823462	0.9194445624	0.9193283007	0.9197736092	0.9196470399	0.9200558340	0.9193303455	0.9190606398	0.9189665788	0.9191375078	0.9189465480
0.9197055881	0.9195212218	0.9190219137	0.9190009649	0.9190079339	0.9191651753	0.9195935411	0.9194772793	0.9193254212	0.9192438794	0.9193597656	0.9196826779	0.9195809384	0.9195776417	0.9193795460	0.9190654389	0.9194379690	0.9193199128	0.9190010066	0.9193947360	0.9194221113	0.9194048348	0.9202272221	0.9195953355	1.0000000000	0.9197681425	0.9194928449	0.9199301828	0.9197356342	0.9198178437	0.9196496689	0.9193598908	0.9195482216	0.9196963656	0.9196704508	0.9194052104	0.9196969916	0.9197809538	0.9198961306	0.9198375824	0.9196683643	0.9200638463	0.9203388935	0.9192256014	0.9195822321	0.9194681820	0.9197879228	0.9198681293	0.9196754585	0.9194115952	0.9195327812	0.9196772112	0.9193615183	0.9193438245	0.9200517444	0.9187867194	0.9196388607	0.9195580283	0.9198334928	0.9202833916	0.9194272442	0.9192387883	0.9192161285	0.9198049489	0.9200206133	0.9199537607	0.9196947381	0.9193341430	0.9199333961	0.9201737233	0.9200663919	0.9197697282	0.9204841164	0.9195608660	0.9196959483	0.9196813426	0.9192390804	0.9193570114	0.9199218367	0.9196970750	0.9200242439	0.9198538573	0.9203138551	0.9196156167	0.9195070333	0.9200933082	0.9200683532	0.9197000379	0.9200865061	0.9194934709	0.9190227483	0.9201874110	0.9199068554	0.9203718190	0.9193865985	0.9190773321	0.9193414876	0.9195934577	0.9187938971
0.9193290518	0.9199665303	0.9191239453	0.9192388717	0.9191860824	0.9196613953	0.9193739958	0.9195441737	0.9193040134	0.9192283973	0.9193984500	0.9195837344	0.9196511712	0.9196676549	0.9192380371	0.9197510329	0.9193154059	0.9193610175	0.9219986494	0.9195301522	0.9197035850	0.9194103850	0.9220091656	0.9196281776	0.9197681425	1.0000000000	0.9195934577	0.9198778108	0.9200849621	0.9199136157	0.9196114019	0.9197163964	0.9198369564	0.9197076746	0.9197069652	0.9197217379	0.9191774024	0.9197703124	0.9199823045	0.9195958363	0.9199660295	0.9194692253	0.9197621332	0.9204884981	0.9197298337	0.9199478767	0.9197090100	0.9198353706	0.9197142264	0.9197297085	0.9198116676	0.9199216280	0.9196678635	0.9190930646	0.9200866730	0.9190389816	0.9199417840	0.9200684367	0.9197873803	0.9198440089	0.9200506594	0.9192104531	0.9195217226	0.9195152126	0.9199272617	0.9196170355	0.9200094295	0.9198274418	0.9201983444	0.9205296446	0.9213272021	0.9198191791	0.9209295918	0.9196970333	0.9199372771	0.9195380810	0.9190000051	0.9197215292	0.9195443823	0.9200262887	0.9201236047	0.9199893570	0.9205565192	0.9200670179	0.9195690035	0.9200789946	0.9200668927	0.9195895767	0.9210273252	0.9195955859	0.9196330601	0.9204665478	0.9207314127	0.9210162666	0.9195686696	0.9189755509	0.9195115403	0.9193894362	0.9190324716
0.9190721158	0.9193741627	0.9188764404	0.9193426560	0.9188314964	0.9192865282	0.9217420890	0.9190719906	0.9193624781	0.9193098140	0.9197779074	0.9191684720	0.9197830820	0.9197741934	0.9191979339	0.9194108023	0.9191728955	0.9190434885	0.9193628954	0.9192798930	0.9196015534	0.9190890167	0.9198068268	0.9192033172	0.9194928449	0.9195934577	1.0000000000	0.9212693216	0.9193487070	0.9221512587	0.9197430623	0.9192175056	0.9198860735	0.9197434379	0.9198514787	0.9195677933	0.9193892692	0.9198417137	0.9198632468	0.9192841496	0.9212997016	0.9196664864	0.9192551467	0.9191204399	0.9191280349	0.9193048480	0.9194414744	0.9194430601	0.9239857411	0.9194546613	0.9194166029	0.9197896338	0.9198193878	0.9189363657	0.9203507033	0.9192576923	0.9193527549	0.9195189683	0.9194784478	0.9191707672	0.9195073672	0.9195511844	0.9193747887	0.9196068949	0.9199915687	0.9199819707	0.9197109296	0.9197723155	0.9198745558	0.9203587573	0.9198369564	0.9196810922	0.9207634619	0.9193280085	0.9199168707	0.9189714195	0.9187913098	0.9190837586	0.9194792407	0.9196551774	0.9199518828	0.9197771563	0.9199676570	0.9201359987	0.9191270334	0.9196458714	0.9199359834	0.9195487223	0.9202980809	0.9194944724	0.9192459242	0.9202246348	0.9198625373	0.9202346084	0.9194021223	0.9190149864	0.9191937608	0.9193759571	0.9189987114
0.9201776460	0.9196035148	0.9194239475	0.9194832051	0.9196898974	0.9199211690	0.9202011404	0.9195432139	0.9196915666	0.9195612833	0.9198596162	0.9200988167	0.9198697150	0.9201015292	0.9194175209	0.9191898799	0.9192405827	0.9196199567	0.9200396008	0.9193660252	0.9197876724	0.9194991462	0.9204423857	0.9199062294	0.9199301828	0.9198778108	0.9212693216	1.0000000000	0.9199278459	0.9210726865	0.9199945316	0.9195646217	0.9203557110	0.9198753069	0.9200476131	0.9198718433	0.9200778261	0.9204476438	0.9202823067	0.9202942834	0.9217031542	0.9200130183	0.9198743471	0.9194645515	0.9198074945	0.9198622035	0.9202088189	0.9201086651	0.9229781112	0.9198424231	0.9192525177	0.9198856979	0.9202494646	0.9193474133	0.9207519024	0.9193596822	0.9198688804	0.9200657242	0.9198147139	0.9194780722	0.9199585597	0.9197002466	0.9197939320	0.9199044350	0.9199085246	0.9201904573	0.9199846832	0.9200230337	0.9202892757	0.9200845865	0.9200375977	0.9196074792	0.9208688736	0.9197747776	0.9201224363	0.9201155090	0.9189355311	0.9190477868	0.9199358582	0.9199093175	0.9201374176	0.9197449402	0.9201500203	0.9200542065	0.9196472486	0.9199522584	0.9206517487	0.9194575824	0.9200802465	0.9196556364	0.9195584873	0.9201893306	0.9211191328	0.9205219662	0.9220462642	0.9190567171	0.9202862711	0.9195692538	0.9194075890
0.9193077274	0.9196106090	0.9193964052	0.9195648304	0.9193877669	0.9197739430	0.9193043472	0.9191224848	0.9193971981	0.9190372289	0.9198630381	0.9193224584	0.9195262712	0.9195374133	0.9197361767	0.9196190386	0.9189956234	0.9201661283	0.9198955463	0.9193681952	0.9193837191	0.9195005651	0.9208173779	0.9194632995	0.9197356342	0.9200849621	0.9193487070	0.9199278459	1.0000000000	0.9199028909	0.9197635103	0.9196584324	0.9197607978	0.9193903125	0.9198918740	0.9196213755	0.9198498095	0.9199353574	0.9203810415	0.9197714809	0.9198629964	0.9200057572	0.9199558890	0.9199434532	0.9194481096	0.9193556760	0.9200611756	0.9194534094	0.9196590166	0.9198531062	0.9193380657	0.9194127219	0.9193201214	0.9192903257	0.9201281951	0.9190172399	0.9197133083	0.9198799390	0.9201415489	0.9202246348	0.9199221705	0.9197044196	0.9194583336	0.9193206222	0.9197103871	0.9199335630	0.9196578482	0.9196882699	0.9207679270	0.9202978305	0.9202197106	0.9196713272	0.9206632247	0.9196156167	0.9200329656	0.9197662228	0.9193948194	0.9191915908	0.9195959198	0.9198392933	0.9203581731	0.9196413645	0.9202324802	0.9198942944	0.9190937323	0.9201976350	0.9203943536	0.9199295569	0.9202948259	0.9194193571	0.9190297591	0.9203342197	0.9203063853	0.9204545293	0.9196074374	0.9189107431	0.9195826911	0.9193657749	0.9194133479
0.9196134467	0.9194333369	0.9193728691	0.9198314062	0.9195773913	0.9194153927	0.9205157066	0.9198545250	0.9198173430	0.9196540924	0.9197425198	0.9198150478	0.9197260779	0.9202116983	0.9198234774	0.9197374704	0.9199581841	0.9200054651	0.9198820256	0.9194617555	0.9200534137	0.9197754871	0.9203209493	0.9194948480	0.9198178437	0.9199136157	0.9221512587	0.9210726865	0.9199028909	1.0000000000	0.9204801937	0.9201111272	0.9203464468	0.9200175252	0.9200890100	0.9197637607	0.9196251313	0.9199744174	0.9200335916	0.9198451774	0.9245456839	0.9203945206	0.9200455265	0.9195288168	0.9195970048	0.9199889814	0.9207226909	0.9198291528	0.9221616913	0.9198127109	0.9200603410	0.9202988320	0.9201443866	0.9198824012	0.9202712480	0.9192949995	0.9198213908	0.9201367499	0.9200448171	0.9200483642	0.9199447886	0.9199134905	0.9194711866	0.9197289990	0.9204316609	0.9201085817	0.9199328536	0.9198786454	0.9206319684	0.9203351377	0.9204352915	0.9198196382	0.9211432949	0.9194193154	0.9199831391	0.9210343360	0.9193816325	0.9196768356	0.9201136311	0.9203323835	0.9229901296	0.9200326318	0.9245667162	0.9260163579	0.9201168861	0.9199147007	0.9207014917	0.9197591286	0.9204908768	0.9197459417	0.9194280371	0.9205224252	0.9201409647	0.9205255550	0.9199677405	0.9192110373	0.9194785313	0.9197490298	0.9199074396
0.9195064491	0.9188181426	0.9194424759	0.9199327284	0.9192902005	0.9199986212	0.9195706727	0.9193448260	0.9198625791	0.9199679074	0.9198900796	0.9208678304	0.9199154519	0.9202243009	0.9197607978	0.9193833435	0.9194384698	0.9192212614	0.9219481135	0.9193828010	0.9201049094	0.9197541209	0.9207853287	0.9195424210	0.9196496689	0.9196114019	0.9197430623	0.9199945316	0.9197635103	0.9204801937	1.0000000000	0.9196187882	0.9202351927	0.9198229766	0.9201124626	0.9202743778	0.9198012349	0.9205265983	0.9205485486	0.9193413206	0.9200578788	0.9197048787	0.9201309076	0.9196261328	0.9198956298	0.9195975473	0.9199492538	0.9201010701	0.9199127394	0.9194796163	0.9194601697	0.9200093877	0.9199351488	0.9199092757	0.9200129349	0.9194708528	0.9201026559	0.9203933104	0.9198996777	0.9199519663	0.9202258867	0.9196380678	0.9193199545	0.9197067148	0.9203902640	0.9200273737	0.9198604925	0.9198774769	0.9205617773	0.9203408966	0.9201026142	0.9200575867	0.9209956516	0.9196892297	0.9203691483	0.9199611053	0.9192444219	0.9196058934	0.9198208484	0.9199733324	0.9202122825	0.9198061174	0.9200128931	0.9201728052	0.9194360077	0.9204776482	0.9205606088	0.9197476944	0.9209278809	0.9199414084	0.9198371651	0.9204283642	0.9202966203	0.9205505934	0.9195942505	0.9193939014	0.9198201389	0.9198471804	0.9198752235
