0.5197239684	-0.0056039221	-0.0055676157	-0.0048063412	-0.0050264698	-0.0046135176	-0.0046400962	-0.0077513432	-0.0056677118	-0.0056977983	-0.0062766071	-0.0055457808	-0.0064017782	-0.0059212602	-0.0048264788	-0.0047400890	-0.0067068077	-0.0068465823	-0.0064343498	-0.0057437293	-0.0065842294	-0.0055417320	-0.0039203755	-0.0039489399	-0.0037659299	-0.0062352807	-0.0062462750	-0.0009060895	-0.0057264769	-0.0061749791	-0.0062266739	-0.0069983790	-0.0049221869	-0.0047579810	-0.0037516264	-0.0055713056	-0.0052529407	-0.0074925348	-0.0045617380	-0.0048845293	-0.0058421417	-0.0053941074	-0.0049743199	-0.0054346983	-0.0062932927	-0.0001577944	-0.0068596651	-0.0070325061	-0.0069657232	-0.0053467366	-0.0062511217	-0.0058880951	-0.0050309165	-0.0041483104	0.0038301348	-0.0051859406	-0.0057222005	-0.0044215381	-0.0058153174	-0.0053719157	-0.0063093474	-0.0051011331	-0.0058470293	-0.0040159545	-0.0038572393	-0.0053451737	-0.0059284049	-0.0055342402	-0.0059868625	-0.0067450321	-0.0064085099	-0.0061341166	-0.0056259374	-0.0062321982	-0.0040057940	-0.0070123626	-0.0049082374	-0.0047639165	-0.0051363345	-0.0050147661	-0.0053626193	-0.0047028161	-0.0059571840	-0.0049469082	-0.0040213129	-0.0063840839	-0.0044936372	-0.0030402817	-0.0033067531	-0.0060218752	-0.0046227212	-0.0062995757	-0.0065722245	-0.0047999538	-0.0056140524	-0.0052157845	-0.0059644037	-0.0057350781	-0.0061554240
-0.0056039221	0.5265204983	-0.0048022614	-0.0054603340	-0.0048025986	-0.0064359743	-0.0051859713	-0.0061625469	-0.0045738784	-0.0058713281	-0.0037809756	-0.0039109763	-0.0046516564	-0.0075956025	-0.0060181627	-0.0063572453	-0.0069930293	-0.0053330272	-0.0060033818	-0.0062862629	-0.0052947204	-0.0039958366	-0.0060204761	-0.0054025097	-0.0043575090	-0.0035275117	-0.0051334741	-0.0055316783	-0.0046741360	-0.0062837459	-0.0079683314	-0.0056406301	-0.0037252268	-0.0055100481	-0.0047657709	-0.0066733295	-0.0042400906	-0.0038125528	-0.0053765049	-0.0035477281	-0.0063512974	-0.0050874643	-0.0039103136	-0.0070788333	-0.0072303938	-0.0069998196	-0.0041886790	-0.0068973344	-0.0061962288	-0.0052802721	-0.0050078802	-0.0043309474	-0.0058751826	-0.0063539217	-0.0062120719	-0.0050472199	-0.0065551686	-0.0047044669	-0.0050523413	-0.0040213064	-0.0059480665	-0.0055138872	-0.0044030814	-0.0057916848	-0.0054027350	-0.0047622538	-0.0043093592	-0.0063063115	-0.0058875369	-0.0032180914	-0.0049947625	-0.0038133061	-0.0053763368	-0.0059930612	-0.0043278424	-0.0069071156	-0.0060345999	-0.0053294233	-0.0047556128	-0.0047318934	-0.0057701580	-0.0063311858	-0.0067120841	-0.0042898629	-0.0041276558	-0.0055906375	-0.0054394632	-0.0052475806	-0.0056334781	-0.0049292471	-0.0062567507	-0.0061797558	-0.0052496116	-0.0029779194	-0.0073338495	-0.0072450453	-0.0032813783	-0.0055265594	-0.0048992243
-0.0055676157	-0.0048022614	0.5379120130	-0.0059850075	-0.0052971694	-0.0062165599	-0.0054338880	-0.0073874180	-0.0053257319	-0.0045085702	-0.0061958810	-0.0051571487	-0.0049378789	-0.0064069726	-0.0056382004	-0.0056683299	-0.0065696140	-0.0067986168	-0.0061884300	-0.0050534486	-0.0049383973	-0.0052764764	-0.0045545108	-0.0061842312	-0.0061284023	-0.0061627869	-0.0066696710	-0.0059073702	-0.0049375345	-0.0066985083	-0.0057866584	-0.0056908030	-0.0059882981	-0.0052688119	-0.0053124227	-0.0054290998	-0.0055067185	-0.0061788610	-0.0046670852	-0.0060928040	-0.0065798220	-0.0050177109	-0.0033549198	-0.0060698807	-0.0083190494	-0.0068615179	-0.0053259349	-0.0066070981	-0.0057659242	-0.0048496468	-0.0054343164	-0.0060203756	-0.0061740508	-0.0060808067	-0.0058406465	-0.0073767937	-0.0055778012	-0.0042876073	-0.0041446047	-0.0052892175	-0.0050648914	-0.0062564900	-0.0043930674	-0.0041108451	-0.0049248559	-0.0047487372	-0.0039247961	-0.0027837718	-0.0054688857	-0.0024292695	-0.0063073112	-0.0042900053	-0.0061934024	-0.0057633627	-0.0053794193	-0.0058769793	-0.0043258161	-0.0057016957	-0.0050424403	-0.0049946918	-0.0037202157	-0.0051406741	-0.0050697305	-0.0053150286	-0.0065807071	-0.0060875374	-0.0049566562	-0.0046886813	-0.0058505750	-0.0067384118	-0.0053426494	-0.0053764240	-0.0050170481	-0.0039211432	-0.0068950538	-0.0061315714	-0.0051004815	-0.0052159701	-0.0052868001
-0.0048063412	-0.0054603340	-0.0059850075	0.5198054995	-0.0059998867	-0.0068035048	-0.0071346277	-0.0056797463	-0.0063092452	-0.0047546740	-0.0048078627	-0.0047144578	-0.0048828322	-0.0062923111	-0.0057167895	-0.0056078214	-0.0046253642	-0.0050812063	-0.0062782407	-0.0049220849	-0.0055208134	-0.0045513946	-0.0059128367	-0.0056794669	-0.0062051643	-0.0065707186	-0.0058755784	-0.0059738957	-0.0050300736	-0.0057383799	-0.0034258159	-0.0051449696	-0.0031710035	-0.0062072813	-0.0029177451	-0.0061761040	-0.0057240450	-0.0075229796	-0.0057753255	-0.0052597506	-0.0061480784	-0.0067724797	-0.0054645017	-0.0061452692	-0.0065581438	-0.0050127950	-0.0054879493	-0.0057935169	-0.0060139644	-0.0033118326	-0.0044366881	-0.0053942442	-0.0062907097	-0.0060779142	-0.0059580955	-0.0058460066	-0.0057442312	-0.0040810249	-0.0067061796	-0.0059906146	-0.0054913877	-0.0040777772	-0.0045466814	-0.0052663241	-0.0048814587	-0.0051767767	-0.0071429381	-0.0059932739	-0.0047423121	-0.0052573596	-0.0056237095	-0.0043382955	-0.0046806714	-0.0069540196	-0.0059013990	-0.0058912249	-0.0053131944	-0.0046746329	-0.0057104712	-0.0033215767	-0.0048530471	-0.0046211561	-0.0058676678	-0.0040938027	-0.0031905709	-0.0049193867	-0.0028072733	-0.0040572784	-0.0053388011	-0.0027299232	-0.0038255156	-0.0053544554	-0.0055473897	-0.0050490711	-0.0054154097	-0.0057572459	-0.0050944946	-0.0046089093	-0.0042086965
-0.0050264698	-0.0048025986	-0.0052971694	-0.0059998867	0.5429656365	-0.0059325486	-0.0061127482	-0.0071220893	-0.0061418484	-0.0067691725	-0.0051787315	-0.0057561017	-0.0062164333	-0.0067019461	-0.0051842565	-0.0051865379	-0.0069147873	-0.0062631535	-0.0057916594	-0.0058924425	-0.0043185271	-0.0044576261	-0.0055380090	-0.0052358026	-0.0059842619	-0.0060303869	-0.0065509962	-0.0048187459	-0.0046294161	-0.0058235200	-0.0053579730	-0.0048005763	-0.0044493613	-0.0045983833	-0.0060318626	-0.0054102392	-0.0060630646	-0.0051790684	-0.0053539350	-0.0056217369	-0.0068483267	-0.0055279454	-0.0049859217	-0.0058363854	-0.0045417483	-0.0053329528	-0.0064090698	-0.0064016159	-0.0060904042	-0.0051948628	-0.0056751459	-0.0057122997	-0.0037664668	-0.0063875960	-0.0060729381	-0.0042716800	-0.0052962358	-0.0033370491	-0.0059839542	-0.0060851871	-0.0076521688	-0.0049543940	-0.0064095352	-0.0057114781	-0.0061494800	-0.0052472628	-0.0072098181	-0.0063131246	-0.0063698639	-0.0038077127	-0.0060316097	-0.0044775500	-0.0048882894	-0.0044826835	-0.0056938322	-0.0061180798	-0.0063785307	-0.0059463636	-0.0046194938	-0.0042367328	-0.0058219804	-0.0046347066	-0.0066385989	-0.0064230170	-0.0044285324	-0.0035445983	-0.0060101565	-0.0052183426	-0.0069146249	-0.0052397273	-0.0040552437	-0.0054162203	-0.0046616041	-0.0060190475	-0.0060316374	-0.0051776147	-0.0044545853	-0.0059949144	-0.0052806211
-0.0046135176	-0.0064359743	-0.0062165599	-0.0068035048	-0.0059325486	0.4970883877	-0.0060516760	-0.0080644872	-0.0072156746	-0.0068344372	-0.0057790687	-0.0057384157	-0.0043997512	-0.0035840036	-0.0061243506	-0.0060455670	-0.0072798434	-0.0062518709	-0.0072990656	-0.0052033817	-0.0065274603	-0.0054644773	-0.0056438182	-0.0051900617	-0.0064071042	-0.0049463577	-0.0059123057	-0.0045115207	-0.0041114804	-0.0072736358	-0.0046636383	-0.0062430609	-0.0055924751	-0.0040179628	-0.0054956355	-0.0072243989	-0.0057839557	-0.0055049065	-0.0069447442	-0.0048658097	-0.0049831917	-0.0067889394	-0.0050269963	-0.0057694481	-0.0069916078	-0.0036496939	-0.0051557960	-0.0055947467	-0.0040400716	-0.0062359225	-0.0050624439	-0.0060245642	-0.0036810201	-0.0056872542	0.0463500512	-0.0056291196	-0.0038696111	-0.0053900637	-0.0074516033	-0.0049389275	-0.0065207501	-0.0059444539	-0.0057937800	-0.0067682897	-0.0048020706	-0.0074614376	-0.0039311932	-0.0064184443	-0.0025396401	-0.0048145892	-0.0064648343	-0.0055303872	-0.0056591656	-0.0051826385	-0.0049143602	-0.0057479505	-0.0059567165	-0.0057773656	-0.0057978568	-0.0061428853	-0.0064429078	-0.0054330205	-0.0036225868	-0.0059483967	-0.0065100961	-0.0062664211	-0.0045565684	-0.0050593862	-0.0067177908	-0.0049527412	-0.0056223209	-0.0058958467	-0.0029315992	-0.0035185122	-0.0053213813	-0.0067433871	-0.0043325556	-0.0057562749	-0.0054683065
-0.0046400962	-0.0051859713	-0.0054338880	-0.0071346277	-0.0061127482	-0.0060516760	0.4978678356	-0.0063622585	-0.0052791455	-0.0065383841	-0.0052176499	-0.0057892090	-0.0066923027	-0.0062673912	-0.0072887564	-0.0048605527	-0.0056553622	-0.0050627339	-0.0064888179	-0.0033207468	-0.0052917804	-0.0071652858	-0.0051993143	-0.0046977908	-0.0044399510	-0.0062019751	0.0066196558	-0.0029944748	-0.0058244004	-0.0034600567	-0.0057753123	-0.0042071215	-0.0051892331	-0.0053886867	-0.0022880011	-0.0078396017	-0.0066464384	-0.0079974820	-0.0063048138	-0.0057741298	0.0067181970	-0.0060387169	-0.0059920184	-0.0071989980	-0.0063161690	-0.0059055635	-0.0042921314	-0.0066742461	0.0064987371	-0.0067128051	-0.0048587574	-0.0062625585	-0.0064162216	-0.0058977297	-0.0069359765	0.0127067968	-0.0063047582	-0.0049498688	-0.0040355038	-0.0057978726	-0.0057581040	-0.0042214035	-0.0064878796	-0.0044156073	-0.0058297654	-0.0058077842	-0.0058592625	-0.0057892888	-0.0057214572	-0.0052964520	-0.0057950921	-0.0031720440	-0.0052584415	-0.0054409317	-0.0059515043	-0.0058258760	-0.0073509674	-0.0064417879	-0.0055040362	-0.0054898482	-0.0042778261	-0.0064991851	-0.0051440880	-0.0077080288	-0.0051675330	-0.0050827008	-0.0058517740	-0.0061397805	-0.0039436531	-0.0062973580	-0.0068082393	-0.0058161671	-0.0047271356	-0.0032871073	-0.0054382069	-0.0077327618	-0.0058713935	-0.0052481181	-0.0052945678
-0.0077513432	-0.0061625469	-0.0073874180	-0.0056797463	-0.0071220893	-0.0080644872	-0.0063622585	0.4910748649	-0.0060176541	-0.0053165793	-0.0057390215	-0.0064596257	-0.0057205471	-0.0073015178	-0.0042109576	-0.0079657008	0.0918352962	-0.0065023355	-0.0071168181	-0.0056938137	-0.0062078896	-0.0058879010	-0.0066255016	-0.0068691359	-0.0054716477	-0.0056525253	-0.0072360838	-0.0063064842	-0.0071897005	-0.0065488283	-0.0071241565	-0.0059324853	-0.0072104259	-0.0047624551	-0.0064215088	-0.0069992912	-0.0046033160	-0.0071955769	-0.0060900843	-0.0063940023	-0.0059102387	0.0192795290	-0.0069450728	-0.0057422406	-0.0070722169	-0.0047002793	-0.0063469306	-0.0068065571	-0.0063435172	-0.0043034012	-0.0061334822	-0.0060554498	-0.0080661222	-0.0060791696	-0.0078199266	-0.0072909709	-0.0063834316	-0.0058946238	-0.0070558264	-0.0060827487	-0.0052088414	-0.0082006788	-0.0075091071	-0.0064584684	-0.0058413598	-0.0056797995	-0.0071029016	-0.0058984566	-0.0057781029	-0.0056827201	-0.0049468497	-0.0057980288	-0.0060556609	-0.0058742967	-0.0046718744	-0.0061635790	-0.0075084473	-0.0067620518	-0.0066135899	-0.0067975707	-0.0069219596	-0.0070087866	-0.0076846149	-0.0073567965	-0.0052483556	-0.0062596417	-0.0062834694	-0.0057444483	-0.0062983256	-0.0062818435	-0.0060667453	-0.0039780119	-0.0059047049	-0.0047305516	-0.0056832420	-0.0034693848	-0.0070303459	-0.0056877359	-0.0056626743
-0.0056677118	-0.0045738784	-0.0053257319	-0.0063092452	-0.0061418484	-0.0072156746	-0.0052791455	-0.0060176541	0.5213593345	-0.0059847607	-0.0056811209	-0.0064507298	-0.0065373002	-0.0069626904	-0.0061092876	-0.0042304008	-0.0064475928	-0.0054827666	-0.0047755214	-0.0054134842	-0.0047400994	-0.0063193364	-0.0051916827	-0.0044989779	-0.0055626023	-0.0063698295	-0.0053694746	-0.0058378819	-0.0056965384	-0.0061566047	-0.0046735082	-0.0064815258	-0.0038857757	-0.0053045505	-0.0048649528	-0.0062456539	-0.0058299749	-0.0059336029	-0.0061261091	-0.0047757985	-0.0062053031	-0.0062462351	-0.0045150488	-0.0062444780	-0.0064486869	-0.0064356322	-0.0054142319	-0.0053523277	-0.0059322265	-0.0046995820	-0.0060958791	-0.0038233163	-0.0055984165	-0.0053066436	-0.0069279437	0.0206928222	-0.0060659619	-0.0060336923	-0.0050886972	-0.0047419820	-0.0061669821	-0.0063460527	-0.0065811346	-0.0056271583	-0.0057078988	-0.0057654045	-0.0059362510	-0.0012320201	-0.0055276242	-0.0049946720	-0.0063492541	-0.0065200331	-0.0048953146	-0.0057089671	-0.0060025358	-0.0061264478	-0.0063821699	-0.0060455417	-0.0055679778	-0.0063876202	-0.0043751264	-0.0049157448	-0.0065655928	-0.0045207154	-0.0058856491	-0.0061080912	-0.0023064868	-0.0049344233	-0.0062739706	-0.0058933843	-0.0051461563	-0.0056275618	-0.0064719768	-0.0039557109	-0.0058090655	-0.0053015530	-0.0069345679	-0.0048653567	-0.0046426527
-0.0056977983	-0.0058713281	-0.0045085702	-0.0047546740	-0.0067691725	-0.0068344372	-0.0065383841	-0.0053165793	-0.0059847607	0.5407306851	-0.0052023006	-0.0058733367	-0.0059613783	-0.0069632945	-0.0049920371	-0.0062156293	-0.0067248767	-0.0060199091	-0.0062411906	-0.0061045646	-0.0054524139	-0.0044404805	-0.0070049250	-0.0044560722	-0.0051177712	-0.0060270249	-0.0050123131	-0.0056800195	-0.0066945026	-0.0053822619	-0.0032126776	-0.0055772593	-0.0061048851	-0.0049999035	-0.0057993658	-0.0082159495	-0.0069760952	-0.0060920596	-0.0066612559	-0.0053297991	-0.0058529911	-0.0058783433	-0.0050779106	-0.0057126863	-0.0052753358	-0.0046502911	-0.0043493187	-0.0062850508	-0.0053452044	-0.0053122202	-0.0065147205	-0.0057340969	-0.0039276297	-0.0065894153	-0.0062901319	-0.0074658664	-0.0055475319	-0.0049466207	-0.0047720462	-0.0052815096	-0.0045291391	-0.0060353995	-0.0040128216	-0.0063060537	-0.0053478404	-0.0048156820	-0.0059969704	-0.0028638047	-0.0039023263	-0.0053465121	-0.0047443538	-0.0049018779	-0.0049730613	-0.0061794032	-0.0057821994	-0.0058750821	-0.0055908615	-0.0054876004	-0.0044461908	-0.0044157073	-0.0055815666	-0.0043655718	-0.0062960959	-0.0060224764	-0.0055966595	-0.0049638994	-0.0050629467	-0.0045278703	-0.0043637933	-0.0048077621	-0.0066259742	-0.0044468102	-0.0054609422	-0.0048979521	-0.0059347998	-0.0060520050	-0.0055477054	-0.0052688455	-0.0057339425
-0.0062766071	-0.0037809756	-0.0061958810	-0.0048078627	-0.0051787315	-0.0057790687	-0.0052176499	-0.0057390215	-0.0056811209	-0.0052023006	0.5251907327	-0.0059984988	-0.0037222190	-0.0051800658	-0.0058790825	-0.0060419172	-0.0064854906	-0.0062745116	-0.0061061900	-0.0039327079	-0.0047535869	-0.0046498574	-0.0051094642	-0.0066959871	-0.0061358827	-0.0056991255	-0.0040154098	-0.0051584542	-0.0029896343	-0.0058087433	-0.0048233676	-0.0038625151	-0.0053311198	-0.0055550259	-0.0054640509	-0.0061661383	-0.0054766378	-0.0059131911	-0.0035061732	-0.0058663269	-0.0053900237	-0.0060922497	-0.0046086845	-0.0047245757	-0.0049737336	-0.0062576340	-0.0038954695	-0.0046325178	-0.0076732360	-0.0042364145	-0.0059270035	-0.0057931743	-0.0048616353	-0.0065249212	-0.0051082587	-0.0077347092	-0.0052806071	-0.0038624065	-0.0062390932	-0.0054711076	-0.0060672111	-0.0029889409	-0.0051931961	-0.0057134231	-0.0045854612	-0.0052156478	-0.0058792275	-0.0058717793	-0.0053908329	-0.0052751577	-0.0055571634	-0.0066645301	-0.0033188788	-0.0054708813	-0.0049180410	-0.0063738075	-0.0046593293	-0.0074431587	-0.0052056197	-0.0051494365	-0.0050106539	-0.0063387518	-0.0062546081	-0.0064243693	-0.0044707630	-0.0051719567	-0.0061956116	-0.0047978970	-0.0049207407	-0.0054591048	-0.0050031619	-0.0037105018	-0.0042950980	-0.0039630665	-0.0063454041	-0.0069354077	-0.0053570728	-0.0065197045	-0.0053270842
-0.0055457808	-0.0039109763	-0.0051571487	-0.0047144578	-0.0057561017	-0.0057384157	-0.0057892090	-0.0064596257	-0.0064507298	-0.0058733367	-0.0059984988	0.5075303650	-0.0061598408	-0.0056043026	-0.0059200976	-0.0060403652	-0.0077858870	-0.0050670731	-0.0059043797	0.0027613882	-0.0032222073	-0.0038045450	-0.0053611169	-0.0066141345	-0.0051586672	-0.0055567148	-0.0067887731	-0.0045001517	-0.0061933702	-0.0065302160	0.0009689193	-0.0056528803	-0.0051033570	-0.0046905901	-0.0049944868	-0.0067129130	-0.0054509708	-0.0067479237	-0.0043131671	-0.0055850436	-0.0058193112	-0.0043121261	-0.0045163956	-0.0039548830	-0.0055590103	-0.0047340346	-0.0048071227	-0.0050229270	-0.0058412276	-0.0057374658	-0.0055018632	-0.0057956493	-0.0047643356	-0.0049807840	-0.0062788235	-0.0066161654	-0.0063527932	-0.0047678890	-0.0053180687	-0.0054879361	-0.0055035037	-0.0053619796	-0.0054097069	-0.0050908189	-0.0041208996	-0.0041834340	-0.0050022486	-0.0051267536	-0.0057068488	-0.0038214801	-0.0067455251	-0.0050299681	-0.0042557141	-0.0046213756	-0.0057029950	-0.0046571652	-0.0051846560	-0.0057152704	-0.0061866302	-0.0047988544	-0.0053067194	-0.0040869571	-0.0065421011	-0.0057238746	-0.0068329630	-0.0056961651	-0.0051953229	-0.0051479846	-0.0049142468	-0.0051481999	-0.0030517186	-0.0047810844	0.0011095392	-0.0052806902	-0.0056421282	-0.0055569854	-0.0057998804	-0.0057518501	-0.0066592439
-0.0064017782	-0.0046516564	-0.0049378789	-0.0048828322	-0.0062164333	-0.0043997512	-0.0066923027	-0.0057205471	-0.0065373002	-0.0059613783	-0.0037222190	-0.0061598408	0.5026925655	-0.0040221108	-0.0056651700	-0.0057803718	-0.0047915505	-0.0053458625	-0.0059970816	-0.0068574287	-0.0055675604	-0.0044272756	-0.0043393436	-0.0052540002	-0.0050091865	-0.0053358891	-0.0037273187	-0.0053510738	-0.0057399563	-0.0060227724	-0.0045344802	-0.0052083413	-0.0041408329	-0.0044433715	-0.0059970474	-0.0069391902	-0.0074643328	-0.0065967289	-0.0048793145	-0.0049311242	-0.0059106703	-0.0060764502	-0.0063133969	-0.0031266793	-0.0062155604	-0.0062974206	-0.0053897548	-0.0054686400	-0.0047928027	-0.0057890755	-0.0056509704	-0.0053273660	-0.0058413552	-0.0042855126	-0.0049879029	-0.0055244697	-0.0062011695	-0.0055469558	-0.0049195094	-0.0054947617	-0.0048813213	-0.0049327248	-0.0048906801	-0.0029575993	-0.0049797206	-0.0054130180	-0.0046086823	-0.0026021663	-0.0048960957	-0.0051992960	-0.0046922863	-0.0045447801	-0.0030554417	-0.0043399285	-0.0052645052	-0.0045538481	-0.0050239600	-0.0050527893	-0.0050447813	-0.0024830873	-0.0052124562	-0.0038894744	-0.0059650144	-0.0037597401	-0.0041516388	-0.0053215774	-0.0057526354	-0.0045747317	-0.0046093392	-0.0043103503	-0.0037623608	-0.0055277381	-0.0058846455	-0.0046864032	-0.0067512272	-0.0051554914	-0.0044549752	-0.0051422653	-0.0045507301
-0.0059212602	-0.0075956025	-0.0064069726	-0.0062923111	-0.0067019461	-0.0035840036	-0.0062673912	-0.0073015178	-0.0069626904	-0.0069632945	-0.0051800658	-0.0056043026	-0.0040221108	0.4849983858	-0.0064781483	-0.0072131940	-0.0067644723	-0.0057584358	-0.0076711987	-0.0041476133	-0.0060484703	-0.0053116328	-0.0041580411	-0.0065212199	-0.0056346737	-0.0065669065	-0.0053158977	-0.0049860709	-0.0066810385	-0.0059877767	-0.0044832822	-0.0055744472	-0.0052748970	-0.0048854270	-0.0050716753	-0.0063248789	-0.0068399716	-0.0080865432	-0.0064578882	-0.0066308138	-0.0018971174	-0.0039681387	-0.0073974249	-0.0072402596	-0.0063357583	-0.0058216974	-0.0010054711	-0.0059744595	-0.0072890504	-0.0046655912	-0.0062839981	-0.0059764399	-0.0059969463	-0.0043043792	-0.0064914586	-0.0057033998	-0.0064124420	-0.0054185631	-0.0065524810	-0.0050810707	-0.0071985848	-0.0057152947	-0.0054784485	-0.0063944942	-0.0035514601	-0.0050507110	-0.0050198299	-0.0053317926	0.0302472714	-0.0042504398	-0.0068451670	-0.0042708401	-0.0047890673	-0.0063717780	-0.0044477223	-0.0052838186	-0.0060914765	-0.0055678481	-0.0057374201	-0.0047818548	-0.0048002969	-0.0064458518	0.0128980552	0.0116835291	-0.0067965650	-0.0066865222	-0.0036666026	-0.0047317337	-0.0052335544	-0.0060741690	-0.0036260545	-0.0060982561	-0.0048831793	-0.0043640312	-0.0067069743	-0.0055987584	-0.0066597185	-0.0061593086	-0.0056233854
-0.0048264788	-0.0060181627	-0.0056382004	-0.0057167895	-0.0051842565	-0.0061243506	-0.0072887564	-0.0042109576	-0.0061092876	-0.0049920371	-0.0058790825	-0.0059200976	-0.0056651700	-0.0064781483	0.5207378773	-0.0061731506	-0.0078076857	-0.0043380528	-0.0066583975	-0.0055614806	-0.0056661693	-0.0062870484	-0.0046101157	-0.0029133962	-0.0057138099	-0.0070675911	-0.0065373509	-0.0070356996	-0.0047978596	-0.0062628632	-0.0054977148	-0.0057252264	-0.0033224233	-0.0055001138	-0.0063858469	-0.0066472627	-0.0059261036	-0.0065652039	-0.0049016634	-0.0058385319	-0.0038834626	-0.0057355892	-0.0029073792	-0.0052255290	-0.0028151114	-0.0039159302	-0.0072941889	-0.0048205509	-0.0056715886	-0.0056314384	-0.0053752977	-0.0067365154	-0.0060489091	-0.0057059916	-0.0057346829	-0.0064732881	-0.0059709997	-0.0054235865	-0.0046864208	-0.0041402949	-0.0057109784	-0.0051946222	-0.0020728632	-0.0051207564	-0.0059045283	-0.0041096049	-0.0054855537	-0.0005297143	-0.0054569683	-0.0051626381	-0.0060589061	-0.0052734537	-0.0049810285	-0.0045282567	-0.0059272508	-0.0059416187	-0.0063430380	-0.0057045597	-0.0042998977	-0.0054880900	-0.0044135662	-0.0050979314	-0.0055950738	-0.0062325912	-0.0048144713	-0.0037608368	-0.0048460229	-0.0039828312	-0.0047353399	-0.0045021419	-0.0058108225	-0.0043941764	-0.0052671443	-0.0038691992	-0.0040537807	-0.0052650809	-0.0065840110	-0.0049956220	-0.0052336139
-0.0047400890	-0.0063572453	-0.0056683299	-0.0056078214	-0.0051865379	-0.0060455670	-0.0048605527	-0.0079657008	-0.0042304008	-0.0062156293	-0.0060419172	-0.0060403652	-0.0057803718	-0.0072131940	-0.0061731506	0.5296848884	-0.0057985176	-0.0053812350	-0.0054509599	-0.0062221492	-0.0052638836	-0.0049221662	-0.0051281415	-0.0021154130	-0.0062274781	-0.0043850608	-0.0051355990	-0.0071014444	-0.0044856791	-0.0061801944	-0.0067296830	-0.0048566867	-0.0056443798	-0.0057474555	-0.0058356408	-0.0042464559	-0.0052894967	-0.0050776713	-0.0040064482	-0.0058350491	-0.0060858094	-0.0059543781	-0.0046746111	-0.0055345004	-0.0056207188	-0.0043621804	-0.0063186837	-0.0067156753	-0.0056427177	-0.0057197899	-0.0054487174	-0.0049365421	-0.0062582717	-0.0048781531	-0.0053926063	-0.0052522666	-0.0049890718	-0.0041854622	-0.0042903775	-0.0055856393	-0.0041426128	-0.0062996696	-0.0055418084	-0.0055424233	-0.0064270234	-0.0057158020	-0.0058647396	-0.0062245870	-0.0048979806	-0.0053380250	-0.0064354293	-0.0040248393	-0.0047476905	-0.0058566002	-0.0053938257	-0.0049935425	-0.0065131442	-0.0057812529	-0.0044957537	-0.0055680926	-0.0036247619	-0.0047671753	-0.0057779056	-0.0060583420	-0.0051998940	-0.0047785599	-0.0054525513	-0.0063560901	-0.0050233884	-0.0031470486	-0.0064895568	-0.0054687522	-0.0049404744	-0.0049398637	-0.0054481447	-0.0034501761	-0.0049297145	-0.0065305721	-0.0044571400
-0.0067068077	-0.0069930293	-0.0065696140	-0.0046253642	-0.0069147873	-0.0072798434	-0.0056553622	0.0918352962	-0.0064475928	-0.0067248767	-0.0064854906	-0.0077858870	-0.0047915505	-0.0067644723	-0.0078076857	-0.0057985176	0.5046027706	-0.0047913294	-0.0066935697	-0.0070752679	-0.0062102588	-0.0051051630	-0.0068480212	-0.0062912379	-0.0053925001	-0.0066601964	-0.0066785336	-0.0065025711	-0.0071365600	-0.0057463442	-0.0065706847	-0.0073155592	-0.0058344347	-0.0053767394	-0.0061996366	-0.0079990084	-0.0039021178	-0.0082501669	-0.0057020677	-0.0065791815	-0.0049759668	0.0042353515	-0.0070878931	-0.0061770139	-0.0072692967	-0.0050131737	-0.0059836792	-0.0069930536	-0.0071472715	-0.0053138632	-0.0057384434	-0.0056964613	-0.0080617732	-0.0056102644	-0.0064487555	-0.0068474708	-0.0056260437	-0.0065668938	-0.0068893031	-0.0063799727	-0.0055837522	-0.0074399082	-0.0061299474	-0.0064555780	-0.0049765016	-0.0055114098	-0.0059596146	-0.0042815605	-0.0057738917	-0.0062778657	-0.0048169328	-0.0055943808	-0.0057685098	-0.0056023031	-0.0058402815	-0.0068592179	-0.0063922195	-0.0058538826	-0.0072427003	-0.0072392614	-0.0050083447	-0.0064533357	-0.0079046409	-0.0072581152	-0.0069237489	-0.0062533219	-0.0053967488	-0.0068395724	-0.0065106314	-0.0063099796	-0.0050349245	-0.0070427553	-0.0062980113	-0.0051691521	-0.0056622984	-0.0063385619	-0.0062615084	-0.0053026537	-0.0070667691
-0.0068465823	-0.0053330272	-0.0067986168	-0.0050812063	-0.0062631535	-0.0062518709	-0.0050627339	-0.0065023355	-0.0054827666	-0.0060199091	-0.0062745116	-0.0050670731	-0.0053458625	-0.0057584358	-0.0043380528	-0.0053812350	-0.0047913294	0.5293301150	-0.0071255296	-0.0073009407	-0.0054439628	-0.0071326796	-0.0067284124	-0.0066728116	-0.0052836114	-0.0059077546	-0.0057926718	-0.0059917703	-0.0024880192	-0.0048427546	-0.0069031628	-0.0051482123	-0.0032983247	-0.0046764078	-0.0050842781	-0.0071230714	-0.0047816487	-0.0071350763	-0.0045778598	-0.0050590622	-0.0068141377	-0.0060333597	-0.0042673626	-0.0043672699	-0.0044549868	-0.0035443519	-0.0061198544	-0.0054234368	-0.0055268717	-0.0057108951	-0.0058367969	-0.0055143997	-0.0063644031	-0.0060196895	-0.0030929636	-0.0057006141	-0.0065051072	-0.0051791226	-0.0063810839	-0.0058867178	-0.0038564175	-0.0062537676	-0.0053034105	-0.0046083845	-0.0047544123	-0.0066756184	-0.0024573112	-0.0052947808	-0.0050843594	-0.0029555724	-0.0072768280	-0.0040198986	-0.0048947024	-0.0044752156	-0.0056498659	-0.0036564158	-0.0053931696	-0.0066524270	-0.0052997834	-0.0052512300	-0.0042283563	-0.0057055697	-0.0045118266	-0.0062587723	-0.0048348479	-0.0048319732	-0.0051270881	-0.0064075451	-0.0067713642	-0.0057407840	-0.0045590556	-0.0052403735	-0.0045990489	-0.0038891448	-0.0045716622	-0.0049891288	-0.0060226045	-0.0065375153	-0.0048497331
-0.0064343498	-0.0060033818	-0.0061884300	-0.0062782407	-0.0057916594	-0.0072990656	-0.0064888179	-0.0071168181	-0.0047755214	-0.0062411906	-0.0061061900	-0.0059043797	-0.0059970816	-0.0076711987	-0.0066583975	-0.0054509599	-0.0066935697	-0.0071255296	0.4929233817	-0.0067107205	-0.0039928994	-0.0050910913	0.0402045412	-0.0070142973	-0.0081845335	0.0044323793	-0.0070519202	-0.0057179696	-0.0048548586	-0.0064244606	0.0067705294	-0.0063511864	-0.0046954932	-0.0061476640	-0.0064293971	-0.0081770612	-0.0059470092	-0.0061498352	-0.0040299474	-0.0058470679	-0.0072390407	-0.0073123313	-0.0049642813	-0.0009144836	0.0025096618	-0.0070519428	-0.0071164358	-0.0061346535	-0.0067963026	-0.0063017114	-0.0053954646	-0.0055495804	-0.0067212592	-0.0069590660	-0.0062559980	-0.0065608799	-0.0062574176	-0.0059775093	-0.0019083041	-0.0044343945	-0.0051051094	-0.0056272397	-0.0064950108	-0.0056804662	-0.0061434480	-0.0055887630	-0.0056506538	-0.0054676233	-0.0055722987	-0.0062803632	0.0029335972	-0.0054311765	-0.0054015645	-0.0054092440	-0.0040361195	-0.0050420488	-0.0054866710	-0.0059054306	-0.0073678925	-0.0044917311	-0.0067015799	-0.0048921234	-0.0057765323	-0.0066625841	-0.0058519330	-0.0053451917	-0.0064021813	-0.0056409031	-0.0044657121	-0.0079612586	-0.0043211430	-0.0052093505	-0.0051707763	-0.0037756669	-0.0058314560	-0.0073907037	-0.0057031995	-0.0066540630	-0.0069416269
-0.0057437293	-0.0062862629	-0.0050534486	-0.0049220849	-0.0058924425	-0.0052033817	-0.0033207468	-0.0056938137	-0.0054134842	-0.0061045646	-0.0039327079	0.0027613882	-0.0068574287	-0.0041476133	-0.0055614806	-0.0062221492	-0.0070752679	-0.0073009407	-0.0067107205	0.5240806662	-0.0044947471	-0.0073674134	-0.0057316868	-0.0065875813	-0.0053212859	-0.0053841421	-0.0060145215	-0.0061830030	-0.0046928872	-0.0066175547	-0.0059637814	-0.0066330497	-0.0052629687	-0.0064462073	-0.0053275504	-0.0068227306	-0.0057988807	-0.0069182990	-0.0050349736	-0.0063883846	-0.0062884347	-0.0024700480	-0.0042808168	-0.0060480870	-0.0072217702	-0.0054996323	-0.0059757742	-0.0025451019	-0.0055913570	-0.0053960397	-0.0049669967	-0.0051585156	-0.0056835463	-0.0057555212	-0.0068047067	-0.0047831767	-0.0063943117	-0.0039233328	-0.0031279129	-0.0063913273	-0.0051213412	-0.0022612058	-0.0052674593	-0.0065369270	-0.0054070862	0.0004061856	-0.0055212896	-0.0058737607	-0.0064163723	-0.0057286943	-0.0051404806	-0.0046782393	-0.0051986479	-0.0058649321	-0.0049500348	-0.0027758476	-0.0055767935	-0.0066476534	-0.0067896291	-0.0055479055	-0.0061595635	-0.0040747425	-0.0066356868	-0.0065200122	-0.0028332500	-0.0066773118	-0.0049445195	-0.0050247465	-0.0054129789	-0.0065901806	-0.0057477039	-0.0037595992	-0.0031467802	-0.0060444790	-0.0057049354	-0.0050854513	-0.0065774456	-0.0048477962	-0.0054164301
-0.0065842294	-0.0052947204	-0.0049383973	-0.0055208134	-0.0043185271	-0.0065274603	-0.0052917804	-0.0062078896	-0.0047400994	-0.0054524139	-0.0047535869	-0.0032222073	-0.0055675604	-0.0060484703	-0.0056661693	-0.0052638836	-0.0062102588	-0.0054439628	-0.0039928994	-0.0044947471	0.5103074144	-0.0055242805	-0.0042533501	-0.0058246806	-0.0062335925	-0.0055813837	-0.0051972284	-0.0052213887	-0.0059759539	-0.0058589628	-0.0045122797	-0.0060742207	-0.0050964706	-0.0057839550	-0.0044974618	-0.0059246870	-0.0035088556	-0.0061333675	-0.0059764137	-0.0063792876	-0.0070071055	-0.0069043538	-0.0040699221	-0.0068140208	-0.0055718077	-0.0055723978	-0.0024362222	-0.0049375162	-0.0058676706	-0.0052201385	-0.0051191287	-0.0048331537	-0.0054170528	-0.0044941943	-0.0064359244	-0.0063498080	-0.0048562041	-0.0040841374	-0.0057411657	-0.0053174645	-0.0040808315	-0.0051716623	-0.0060334905	-0.0050755175	-0.0042001641	-0.0057135140	-0.0068961727	-0.0052873465	-0.0046713112	-0.0047958059	-0.0055879469	-0.0038989440	-0.0015520387	-0.0056384272	-0.0034590315	-0.0045166857	-0.0063815330	-0.0047974015	-0.0042813500	-0.0040692980	-0.0053368764	-0.0051333152	-0.0047058818	-0.0054287632	-0.0062705733	-0.0059638906	-0.0054812343	-0.0043641892	-0.0016103372	-0.0062306748	-0.0056881776	-0.0051559352	-0.0023309313	-0.0041989507	-0.0054844350	-0.0061290807	-0.0060512694	-0.0067872807	-0.0056998590
-0.0055417320	-0.0039958366	-0.0052764764	-0.0045513946	-0.0044576261	-0.0054644773	-0.0071652858	-0.0058879010	-0.0063193364	-0.0044404805	-0.0046498574	-0.0038045450	-0.0044272756	-0.0053116328	-0.0062870484	-0.0049221662	-0.0051051630	-0.0071326796	-0.0050910913	-0.0073674134	-0.0055242805	0.5108588279	-0.0049556519	-0.0042090044	-0.0048590378	-0.0049080207	-0.0059267840	-0.0058301971	-0.0048765930	-0.0058623062	-0.0043828513	-0.0057935801	-0.0033763290	-0.0059293937	-0.0055125406	-0.0069218753	-0.0063992769	-0.0061971913	-0.0041686038	-0.0060004857	-0.0057438361	-0.0051653810	-0.0054352895	-0.0051340999	-0.0062763201	-0.0039167362	-0.0060859257	-0.0056471217	-0.0064479872	-0.0060315998	-0.0069376459	-0.0047907838	-0.0043788313	-0.0050866592	-0.0033712644	-0.0061899427	-0.0044678616	-0.0038018631	-0.0062846028	-0.0028505941	-0.0066442788	-0.0050490123	-0.0053118885	-0.0047620716	-0.0042916228	-0.0058683046	-0.0000018042	-0.0046938840	-0.0047881446	-0.0029583500	-0.0057660195	-0.0055033019	-0.0041819408	-0.0067730862	-0.0056281572	-0.0049721784	-0.0054114152	-0.0058780776	-0.0046416289	-0.0041879526	-0.0049450354	-0.0055910495	-0.0054251111	-0.0050233209	-0.0051829197	-0.0039289507	-0.0040198980	-0.0057916142	-0.0053385196	-0.0045949087	-0.0062877300	-0.0051759276	-0.0050599578	-0.0050607555	-0.0063107396	-0.0056456035	-0.0057379313	-0.0055048216	-0.0060431449
-0.0039203755	-0.0060204761	-0.0045545108	-0.0059128367	-0.0055380090	-0.0056438182	-0.0051993143	-0.0066255016	-0.0051916827	-0.0070049250	-0.0051094642	-0.0053611169	-0.0043393436	-0.0041580411	-0.0046101157	-0.0051281415	-0.0068480212	-0.0067284124	0.0402045412	-0.0057316868	-0.0042533501	-0.0049556519	0.4412952924	-0.0054052866	-0.0046813406	0.0033462482	-0.0062582282	-0.0047525513	-0.0013155808	-0.0061981661	-0.0030550838	-0.0058525947	-0.0038109553	-0.0052746861	-0.0047004664	-0.0066569940	-0.0058587190	-0.0064625279	-0.0029652950	-0.0057129112	-0.0048148217	-0.0052669100	-0.0048283155	-0.0025747307	-0.0008017839	-0.0042903092	-0.0051720477	-0.0048369243	-0.0056989637	-0.0070344011	-0.0045242320	-0.0056607737	-0.0049548535	-0.0041607977	-0.0057634214	-0.0066175754	-0.0041897663	-0.0055183117	-0.0013300926	-0.0053357048	-0.0045884564	-0.0059344792	-0.0050704843	-0.0039772225	-0.0058343683	-0.0059020780	-0.0050522967	-0.0060945424	-0.0044870816	-0.0047107467	-0.0047921993	-0.0044141649	-0.0053452209	-0.0046328917	-0.0045339119	-0.0055809902	-0.0048335344	-0.0045212085	-0.0060222604	-0.0049343035	-0.0043516869	-0.0065105595	-0.0058560821	-0.0058041267	-0.0030048344	-0.0052546436	-0.0039969928	-0.0050660054	-0.0046772017	-0.0057996899	-0.0056808218	-0.0049744049	-0.0047946750	-0.0046874166	-0.0055992690	-0.0057783128	-0.0031262256	-0.0063882367	-0.0070615350
-0.0039489399	-0.0054025097	-0.0061842312	-0.0056794669	-0.0052358026	-0.0051900617	-0.0046977908	-0.0068691359	-0.0044989779	-0.0044560722	-0.0066959871	-0.0066141345	-0.0052540002	-0.0065212199	-0.0029133962	-0.0021154130	-0.0062912379	-0.0066728116	-0.0070142973	-0.0065875813	-0.0058246806	-0.0042090044	-0.0054052866	0.5348185332	-0.0045043305	-0.0049936166	-0.0059349713	-0.0032323197	-0.0053621910	-0.0066645962	-0.0057305348	-0.0076017547	-0.0058715261	-0.0060868992	-0.0056158243	-0.0052132763	-0.0054359721	-0.0068340808	-0.0056340268	-0.0052787130	-0.0051596723	-0.0063769574	-0.0056248752	-0.0048338408	-0.0061126075	-0.0066318600	-0.0047348578	-0.0063346337	-0.0062808569	-0.0031593158	-0.0052487242	-0.0058360931	-0.0056839598	-0.0042017916	-0.0071381968	-0.0062151751	-0.0053515733	-0.0045865661	-0.0059005079	-0.0052340073	-0.0068954904	-0.0067551519	-0.0054961726	-0.0049464088	-0.0038109080	-0.0056278421	-0.0060848928	-0.0043079528	-0.0059732394	-0.0033691437	-0.0072998203	-0.0031398455	-0.0066382175	-0.0041661173	-0.0043033073	-0.0046417206	-0.0069869370	-0.0066004722	-0.0074017361	-0.0066234220	-0.0047002200	-0.0050178005	-0.0075922919	-0.0052469806	-0.0059151288	-0.0034785842	-0.0036785698	-0.0054769142	-0.0049081972	-0.0041842237	-0.0051909787	-0.0062292517	-0.0052947485	-0.0055308209	-0.0054606075	-0.0042048499	-0.0054985572	-0.0058715059	-0.0053467585
-0.0037659299	-0.0043575090	-0.0061284023	-0.0062051643	-0.0059842619	-0.0064071042	-0.0044399510	-0.0054716477	-0.0055626023	-0.0051177712	-0.0061358827	-0.0051586672	-0.0050091865	-0.0056346737	-0.0057138099	-0.0062274781	-0.0053925001	-0.0052836114	-0.0081845335	-0.0053212859	-0.0062335925	-0.0048590378	-0.0046813406	-0.0045043305	0.5148210463	-0.0049067052	-0.0056570997	-0.0049675663	-0.0044684275	-0.0062716823	-0.0058620095	-0.0055558662	-0.0058095008	-0.0052740978	-0.0050489311	-0.0062943131	-0.0047023476	-0.0062606340	-0.0048277617	-0.0048422998	-0.0060221255	-0.0035889308	-0.0027515741	-0.0068710045	-0.0051060813	-0.0058013024	-0.0046954823	-0.0053113245	-0.0067780438	-0.0055623306	-0.0043262373	-0.0050089184	-0.0065319202	-0.0056736165	-0.0057946098	-0.0060259412	-0.0050440449	-0.0056068305	-0.0047885283	-0.0027277266	-0.0059974299	-0.0066425081	-0.0054092712	-0.0026542842	-0.0052185217	-0.0052286361	-0.0056989113	-0.0060929928	-0.0055114082	-0.0047824064	-0.0048701174	-0.0042403873	-0.0049889399	-0.0046934719	-0.0034940100	-0.0048783798	-0.0049683940	-0.0052508810	-0.0039730893	-0.0049136282	-0.0054211999	-0.0045005341	-0.0042296127	-0.0065705718	-0.0048086190	-0.0042533072	-0.0052569264	-0.0048753075	-0.0055059883	-0.0049643840	-0.0063400840	-0.0049642795	-0.0058108820	-0.0045178250	-0.0059476382	-0.0049374064	-0.0056462666	-0.0041673709	-0.0060490835
-0.0062352807	-0.0035275117	-0.0061627869	-0.0065707186	-0.0060303869	-0.0049463577	-0.0062019751	-0.0056525253	-0.0063698295	-0.0060270249	-0.0056991255	-0.0055567148	-0.0053358891	-0.0065669065	-0.0070675911	-0.0043850608	-0.0066601964	-0.0059077546	0.0044323793	-0.0053841421	-0.0055813837	-0.0049080207	0.0033462482	-0.0049936166	-0.0049067052	0.4936092782	-0.0045495884	-0.0052599695	-0.0034135700	-0.0062615529	-0.0061699493	-0.0052316667	-0.0051767352	-0.0059653713	-0.0046876093	-0.0061212716	-0.0071447319	-0.0070074456	-0.0051399960	-0.0060440540	-0.0047902417	-0.0068066554	-0.0055333017	-0.0009463222	-0.0042343402	-0.0047285354	-0.0060229519	-0.0050046248	-0.0064237231	-0.0050052769	-0.0041896475	-0.0049792633	-0.0054997964	-0.0068860323	-0.0052517635	-0.0061116721	-0.0053392132	-0.0043617722	-0.0059753241	-0.0050065816	-0.0043328858	-0.0070092486	-0.0045045367	-0.0056743462	-0.0059465925	-0.0064622650	-0.0044081870	-0.0053273652	-0.0056543062	-0.0039788693	0.0008060791	-0.0052248011	-0.0034946537	-0.0053009389	-0.0049893822	-0.0066302467	-0.0060935576	-0.0041995249	-0.0057712109	-0.0048070993	-0.0058217301	-0.0044779719	-0.0035849456	-0.0059879390	-0.0057376523	-0.0045789808	-0.0052908192	-0.0049330202	-0.0014498341	-0.0051254998	-0.0046974976	-0.0052426395	-0.0020530178	-0.0028476012	-0.0048599618	-0.0059920673	-0.0052776083	-0.0057637759	-0.0067133488
-0.0062462750	-0.0051334741	-0.0066696710	-0.0058755784	-0.0065509962	-0.0059123057	0.0066196558	-0.0072360838	-0.0053694746	-0.0050123131	-0.0040154098	-0.0067887731	-0.0037273187	-0.0053158977	-0.0065373509	-0.0051355990	-0.0066785336	-0.0057926718	-0.0070519202	-0.0060145215	-0.0051972284	-0.0059267840	-0.0062582282	-0.0059349713	-0.0056570997	-0.0045495884	0.4888316803	0.0021452143	-0.0062833383	0.0048114366	-0.0051693779	-0.0064023708	-0.0045454222	-0.0047094382	-0.0042024195	-0.0062897918	-0.0061558625	-0.0058816339	-0.0051335560	-0.0065344552	0.0035129919	-0.0058513215	-0.0071662564	-0.0068758651	-0.0069348300	-0.0053907592	-0.0065132092	-0.0067584467	0.0148136310	-0.0059772691	-0.0049802543	-0.0043801420	-0.0036284825	-0.0071669216	-0.0042817993	-0.0047073743	-0.0058670789	-0.0056122018	-0.0060248893	-0.0073015450	-0.0059009799	-0.0055856465	-0.0050089483	-0.0038439559	-0.0051748794	-0.0043158646	-0.0046651591	-0.0055755452	-0.0061099821	-0.0039769348	-0.0054913693	-0.0053938583	-0.0047582849	-0.0058197720	-0.0041045996	-0.0075573106	-0.0068079787	-0.0065495792	-0.0055813577	-0.0055936689	-0.0055403719	-0.0040852067	-0.0054352902	-0.0052584609	-0.0066593546	-0.0053520908	-0.0055572341	-0.0052007861	-0.0042500402	-0.0045805584	-0.0058937663	-0.0050044682	-0.0055418260	-0.0055184171	-0.0052652539	-0.0051205929	-0.0056922333	-0.0051206332	-0.0065279694
-0.0009060895	-0.0055316783	-0.0059073702	-0.0059738957	-0.0048187459	-0.0045115207	-0.0029944748	-0.0063064842	-0.0058378819	-0.0056800195	-0.0051584542	-0.0045001517	-0.0053510738	-0.0049860709	-0.0070356996	-0.0071014444	-0.0065025711	-0.0059917703	-0.0057179696	-0.0061830030	-0.0052213887	-0.0058301971	-0.0047525513	-0.0032323197	-0.0049675663	-0.0052599695	0.0021452143	0.4686250939	-0.0054688979	-0.0014203763	-0.0055107903	-0.0061649788	-0.0032935548	-0.0054237293	-0.0044857187	-0.0062942960	-0.0044384324	-0.0036851191	-0.0049914602	-0.0028637343	0.0035972540	-0.0050731492	-0.0057478236	-0.0064524038	-0.0054482883	-0.0053065679	-0.0047686170	-0.0052262966	0.0082661067	-0.0052399171	-0.0063952692	-0.0054851405	-0.0039943164	-0.0065485867	-0.0030516798	-0.0061809995	-0.0045858612	-0.0044118757	-0.0055377459	-0.0069774623	-0.0046015227	-0.0056299345	-0.0039572118	-0.0051889294	-0.0062119365	-0.0054299578	-0.0043162611	-0.0055734764	-0.0055054289	-0.0061858096	-0.0066565336	-0.0069597871	-0.0046685073	-0.0049215970	-0.0050247932	-0.0049546264	-0.0072364786	-0.0072884108	-0.0053062695	-0.0054009833	-0.0058808066	-0.0055250792	-0.0058570950	-0.0059905749	-0.0061743324	-0.0055044799	-0.0045048534	-0.0065945005	-0.0056173861	-0.0057962257	-0.0049467213	-0.0062626930	-0.0003436629	-0.0048942417	0.0082948398	-0.0060217738	-0.0025069518	-0.0055714024	-0.0051838222
