1.0000000000	0.9293898138	0.9293793870	0.9296679641	0.9294490012	0.9297845428	0.9300966460	0.9298679134	0.9297888800	0.9296001899	0.9296474172	0.9296105729	0.9296365961	0.9294517613	0.9292940887	0.9293704497	0.9296594650	0.9298338292	0.9295922165	0.9298155165	0.9298953385	0.9298113108	0.9302489299	0.9296128510	0.9297037570	0.9293016240	0.9294957028	0.9295994889	0.9296062795	0.9294750244	0.9299713491	0.9303729563	0.9294220580	0.9298557780	0.9296386990	0.9298222633	0.9297215439	0.9295223393	0.9301988111	0.9297533062	0.9299373524	0.9296365523	0.9296384799	0.9296869339	0.9299152721	0.9296230588	0.9301576734	0.9301383970	0.9297059037	0.9299273637	0.9296762442	0.9299368267	0.9299988180	0.9298473665	0.9295796430	0.9298305872	0.9299511526	0.9294801064	0.9296289731	0.9297978611	0.9297345117	0.9297359136	0.9294923732	0.9300515654	0.9295302252	0.9296280969	0.9298379911	0.9294076007	0.9297520795	0.9293612058	0.9296831662	0.9295944070	0.9297105913	0.9295437625	0.9295670695	0.9299722691	0.9294774778	0.9299284152	0.9298864889	0.9301055394	0.9297893181	0.9301316502	0.9295349128	0.9302644825	0.9295827535
0.9293898138	1.0000000000	0.9300593636	0.9323859866	0.9298815384	0.9300823201	0.9302655339	0.9300775448	0.9296180644	0.9295347814	0.9318834409	0.9298543761	0.9301376522	0.9300612912	0.9297586948	0.9298053526	0.9297805123	0.9299358629	0.9301012460	0.9297973353	0.9296320836	0.9302637377	0.9304063396	0.9300113915	0.9298396997	0.9296393561	0.9296188530	0.9302522156	0.9297961963	0.9296167501	0.9300905564	0.9302427965	0.9299564098	0.9303704153	0.9298854813	0.9299745910	0.9299078682	0.9294459783	0.9300840725	0.9298204671	0.9300275574	0.9298285719	0.9300845106	0.9303280071	0.9301373455	0.9297661864	0.9299373524	0.9301951311	0.9300743028	0.9299248666	0.9298071926	0.9301004574	0.9305141562	0.9299367829	0.9299383163	0.9300552016	0.9297602720	0.9297716626	0.9297756055	0.9298928852	0.9298417150	0.9300457824	0.9297291668	0.9303195518	0.9298800488	0.9297324964	0.9298914833	0.9300524416	0.9299485678	0.9300690456	0.9297266697	0.9294008977	0.9297768760	0.9296064547	0.9295615932	0.9300573921	0.9298263376	0.9301508391	0.9300227821	0.9302587433	0.9302370135	0.9301337093	0.9297307878	0.9306612705	0.9295638713
0.9293793870	0.9300593636	1.0000000000	0.9298365892	0.9293882366	0.9296323027	0.9301010708	0.9299956199	0.9296537258	0.9300279955	0.9294114122	0.9295500711	0.9296166625	0.9296066300	0.9296808005	0.9294460221	0.9298663801	0.9296756309	0.9297554967	0.9297285535	0.9296037823	0.9301096137	0.9304632051	0.9298187147	0.9296350189	0.9294561423	0.9297028808	0.9300532301	0.9292907153	0.9296687089	0.9295346062	0.9300788591	0.9296714689	0.9297935239	0.9295418348	0.9299909760	0.9297251801	0.9292699493	0.9299102340	0.9297363517	0.9299233770	0.9295117373	0.9298248919	0.9298726449	0.9300419271	0.9298114860	0.9302582176	0.9298214309	0.9298217814	0.9298766754	0.9295991823	0.9299465087	0.9303175365	0.9296884672	0.9295839802	0.9298223947	0.9299491812	0.9296876349	0.9296159615	0.9297437556	0.9294946514	0.9297439308	0.9294892627	0.9296465410	0.9297316202	0.9293640534	0.9294972800	0.9299505393	0.9301032175	0.9297369650	0.9302502880	0.9298469722	0.9298614295	0.9297757370	0.9295370595	0.9295964222	0.9297666683	0.9301338407	0.9296758061	0.9299053711	0.9298203795	0.9300862192	0.9295860392	0.9304324942	0.9295114744
0.9296679641	0.9323859866	0.9298365892	1.0000000000	0.9293858271	0.9300584436	0.9308408920	0.9300877525	0.9296977550	0.9299656538	0.9298908261	0.9296245921	0.9303256414	0.9303752782	0.9295792049	0.9299313943	0.9295392500	0.9302640444	0.9298291415	0.9300008333	0.9302418764	0.9299022605	0.9302225562	0.9298633572	0.9295384176	0.9298489875	0.9302346040	0.9299376153	0.9295126135	0.9298125375	0.9300736895	0.9299755986	0.9297853314	0.9299806368	0.9299826083	0.9298628314	0.9298188899	0.9294804569	0.9298784717	0.9299393239	0.9297581691	0.9299157102	0.9298735649	0.9299312190	0.9304840149	0.9297659673	0.9300199345	0.9299849740	0.9299023482	0.9301097014	0.9301078613	0.9303516208	0.9306521142	0.9298270386	0.9294113245	0.9299742843	0.9301417266	0.9300170430	0.9299625432	0.9301900491	0.9297030560	0.9297642149	0.9296483372	0.9301223625	0.9296276588	0.9295283851	0.9298501703	0.9301425589	0.9298582752	0.9299557965	0.9303186756	0.9296901758	0.9301784832	0.9300091134	0.9301173243	0.9299174188	0.9297032751	0.9305062704	0.9299015596	0.9300843353	0.9300070543	0.9301970149	0.9298078498	0.9307652319	0.9295251870
0.9294490012	0.9298815384	0.9293882366	0.9293858271	1.0000000000	0.9298758430	0.9300058714	0.9295357452	0.9294590776	0.9297178638	0.9299440116	0.9296827719	0.9297245668	0.9295272899	0.9297555843	0.9293866595	0.9296050528	0.9298576619	0.9297692969	0.9298975290	0.9296736594	0.9297315764	0.9308165335	0.9298907823	0.9298121432	0.9295390748	0.9293642725	0.9296288417	0.9293658497	0.9296261693	0.9298614733	0.9299636823	0.9294486946	0.9296373409	0.9296556097	0.9300400871	0.9296276150	0.9295301375	0.9299546136	0.9296259064	0.9295330728	0.9298548142	0.9296911397	0.9295324595	0.9300884973	0.9295419225	0.9302190076	0.9298227014	0.9296226645	0.9298144213	0.9294868970	0.9300369766	0.9304180807	0.9300393423	0.9292516805	0.9297324526	0.9298514408	0.9296301998	0.9301629306	0.9297828780	0.9294129455	0.9296196416	0.9297618930	0.9300580493	0.9299189084	0.9292869039	0.9297477423	0.9297735027	0.9300248412	0.9296613926	0.9300839410	0.9296416342	0.9299439239	0.9294879484	0.9298158232	0.9297803808	0.9296405390	0.9296539887	0.9297408641	0.9298215623	0.9299661357	0.9299752482	0.9299022167	0.9305088552	0.9296466286
0.9297845428	0.9300823201	0.9296323027	0.9300584436	0.9298758430	1.0000000000	0.9305468824	0.9299526860	0.9295717133	0.9293841623	0.9300509520	0.9298225700	0.9298013659	0.9298984053	0.9297197038	0.9296418533	0.9299631128	0.9300325080	0.9297306126	0.9298168747	0.9299684576	0.9300379404	0.9303672610	0.9301141700	0.9297451575	0.9299478669	0.9295335109	0.9299446687	0.9296159615	0.9296453143	0.9299897055	0.9301650773	0.9297335916	0.9301213110	0.9299956199	0.9301323950	0.9296841739	0.9298350120	0.9299856750	0.9297184772	0.9299248666	0.9298544199	0.9296709432	0.9295984813	0.9300489368	0.9295927860	0.9301091756	0.9300824515	0.9297106790	0.9300583997	0.9296778652	0.9299570232	0.9302505947	0.9295610675	0.9298912642	0.9295201050	0.9300186640	0.9294596471	0.9298719878	0.9296957397	0.9299126873	0.9297336793	0.9299241218	0.9299147464	0.9297536129	0.9295681209	0.9298472351	0.9302920828	0.9299039691	0.9297615863	0.9300077553	0.9294992076	0.9299685014	0.9299217998	0.9297672378	0.9300133191	0.9297421346	0.9301999064	0.9299164988	0.9301780451	0.9302760045	0.9300425843	0.9298728202	0.9304648261	0.9295730714
0.9300966460	0.9302655339	0.9301010708	0.9308408920	0.9300058714	0.9305468824	1.0000000000	0.9306018640	0.9305853915	0.9303013706	0.9304291208	0.9304459001	0.9305811857	0.9309338132	0.9304674547	0.9305588863	0.9302920390	0.9305063580	0.9304173797	0.9305307164	0.9305366746	0.9311472998	0.9308384824	0.9306509314	0.9303483350	0.9305452614	0.9303508322	0.9306101442	0.9302390288	0.9306637239	0.9307481460	0.9309739871	0.9304731938	0.9306837451	0.9306004621	0.9306573276	0.9305798276	0.9301203910	0.9307116960	0.9304286389	0.9307078407	0.9303991547	0.9303302852	0.9308422501	0.9307211590	0.9304723176	0.9310011493	0.9305225678	0.9302688197	0.9310857466	0.9304247398	0.9308184174	0.9310291002	0.9306876880	0.9305533225	0.9304271494	0.9307445097	0.9302989610	0.9305442100	0.9306603505	0.9302154151	0.9302714921	0.9304456372	0.9307735996	0.9306616210	0.9301856681	0.9306067270	0.9305290955	0.9303868441	0.9303786078	0.9305385585	0.9300220374	0.9302025350	0.9303395730	0.9303104831	0.9307806969	0.9303881584	0.9309465181	0.9306982463	0.9304869940	0.9305290517	0.9305844276	0.9304650451	0.9316775773	0.9303605142
0.9298679134	0.9300775448	0.9299956199	0.9300877525	0.9295357452	0.9299526860	0.9306018640	1.0000000000	0.9300383347	0.9296543392	0.9296540763	0.9298432921	0.9301706412	0.9296888615	0.9298088574	0.9298612981	0.9299649090	0.9298363701	0.9300673808	0.9298665991	0.9301458447	0.9304448925	0.9303149955	0.9299503640	0.9300454758	0.9296726080	0.9292556234	0.9297199667	0.9295028877	0.9299982047	0.9302437603	0.9301807175	0.9299942179	0.9302194895	0.9296264321	0.9300665484	0.9300120925	0.9295320652	0.9300165611	0.9296510534	0.9300578302	0.9303416320	0.9297820894	0.9299310438	0.9303228813	0.9300318070	0.9301406751	0.9300787276	0.9298963900	0.9302073979	0.9299658290	0.9298853060	0.9305273431	0.9298161737	0.9299808559	0.9300953755	0.9303924080	0.9298019354	0.9298133260	0.9300652779	0.9298646277	0.9301225815	0.9298096460	0.9301712546	0.9301448809	0.9298249795	0.9300532740	0.9296946445	0.9300475348	0.9295589646	0.9302099389	0.9296560916	0.9301820757	0.9301041813	0.9299486554	0.9300787276	0.9295585265	0.9302438479	0.9294838741	0.9301974530	0.9299574613	0.9301209606	0.9300556397	0.9308759839	0.9299251732
0.9297888800	0.9296180644	0.9296537258	0.9296977550	0.9294590776	0.9295717133	0.9305853915	0.9300383347	1.0000000000	0.9298789098	0.9299645147	0.9301494371	0.9301203472	0.9301116290	0.9298285719	0.9295201050	0.9297688150	0.9297149285	0.9298043450	0.9299303866	0.9299649090	0.9299384477	0.9303530227	0.9300370204	0.9299365638	0.9296371218	0.9295072687	0.9298244100	0.9298455703	0.9298629191	0.9300592321	0.9302828827	0.9297495823	0.9297434489	0.9298172689	0.9299218875	0.9297803370	0.9294819464	0.9299547012	0.9300386852	0.9300497692	0.9303476778	0.9297911143	0.9299026548	0.9300546759	0.9300247098	0.9300774133	0.9298448693	0.9295191850	0.9302299163	0.9298342235	0.9301762927	0.9302240895	0.9298654162	0.9296957397	0.9301518905	0.9302027102	0.9292316155	0.9299183827	0.9299804616	0.9301567534	0.9293765831	0.9294865027	0.9299345924	0.9295782410	0.9298030745	0.9295395567	0.9299072987	0.9298079812	0.9300647960	0.9299287657	0.9296287541	0.9299740653	0.9296263007	0.9295697857	0.9299111102	0.9296012851	0.9299887855	0.9297382355	0.9301042251	0.9298857879	0.9303450930	0.9298039945	0.9304920321	0.9299463773
0.9296001899	0.9295347814	0.9300279955	0.9299656538	0.9297178638	0.9293841623	0.9303013706	0.9296543392	0.9298789098	1.0000000000	0.9296156549	0.9296628383	0.9302454251	0.9299317885	0.9296997264	0.9297045017	0.9295535759	0.9298754049	0.9296518420	0.9296093024	0.9296396190	0.9298526237	0.9303835583	0.9300104277	0.9297353441	0.9294701615	0.9297124314	0.9298897309	0.9296289293	0.9293788613	0.9297986058	0.9304631613	0.9296047023	0.9300133630	0.9296778214	0.9299808997	0.9299041882	0.9297189153	0.9297151038	0.9297953201	0.9296393999	0.9298302367	0.9297232525	0.9301013336	0.9299063787	0.9297969411	0.9302475279	0.9302930028	0.9294607861	0.9296334418	0.9299267066	0.9298784278	0.9303587180	0.9295997080	0.9294326601	0.9299333219	0.9301819004	0.9293885871	0.9298989748	0.9299951380	0.9298175318	0.9295948889	0.9299206170	0.9300134068	0.9298199414	0.9296050090	0.9299155788	0.9299051520	0.9297353879	0.9299176379	0.9300947621	0.9295206746	0.9299111978	0.9296778652	0.9296080319	0.9300497692	0.9295169507	0.9302814808	0.9294583328	0.9300621236	0.9298356254	0.9298239719	0.9296466724	0.9304178616	0.9297337669
0.9296474172	0.9318834409	0.9294114122	0.9298908261	0.9299440116	0.9300509520	0.9304291208	0.9296540763	0.9299645147	0.9296156549	1.0000000000	0.9296949073	0.9296265636	0.9301792280	0.9293944577	0.9297589139	0.9299558403	0.9296754556	0.9296247674	0.9295778467	0.9300716742	0.9298277396	0.9303124983	0.9299306933	0.9296875034	0.9297469537	0.9295449892	0.9300592759	0.9298334349	0.9295130078	0.9299003329	0.9303182375	0.9299007710	0.9300542816	0.9296060604	0.9298485932	0.9296113615	0.9298945062	0.9302565966	0.9299439239	0.9298750107	0.9299068168	0.9299946122	0.9301303359	0.9302401240	0.9298337415	0.9301182005	0.9303008887	0.9296251616	0.9301560963	0.9300035495	0.9297892305	0.9302856427	0.9298716811	0.9299538250	0.9299986866	0.9297474795	0.9293629144	0.9297772703	0.9298962147	0.9295726333	0.9299940865	0.9297665807	0.9302958067	0.9299168493	0.9295788106	0.9296316017	0.9302097198	0.9300108658	0.9296870215	0.9300515654	0.9297370088	0.9302056017	0.9299864636	0.9297480490	0.9296489943	0.9293482818	0.9301521534	0.9295920412	0.9299111540	0.9300596702	0.9303335710	0.9298932357	0.9307786816	0.9297766132
0.9296105729	0.9298543761	0.9295500711	0.9296245921	0.9296827719	0.9298225700	0.9304459001	0.9298432921	0.9301494371	0.9296628383	0.9296949073	1.0000000000	0.9298110479	0.9299352495	0.9294787921	0.9295741667	0.9297350812	0.9297335916	0.9296916654	0.9296530687	0.9294093969	0.9300939735	0.9304055948	0.9300710171	0.9299275390	0.9298858756	0.9296677889	0.9297332850	0.9299352057	0.9294688034	0.9300907754	0.9306005936	0.9294297686	0.9299064225	0.9297352564	0.9299866388	0.9296725642	0.9297404260	0.9296366399	0.9296323027	0.9299907131	0.9297779713	0.9300674684	0.9299748539	0.9299978980	0.9299218437	0.9303178432	0.9299713929	0.9296435181	0.9299383163	0.9298015411	0.9299918522	0.9302248781	0.9299129064	0.9296717318	0.9299181198	0.9302458194	0.9296226645	0.9296893434	0.9296625755	0.9296085138	0.9298863575	0.9300231764	0.9300020600	0.9300014466	0.9297166810	0.9296124567	0.9298378159	0.9298888546	0.9298638829	0.9298818888	0.9297101532	0.9303601199	0.9298671686	0.9296400571	0.9296219635	0.9295499397	0.9299609223	0.9295007848	0.9300832839	0.9297449823	0.9300373709	0.9299781834	0.9304990417	0.9298016287
0.9296365961	0.9301376522	0.9296166625	0.9303256414	0.9297245668	0.9298013659	0.9305811857	0.9301706412	0.9301203472	0.9302454251	0.9296265636	0.9298110479	1.0000000000	0.9304148825	0.9300662856	0.9299578556	0.9301255168	0.9298288348	0.9298775078	0.9299268818	0.9299341543	0.9305970887	0.9316704800	0.9301009832	0.9298919652	0.9298290101	0.9376671629	0.9300172621	0.9296081195	0.9300007456	0.9303576665	0.9308259527	0.9296546897	0.9303488169	0.9299422154	0.9299281085	0.9302725873	0.9298019354	0.9302243086	0.9303072411	0.9301352865	0.9300024542	0.9302965953	0.9299496193	0.9302465641	0.9298080250	0.9301359436	0.9303342281	0.9299451068	0.9303018525	0.9301107528	0.9304506316	0.9310284430	0.9301316940	0.9301304235	0.9302680749	0.9303297595	0.9297233401	0.9299755986	0.9300837658	0.9299560155	0.9300703599	0.9297344679	0.9306412493	0.9300176563	0.9299914579	0.9301972340	0.9299453259	0.9304466449	0.9300053019	0.9300366261	0.9298431607	0.9304635117	0.9299902750	0.9300392547	0.9302318877	0.9298616924	0.9300785962	0.9300409633	0.9302480975	0.9301939482	0.9304936969	0.9299278018	0.9306104070	0.9298319453
0.9294517613	0.9300612912	0.9296066300	0.9303752782	0.9295272899	0.9298984053	0.9309338132	0.9296888615	0.9301116290	0.9299317885	0.9301792280	0.9299352495	0.9304148825	1.0000000000	0.9299305181	0.9295221641	0.9299030929	0.9297508090	0.9297020484	0.9297762189	0.9298749668	0.9301847919	0.9307600623	0.9299406820	0.9297462090	0.9296994636	0.9312310647	0.9298554714	0.9293753564	0.9298277396	0.9303386968	0.9302348230	0.9300317632	0.9300244907	0.9300201535	0.9298699725	0.9296366837	0.9296631888	0.9301258673	0.9298458769	0.9298512656	0.9298787783	0.9299682386	0.9297716188	0.9300952002	0.9297497138	0.9309389390	0.9305313298	0.9297367022	0.9300449939	0.9295930488	0.9302289087	0.9304686813	0.9300268565	0.9295629513	0.9300762305	0.9299448001	0.9297439746	0.9294733158	0.9297418279	0.9297763503	0.9298983176	0.9296922787	0.9301107528	0.9297920781	0.9295730276	0.9298595895	0.9300228259	0.9303005382	0.9298352749	0.9300252793	0.9296592021	0.9298361949	0.9298920966	0.9298860508	0.9300852553	0.9298004897	0.9301639821	0.9298633134	0.9303307671	0.9300150716	0.9302894104	0.9298768507	0.9305188877	0.9299361696
0.9292940887	0.9297586948	0.9296808005	0.9295792049	0.9297555843	0.9297197038	0.9304674547	0.9298088574	0.9298285719	0.9296997264	0.9293944577	0.9294787921	0.9300662856	0.9299305181	1.0000000000	0.9298234462	0.9298494256	0.9298020230	0.9302207162	0.9297305249	0.9300548073	0.9301035241	0.9303199022	0.9301672240	0.9297107666	0.9294406773	0.9296412400	0.9295866088	0.9294065931	0.9300553330	0.9298843422	0.9299940865	0.9297021798	0.9299061596	0.9297875657	0.9300159916	0.9296124567	0.9296868025	0.9301329207	0.9303049630	0.9298319453	0.9299174626	0.9298726887	0.9298747916	0.9300272508	0.9297597463	0.9298982300	0.9298701039	0.9299605280	0.9300984860	0.9294657805	0.9300068353	0.9305581854	0.9300212050	0.9295650104	0.9301684507	0.9298772888	0.9298852622	0.9296920597	0.9297536129	0.9298323834	0.9297616739	0.9296024242	0.9302937476	0.9296783033	0.9297578624	0.9294039206	0.9301174996	0.9298715935	0.9295667628	0.9299101025	0.9297179514	0.9300223440	0.9298932795	0.9296152606	0.9296958273	0.9299563222	0.9299446249	0.9298458331	0.9299008586	0.9301012460	0.9304101072	0.9296362018	0.9307871370	0.9296737032
0.9293704497	0.9298053526	0.9294460221	0.9299313943	0.9293866595	0.9296418533	0.9305588863	0.9298612981	0.9295201050	0.9297045017	0.9297589139	0.9295741667	0.9299578556	0.9295221641	0.9298234462	1.0000000000	0.9300473158	0.9299478669	0.9299194341	0.9299155350	0.9300965583	0.9299186893	0.9301816814	0.9298741783	0.9294477745	0.9292765209	0.9294689348	0.9300136258	0.9296394437	0.9296393561	0.9300116106	0.9305628731	0.9296865396	0.9296025118	0.9300077115	0.9295866964	0.9295478368	0.9294221456	0.9302212857	0.9296760690	0.9299557965	0.9298288348	0.9298453950	0.9298891175	0.9300423652	0.9298817574	0.9301428218	0.9299629375	0.9299200036	0.9303347539	0.9295389872	0.9299173312	0.9304469515	0.9298465341	0.9296241978	0.9300137572	0.9299777453	0.9298831155	0.9295829287	0.9297952763	0.9296542077	0.9295383738	0.9297430108	0.9300702723	0.9296433867	0.9294885618	0.9296648098	0.9297557596	0.9295555036	0.9294891751	0.9298479360	0.9293525314	0.9300496377	0.9297901943	0.9296094338	0.9300550264	0.9292256135	0.9298540694	0.9296338360	0.9298294920	0.9299853683	0.9302346478	0.9300343918	0.9307148941	0.9296371218
0.9296594650	0.9297805123	0.9298663801	0.9295392500	0.9296050528	0.9299631128	0.9302920390	0.9299649090	0.9297688150	0.9295535759	0.9299558403	0.9297350812	0.9301255168	0.9299030929	0.9298494256	0.9300473158	1.0000000000	0.9297164181	0.9299052834	0.9298047393	0.9300043381	0.9304090558	0.9305863553	0.9303917946	0.9300954193	0.9296698918	0.9294423421	0.9304194388	0.9296614802	0.9295835859	0.9301990740	0.9304717042	0.9295979118	0.9298768069	0.9297512033	0.9302994429	0.9297878724	0.9295446825	0.9299199160	0.9299176817	0.9300686951	0.9300337347	0.9300422338	0.9299959703	0.9299464649	0.9295668066	0.9306525523	0.9299812940	0.9298644086	0.9301278388	0.9295450768	0.9298794355	0.9309133977	0.9299300800	0.9297571615	0.9301232387	0.9304145759	0.9297625063	0.9299683262	0.9298670810	0.9297481804	0.9298025049	0.9296819833	0.9299187331	0.9298712430	0.9300049514	0.9299102778	0.9300602836	0.9300987050	0.9298326025	0.9299673185	0.9295432368	0.9301948682	0.9302427088	0.9299496193	0.9301610906	0.9297310507	0.9305507815	0.9298691401	0.9302506385	0.9305374194	0.9304660965	0.9302782826	0.9305459186	0.9297477423
0.9298338292	0.9299358629	0.9296756309	0.9302640444	0.9298576619	0.9300325080	0.9305063580	0.9298363701	0.9297149285	0.9298754049	0.9296754556	0.9297335916	0.9298288348	0.9297508090	0.9298020230	0.9299478669	0.9297164181	1.0000000000	0.9299468154	0.9297895810	0.9299024358	0.9298517037	0.9307472260	0.9296589392	0.9295540140	0.9292029637	0.9296994198	0.9298332596	0.9297216753	0.9298317263	0.9303054449	0.9303637561	0.9297166371	0.9301147833	0.9300145020	0.9301528543	0.9294764702	0.9294524184	0.9300844668	0.9297892305	0.9295654047	0.9300787714	0.9298873213	0.9298768945	0.9299440116	0.9298366768	0.9303407120	0.9301830833	0.9296462343	0.9297423099	0.9296989379	0.9298956452	0.9305804409	0.9299945684	0.9294129893	0.9301347169	0.9302288210	0.9297793294	0.9299888293	0.9300224316	0.9295325471	0.9296063233	0.9297552338	0.9298992815	0.9300676875	0.9297423537	0.9298337854	0.9298994129	0.9298075431	0.9297128257	0.9300657160	0.9298257243	0.9301840909	0.9301867195	0.9299547012	0.9298783402	0.9296835605	0.9301499190	0.9299750729	0.9303507007	0.9298039507	0.9300172182	0.9297056846	0.9304384962	0.9299738901
0.9295922165	0.9301012460	0.9297554967	0.9298291415	0.9297692969	0.9297306126	0.9304173797	0.9300673808	0.9298043450	0.9296518420	0.9296247674	0.9296916654	0.9298775078	0.9297020484	0.9302207162	0.9299194341	0.9299052834	0.9299468154	1.0000000000	0.9301881215	0.9300344356	0.9300560778	0.9306857604	0.9300515216	0.9298311129	0.9297268887	0.9297190905	0.9300343918	0.9296256874	0.9296663431	0.9300520911	0.9306149195	0.9295949765	0.9300031990	0.9298283529	0.9299398934	0.9297561977	0.9296437371	0.9302370573	0.9298859194	0.9299536060	0.9303289709	0.9300793410	0.9301487362	0.9302418764	0.9298065793	0.9303512703	0.9301394046	0.9295641780	0.9298694906	0.9299225884	0.9299337162	0.9305527091	0.9298171813	0.9300331213	0.9302189638	0.9303085116	0.9299293790	0.9297184772	0.9298849994	0.9299488745	0.9298678258	0.9297773579	0.9304287265	0.9298336977	0.9300627369	0.9299140016	0.9301267435	0.9298273015	0.9298303682	0.9299886541	0.9293379864	0.9299426535	0.9295360081	0.9298068421	0.9300650151	0.9297583444	0.9303709410	0.9295938812	0.9305824124	0.9300556397	0.9305531472	0.9300198469	0.9305367622	0.9297606663
0.9298155165	0.9297973353	0.9297285535	0.9300008333	0.9298975290	0.9298168747	0.9305307164	0.9298665991	0.9299303866	0.9296093024	0.9295778467	0.9296530687	0.9299268818	0.9297762189	0.9297305249	0.9299155350	0.9298047393	0.9297895810	0.9301881215	1.0000000000	0.9299130378	0.9301580239	0.9304834015	0.9299269694	0.9298478046	0.9298862260	0.9296509658	0.9302307049	0.9296085576	0.9298336539	0.9297444127	0.9303426397	0.9299998256	0.9300070105	0.9297718817	0.9300509520	0.9298477170	0.9296099595	0.9303891222	0.9296618307	0.9299723129	0.9297275020	0.9301203034	0.9296188530	0.9302330706	0.9299462021	0.9300775009	0.9298166556	0.9299216246	0.9301546505	0.9296172758	0.9299175503	0.9303605142	0.9299075616	0.9295182212	0.9297998325	0.9297575120	0.9297399003	0.9295752619	0.9296450514	0.9297527367	0.9293227843	0.9295011353	0.9299803301	0.9297841485	0.9295973422	0.9297569424	0.9299907131	0.9298470598	0.9297811694	0.9302810865	0.9296538135	0.9299409449	0.9298268634	0.9297834037	0.9300503387	0.9296874158	0.9299909760	0.9296050528	0.9299553584	0.9300242279	0.9303335272	0.9294981124	0.9300632189	0.9299194779
0.9298953385	0.9296320836	0.9296037823	0.9302418764	0.9296736594	0.9299684576	0.9305366746	0.9301458447	0.9299649090	0.9296396190	0.9300716742	0.9294093969	0.9299341543	0.9298749668	0.9300548073	0.9300965583	0.9300043381	0.9299024358	0.9300344356	0.9299130378	1.0000000000	0.9333976057	0.9302730254	0.9299304742	0.9294949580	0.9297638206	0.9298936738	0.9301690202	0.9297359574	0.9299284590	0.9302038055	0.9304729309	0.9301989864	0.9299495316	0.9300001323	0.9296890806	0.9298212557	0.9298312006	0.9301241587	0.9298155165	0.9299205294	0.9299189522	0.9299603965	0.9298433360	0.9302210666	0.9297716626	0.9307050368	0.9303479845	0.9300683884	0.9298579685	0.9299100149	0.9300126182	0.9304250027	0.9298917899	0.9300363195	0.9298826336	0.9300458701	0.9302830579	0.9299174188	0.9296843929	0.9299344610	0.9295910774	0.9297405136	0.9301367322	0.9299541317	0.9298551209	0.9297851561	0.9300077115	0.9298822831	0.9295370595	0.9300209421	0.9295702238	0.9302787207	0.9299830902	0.9299136074	0.9299368705	0.9299243408	0.9299497945	0.9299070797	0.9300438548	0.9302806046	0.9301237644	0.9298460522	0.9306582477	0.9299496193
0.9298113108	0.9302637377	0.9301096137	0.9299022605	0.9297315764	0.9300379404	0.9311472998	0.9304448925	0.9299384477	0.9298526237	0.9298277396	0.9300939735	0.9305970887	0.9301847919	0.9301035241	0.9299186893	0.9304090558	0.9298517037	0.9300560778	0.9301580239	0.9333976057	1.0000000000	0.9306001116	0.9298809688	0.9301557896	0.9297595272	0.9300993184	0.9301521095	0.9300191459	0.9301031737	0.9302543623	0.9304419134	0.9299329714	0.9305103886	0.9300467463	0.9298479360	0.9298992376	0.9295353071	0.9303245461	0.9300944993	0.9300245345	0.9306881699	0.9303890346	0.9302257105	0.9301922396	0.9298508713	0.9306002431	0.9302084931	0.9297849371	0.9299229827	0.9299154474	0.9299985113	0.9304920321	0.9301631497	0.9301808052	0.9303388720	0.9299868140	0.9305420633	0.9300576988	0.9302496308	0.9301528105	0.9297617615	0.9297038008	0.9305854353	0.9300506892	0.9303254661	0.9299338476	0.9303361120	0.9299508021	0.9301903558	0.9303085992	0.9300349613	0.9302352611	0.9300383785	0.9302010016	0.9301433913	0.9298223509	0.9303678305	0.9301234139	0.9304520773	0.9300369328	0.9302443298	0.9301203910	0.9306724421	0.9301719993
0.9302489299	0.9304063396	0.9304632051	0.9302225562	0.9308165335	0.9303672610	0.9308384824	0.9303149955	0.9303530227	0.9303835583	0.9303124983	0.9304055948	0.9316704800	0.9307600623	0.9303199022	0.9301816814	0.9305863553	0.9307472260	0.9306857604	0.9304834015	0.9302730254	0.9306001116	1.0000000000	0.9308069829	0.9304007319	0.9304599193	0.9302706597	0.9305016703	0.9300739523	0.9301814623	0.9304936093	0.9309051176	0.9304838834	0.9307598871	0.9303926270	0.9307926132	0.9305436404	0.9301482543	0.9305757094	0.9306854537	0.9304274560	0.9307671596	0.9304541802	0.9303157403	0.9306660458	0.9303976652	0.9310085094	0.9306275368	0.9304351228	0.9303330891	0.9300541940	0.9305912182	0.9310544224	0.9304250027	0.9300712361	0.9303502188	0.9307082350	0.9303146450	0.9303321691	0.9303775125	0.9305847343	0.9304119473	0.9301817252	0.9310168333	0.9304354733	0.9301535991	0.9302213733	0.9305134115	0.9305817990	0.9304802472	0.9305100819	0.9305694884	0.9307044235	0.9304534792	0.9302717549	0.9301872452	0.9304067339	0.9308312099	0.9304531726	0.9308650751	0.9309134415	0.9308981080	0.9304128235	0.9309129158	0.9301767746
0.9296128510	0.9300113915	0.9298187147	0.9298633572	0.9298907823	0.9301141700	0.9306509314	0.9299503640	0.9300370204	0.9300104277	0.9299306933	0.9300710171	0.9301009832	0.9299406820	0.9301672240	0.9298741783	0.9303917946	0.9296589392	0.9300515216	0.9299269694	0.9299304742	0.9298809688	0.9308069829	1.0000000000	0.9298190652	0.9297535691	0.9296405390	0.9296743166	0.9296747109	0.9298455703	0.9298673439	0.9302803417	0.9300077115	0.9301690202	0.9298784278	0.9300669865	0.9299940427	0.9295325909	0.9300964707	0.9300777638	0.9297132200	0.9299518098	0.9300892859	0.9298404445	0.9301735765	0.9301842662	0.9306014698	0.9302969896	0.9299508021	0.9302190514	0.9298130194	0.9299564536	0.9306932957	0.9299576803	0.9299409010	0.9300180068	0.9304281570	0.9298682639	0.9300838972	0.9299446249	0.9299149217	0.9301260863	0.9295745610	0.9301510143	0.9300335156	0.9296503525	0.9298824146	0.9300318946	0.9303353672	0.9301923710	0.9300438110	0.9297267135	0.9301694583	0.9297104161	0.9298839041	0.9296646345	0.9296161806	0.9303439978	0.9299840102	0.9304158902	0.9305698389	0.9301917577	0.9300768438	0.9306905795	0.9297593958
0.9297037570	0.9298396997	0.9296350189	0.9295384176	0.9298121432	0.9297451575	0.9303483350	0.9300454758	0.9299365638	0.9297353441	0.9296875034	0.9299275390	0.9298919652	0.9297462090	0.9297107666	0.9294477745	0.9300954193	0.9295540140	0.9298311129	0.9298478046	0.9294949580	0.9301557896	0.9304007319	0.9298190652	1.0000000000	0.9298544637	0.9293717640	0.9294436564	0.9294969733	0.9296933302	0.9296884672	0.9300546759	0.9294294619	0.9299854121	0.9295561169	0.9300076238	0.9296912711	0.9293934938	0.9298488122	0.9298981862	0.9297708302	0.9296438686	0.9298652848	0.9299601775	0.9299081311	0.9298004459	0.9299851054	0.9299102778	0.9297331097	0.9302867380	0.9298285719	0.9296702422	0.9300911259	0.9295327661	0.9297739408	0.9298171375	0.9296133329	0.9297228582	0.9298195033	0.9301900053	0.9296018109	0.9296644593	0.9296431238	0.9298667305	0.9297904134	0.9293141975	0.9299904941	0.9299729700	0.9298580561	0.9297621120	0.9300336908	0.9297250049	0.9302430155	0.9297371841	0.9296262569	0.9299957075	0.9297467785	0.9298724697	0.9295281661	0.9297878724	0.9298863575	0.9301724374	0.9299618423	0.9303362872	0.9296538573
0.9293016240	0.9296393561	0.9294561423	0.9298489875	0.9295390748	0.9299478669	0.9305452614	0.9296726080	0.9296371218	0.9294701615	0.9297469537	0.9298858756	0.9298290101	0.9296994636	0.9294406773	0.9292765209	0.9296698918	0.9292029637	0.9297268887	0.9298862260	0.9297638206	0.9297595272	0.9304599193	0.9297535691	0.9298544637	1.0000000000	0.9297186086	0.9297446756	0.9292421299	0.9296712061	0.9295042458	0.9297427042	0.9294426488	0.9296869339	0.9297565481	0.9297861638	0.9296078128	0.9293160814	0.9297247858	0.9299692900	0.9295052972	0.9295348252	0.9295932679	0.9298274767	0.9299915893	0.9295221203	0.9303514017	0.9301678374	0.9294346315	0.9300144582	0.9297281154	0.9297737655	0.9300619045	0.9298223947	0.9295929612	0.9300539311	0.9297385860	0.9296457962	0.9294755502	0.9298418464	0.9296922787	0.9295039829	0.9297386736	0.9299854121	0.9297052903	0.9297979925	0.9295540140	0.9297940058	0.9296569240	0.9296593773	0.9295706619	0.9294967104	0.9298292291	0.9298338730	0.9297154105	0.9299978542	0.9293893319	0.9300038562	0.9297197477	0.9296374723	0.9299190836	0.9303528036	0.9298073241	0.9306690249	0.9294876856
0.9294957028	0.9296188530	0.9297028808	0.9302346040	0.9293642725	0.9295335109	0.9303508322	0.9292556234	0.9295072687	0.9297124314	0.9295449892	0.9296677889	0.9376671629	0.9312310647	0.9296412400	0.9294689348	0.9294423421	0.9296994198	0.9297190905	0.9296509658	0.9298936738	0.9300993184	0.9302706597	0.9296405390	0.9293717640	0.9297186086	1.0000000000	0.9297774456	0.9294307762	0.9296397504	0.9300349613	0.9297807313	0.9293276034	0.9298738278	0.9297506776	0.9296080319	0.9297337231	0.9295868278	0.9299089635	0.9296627945	0.9295788106	0.9297101532	0.9301309931	0.9294928551	0.9297103285	0.9295413967	0.9299999571	0.9299325771	0.9297037132	0.9297944439	0.9293892881	0.9300353994	0.9303855736	0.9299152721	0.9296504401	0.9301677498	0.9297307878	0.9296641088	0.9297721445	0.9298483303	0.9294670948	0.9296704613	0.9295889307	0.9299844483	0.9299705167	0.9297969411	0.9298243224	0.9296886863	0.9298497760	0.9297533938	0.9297798989	0.9292972868	0.9297690340	0.9296015042	0.9294409840	0.9294848379	0.9293963415	0.9296997264	0.9294911465	0.9297435804	0.9299013843	0.9298766754	0.9296397066	0.9302863875	0.9297253115
0.9295994889	0.9302522156	0.9300532301	0.9299376153	0.9296288417	0.9299446687	0.9306101442	0.9297199667	0.9298244100	0.9298897309	0.9300592759	0.9297332850	0.9300172621	0.9298554714	0.9295866088	0.9300136258	0.9304194388	0.9298332596	0.9300343918	0.9302307049	0.9301690202	0.9301521095	0.9305016703	0.9296743166	0.9294436564	0.9297446756	0.9297774456	1.0000000000	0.9300552892	0.9301627116	0.9299607032	0.9303161346	0.9298116613	0.9300748723	0.9299400687	0.9299068606	0.9299600899	0.9298580561	0.9301663478	0.9299105406	0.9299641204	0.9296998579	0.9302830579	0.9299982047	0.9303536798	0.9300230888	0.9303307671	0.9302064341	0.9299492688	0.9301252540	0.9300604150	0.9302066531	0.9307794702	0.9301201720	0.9300435481	0.9302052950	0.9300962079	0.9298081126	0.9300502073	0.9304148387	0.9297845866	0.9298528427	0.9300158601	0.9303534608	0.9300656284	0.9296416342	0.9300053895	0.9301362065	0.9296435619	0.9297911143	0.9300494625	0.9299999571	0.9303795278	0.9301825576	0.9302832332	0.9301050575	0.9299674938	0.9305862238	0.9299882598	0.9300904249	0.9303742268	0.9305259850	0.9300048638	0.9306934272	0.9302292591
0.9296062795	0.9297961963	0.9292907153	0.9295126135	0.9293658497	0.9296159615	0.9302390288	0.9295028877	0.9298455703	0.9296289293	0.9298334349	0.9299352057	0.9296081195	0.9293753564	0.9294065931	0.9296394437	0.9296614802	0.9297216753	0.9296256874	0.9296085576	0.9297359574	0.9300191459	0.9300739523	0.9296747109	0.9294969733	0.9292421299	0.9294307762	0.9300552892	1.0000000000	0.9301191205	0.9298620867	0.9301942987	0.9295399072	0.9301547382	0.9294704682	0.9301241149	0.9295538388	0.9293251939	0.9297362641	0.9295948012	0.9299758177	0.9297856819	0.9296968350	0.9296100910	0.9296638898	0.9296050966	0.9301924587	0.9297928229	0.9294050159	0.9300878839	0.9296917530	0.9299594327	0.9301882529	0.9299191274	0.9296003213	0.9299846235	0.9298784278	0.9296734842	0.9294182465	0.9300023666	0.9292772218	0.9295142345	0.9297365707	0.9299465964	0.9297130885	0.9297306126	0.9293647544	0.9295883612	0.9294939504	0.9293328168	0.9297289040	0.9293860461	0.9297445004	0.9300651027	0.9295589208	0.9298545951	0.9296743604	0.9297707864	0.9293863528	0.9299911950	0.9298064040	0.9304976398	0.9294953085	0.9304514640	0.9296098281
0.9294750244	0.9296167501	0.9296687089	0.9298125375	0.9296261693	0.9296453143	0.9306637239	0.9299982047	0.9298629191	0.9293788613	0.9295130078	0.9294688034	0.9300007456	0.9298277396	0.9300553330	0.9296393561	0.9295835859	0.9298317263	0.9296663431	0.9298336539	0.9299284590	0.9301031737	0.9301814623	0.9298455703	0.9296933302	0.9296712061	0.9296397504	0.9301627116	0.9301191205	1.0000000000	0.9304319685	0.9303866250	0.9298961709	0.9301782204	0.9300400871	0.9299047139	0.9297199667	0.9295677266	0.9300366261	0.9298325149	0.9299364762	0.9299267504	0.9300368890	0.9297499328	0.9297961963	0.9298067983	0.9305681741	0.9300408757	0.9296076814	0.9300998879	0.9298153851	0.9300205916	0.9301682755	0.9298107412	0.9302242648	0.9299570232	0.9300935354	0.9294737101	0.9297626816	0.9299549641	0.9298353625	0.9295783725	0.9297418279	0.9299838349	0.9295566865	0.9296363332	0.9300049076	0.9295717133	0.9299318762	0.9300021476	0.9301506200	0.9296732651	0.9301158348	0.9298747040	0.9297981239	0.9300071419	0.9296192473	0.9300184011	0.9297555843	0.9301778261	0.9299190836	0.9302847227	0.9299088759	0.9309879625	0.9300196278
0.9299713491	0.9300905564	0.9295346062	0.9300736895	0.9298614733	0.9299897055	0.9307481460	0.9302437603	0.9300592321	0.9297986058	0.9299003329	0.9300907754	0.9303576665	0.9303386968	0.9298843422	0.9300116106	0.9301990740	0.9303054449	0.9300520911	0.9297444127	0.9302038055	0.9302543623	0.9304936093	0.9298673439	0.9296884672	0.9295042458	0.9300349613	0.9299607032	0.9298620867	0.9304319685	1.0000000000	0.9304759538	0.9297802056	0.9299734958	0.9301714736	0.9300694837	0.9297178200	0.9297549272	0.9304689004	0.9299049330	0.9300107344	0.9302128742	0.9300916954	0.9303116221	0.9300019723	0.9300459577	0.9303456626	0.9301465895	0.9299467278	0.9301635440	0.9300373709	0.9303616533	0.9305434214	0.9299983799	0.9297789351	0.9300617731	0.9301988111	0.9299570670	0.9300042943	0.9301359436	0.9296406266	0.9300211612	0.9299490935	0.9305420195	0.9299161483	0.9297066484	0.9297293859	0.9301889538	0.9298343987	0.9298087260	0.9303746211	0.9297250049	0.9302310992	0.9300765371	0.9298427664	0.9299539126	0.9294111931	0.9300974784	0.9297905010	0.9300840287	0.9303230566	0.9304501935	0.9298546828	0.9309400780	0.9302531795
0.9303729563	0.9302427965	0.9300788591	0.9299755986	0.9299636823	0.9301650773	0.9309739871	0.9301807175	0.9302828827	0.9304631613	0.9303182375	0.9306005936	0.9308259527	0.9302348230	0.9299940865	0.9305628731	0.9304717042	0.9303637561	0.9306149195	0.9303426397	0.9304729309	0.9304419134	0.9309051176	0.9302803417	0.9300546759	0.9297427042	0.9297807313	0.9303161346	0.9301942987	0.9303866250	0.9304759538	1.0000000000	0.9304012138	0.9318685893	0.9305843838	0.9306773489	0.9300956821	0.9312002662	0.9322141634	0.9302990048	0.9302430593	0.9309154568	0.9301639383	0.9302749531	0.9306341959	0.9306268358	0.9307448164	0.9304515516	0.9302126113	0.9306628477	0.9302621605	0.9304187378	0.9308764220	0.9306457618	0.9299820825	0.9304219360	0.9304178178	0.9301792280	0.9298844736	0.9302877456	0.9302172990	0.9300977850	0.9301553077	0.9306359921	0.9302144513	0.9303849602	0.9300649274	0.9307944533	0.9302562462	0.9300204602	0.9303984976	0.9299468154	0.9307346963	0.9302548880	0.9302777569	0.9305807914	0.9303537674	0.9305279126	0.9299670119	0.9306062012	0.9304745081	0.9308403224	0.9306398036	0.9311494465	0.9307112141
0.9294220580	0.9299564098	0.9296714689	0.9297853314	0.9294486946	0.9297335916	0.9304731938	0.9299942179	0.9297495823	0.9296047023	0.9299007710	0.9294297686	0.9296546897	0.9300317632	0.9297021798	0.9296865396	0.9295979118	0.9297166371	0.9295949765	0.9299998256	0.9301989864	0.9299329714	0.9304838834	0.9300077115	0.9294294619	0.9294426488	0.9293276034	0.9298116613	0.9295399072	0.9298961709	0.9297802056	0.9304012138	1.0000000000	0.9299178569	0.9298796983	0.9300433729	0.9292789304	0.9295089773	0.9300297479	0.9298209052	0.9297101094	0.9301634564	0.9298917461	0.9295429301	0.9301437418	0.9297242163	0.9302817874	0.9297108542	0.9298210804	0.9301129871	0.9294703806	0.9298092955	0.9300177878	0.9299697281	0.9297435365	0.9298358882	0.9299535622	0.9297601844	0.9296955207	0.9300311499	0.9297563729	0.9296478991	0.9293297939	0.9301058461	0.9297445880	0.9295442882	0.9300023228	0.9298868394	0.9303584551	0.9297676321	0.9299083940	0.9297130009	0.9299872521	0.9297036255	0.9296861015	0.9300622112	0.9298143337	0.9303025972	0.9298867956	0.9300502073	0.9297603596	0.9301846166	0.9297863390	0.9307051683	0.9295541455
0.9298557780	0.9303704153	0.9297935239	0.9299806368	0.9296373409	0.9301213110	0.9306837451	0.9302194895	0.9297434489	0.9300133630	0.9300542816	0.9299064225	0.9303488169	0.9300244907	0.9299061596	0.9296025118	0.9298768069	0.9301147833	0.9300031990	0.9300070105	0.9299495316	0.9305103886	0.9307598871	0.9301690202	0.9299854121	0.9296869339	0.9298738278	0.9300748723	0.9301547382	0.9301782204	0.9299734958	0.9318685893	0.9299178569	1.0000000000	0.9301724374	0.9302875704	0.9301147395	0.9346577156	0.9302254915	0.9300866573	0.9301808052	0.9303825069	0.9301185948	0.9300188830	0.9299963646	0.9299650842	0.9304081358	0.9306009878	0.9300267250	0.9302888409	0.9299976789	0.9301522410	0.9303554760	0.9298630067	0.9299497945	0.9301917139	0.9303476778	0.9300167363	0.9298645400	0.9303259918	0.9299217998	0.9299185579	0.9299684576	0.9308977575	0.9301554391	0.9301300293	0.9298737840	0.9306262663	0.9303106145	0.9300635255	0.9304452429	0.9301958758	0.9305559949	0.9300087191	0.9305662464	0.9299638137	0.9303300662	0.9304731938	0.9299666176	0.9303439978	0.9300304927	0.9305085485	0.9301305988	0.9306291139	0.9301378713
0.9296386990	0.9298854813	0.9295418348	0.9299826083	0.9296556097	0.9299956199	0.9306004621	0.9296264321	0.9298172689	0.9296778214	0.9296060604	0.9297352564	0.9299422154	0.9300201535	0.9297875657	0.9300077115	0.9297512033	0.9300145020	0.9298283529	0.9297718817	0.9300001323	0.9300467463	0.9303926270	0.9298784278	0.9295561169	0.9297565481	0.9297506776	0.9299400687	0.9294704682	0.9300400871	0.9301714736	0.9305843838	0.9298796983	0.9301724374	1.0000000000	0.9305160401	0.9298054840	0.9295879669	0.9301665669	0.9298587133	0.9298276519	0.9301101395	0.9298434236	0.9297951448	0.9298995005	0.9297502833	0.9301163167	0.9298387359	0.9296867148	0.9299362134	0.9297614111	0.9305045180	0.9305456557	0.9299360381	0.9295983937	0.9299719186	0.9299883036	0.9295679018	0.9295993575	0.9297307440	0.9299769568	0.9292235983	0.9299597394	0.9301843100	0.9296298493	0.9295537074	0.9299844921	0.9298333473	0.9297475233	0.9293884557	0.9299313943	0.9293151614	0.9297814761	0.9300928783	0.9296198168	0.9299239904	0.9298119241	0.9300467024	0.9299031367	0.9306002431	0.9297666245	0.9300491120	0.9297225953	0.9302197962	0.9298824146
0.9298222633	0.9299745910	0.9299909760	0.9298628314	0.9300400871	0.9301323950	0.9306573276	0.9300665484	0.9299218875	0.9299808997	0.9298485932	0.9299866388	0.9299281085	0.9298699725	0.9300159916	0.9295866964	0.9302994429	0.9301528543	0.9299398934	0.9300509520	0.9296890806	0.9298479360	0.9307926132	0.9300669865	0.9300076238	0.9297861638	0.9296080319	0.9299068606	0.9301241149	0.9299047139	0.9300694837	0.9306773489	0.9300433729	0.9302875704	0.9305160401	1.0000000000	0.9299294666	0.9298302367	0.9302603205	0.9301215739	0.9300223440	0.9314506410	0.9299805492	0.9301068099	0.9303735258	0.9298196785	0.9304521649	0.9301387475	0.9299813816	0.9305471014	0.9300919145	0.9302739893	0.9307938837	0.9306637239	0.9299837473	0.9302048131	0.9299438801	0.9300824953	0.9298687896	0.9301366884	0.9302117789	0.9298875842	0.9300870515	0.9303032982	0.9296588516	0.9302757855	0.9299235084	0.9307034159	0.9301215739	0.9298678258	0.9300290032	0.9299362134	0.9302816998	0.9302645263	0.9301259987	0.9300336908	0.9301460199	0.9301832147	0.9298735211	0.9303916194	0.9302783265	0.9305856981	0.9300422338	0.9305630045	0.9300423214
