0.5187944117	-0.0069307630	-0.0066136092	-0.0058632288	-0.0060688990	-0.0054356452	-0.0064257882	-0.0059542478	-0.0050732917	-0.0055639862	-0.0060557315	-0.0065334163	-0.0073481632	-0.0071452777	-0.0069093951	-0.0076244353	-0.0060537906	-0.0056830374	-0.0068942360	-0.0050554389	-0.0055531258	-0.0066126031	-0.0062634288	-0.0062025324	-0.0056045065	-0.0063406732	-0.0068305401	-0.0066232115	-0.0051643129	-0.0065809304	-0.0051215154	-0.0051862884	-0.0074145784	-0.0053191497	-0.0053730402	-0.0057424163	-0.0057345653	-0.0063937947	-0.0045635016	-0.0059430174	-0.0053205967	-0.0064042320	-0.0065343372	-0.0070610806	-0.0062530868	-0.0065579476	-0.0057875009	-0.0052922774	-0.0053409816	-0.0061614203	-0.0062054843	-0.0058582665	-0.0062907364	-0.0055910519	-0.0062229014	-0.0063047673	-0.0058670847	-0.0070248700	-0.0067863191	-0.0061643702	-0.0058749535	-0.0057896786	-0.0064428764	-0.0060484094	-0.0066564970	-0.0059760424	-0.0062539002	-0.0075024861	-0.0072044459	-0.0066200152	-0.0069166139	-0.0059588642	-0.0069911188	-0.0070047268	-0.0065149500	-0.0051145438	-0.0068400802	-0.0058910134	-0.0050011918	-0.0055188648	-0.0059138257	-0.0056650488	-0.0068002130	-0.0060415096	-0.0074231158
-0.0069307630	0.4937017483	-0.0033542680	0.0085621261	-0.0050599881	-0.0050697175	-0.0072840594	-0.0057254173	-0.0074166625	-0.0067474006	0.0054054674	-0.0065780079	-0.0062228496	-0.0056241445	-0.0062205944	-0.0065862375	-0.0066480565	-0.0058070665	-0.0054170016	-0.0065380608	-0.0069385780	-0.0059653323	-0.0061041972	-0.0058323133	-0.0062170663	-0.0066461765	-0.0069618991	-0.0049225161	-0.0058014929	-0.0073318603	-0.0058402313	-0.0059018093	-0.0055493841	-0.0053605875	-0.0059197630	-0.0064165557	-0.0054725255	-0.0076770686	-0.0056954572	-0.0067063389	-0.0061035039	-0.0065794241	-0.0054996170	-0.0050950877	-0.0058990193	-0.0065088422	-0.0064290785	-0.0059115573	-0.0045504965	-0.0069143341	-0.0070001537	-0.0051147459	-0.0056852645	-0.0063429955	-0.0056838218	-0.0061834536	-0.0079500174	-0.0065994707	-0.0060131612	-0.0066056558	-0.0067964214	-0.0053472889	-0.0065503143	-0.0051486646	-0.0059117668	-0.0067461241	-0.0069533779	-0.0052152861	-0.0067093641	-0.0048147725	-0.0074770182	-0.0077029581	-0.0072853260	-0.0077021537	-0.0077370166	-0.0056637597	-0.0057608636	-0.0060264216	-0.0054378037	-0.0055520670	-0.0057743005	-0.0062976327	-0.0069615202	-0.0055445969	-0.0073913729
-0.0066136092	-0.0033542680	0.5048906852	-0.0055056097	-0.0070138859	-0.0056463055	-0.0064529015	-0.0051369736	-0.0062414343	-0.0036247565	-0.0070184202	-0.0064488239	-0.0074431878	-0.0059880078	-0.0057930616	-0.0061678677	-0.0057289373	-0.0061338976	-0.0054420011	-0.0054211073	-0.0067937591	-0.0044790914	-0.0058048844	-0.0060908576	-0.0056401275	-0.0062756727	-0.0055452188	-0.0044360400	-0.0067404286	-0.0066086592	-0.0070710816	-0.0059297146	-0.0059158505	-0.0064551536	-0.0063507521	-0.0051043899	-0.0060079631	-0.0072142602	-0.0059922077	-0.0061254702	-0.0050201456	-0.0067326645	-0.0054638151	-0.0054792094	-0.0062898099	-0.0057331674	-0.0052235499	-0.0067312288	-0.0055664418	-0.0059209124	-0.0061667044	-0.0061454909	-0.0055365479	-0.0064713271	-0.0059174108	-0.0065957480	-0.0059150484	-0.0058246153	-0.0064493144	-0.0062478792	-0.0076141249	-0.0063587071	-0.0066335437	-0.0070905662	-0.0058649251	-0.0073175749	-0.0074509151	-0.0053719899	-0.0058265946	-0.0056722405	-0.0049789143	-0.0047819533	-0.0062428472	-0.0054912848	-0.0064480115	-0.0069968900	-0.0050071537	-0.0050682096	-0.0066240556	-0.0062965035	-0.0060960958	-0.0053403736	-0.0064801660	-0.0057314351	-0.0069179389
-0.0058632288	0.0085621261	-0.0055056097	0.4988442371	-0.0073357083	-0.0057364203	-0.0046143802	-0.0052445074	-0.0069415358	-0.0058637373	-0.0058044778	-0.0066898813	-0.0053023131	-0.0041479592	-0.0068196439	-0.0055533693	-0.0075421173	-0.0029298148	-0.0065836735	-0.0057287337	-0.0051372618	-0.0069273239	-0.0069723881	-0.0063851301	-0.0074594813	-0.0051981151	-0.0044364786	-0.0062611476	-0.0066700994	-0.0064782289	-0.0058988093	-0.0070035331	-0.0066623314	-0.0063721569	-0.0054154447	-0.0067088160	-0.0066938109	-0.0074903392	-0.0066803386	-0.0058811023	-0.0063850205	-0.0056985370	-0.0061783293	-0.0067533827	-0.0049496456	-0.0069632106	-0.0064526133	-0.0070795355	-0.0062551278	-0.0056805000	-0.0051337504	-0.0052632534	-0.0046810455	-0.0062380169	-0.0075761478	-0.0062750868	-0.0057335655	-0.0054192853	-0.0059562511	-0.0054286351	-0.0075753620	-0.0068767019	-0.0065500506	-0.0064446140	-0.0066114177	-0.0068761365	-0.0075815262	-0.0054409938	-0.0074078966	-0.0060694969	-0.0050772401	-0.0065651915	-0.0055826750	-0.0048474721	-0.0057196408	-0.0066694925	-0.0068236878	-0.0047553752	-0.0058305393	-0.0063312477	-0.0066174222	-0.0059964399	-0.0061226555	-0.0043134908	-0.0076792076
-0.0060688990	-0.0050599881	-0.0070138859	-0.0073357083	0.5118030207	-0.0048301417	-0.0066154466	-0.0070994030	-0.0070490760	-0.0056499444	-0.0047688062	-0.0062378464	-0.0069624473	-0.0067572598	-0.0055837745	-0.0069459567	-0.0069755441	-0.0058563025	-0.0056131279	-0.0042580844	-0.0068597993	-0.0066884507	-0.0039660200	-0.0062979651	-0.0054210559	-0.0054901223	-0.0070936373	-0.0063814923	-0.0067564084	-0.0063024941	-0.0057563740	-0.0063004445	-0.0072026747	-0.0073794512	-0.0053151381	-0.0051051352	-0.0060146369	-0.0061539602	-0.0054290023	-0.0069073934	-0.0071653156	-0.0056390658	-0.0057232001	-0.0072649182	-0.0055378082	-0.0066533397	-0.0050895312	-0.0064424764	-0.0058072548	-0.0062026037	-0.0071538673	-0.0051781806	-0.0054266637	-0.0050549677	-0.0074855839	-0.0062605906	-0.0061542235	-0.0066789385	-0.0042640962	-0.0058108354	-0.0080660561	-0.0059091742	-0.0055428253	-0.0057003563	-0.0044374125	-0.0075813506	-0.0066571291	-0.0057571830	-0.0056389931	-0.0062307664	-0.0058388530	-0.0053804694	-0.0056121669	-0.0071102645	-0.0059520731	-0.0054773358	-0.0059775043	-0.0071442985	-0.0056313512	-0.0062947693	-0.0063955017	-0.0059334670	-0.0057188083	-0.0048137819	-0.0065043692
-0.0054356452	-0.0050697175	-0.0056463055	-0.0057364203	-0.0048301417	0.5064982939	-0.0052364978	-0.0060685501	-0.0069386936	-0.0068918194	-0.0053096488	-0.0055310593	-0.0069554397	-0.0054386168	-0.0055493520	-0.0065037231	-0.0049777441	-0.0048103336	-0.0064866123	-0.0057776111	-0.0058531711	-0.0065431994	-0.0062839897	-0.0056919735	-0.0060721941	-0.0045571521	-0.0073903643	-0.0055570437	-0.0056991201	-0.0064917011	-0.0054596349	-0.0058924239	-0.0066092285	-0.0056801414	-0.0048678231	-0.0055528832	-0.0066776057	-0.0054652251	-0.0053013171	-0.0066370565	-0.0058727918	-0.0061073227	-0.0072182220	-0.0072393737	-0.0063417597	-0.0064965893	-0.0064478570	-0.0062487256	-0.0057919028	-0.0052871169	-0.0059863770	-0.0058178785	-0.0065627918	-0.0073030534	-0.0053379186	-0.0081778693	-0.0058079514	-0.0075130945	-0.0062488382	-0.0068866755	-0.0060982341	-0.0059506290	-0.0051385542	-0.0065561105	-0.0066474916	-0.0066762144	-0.0065822560	-0.0046081074	-0.0068427915	-0.0062333581	-0.0062457866	-0.0066464441	-0.0062909132	-0.0066552762	-0.0060332317	-0.0052717119	-0.0058869718	-0.0055547353	-0.0055229647	-0.0050377644	-0.0053216685	-0.0061850222	-0.0064641094	-0.0055743867	-0.0063022705
-0.0064257882	-0.0072840594	-0.0064529015	-0.0046143802	-0.0066154466	-0.0052364978	0.4640830826	-0.0053484127	-0.0049300497	-0.0058256304	-0.0058319509	-0.0053556607	-0.0061845239	-0.0035949810	-0.0051349554	-0.0046467099	-0.0062926568	-0.0051563576	-0.0056165811	-0.0053062542	-0.0055906644	-0.0035114144	-0.0061158567	-0.0050079257	-0.0055068119	-0.0046227408	-0.0063094387	-0.0050689177	-0.0060367863	-0.0049537430	-0.0049741546	-0.0056019772	-0.0054758604	-0.0057828525	-0.0047793704	-0.0053645793	-0.0052594126	-0.0065303177	-0.0052966733	-0.0061356549	-0.0044923371	-0.0053925377	-0.0067825857	-0.0045423493	-0.0054794437	-0.0057900792	-0.0049694753	-0.0062569851	-0.0061271672	-0.0038080468	-0.0053855126	-0.0042361915	-0.0052310096	-0.0049304575	-0.0056232447	-0.0065412356	-0.0055324606	-0.0062290029	-0.0057132723	-0.0056335322	-0.0066865744	-0.0061361375	-0.0054642011	-0.0056417152	-0.0048389451	-0.0062290886	-0.0053078924	-0.0058034814	-0.0068872273	-0.0059661126	-0.0062481393	-0.0068818826	-0.0069773652	-0.0063237297	-0.0063846547	-0.0039387376	-0.0051972581	-0.0043134188	-0.0045703991	-0.0063138373	-0.0057283085	-0.0053565140	-0.0056098123	-0.0029238642	-0.0058779084
-0.0059542478	-0.0057254173	-0.0051369736	-0.0052445074	-0.0070994030	-0.0060685501	-0.0053484127	0.5141972135	-0.0059026372	-0.0066560054	-0.0064372036	-0.0067226840	-0.0058388031	-0.0074721860	-0.0064910488	-0.0057497428	-0.0066195228	-0.0061067848	-0.0060614955	-0.0062313117	-0.0053623608	-0.0049022459	-0.0065782605	-0.0068439368	-0.0051930232	-0.0062783020	-0.0081477244	-0.0072293780	-0.0074147013	-0.0060330152	-0.0054373414	-0.0066316440	-0.0054263101	-0.0059126790	-0.0067486285	-0.0059363722	-0.0053928172	-0.0067864642	-0.0064911805	-0.0074993086	-0.0055795738	-0.0040918474	-0.0072346570	-0.0069323914	-0.0053078522	-0.0051511679	-0.0066131229	-0.0067972578	-0.0058969072	-0.0058063943	-0.0059891787	-0.0064464541	-0.0054399574	-0.0066593421	-0.0058717182	-0.0058919151	-0.0052727434	-0.0058481415	-0.0064387336	-0.0058490037	-0.0064837606	-0.0050455459	-0.0062144348	-0.0060556675	-0.0051516467	-0.0053928232	-0.0058932432	-0.0077527290	-0.0063524366	-0.0071470009	-0.0055767759	-0.0066287628	-0.0057549644	-0.0055659176	-0.0054076469	-0.0055142937	-0.0072171002	-0.0059405388	-0.0071591615	-0.0057435320	-0.0064361914	-0.0065166132	-0.0058210550	-0.0050011273	-0.0061932535
-0.0050732917	-0.0074166625	-0.0062414343	-0.0069415358	-0.0070490760	-0.0069386936	-0.0049300497	-0.0059026372	0.5027100508	-0.0043456040	-0.0052100046	-0.0045651873	-0.0059321159	-0.0053653973	-0.0056962941	-0.0064782130	-0.0063924892	-0.0063286342	-0.0056933864	-0.0053997580	-0.0052594955	-0.0067558763	-0.0060291696	-0.0057868686	-0.0052260457	-0.0061180257	-0.0066822536	-0.0063757329	-0.0047814302	-0.0055073441	-0.0055886955	-0.0055951774	-0.0058565322	-0.0073358974	-0.0062669235	-0.0060003763	-0.0059539846	-0.0070655745	-0.0055496626	-0.0054286532	-0.0053427743	-0.0036709734	-0.0062778864	-0.0061282327	-0.0060541001	-0.0044102654	-0.0065868521	-0.0065218379	-0.0070912489	-0.0055167077	-0.0060962082	-0.0051322999	-0.0063813355	-0.0062313777	-0.0059208626	-0.0054331209	-0.0054386042	-0.0083869226	-0.0054480298	-0.0050826218	-0.0045982753	-0.0080005709	-0.0071762292	-0.0066069418	-0.0065400341	-0.0051445849	-0.0074540502	-0.0062998487	-0.0076502846	-0.0048815423	-0.0067420396	-0.0060642409	-0.0061147468	-0.0066102803	-0.0068359961	-0.0055449213	-0.0062608322	-0.0055357721	-0.0062659527	-0.0056982966	-0.0065992554	-0.0049329531	-0.0060673984	-0.0053545220	-0.0055140347
-0.0055639862	-0.0067474006	-0.0036247565	-0.0058637373	-0.0056499444	-0.0068918194	-0.0058256304	-0.0066560054	-0.0043456040	0.5127623110	-0.0066822758	-0.0066704664	-0.0054439066	-0.0053269580	-0.0061309035	-0.0053295463	-0.0074016622	-0.0054394855	-0.0066413044	-0.0063682705	-0.0069879548	-0.0066724519	-0.0058368164	-0.0054026734	-0.0051798453	-0.0066629323	-0.0064509750	-0.0056469507	-0.0051404812	-0.0076291502	-0.0065949394	-0.0053038835	-0.0065055654	-0.0059656465	-0.0059621996	-0.0054466143	-0.0056681751	-0.0056961365	-0.0064463267	-0.0065376145	-0.0066198235	-0.0052052476	-0.0068101977	-0.0052649584	-0.0062140017	-0.0059769015	-0.0060614678	-0.0050280755	-0.0068933708	-0.0073133059	-0.0054081128	-0.0059336052	-0.0054325471	-0.0070746549	-0.0074570303	-0.0049291389	-0.0055149648	-0.0069094694	-0.0058317535	-0.0048784003	-0.0072186474	-0.0068291957	-0.0055016598	-0.0065462792	-0.0059431745	-0.0060915391	-0.0068166603	-0.0058297769	-0.0075511128	-0.0051558185	-0.0058149703	-0.0067892639	-0.0064864192	-0.0067666302	-0.0065120368	-0.0051744432	-0.0064777835	-0.0050032977	-0.0073242225	-0.0053900507	-0.0066232951	-0.0070917637	-0.0068402412	-0.0056200843	-0.0062659207
-0.0060557315	0.0054054674	-0.0070184202	-0.0058044778	-0.0047688062	-0.0053096488	-0.0058319509	-0.0064372036	-0.0052100046	-0.0066822758	0.4991243127	-0.0058672368	-0.0082400535	-0.0052888325	-0.0072168612	-0.0056307117	-0.0055921971	-0.0065044179	-0.0067011254	-0.0070818510	-0.0056426231	-0.0070259167	-0.0062853362	-0.0059850175	-0.0058193650	-0.0062336042	-0.0065738237	-0.0052838995	-0.0053943590	-0.0072055076	-0.0062726053	-0.0059647377	-0.0059924338	-0.0057066439	-0.0068176922	-0.0067812822	-0.0069306511	-0.0051168299	-0.0043681414	-0.0063101316	-0.0063529641	-0.0059185832	-0.0055153333	-0.0053557477	-0.0051467139	-0.0055608859	-0.0058013263	-0.0049514670	-0.0070598470	-0.0052761081	-0.0056448439	-0.0069619355	-0.0061544853	-0.0060041172	-0.0048870645	-0.0064504167	-0.0072908832	-0.0074520170	-0.0059181445	-0.0061095759	-0.0075764611	-0.0052474923	-0.0057749567	-0.0056854621	-0.0050551339	-0.0065039263	-0.0075997509	-0.0040459747	-0.0067469868	-0.0063064218	-0.0062904702	-0.0058242730	-0.0053969083	-0.0059456745	-0.0059463762	-0.0074690166	-0.0071245020	-0.0058530448	-0.0070930597	-0.0062447009	-0.0058391941	-0.0054573443	-0.0061551094	-0.0041725275	-0.0064101437
-0.0065334163	-0.0065780079	-0.0064488239	-0.0066898813	-0.0062378464	-0.0055310593	-0.0053556607	-0.0067226840	-0.0045651873	-0.0066704664	-0.0058672368	0.5085160113	-0.0071456131	-0.0056557105	-0.0068641507	-0.0064836542	-0.0057693011	-0.0060567726	-0.0062378596	-0.0064425938	-0.0078040236	-0.0056614222	-0.0055460366	-0.0051752111	-0.0047444505	-0.0053991599	-0.0065916230	-0.0066538709	-0.0050878051	-0.0069375636	-0.0050659997	-0.0041840147	-0.0070888419	-0.0064533993	-0.0060318455	-0.0052693091	-0.0060948048	-0.0059814813	-0.0064632252	-0.0074228296	-0.0055902410	-0.0060905394	-0.0048461620	-0.0057914721	-0.0061944404	-0.0054665221	-0.0052141015	-0.0059907658	-0.0060965684	-0.0062610953	-0.0055449492	-0.0054493881	-0.0058862904	-0.0059776071	-0.0062193980	-0.0064054810	-0.0049246313	-0.0066922268	-0.0064514446	-0.0070108410	-0.0072646626	-0.0057435639	-0.0043835875	-0.0060872968	-0.0048983030	-0.0057075679	-0.0074553578	-0.0058962628	-0.0065377392	-0.0055219308	-0.0069595453	-0.0057625208	-0.0048120001	-0.0054628285	-0.0067816298	-0.0073370643	-0.0067563574	-0.0065922384	-0.0070130637	-0.0061369227	-0.0066265823	-0.0063628662	-0.0058113431	-0.0052363379	-0.0057514292
-0.0073481632	-0.0062228496	-0.0074431878	-0.0053023131	-0.0069624473	-0.0069554397	-0.0061845239	-0.0058388031	-0.0059321159	-0.0054439066	-0.0082400535	-0.0071456131	0.4782898879	-0.0046564138	-0.0057099228	-0.0067094742	-0.0058072537	-0.0069431925	-0.0070775856	-0.0066117242	-0.0073343362	-0.0045080457	0.0005302628	-0.0068213247	-0.0064287891	-0.0065670370	0.0393811669	-0.0065124109	-0.0071144234	-0.0061793684	-0.0056029653	-0.0041691142	-0.0074202176	-0.0060828346	-0.0060810765	-0.0068518127	-0.0052180320	-0.0067093539	-0.0063167420	-0.0047166409	-0.0063446306	-0.0065672261	-0.0055803248	-0.0075128636	-0.0058295074	-0.0072639916	-0.0069536075	-0.0059906154	-0.0069218754	-0.0059713672	-0.0058978471	-0.0055516952	-0.0047815179	-0.0061299040	-0.0052973350	-0.0058159881	-0.0064332928	-0.0073562325	-0.0067171324	-0.0061431053	-0.0075438842	-0.0060567426	-0.0074047766	-0.0050090660	-0.0059987025	-0.0058672634	-0.0067142595	-0.0072137159	-0.0064059169	-0.0056459115	-0.0068255514	-0.0066413627	-0.0053354453	-0.0063609627	-0.0061360359	-0.0058655719	-0.0064047450	-0.0071775035	-0.0068172095	-0.0059688766	-0.0059675692	-0.0057810311	-0.0066440950	-0.0068435796	-0.0073419708
-0.0071452777	-0.0056241445	-0.0059880078	-0.0041479592	-0.0067572598	-0.0054386168	-0.0035949810	-0.0074721860	-0.0053653973	-0.0053269580	-0.0052888325	-0.0056557105	-0.0046564138	0.4985999398	-0.0053155544	-0.0069457015	-0.0056302446	-0.0065519774	-0.0066389247	-0.0066940608	-0.0067872354	-0.0056048688	-0.0044574206	-0.0060880936	-0.0068911133	-0.0058642748	0.0012777268	-0.0065174913	-0.0077420407	-0.0063545414	-0.0048474268	-0.0061458555	-0.0047002662	-0.0066546367	-0.0056473237	-0.0067371002	-0.0069793408	-0.0064204177	-0.0057024282	-0.0062012433	-0.0061943758	-0.0058407479	-0.0059809515	-0.0074165412	-0.0057267978	-0.0066086648	-0.0022030882	-0.0042130594	-0.0064449321	-0.0061203526	-0.0071491021	-0.0052651370	-0.0052961141	-0.0058062530	-0.0072313378	-0.0053566952	-0.0063569672	-0.0061011815	-0.0081154561	-0.0067922817	-0.0071265958	-0.0057338747	-0.0061547592	-0.0062690333	-0.0062946459	-0.0062240828	-0.0069525558	-0.0060248906	-0.0058672425	-0.0056495667	-0.0066797088	-0.0057376551	-0.0071820104	-0.0058160716	-0.0058921746	-0.0055928836	-0.0058069839	-0.0061027601	-0.0059774425	-0.0055600552	-0.0064037376	-0.0055944649	-0.0063003283	-0.0056221242	-0.0065106536
-0.0069093951	-0.0062205944	-0.0057930616	-0.0068196439	-0.0055837745	-0.0055493520	-0.0051349554	-0.0064910488	-0.0056962941	-0.0061309035	-0.0072168612	-0.0068641507	-0.0057099228	-0.0053155544	0.5041364336	-0.0055487641	-0.0062488865	-0.0060592826	-0.0046823324	-0.0056738708	-0.0059926310	-0.0056415792	-0.0058592474	-0.0046527113	-0.0054909880	-0.0067289177	-0.0054605371	-0.0074230076	-0.0067909937	-0.0046107832	-0.0064436413	-0.0074613665	-0.0061477904	-0.0062421442	-0.0059004435	-0.0058510575	-0.0067689803	-0.0054025155	-0.0057361378	-0.0042438801	-0.0056687506	-0.0057751166	-0.0061009975	-0.0059890735	-0.0056555307	-0.0059453629	-0.0072712614	-0.0067137309	-0.0055030849	-0.0053083258	-0.0071388221	-0.0060193970	-0.0043534285	-0.0051243706	-0.0065576821	-0.0053804025	-0.0065938154	-0.0054364043	-0.0067850032	-0.0064398855	-0.0064886202	-0.0059528761	-0.0064815971	-0.0052355810	-0.0065940693	-0.0057783705	-0.0084571402	-0.0051603062	-0.0070200302	-0.0071011411	-0.0068998324	-0.0059366075	-0.0057053618	-0.0063118423	-0.0059629986	-0.0064661386	-0.0052149319	-0.0060307954	-0.0057864432	-0.0063939550	-0.0058813216	-0.0043690825	-0.0070529667	-0.0038519968	-0.0057439791
-0.0076244353	-0.0065862375	-0.0061678677	-0.0055533693	-0.0069459567	-0.0065037231	-0.0046467099	-0.0057497428	-0.0064782130	-0.0053295463	-0.0056307117	-0.0064836542	-0.0067094742	-0.0069457015	-0.0055487641	0.5147461464	-0.0043241924	-0.0050449922	-0.0058795360	-0.0048674058	-0.0053304693	-0.0061820062	-0.0064485505	-0.0056250731	-0.0063614904	-0.0078650523	-0.0068221829	-0.0056160524	-0.0053723775	-0.0064180762	-0.0053606738	-0.0045771776	-0.0062491489	-0.0077217598	-0.0050411654	-0.0072212698	-0.0065600046	-0.0071217215	-0.0052021981	-0.0062552042	-0.0056933653	-0.0059409593	-0.0057751084	-0.0064563395	-0.0048639735	-0.0060186317	-0.0061439325	-0.0058496306	-0.0053025002	-0.0049100858	-0.0065466433	-0.0058490393	-0.0056351991	-0.0059897004	-0.0056506767	-0.0058339886	-0.0061320100	-0.0051966113	-0.0068567036	-0.0065115876	-0.0070435679	-0.0071374011	-0.0055410084	-0.0066421956	-0.0064215424	-0.0067774717	-0.0073685784	-0.0065103768	-0.0078533025	-0.0072836198	-0.0061778440	-0.0067402099	-0.0064653404	-0.0061884642	-0.0068159409	-0.0057236315	-0.0076784369	-0.0065692797	-0.0062083631	-0.0066741397	-0.0056008733	-0.0056262907	-0.0057445410	-0.0039778099	-0.0064473420
-0.0060537906	-0.0066480565	-0.0057289373	-0.0075421173	-0.0069755441	-0.0049777441	-0.0062926568	-0.0066195228	-0.0063924892	-0.0074016622	-0.0055921971	-0.0057693011	-0.0058072537	-0.0056302446	-0.0062488865	-0.0043241924	0.4990686178	-0.0064794952	-0.0062852924	-0.0062252390	-0.0061042769	-0.0052076256	-0.0053074989	-0.0044689181	-0.0045554276	-0.0060691960	-0.0074002470	-0.0038205703	-0.0062011747	-0.0072586899	-0.0054385896	-0.0043961424	-0.0066394198	-0.0070374345	-0.0062137552	-0.0056248339	-0.0057353378	-0.0069994928	-0.0063277919	-0.0065283353	-0.0044568970	-0.0061746895	-0.0061137283	-0.0063999122	-0.0063165285	-0.0075732773	-0.0036910215	-0.0066393543	-0.0061682144	-0.0050626265	-0.0072060808	-0.0067966574	-0.0037117333	-0.0063732023	-0.0068491903	-0.0064254195	-0.0051572294	-0.0062060962	-0.0056299596	-0.0066274977	-0.0072337048	-0.0063841488	-0.0062623436	-0.0066230101	-0.0061588110	-0.0052892472	-0.0070714251	-0.0054698529	-0.0062382875	-0.0056227231	-0.0064951532	-0.0066468521	-0.0058753484	-0.0050545784	-0.0057061162	-0.0050495364	-0.0060572775	-0.0040051693	-0.0059038998	-0.0057685263	-0.0040490010	-0.0052803108	-0.0048871979	-0.0058776317	-0.0061497676
-0.0056830374	-0.0058070665	-0.0061338976	-0.0029298148	-0.0058563025	-0.0048103336	-0.0051563576	-0.0061067848	-0.0063286342	-0.0054394855	-0.0065044179	-0.0060567726	-0.0069431925	-0.0065519774	-0.0060592826	-0.0050449922	-0.0064794952	0.5042394134	-0.0062633854	-0.0060866124	-0.0061388776	-0.0068872740	-0.0044737194	-0.0065739863	-0.0072068012	-0.0078675152	-0.0060093040	-0.0064215527	-0.0053351690	-0.0057997629	-0.0048316853	-0.0054734762	-0.0057374571	-0.0060183586	-0.0056653348	-0.0050469505	-0.0071186630	-0.0070890934	-0.0057448848	-0.0065938471	-0.0072675022	-0.0052411806	-0.0065268630	-0.0065229009	-0.0062011056	-0.0059150996	-0.0054179527	-0.0059086467	-0.0062403259	-0.0067487488	-0.0066109488	-0.0061806200	-0.0046456988	-0.0055854472	-0.0077361650	-0.0054695128	-0.0055669028	-0.0062636045	-0.0050679554	-0.0059555751	-0.0073959258	-0.0068850500	-0.0063066250	-0.0069827732	-0.0045907443	-0.0063931665	-0.0070278806	-0.0064472585	-0.0075160859	-0.0057904419	-0.0054290154	-0.0054713811	-0.0055694707	-0.0043209085	-0.0055474308	-0.0059056335	-0.0062288926	-0.0055861590	-0.0059362066	-0.0044604083	-0.0066180450	-0.0063191695	-0.0069912094	-0.0058179635	-0.0053532560
-0.0068942360	-0.0054170016	-0.0054420011	-0.0065836735	-0.0056131279	-0.0064866123	-0.0056165811	-0.0060614955	-0.0056933864	-0.0066413044	-0.0067011254	-0.0062378596	-0.0070775856	-0.0066389247	-0.0046823324	-0.0058795360	-0.0062852924	-0.0062633854	0.5072463787	-0.0046278229	-0.0059249778	-0.0067523117	-0.0049444967	-0.0055426622	-0.0060754882	-0.0064082360	-0.0059299991	-0.0058910569	-0.0064371084	-0.0073018796	-0.0050973743	-0.0049264606	-0.0068242204	-0.0062274522	-0.0063851647	-0.0065922809	-0.0066268297	-0.0065780620	-0.0051378836	-0.0064830371	-0.0059615053	-0.0043769095	-0.0057232763	-0.0057735017	-0.0052168362	-0.0064370946	-0.0057546140	-0.0062225673	-0.0074639833	-0.0067517300	-0.0058400903	-0.0068950872	-0.0056708389	-0.0063979922	-0.0054075901	-0.0055388025	-0.0050770179	-0.0054001076	-0.0070989505	-0.0067094692	-0.0060180716	-0.0058406982	-0.0064943743	-0.0052010839	-0.0055951337	-0.0052755779	-0.0068181308	-0.0055378596	-0.0072290159	-0.0064326194	-0.0058602361	-0.0072623597	-0.0063610519	-0.0074921202	-0.0059416462	-0.0060805203	-0.0062211904	-0.0047648974	-0.0066818495	-0.0038233510	-0.0064783833	-0.0045148196	-0.0059323311	-0.0059814083	-0.0067594172
-0.0050554389	-0.0065380608	-0.0054211073	-0.0057287337	-0.0042580844	-0.0057776111	-0.0053062542	-0.0062313117	-0.0053997580	-0.0063682705	-0.0070818510	-0.0064425938	-0.0066117242	-0.0066940608	-0.0056738708	-0.0048674058	-0.0062252390	-0.0060866124	-0.0046278229	0.5045501151	-0.0063162523	-0.0054101516	-0.0055164341	-0.0057803203	-0.0051825430	-0.0053216376	-0.0060890878	-0.0044114558	-0.0061982332	-0.0061845741	-0.0069001283	-0.0054043866	-0.0045888557	-0.0060037243	-0.0059773880	-0.0057335989	-0.0055818888	-0.0052815275	-0.0036920125	-0.0070309586	-0.0052500640	-0.0066897451	-0.0048209203	-0.0068529967	-0.0055545304	-0.0058791229	-0.0061365323	-0.0065705878	-0.0051704379	-0.0058295692	-0.0066096470	-0.0061662661	-0.0055461014	-0.0061417258	-0.0069399261	-0.0069736013	-0.0069995319	-0.0066627750	-0.0069486705	-0.0070785906	-0.0066195120	-0.0079019051	-0.0071609527	-0.0067871805	-0.0060076347	-0.0063112920	-0.0073890467	-0.0056333788	-0.0074375162	-0.0062159714	-0.0051198725	-0.0058044048	-0.0060535030	-0.0055888641	-0.0062317684	-0.0054630722	-0.0060007675	-0.0052294300	-0.0069452675	-0.0061501152	-0.0054003532	-0.0054338340	-0.0075480401	-0.0068758025	-0.0054183171
-0.0055531258	-0.0069385780	-0.0067937591	-0.0051372618	-0.0068597993	-0.0058531711	-0.0055906644	-0.0053623608	-0.0052594955	-0.0069879548	-0.0056426231	-0.0078040236	-0.0073343362	-0.0067872354	-0.0059926310	-0.0053304693	-0.0061042769	-0.0061388776	-0.0059249778	-0.0063162523	0.5013759344	0.0127621642	-0.0067210753	-0.0059871725	-0.0076704550	-0.0065027142	-0.0058138016	-0.0053424487	-0.0064393475	-0.0066348571	-0.0054413337	-0.0061087432	-0.0050448718	-0.0071396085	-0.0058445286	-0.0077357438	-0.0061490845	-0.0059213499	-0.0057377797	-0.0070779630	-0.0059331905	-0.0066213104	-0.0059016358	-0.0066466090	-0.0054482502	-0.0068667941	-0.0044852624	-0.0047874852	-0.0043402344	-0.0068542060	-0.0059352331	-0.0070178339	-0.0062785360	-0.0064694933	-0.0051624691	-0.0073344988	-0.0063012755	-0.0032946972	-0.0060671183	-0.0071828211	-0.0064817261	-0.0071900441	-0.0066349618	-0.0060250357	-0.0060290303	-0.0061795817	-0.0077701703	-0.0069404534	-0.0072828608	-0.0071618713	-0.0063187358	-0.0067613442	-0.0060781758	-0.0055946847	-0.0059222125	-0.0060564096	-0.0058984590	-0.0065164436	-0.0059983476	-0.0063216516	-0.0052837016	-0.0062759021	-0.0064221278	-0.0057491438	-0.0052913171
-0.0066126031	-0.0059653323	-0.0044790914	-0.0069273239	-0.0066884507	-0.0065431994	-0.0035114144	-0.0049022459	-0.0067558763	-0.0066724519	-0.0070259167	-0.0056614222	-0.0045080457	-0.0056048688	-0.0056415792	-0.0061820062	-0.0052076256	-0.0068872740	-0.0067523117	-0.0054101516	0.0127621642	0.4868934831	-0.0056867068	-0.0065791725	-0.0059429955	-0.0067155622	-0.0051429281	-0.0059907995	-0.0056306250	-0.0058248182	-0.0058132503	-0.0061436042	-0.0064043004	-0.0048413693	-0.0058686844	-0.0080660371	-0.0063442338	-0.0073686854	-0.0057327939	-0.0069043092	-0.0062382439	-0.0029700227	-0.0052598730	-0.0060237571	-0.0059987098	-0.0066833180	-0.0052702503	-0.0065904625	-0.0075339701	-0.0070815351	-0.0063476633	-0.0066728221	-0.0062057393	-0.0056474090	-0.0062044322	-0.0053069308	-0.0069685906	-0.0033694017	-0.0060622771	-0.0054851782	-0.0061618147	-0.0071945951	-0.0072299536	-0.0052076283	-0.0060491644	-0.0049185705	-0.0073431787	-0.0057089576	-0.0078474200	-0.0055786099	-0.0053570774	-0.0052385950	-0.0058739936	-0.0058497726	-0.0059866949	-0.0061492165	-0.0070319451	-0.0059602830	-0.0056171525	-0.0054228945	-0.0071667009	-0.0064192885	-0.0062416796	-0.0056269018	-0.0056129052
-0.0062634288	-0.0061041972	-0.0058048844	-0.0069723881	-0.0039660200	-0.0062839897	-0.0061158567	-0.0065782605	-0.0060291696	-0.0058368164	-0.0062853362	-0.0055460366	0.0005302628	-0.0044574206	-0.0058592474	-0.0064485505	-0.0053074989	-0.0044737194	-0.0049444967	-0.0055164341	-0.0067210753	-0.0056867068	0.4847740379	-0.0048597443	-0.0052899489	-0.0052586550	-0.0066403157	-0.0055683150	-0.0065583620	-0.0067310909	-0.0060984842	-0.0057290256	-0.0049622399	-0.0055272478	-0.0055094177	-0.0049444738	-0.0050794479	-0.0064327751	-0.0059014342	-0.0049045063	-0.0058907246	-0.0052710103	-0.0056787302	-0.0068085295	-0.0055777062	-0.0059336784	-0.0049793668	-0.0056775937	-0.0058033313	-0.0067415090	-0.0067875444	-0.0059196987	-0.0058441438	-0.0065484437	-0.0061631807	-0.0064117408	-0.0056488233	-0.0067152992	-0.0061292862	-0.0060869636	-0.0061199381	-0.0058973257	-0.0066044578	-0.0045462398	-0.0057061277	-0.0066842834	-0.0074859611	-0.0057888910	-0.0065814068	-0.0051917489	-0.0065319229	-0.0048188657	-0.0057129356	-0.0059052461	-0.0065313689	-0.0071540637	-0.0059600794	-0.0047970286	-0.0058134707	-0.0046269622	-0.0043338923	-0.0054061058	-0.0063739215	-0.0064056293	-0.0065121052
-0.0062025324	-0.0058323133	-0.0060908576	-0.0063851301	-0.0062979651	-0.0056919735	-0.0050079257	-0.0068439368	-0.0057868686	-0.0054026734	-0.0059850175	-0.0051752111	-0.0068213247	-0.0060880936	-0.0046527113	-0.0056250731	-0.0044689181	-0.0065739863	-0.0055426622	-0.0057803203	-0.0059871725	-0.0065791725	-0.0048597443	0.5024969561	-0.0061800174	-0.0061091969	-0.0068241453	-0.0074741318	-0.0060245512	-0.0062870033	-0.0065475277	-0.0061518456	-0.0059899080	-0.0054085799	-0.0059261627	-0.0067366855	-0.0055097369	-0.0068953748	-0.0057284559	-0.0062496637	-0.0069309870	-0.0065262029	-0.0062319504	-0.0069788611	-0.0062935451	-0.0043145868	-0.0046603700	-0.0054599585	-0.0058275994	-0.0054006278	-0.0063588512	-0.0066442332	-0.0049784383	-0.0064791188	-0.0058212317	-0.0061988312	-0.0045040104	-0.0052770430	-0.0057304652	-0.0060950250	-0.0066907946	-0.0053500564	-0.0068607396	-0.0059154991	-0.0056918139	-0.0067541610	-0.0068173194	-0.0066702481	-0.0057161811	-0.0049810872	-0.0062850704	-0.0061755428	-0.0059679878	-0.0075365503	-0.0065196866	-0.0070592625	-0.0072202436	-0.0053577037	-0.0054679185	-0.0051408342	-0.0046171388	-0.0059065881	-0.0058984327	-0.0048662233	-0.0065933648
-0.0056045065	-0.0062170663	-0.0056401275	-0.0074594813	-0.0054210559	-0.0060721941	-0.0055068119	-0.0051930232	-0.0052260457	-0.0051798453	-0.0058193650	-0.0047444505	-0.0064287891	-0.0068911133	-0.0054909880	-0.0063614904	-0.0045554276	-0.0072068012	-0.0060754882	-0.0051825430	-0.0076704550	-0.0059429955	-0.0052899489	-0.0061800174	0.5105081144	-0.0044450154	-0.0072061123	-0.0074578736	-0.0059664519	-0.0064553077	-0.0070841873	-0.0062045103	-0.0071009209	-0.0063572084	-0.0067615458	-0.0057964669	-0.0057212911	-0.0074366903	-0.0057725288	-0.0057518087	-0.0056566088	-0.0063311028	-0.0063586418	-0.0062375899	-0.0060201984	-0.0054108547	-0.0064879923	-0.0062111233	-0.0060883411	-0.0044106198	-0.0055194316	-0.0070539855	-0.0064246341	-0.0068640659	-0.0062005063	-0.0067294278	-0.0074885917	-0.0057331004	-0.0056083420	-0.0042083597	-0.0067871544	-0.0056456835	-0.0059200906	-0.0065320214	-0.0054892153	-0.0076545519	-0.0060215725	-0.0056394387	-0.0067272950	-0.0062126736	-0.0060582658	-0.0055925309	-0.0046209970	-0.0065322578	-0.0068836119	-0.0051185075	-0.0053870493	-0.0065153746	-0.0069375955	-0.0070199198	-0.0061769286	-0.0054208519	-0.0055092301	-0.0060460136	-0.0061378151
-0.0063406732	-0.0066461765	-0.0062756727	-0.0051981151	-0.0054901223	-0.0045571521	-0.0046227408	-0.0062783020	-0.0061180257	-0.0066629323	-0.0062336042	-0.0053991599	-0.0065670370	-0.0058642748	-0.0067289177	-0.0078650523	-0.0060691960	-0.0078675152	-0.0064082360	-0.0053216376	-0.0065027142	-0.0067155622	-0.0052586550	-0.0061091969	-0.0044450154	0.5156805402	-0.0061982305	-0.0061211722	-0.0070357423	-0.0063883459	-0.0073763155	-0.0074805656	-0.0068819462	-0.0066707306	-0.0057939186	-0.0063081283	-0.0052538116	-0.0071205762	-0.0061325689	-0.0051562531	-0.0068633337	-0.0072343586	-0.0068458776	-0.0061856757	-0.0054311386	-0.0065212496	-0.0051178153	-0.0051254921	-0.0063546885	-0.0056528916	-0.0058026326	-0.0063538835	-0.0067586491	-0.0058576749	-0.0060972645	-0.0053632749	-0.0068047803	-0.0060199456	-0.0068571297	-0.0059913670	-0.0064120540	-0.0064273455	-0.0057163703	-0.0057865742	-0.0059143136	-0.0054804394	-0.0077554134	-0.0061927167	-0.0075468831	-0.0055059396	-0.0070758229	-0.0056248816	-0.0062997895	-0.0055894783	-0.0056311563	-0.0050825040	-0.0069987205	-0.0056923087	-0.0059457029	-0.0071097585	-0.0056905203	-0.0041141353	-0.0061669970	-0.0048327507	-0.0063848482
-0.0068305401	-0.0069618991	-0.0055452188	-0.0044364786	-0.0070936373	-0.0073903643	-0.0063094387	-0.0081477244	-0.0066822536	-0.0064509750	-0.0065738237	-0.0065916230	0.0393811669	0.0012777268	-0.0054605371	-0.0068221829	-0.0074002470	-0.0060093040	-0.0059299991	-0.0060890878	-0.0058138016	-0.0051429281	-0.0066403157	-0.0068241453	-0.0072061123	-0.0061982305	0.4915158053	-0.0067547109	-0.0069064615	-0.0065222485	-0.0056438422	-0.0075845038	-0.0076442556	-0.0062362775	-0.0063262080	-0.0074795518	-0.0060998909	-0.0055782738	-0.0062543909	-0.0055076888	-0.0074029065	-0.0065471441	-0.0042636113	-0.0080796848	-0.0071700216	-0.0067883726	-0.0059120820	-0.0060465529	-0.0058009846	-0.0064486189	-0.0077750901	-0.0045475815	-0.0058061356	-0.0059061939	-0.0064808909	-0.0051181554	-0.0066026477	-0.0063280515	-0.0066436329	-0.0064038393	-0.0079382685	-0.0064511726	-0.0061925654	-0.0059948344	-0.0050164285	-0.0058770703	-0.0070420507	-0.0065921923	-0.0062686177	-0.0059645994	-0.0065709737	-0.0071045041	-0.0070895210	-0.0065564435	-0.0070441250	-0.0076160890	-0.0072717163	-0.0073305992	-0.0076751205	-0.0071489077	-0.0064399004	-0.0070001747	-0.0063211387	-0.0063661064	-0.0061402087
-0.0066232115	-0.0049225161	-0.0044360400	-0.0062611476	-0.0063814923	-0.0055570437	-0.0050689177	-0.0072293780	-0.0063757329	-0.0056469507	-0.0052838995	-0.0066538709	-0.0065124109	-0.0065174913	-0.0074230076	-0.0056160524	-0.0038205703	-0.0064215527	-0.0058910569	-0.0044114558	-0.0053424487	-0.0059907995	-0.0055683150	-0.0074741318	-0.0074578736	-0.0061211722	-0.0067547109	0.4892852204	-0.0044720219	-0.0052597916	-0.0061936704	-0.0062518453	-0.0065151424	-0.0071983240	-0.0061306018	-0.0065644101	-0.0058037800	-0.0061705924	-0.0053090137	-0.0063169496	-0.0056991594	-0.0074620100	-0.0043610357	-0.0067014623	-0.0051538761	-0.0048554247	-0.0056740681	-0.0054806669	-0.0059383819	-0.0062845733	-0.0052470156	-0.0052414305	-0.0051989145	-0.0063248952	-0.0049339842	-0.0055215756	-0.0061016050	-0.0062760650	-0.0057887320	-0.0042433326	-0.0066472406	-0.0065647632	-0.0049037836	-0.0053822868	-0.0057919231	-0.0066521758	-0.0068568572	-0.0055504948	-0.0080901000	-0.0063374150	-0.0064352870	-0.0050388130	-0.0046451109	-0.0053225615	-0.0049465332	-0.0055498788	-0.0055052639	-0.0046293541	-0.0056136928	-0.0059367296	-0.0048239081	-0.0052831614	-0.0058567697	-0.0056683113	-0.0048152027
-0.0051643129	-0.0058014929	-0.0067404286	-0.0066700994	-0.0067564084	-0.0056991201	-0.0060367863	-0.0074147013	-0.0047814302	-0.0051404812	-0.0053943590	-0.0050878051	-0.0071144234	-0.0077420407	-0.0067909937	-0.0053723775	-0.0062011747	-0.0053351690	-0.0064371084	-0.0061982332	-0.0064393475	-0.0056306250	-0.0065583620	-0.0060245512	-0.0059664519	-0.0070357423	-0.0069064615	-0.0044720219	0.5159344744	-0.0033153598	-0.0057859007	-0.0059056137	-0.0064642699	-0.0054381723	-0.0069198124	-0.0040084368	-0.0065565862	-0.0072833062	-0.0063307968	-0.0067912417	-0.0053899711	-0.0059121255	-0.0064004866	-0.0069463366	-0.0065429254	-0.0065711740	-0.0055708758	-0.0061920585	-0.0067250460	-0.0049408895	-0.0066366636	-0.0054977875	-0.0057005903	-0.0055807385	-0.0063449494	-0.0062042991	-0.0062886645	-0.0056793829	-0.0068283668	-0.0050308027	-0.0081516964	-0.0065309992	-0.0053434360	-0.0064746298	-0.0058565259	-0.0058295301	-0.0082251272	-0.0063574564	-0.0081597969	-0.0069606335	-0.0067797980	-0.0065940641	-0.0066497557	-0.0047505118	-0.0062872679	-0.0062107784	-0.0058287969	-0.0065255253	-0.0072434160	-0.0051342257	-0.0064551000	-0.0037064703	-0.0069196791	-0.0055298343	-0.0067332793
-0.0065809304	-0.0073318603	-0.0066086592	-0.0064782289	-0.0063024941	-0.0064917011	-0.0049537430	-0.0060330152	-0.0055073441	-0.0076291502	-0.0072055076	-0.0069375636	-0.0061793684	-0.0063545414	-0.0046107832	-0.0064180762	-0.0072586899	-0.0057997629	-0.0073018796	-0.0061845741	-0.0066348571	-0.0058248182	-0.0067310909	-0.0062870033	-0.0064553077	-0.0063883459	-0.0065222485	-0.0052597916	-0.0033153598	0.5059317004	-0.0035352099	-0.0053224832	-0.0052546819	-0.0054201898	-0.0050843526	-0.0060567829	-0.0057959093	-0.0070564733	-0.0057268662	-0.0063648475	-0.0051564941	-0.0064037420	-0.0047574166	-0.0071902331	-0.0068829222	-0.0058913486	-0.0047588703	-0.0065666595	-0.0069041867	-0.0062831657	-0.0056577603	-0.0061320757	-0.0062030471	-0.0064943989	-0.0032716368	-0.0062386048	-0.0057359462	-0.0073894726	-0.0066463073	-0.0060818215	-0.0060040089	-0.0069203327	-0.0062714064	-0.0064034951	-0.0069448778	-0.0064234867	-0.0058328586	-0.0078524246	-0.0067449163	-0.0049503814	-0.0049927159	-0.0064230925	-0.0050624676	-0.0058366394	-0.0063667604	-0.0059187688	-0.0065936504	-0.0055155756	-0.0069948895	-0.0054347822	-0.0064829146	-0.0048451685	-0.0060683170	-0.0031393721	-0.0040577946
-0.0051215154	-0.0058402313	-0.0070710816	-0.0058988093	-0.0057563740	-0.0054596349	-0.0049741546	-0.0054373414	-0.0055886955	-0.0065949394	-0.0062726053	-0.0050659997	-0.0056029653	-0.0048474268	-0.0064436413	-0.0053606738	-0.0054385896	-0.0048316853	-0.0050973743	-0.0069001283	-0.0054413337	-0.0058132503	-0.0060984842	-0.0065475277	-0.0070841873	-0.0073763155	-0.0056438422	-0.0061936704	-0.0057859007	-0.0035352099	0.4975359680	-0.0058798218	-0.0063976987	-0.0066438662	-0.0049286395	-0.0057893354	-0.0063633333	-0.0065562244	-0.0046833401	-0.0067545947	-0.0061044856	-0.0049556862	-0.0060629898	-0.0054916296	-0.0072184165	-0.0059294686	-0.0058788785	-0.0063573950	-0.0057231457	-0.0061423040	-0.0053364162	-0.0047649268	-0.0052915952	-0.0056946124	-0.0063023160	-0.0063179041	-0.0061100278	-0.0059339532	-0.0053133974	-0.0058459070	-0.0078748676	-0.0055835239	-0.0057414836	-0.0047291462	-0.0063573371	-0.0071211257	-0.0077848577	-0.0051429175	-0.0080570025	-0.0063907043	-0.0043949448	-0.0056405344	-0.0062935081	-0.0054888483	-0.0066933823	-0.0069406743	-0.0075983242	-0.0060158704	-0.0068367276	-0.0059492087	-0.0046276444	-0.0056641388	-0.0073628504	-0.0045319423	-0.0048185046
-0.0051862884	-0.0059018093	-0.0059297146	-0.0070035331	-0.0063004445	-0.0058924239	-0.0056019772	-0.0066316440	-0.0055951774	-0.0053038835	-0.0059647377	-0.0041840147	-0.0041691142	-0.0061458555	-0.0074613665	-0.0045771776	-0.0043961424	-0.0054734762	-0.0049264606	-0.0054043866	-0.0061087432	-0.0061436042	-0.0057290256	-0.0061518456	-0.0062045103	-0.0074805656	-0.0075845038	-0.0062518453	-0.0059056137	-0.0053224832	-0.0058798218	0.4624118292	-0.0049209865	0.0019144223	-0.0045804249	-0.0049866468	-0.0064645183	0.0003606622	0.0038783836	-0.0060112489	-0.0064432528	-0.0034043475	-0.0068657362	-0.0068428479	-0.0052096016	-0.0043319474	-0.0059990054	-0.0062874305	-0.0057484945	-0.0052156728	-0.0056833728	-0.0057814992	-0.0057465201	-0.0045614835	-0.0066313408	-0.0056194805	-0.0062894469	-0.0061857151	-0.0073269680	-0.0064411198	-0.0067453743	-0.0064444607	-0.0066575257	-0.0056007126	-0.0063127328	-0.0051033632	-0.0069996507	-0.0040462747	-0.0067004651	-0.0068245483	-0.0061807492	-0.0059335913	-0.0049987688	-0.0061956451	-0.0051746095	-0.0052084818	-0.0053572836	-0.0058752376	-0.0073383434	-0.0056716160	-0.0055450115	-0.0053883990	-0.0048421627	-0.0049292695	-0.0040997208
-0.0074145784	-0.0055493841	-0.0059158505	-0.0066623314	-0.0072026747	-0.0066092285	-0.0054758604	-0.0054263101	-0.0058565322	-0.0065055654	-0.0059924338	-0.0070888419	-0.0074202176	-0.0047002662	-0.0061477904	-0.0062491489	-0.0066394198	-0.0057374571	-0.0068242204	-0.0045888557	-0.0050448718	-0.0064043004	-0.0049622399	-0.0059899080	-0.0071009209	-0.0068819462	-0.0076442556	-0.0065151424	-0.0064642699	-0.0052546819	-0.0063976987	-0.0049209865	0.5122614874	-0.0058814775	-0.0053573967	-0.0061833957	-0.0077837412	-0.0068636021	-0.0054977103	-0.0064250876	-0.0068620303	-0.0050826219	-0.0062744935	-0.0073476708	-0.0053664007	-0.0062941609	-0.0050426976	-0.0073014088	-0.0059837749	-0.0053008989	-0.0070342024	-0.0067468082	-0.0067627988	-0.0058139211	-0.0061533722	-0.0068203875	-0.0067414339	-0.0061533219	-0.0065460740	-0.0047405606	-0.0063703707	-0.0056232427	-0.0073014908	-0.0060244483	-0.0062342644	-0.0066681806	-0.0057997001	-0.0063736347	-0.0041836495	-0.0062803131	-0.0060259957	-0.0055191693	-0.0056439680	-0.0065371780	-0.0062272292	-0.0053035822	-0.0052423931	-0.0043935317	-0.0055807886	-0.0053812078	-0.0063610393	-0.0057068114	-0.0056581597	-0.0047140151	-0.0071574837
