0.5177686905	-0.0068135609	-0.0065761788	-0.0058056272	-0.0063127555	-0.0054577679	-0.0064669010	-0.0058942530	-0.0049868296	-0.0055668522	-0.0059918880	-0.0064777007	-0.0073444660	-0.0073194916	-0.0069636582	-0.0076774867	-0.0060366735	-0.0055927919	-0.0069532717	-0.0051271749	-0.0053992842	-0.0065460533	-0.0061497146	-0.0063935215	-0.0055323217	-0.0063984066	-0.0067849347	-0.0065374291	-0.0051976665	-0.0066142609	-0.0049317496	-0.0052841773	-0.0074595107	-0.0053609390	-0.0052188964	-0.0059102443	-0.0055722449	-0.0063574406	-0.0043534881	-0.0058130848	-0.0051951012	-0.0062987691	-0.0064264373	-0.0070448029	-0.0061401249	-0.0064834023	-0.0059394155	-0.0053220660	-0.0052648616	-0.0059994093	-0.0061963931	-0.0056801846	-0.0065910587	-0.0056382327	-0.0064167530	-0.0065764944	-0.0058316316	-0.0071450986	-0.0068828719	-0.0062851299	-0.0056271800	-0.0057521595	-0.0063665828	-0.0060777591	-0.0066442690	-0.0058868939	-0.0061673659	-0.0075800507	-0.0072773319	-0.0066165626	-0.0068779770	-0.0059730347	-0.0068874838	-0.0068741762	-0.0064687581	-0.0052062142	-0.0065282213	-0.0059709324	-0.0047922972	-0.0054059043	-0.0059513467	-0.0059957298	-0.0069301222	-0.0059545147	-0.0074168857
-0.0068135609	0.4928226132	-0.0032578652	0.0087707419	-0.0048656707	-0.0049144483	-0.0073649852	-0.0056181237	-0.0077346315	-0.0065116882	0.0053465206	-0.0062242762	-0.0062341366	-0.0057019494	-0.0063935371	-0.0063238318	-0.0069054104	-0.0056354733	-0.0052272071	-0.0066946752	-0.0071129059	-0.0058016304	-0.0060102503	-0.0058879399	-0.0061906740	-0.0066872866	-0.0070838320	-0.0048971738	-0.0057451618	-0.0074503205	-0.0057124989	-0.0058022414	-0.0054243933	-0.0053541603	-0.0060614959	-0.0065309255	-0.0053729160	-0.0078286508	-0.0056353010	-0.0066375667	-0.0061520753	-0.0064148470	-0.0053171157	-0.0051425961	-0.0058368514	-0.0065405971	-0.0066191844	-0.0060614842	-0.0046054934	-0.0069652319	-0.0069529798	-0.0049225812	-0.0059309739	-0.0063423545	-0.0055977341	-0.0062224133	-0.0079075792	-0.0065341705	-0.0061701589	-0.0065840060	-0.0068274361	-0.0051730659	-0.0064935007	-0.0053588024	-0.0059537888	-0.0069615843	-0.0069675574	-0.0051224177	-0.0064380992	-0.0046734501	-0.0075368374	-0.0075937827	-0.0073875966	-0.0076037012	-0.0076539800	-0.0054293056	-0.0059599942	-0.0062021403	-0.0054165479	-0.0055730505	-0.0056167652	-0.0064769585	-0.0069412917	-0.0055271075	-0.0075818906
-0.0065761788	-0.0032578652	0.5039412669	-0.0055057659	-0.0072595387	-0.0056984510	-0.0064988284	-0.0051232457	-0.0061047250	-0.0036947257	-0.0068974839	-0.0063293004	-0.0076894960	-0.0057266956	-0.0059817518	-0.0060244032	-0.0054343616	-0.0062032520	-0.0051682102	-0.0053499513	-0.0066708368	-0.0045531794	-0.0058226854	-0.0061381561	-0.0056849454	-0.0062944644	-0.0054595037	-0.0045214103	-0.0067305695	-0.0066860281	-0.0069849235	-0.0058404051	-0.0060157285	-0.0065376446	-0.0061053749	-0.0051141208	-0.0059233830	-0.0071966026	-0.0059988948	-0.0061223013	-0.0050420238	-0.0067940443	-0.0055602151	-0.0050956110	-0.0062727567	-0.0058272753	-0.0050792588	-0.0066923782	-0.0057070031	-0.0059166297	-0.0061787703	-0.0063191476	-0.0055550063	-0.0062271644	-0.0060700374	-0.0065863491	-0.0058258748	-0.0058668331	-0.0062844352	-0.0063934371	-0.0076249819	-0.0063468416	-0.0068353431	-0.0072324029	-0.0060396326	-0.0070711252	-0.0075323519	-0.0054715978	-0.0056826958	-0.0057796953	-0.0046904716	-0.0047709204	-0.0063588145	-0.0053299480	-0.0063356260	-0.0070364068	-0.0048576095	-0.0049193089	-0.0066488053	-0.0064107749	-0.0061318737	-0.0053057265	-0.0069572237	-0.0055816856	-0.0067697632
-0.0058056272	0.0087707419	-0.0055057659	0.4985830201	-0.0074783415	-0.0057817417	-0.0047576169	-0.0053231134	-0.0069664014	-0.0058746174	-0.0058378414	-0.0068920829	-0.0053150419	-0.0041561985	-0.0070693944	-0.0053936233	-0.0077140453	-0.0028115755	-0.0064414497	-0.0058016294	-0.0050366617	-0.0068541151	-0.0071589502	-0.0063964886	-0.0073805960	-0.0052318888	-0.0041980415	-0.0060495298	-0.0067971373	-0.0063829014	-0.0058247040	-0.0070614674	-0.0066635895	-0.0062931050	-0.0054167893	-0.0068012521	-0.0065670869	-0.0076895333	-0.0066040169	-0.0056744832	-0.0064152497	-0.0055329208	-0.0060616446	-0.0065834978	-0.0048445075	-0.0070103672	-0.0062895646	-0.0070953101	-0.0062951197	-0.0057958540	-0.0051940277	-0.0050816846	-0.0048566385	-0.0062277353	-0.0073927620	-0.0063752798	-0.0056689882	-0.0053379026	-0.0058566526	-0.0053989006	-0.0073047476	-0.0068653279	-0.0066771665	-0.0064272957	-0.0067116056	-0.0069454645	-0.0075887270	-0.0054710428	-0.0072653062	-0.0060372687	-0.0050924076	-0.0065485347	-0.0056719016	-0.0048366913	-0.0056277153	-0.0067560753	-0.0069589212	-0.0048700298	-0.0057848822	-0.0065746334	-0.0067666095	-0.0061335043	-0.0062220529	-0.0042960446	-0.0075967520
-0.0063127555	-0.0048656707	-0.0072595387	-0.0074783415	0.5107559637	-0.0048475103	-0.0067272542	-0.0070120827	-0.0071237791	-0.0053063773	-0.0046770533	-0.0061989766	-0.0069135445	-0.0068014591	-0.0053814592	-0.0070068833	-0.0069029942	-0.0057687719	-0.0055672940	-0.0039735823	-0.0067417567	-0.0066328633	-0.0038299882	-0.0063322582	-0.0055544489	-0.0052894051	-0.0069239206	-0.0066499491	-0.0064399850	-0.0065865185	-0.0056804819	-0.0064006274	-0.0072825949	-0.0073975628	-0.0053908517	-0.0048613061	-0.0060073523	-0.0060325405	-0.0054578972	-0.0070220590	-0.0074208778	-0.0057742808	-0.0056945573	-0.0073913111	-0.0056636424	-0.0064897783	-0.0051040349	-0.0065185202	-0.0056463361	-0.0062974988	-0.0070661080	-0.0052891037	-0.0054481167	-0.0049833044	-0.0074500365	-0.0063607825	-0.0063265555	-0.0064698706	-0.0043718262	-0.0055362172	-0.0079336396	-0.0058078003	-0.0057024606	-0.0056499686	-0.0043568573	-0.0074876712	-0.0066381534	-0.0055927877	-0.0056240464	-0.0063288256	-0.0059138740	-0.0051524609	-0.0055059517	-0.0073285291	-0.0058345437	-0.0055512942	-0.0061100376	-0.0069673321	-0.0058665220	-0.0063428196	-0.0064742861	-0.0057042751	-0.0056061906	-0.0049429592	-0.0063902221
-0.0054577679	-0.0049144483	-0.0056984510	-0.0057817417	-0.0048475103	0.5063459900	-0.0051569398	-0.0060534455	-0.0070879276	-0.0067188064	-0.0053363535	-0.0055167302	-0.0071351299	-0.0055487623	-0.0057853535	-0.0064595973	-0.0047788594	-0.0046806790	-0.0065612468	-0.0057403893	-0.0056440694	-0.0064148698	-0.0062062497	-0.0056490677	-0.0061132836	-0.0044233548	-0.0074595511	-0.0057540566	-0.0055193947	-0.0064539910	-0.0053951840	-0.0058334377	-0.0064866885	-0.0055485160	-0.0048001148	-0.0054845663	-0.0068387173	-0.0056293271	-0.0054777821	-0.0068044896	-0.0058299581	-0.0059759389	-0.0070688616	-0.0073250292	-0.0064173171	-0.0065034686	-0.0064065545	-0.0065149664	-0.0057846704	-0.0054317668	-0.0061236746	-0.0057327636	-0.0065705966	-0.0071682416	-0.0051408084	-0.0082267772	-0.0059372168	-0.0075606106	-0.0063056640	-0.0069057632	-0.0059852180	-0.0060048450	-0.0051147779	-0.0067646317	-0.0064530451	-0.0066794627	-0.0064902751	-0.0044396161	-0.0068215988	-0.0062032109	-0.0062505351	-0.0067190816	-0.0063772482	-0.0067722363	-0.0060612312	-0.0053824901	-0.0060237493	-0.0055631620	-0.0054107082	-0.0050073494	-0.0051763009	-0.0061116460	-0.0063872293	-0.0056264446	-0.0063923966
-0.0064669010	-0.0073649852	-0.0064988284	-0.0047576169	-0.0067272542	-0.0051569398	0.4659175007	-0.0053668428	-0.0049497820	-0.0058855319	-0.0059085288	-0.0054179052	-0.0062959206	-0.0035516571	-0.0051755799	-0.0048716872	-0.0065401313	-0.0053065161	-0.0056793753	-0.0055340165	-0.0056062149	-0.0034823442	-0.0063238474	-0.0050235346	-0.0054011277	-0.0045279640	-0.0064892892	-0.0049535420	-0.0060358984	-0.0049253033	-0.0050178666	-0.0053827230	-0.0054890101	-0.0057636070	-0.0048875517	-0.0053075859	-0.0053935888	-0.0065776880	-0.0054837847	-0.0061202634	-0.0042618142	-0.0054502246	-0.0066791648	-0.0045331279	-0.0054442130	-0.0059083056	-0.0047942670	-0.0062782290	-0.0063817633	-0.0038778556	-0.0053588969	-0.0043768687	-0.0053158713	-0.0047205649	-0.0054782870	-0.0065703148	-0.0055180066	-0.0062026380	-0.0055925216	-0.0057126051	-0.0068333872	-0.0060612068	-0.0054075259	-0.0055233485	-0.0048928584	-0.0061738635	-0.0050946137	-0.0058469278	-0.0067796721	-0.0058569648	-0.0064029710	-0.0068275259	-0.0071910946	-0.0064128095	-0.0062038128	-0.0039018678	-0.0051840423	-0.0044427677	-0.0043864601	-0.0064883719	-0.0059321965	-0.0054629181	-0.0054653307	-0.0031069053	-0.0059337832
-0.0058942530	-0.0056181237	-0.0051232457	-0.0053231134	-0.0070120827	-0.0060534455	-0.0053668428	0.5134112639	-0.0058797284	-0.0065281215	-0.0061089373	-0.0068153619	-0.0057801000	-0.0075949949	-0.0063180345	-0.0058609293	-0.0067479248	-0.0062903572	-0.0059245240	-0.0060594700	-0.0054093625	-0.0048734092	-0.0063299401	-0.0069386514	-0.0051933199	-0.0062334797	-0.0082619614	-0.0071781907	-0.0073699319	-0.0059990056	-0.0053790862	-0.0064054021	-0.0053471007	-0.0059349088	-0.0067271742	-0.0058397258	-0.0054132289	-0.0067942155	-0.0064059156	-0.0075163568	-0.0054188664	-0.0039256827	-0.0073484009	-0.0068117885	-0.0051402354	-0.0051994318	-0.0066878686	-0.0067363060	-0.0057292145	-0.0056677363	-0.0059175204	-0.0065717360	-0.0055549787	-0.0067353652	-0.0057645636	-0.0062347928	-0.0052297667	-0.0058853021	-0.0063511806	-0.0058411825	-0.0066273575	-0.0047865480	-0.0061582962	-0.0059943203	-0.0050984225	-0.0053946406	-0.0059149608	-0.0080127450	-0.0064349358	-0.0073764902	-0.0055516474	-0.0069200806	-0.0058445545	-0.0057544038	-0.0052646910	-0.0055748978	-0.0071594280	-0.0060905222	-0.0072112378	-0.0059868521	-0.0064097085	-0.0064903492	-0.0057518348	-0.0048792595	-0.0061212025
-0.0049868296	-0.0077346315	-0.0061047250	-0.0069664014	-0.0071237791	-0.0070879276	-0.0049497820	-0.0058797284	0.5025957457	-0.0043241830	-0.0050840303	-0.0044391882	-0.0059149620	-0.0050735163	-0.0056905727	-0.0064597631	-0.0063369145	-0.0062528541	-0.0057803797	-0.0054766256	-0.0052931624	-0.0067093316	-0.0059682127	-0.0058765495	-0.0050583671	-0.0062655660	-0.0067471442	-0.0065592342	-0.0047900721	-0.0056234622	-0.0056351822	-0.0057483360	-0.0056843155	-0.0073482848	-0.0062679652	-0.0059196228	-0.0058250316	-0.0068543287	-0.0053017079	-0.0055134121	-0.0055142893	-0.0034746912	-0.0063604591	-0.0062322063	-0.0058889501	-0.0045203003	-0.0065404208	-0.0064904517	-0.0070958558	-0.0054788334	-0.0062527992	-0.0051634787	-0.0066879624	-0.0060764574	-0.0060158356	-0.0054292272	-0.0053582517	-0.0083641581	-0.0055036589	-0.0051961743	-0.0044501200	-0.0081018378	-0.0069859938	-0.0065562816	-0.0067037377	-0.0052831893	-0.0076858600	-0.0063117988	-0.0074950716	-0.0048561321	-0.0068554562	-0.0056476344	-0.0063538246	-0.0067166187	-0.0070402510	-0.0055318973	-0.0060635086	-0.0054550576	-0.0059697222	-0.0055482928	-0.0068374641	-0.0048596669	-0.0060886892	-0.0053667689	-0.0055303260
-0.0055668522	-0.0065116882	-0.0036947257	-0.0058746174	-0.0053063773	-0.0067188064	-0.0058855319	-0.0065281215	-0.0043241830	0.5119594357	-0.0067354336	-0.0064796732	-0.0052043162	-0.0054851502	-0.0061170291	-0.0054678397	-0.0074115991	-0.0051839820	-0.0064553586	-0.0063426513	-0.0070966704	-0.0068962172	-0.0059196972	-0.0054275927	-0.0050589932	-0.0064460530	-0.0064374300	-0.0057487434	-0.0051796183	-0.0078200485	-0.0066785258	-0.0053308712	-0.0067002974	-0.0060632821	-0.0059306540	-0.0058307748	-0.0055390408	-0.0055377134	-0.0064255062	-0.0064012207	-0.0065966246	-0.0053479556	-0.0069990738	-0.0052289292	-0.0063266557	-0.0059084342	-0.0062066424	-0.0049554633	-0.0069812302	-0.0071766012	-0.0052381958	-0.0059621284	-0.0052169140	-0.0073173179	-0.0076995749	-0.0045010834	-0.0054817174	-0.0070581984	-0.0058179434	-0.0047579089	-0.0071377515	-0.0068232725	-0.0054249617	-0.0065436387	-0.0058854950	-0.0062793115	-0.0067475096	-0.0056581328	-0.0076576803	-0.0051269750	-0.0057760231	-0.0068467036	-0.0062815294	-0.0067476227	-0.0065035320	-0.0051599458	-0.0064600360	-0.0049835398	-0.0074910825	-0.0056134781	-0.0067516617	-0.0071132143	-0.0067871700	-0.0054714040	-0.0061462841
-0.0059918880	0.0053465206	-0.0068974839	-0.0058378414	-0.0046770533	-0.0053363535	-0.0059085288	-0.0061089373	-0.0050840303	-0.0067354336	0.4985799656	-0.0058462871	-0.0085245218	-0.0051713943	-0.0072410668	-0.0056799624	-0.0054873088	-0.0063259635	-0.0067643207	-0.0071453478	-0.0054879467	-0.0069712909	-0.0065417588	-0.0059192298	-0.0057166627	-0.0062666692	-0.0066576962	-0.0054296399	-0.0055347627	-0.0073120376	-0.0062296531	-0.0060076163	-0.0059015806	-0.0057855595	-0.0069291486	-0.0067206895	-0.0069739983	-0.0049623036	-0.0044010822	-0.0061696078	-0.0063297640	-0.0059091397	-0.0054733816	-0.0053268259	-0.0053492889	-0.0054415141	-0.0059053038	-0.0049031662	-0.0070568412	-0.0054279323	-0.0054010659	-0.0069971375	-0.0060150366	-0.0059683801	-0.0050269171	-0.0061203619	-0.0072833284	-0.0076095612	-0.0057352675	-0.0060701262	-0.0078147758	-0.0052855922	-0.0055739790	-0.0058244295	-0.0050280780	-0.0064237016	-0.0076618991	-0.0041131942	-0.0067434505	-0.0063986531	-0.0063145363	-0.0057314812	-0.0051905463	-0.0059110934	-0.0059651505	-0.0075216777	-0.0071346855	-0.0058812889	-0.0072765521	-0.0060772703	-0.0060356851	-0.0053030241	-0.0062590192	-0.0039568010	-0.0064669242
-0.0064777007	-0.0062242762	-0.0063293004	-0.0068920829	-0.0061989766	-0.0055167302	-0.0054179052	-0.0068153619	-0.0044391882	-0.0064796732	-0.0058462871	0.5086043495	-0.0071649148	-0.0056323963	-0.0070681763	-0.0065553820	-0.0059062024	-0.0060813587	-0.0063064892	-0.0063661744	-0.0078370760	-0.0057741050	-0.0056357718	-0.0049953363	-0.0049321070	-0.0054849706	-0.0064168710	-0.0065993193	-0.0050147934	-0.0068576724	-0.0049986430	-0.0042080202	-0.0069842423	-0.0064497597	-0.0063223681	-0.0051611646	-0.0061254318	-0.0058048727	-0.0063015254	-0.0076341713	-0.0054908166	-0.0058869044	-0.0048635613	-0.0060289591	-0.0061533349	-0.0053758734	-0.0052592462	-0.0059404195	-0.0062490843	-0.0063975238	-0.0055565460	-0.0058337258	-0.0059408954	-0.0058349094	-0.0060842746	-0.0064612064	-0.0049318812	-0.0066750282	-0.0063160532	-0.0069204770	-0.0073869139	-0.0057417474	-0.0042920411	-0.0060726699	-0.0048176698	-0.0058601506	-0.0076955491	-0.0058639819	-0.0064600321	-0.0055886085	-0.0070693187	-0.0057398405	-0.0046493179	-0.0054129266	-0.0067805030	-0.0071635041	-0.0066495740	-0.0066372709	-0.0071523610	-0.0060497644	-0.0065673339	-0.0064389568	-0.0059491148	-0.0053434578	-0.0057642214
-0.0073444660	-0.0062341366	-0.0076894960	-0.0053150419	-0.0069135445	-0.0071351299	-0.0062959206	-0.0057801000	-0.0059149620	-0.0052043162	-0.0085245218	-0.0071649148	0.4784951335	-0.0046194460	-0.0055795729	-0.0067055618	-0.0057687098	-0.0071060074	-0.0072204869	-0.0067550491	-0.0073443526	-0.0043867907	0.0004373071	-0.0069368175	-0.0064627513	-0.0067991564	0.0401272142	-0.0064068449	-0.0071170185	-0.0062689916	-0.0052837459	-0.0043845892	-0.0077104611	-0.0059208751	-0.0060788710	-0.0070267746	-0.0053976318	-0.0064862727	-0.0063362647	-0.0047687654	-0.0062190124	-0.0066602004	-0.0056912168	-0.0075289120	-0.0058395931	-0.0073792645	-0.0069394399	-0.0060175630	-0.0071667121	-0.0060248579	-0.0057250454	-0.0054672868	-0.0045421632	-0.0061647404	-0.0053817099	-0.0057749874	-0.0063678292	-0.0073499749	-0.0065442156	-0.0061172081	-0.0075371038	-0.0059232082	-0.0073849499	-0.0049529822	-0.0059899430	-0.0055820253	-0.0066884752	-0.0073141316	-0.0062542724	-0.0054032570	-0.0069833990	-0.0066376841	-0.0051974305	-0.0062859402	-0.0061708423	-0.0060011876	-0.0065154135	-0.0072151889	-0.0067977832	-0.0060300223	-0.0062799081	-0.0056953409	-0.0066171272	-0.0070234947	-0.0072882514
-0.0073194916	-0.0057019494	-0.0057266956	-0.0041561985	-0.0068014591	-0.0055487623	-0.0035516571	-0.0075949949	-0.0050735163	-0.0054851502	-0.0051713943	-0.0056323963	-0.0046194460	0.4978391242	-0.0054932922	-0.0070644852	-0.0056802776	-0.0064965696	-0.0066516479	-0.0067105072	-0.0070493436	-0.0053632264	-0.0045324009	-0.0059184649	-0.0069122711	-0.0060674877	0.0016699520	-0.0067117833	-0.0076944155	-0.0063029940	-0.0048192750	-0.0062981759	-0.0047250551	-0.0065427028	-0.0056356343	-0.0066272600	-0.0071178204	-0.0066262213	-0.0060122910	-0.0061520621	-0.0062677164	-0.0059922960	-0.0060233347	-0.0074089660	-0.0056568814	-0.0066176504	-0.0021443660	-0.0042552110	-0.0066913373	-0.0060486334	-0.0071189282	-0.0049075583	-0.0051917360	-0.0056610457	-0.0071937867	-0.0052275044	-0.0064295512	-0.0059812281	-0.0083657754	-0.0066797874	-0.0069063971	-0.0058652390	-0.0062903321	-0.0061800677	-0.0061805937	-0.0062067289	-0.0068566514	-0.0059830665	-0.0058310126	-0.0056501799	-0.0066956289	-0.0055388862	-0.0072522248	-0.0058116854	-0.0058825549	-0.0055844060	-0.0055883097	-0.0061930758	-0.0056613068	-0.0054510196	-0.0064991037	-0.0054912259	-0.0062655441	-0.0057749533	-0.0064168117
-0.0069636582	-0.0063935371	-0.0059817518	-0.0070693944	-0.0053814592	-0.0057853535	-0.0051755799	-0.0063180345	-0.0056905727	-0.0061170291	-0.0072410668	-0.0070681763	-0.0055795729	-0.0054932922	0.5039754685	-0.0052883011	-0.0062513768	-0.0058825707	-0.0044252840	-0.0053921070	-0.0059695642	-0.0057771954	-0.0057592050	-0.0046641973	-0.0056435593	-0.0068067309	-0.0054578533	-0.0076527542	-0.0069067256	-0.0043630067	-0.0065187428	-0.0075803398	-0.0062755653	-0.0063423053	-0.0059081711	-0.0057180360	-0.0068041829	-0.0053737939	-0.0057472586	-0.0043604879	-0.0057124219	-0.0057365509	-0.0060113189	-0.0060131808	-0.0055919023	-0.0058252712	-0.0074043892	-0.0067102226	-0.0054723450	-0.0054781857	-0.0071141317	-0.0062012444	-0.0044599962	-0.0051987877	-0.0064967445	-0.0051120205	-0.0067406304	-0.0053491809	-0.0067944154	-0.0065262068	-0.0063993027	-0.0057334564	-0.0063156417	-0.0051318096	-0.0063961560	-0.0057244460	-0.0082988501	-0.0052883678	-0.0070741707	-0.0071210847	-0.0069816980	-0.0058151567	-0.0055931584	-0.0063262553	-0.0058664703	-0.0064353174	-0.0053788792	-0.0060645075	-0.0058812788	-0.0063593295	-0.0059531040	-0.0042475532	-0.0069230516	-0.0037584684	-0.0058310138
-0.0076774867	-0.0063238318	-0.0060244032	-0.0053936233	-0.0070068833	-0.0064595973	-0.0048716872	-0.0058609293	-0.0064597631	-0.0054678397	-0.0056799624	-0.0065553820	-0.0067055618	-0.0070644852	-0.0052883011	0.5144822729	-0.0041560102	-0.0050978454	-0.0058925364	-0.0047371999	-0.0053259371	-0.0063009043	-0.0064835075	-0.0055347378	-0.0063692414	-0.0079647889	-0.0067254773	-0.0055267412	-0.0054256325	-0.0064588063	-0.0053567851	-0.0046000553	-0.0062252868	-0.0079639354	-0.0048865907	-0.0069782186	-0.0062831850	-0.0070036104	-0.0053672759	-0.0061494341	-0.0055758175	-0.0059292631	-0.0058213642	-0.0064410231	-0.0049341884	-0.0060659867	-0.0063215917	-0.0058370191	-0.0052743300	-0.0047020097	-0.0065900818	-0.0057213891	-0.0056668515	-0.0059406402	-0.0053476588	-0.0057656812	-0.0061851558	-0.0053038067	-0.0068564363	-0.0063312257	-0.0071358717	-0.0071373422	-0.0056339112	-0.0067666062	-0.0064319103	-0.0069122916	-0.0074742048	-0.0064143876	-0.0079378586	-0.0072269989	-0.0064266619	-0.0066703417	-0.0065037969	-0.0060342985	-0.0067251961	-0.0057589027	-0.0078696528	-0.0067175206	-0.0060934725	-0.0068557305	-0.0057236860	-0.0057666289	-0.0055884409	-0.0040954986	-0.0063160593
-0.0060366735	-0.0069054104	-0.0054343616	-0.0077140453	-0.0069029942	-0.0047788594	-0.0065401313	-0.0067479248	-0.0063369145	-0.0074115991	-0.0054873088	-0.0059062024	-0.0057687098	-0.0056802776	-0.0062513768	-0.0041560102	0.4985512496	-0.0066317951	-0.0062312936	-0.0063058816	-0.0061757563	-0.0050679046	-0.0054285914	-0.0044395059	-0.0044554351	-0.0059704225	-0.0074182957	-0.0037093539	-0.0063797401	-0.0071837385	-0.0055011469	-0.0043969922	-0.0069707011	-0.0069231654	-0.0060736963	-0.0055355253	-0.0056338422	-0.0070583602	-0.0062779639	-0.0064312616	-0.0041453997	-0.0062800147	-0.0060677767	-0.0061342810	-0.0062802139	-0.0075464414	-0.0037516192	-0.0068482725	-0.0059667415	-0.0050425016	-0.0072181841	-0.0067479355	-0.0036613510	-0.0066762640	-0.0067840839	-0.0063008237	-0.0051374731	-0.0061480135	-0.0056455886	-0.0065677827	-0.0073652615	-0.0064452811	-0.0062694309	-0.0066138549	-0.0063696431	-0.0052523543	-0.0070024737	-0.0054461050	-0.0063979168	-0.0055562569	-0.0066538429	-0.0066566642	-0.0057884651	-0.0048008979	-0.0058412692	-0.0049214750	-0.0061528767	-0.0039756368	-0.0059720964	-0.0058608348	-0.0037858598	-0.0052905698	-0.0049247100	-0.0058849072	-0.0061126341
-0.0055927919	-0.0056354733	-0.0062032520	-0.0028115755	-0.0057687719	-0.0046806790	-0.0053065161	-0.0062903572	-0.0062528541	-0.0051839820	-0.0063259635	-0.0060813587	-0.0071060074	-0.0064965696	-0.0058825707	-0.0050978454	-0.0066317951	0.5038060128	-0.0062102373	-0.0059509344	-0.0060738787	-0.0071133359	-0.0043478058	-0.0065790626	-0.0070402472	-0.0077618210	-0.0059589574	-0.0063930100	-0.0051965942	-0.0059822670	-0.0047996740	-0.0054958140	-0.0058247980	-0.0062890157	-0.0054823494	-0.0050792595	-0.0070857938	-0.0073616385	-0.0056958999	-0.0068345164	-0.0072641920	-0.0052658502	-0.0064748707	-0.0064778252	-0.0060215460	-0.0061703021	-0.0051712086	-0.0060617977	-0.0062837729	-0.0068744518	-0.0066691048	-0.0063256028	-0.0047480911	-0.0054933083	-0.0075351360	-0.0054327100	-0.0056371327	-0.0062611202	-0.0050330875	-0.0058669916	-0.0076202251	-0.0068435976	-0.0064001342	-0.0070218750	-0.0043918703	-0.0064766949	-0.0071104693	-0.0064566452	-0.0076746349	-0.0059324017	-0.0053155453	-0.0054474434	-0.0055495402	-0.0042142207	-0.0056397980	-0.0057805013	-0.0063638374	-0.0056574083	-0.0057811227	-0.0041107131	-0.0065138484	-0.0063684343	-0.0068639440	-0.0060354874	-0.0052622436
-0.0069532717	-0.0052272071	-0.0051682102	-0.0064414497	-0.0055672940	-0.0065612468	-0.0056793753	-0.0059245240	-0.0057803797	-0.0064553586	-0.0067643207	-0.0063064892	-0.0072204869	-0.0066516479	-0.0044252840	-0.0058925364	-0.0062312936	-0.0062102373	0.5067031281	-0.0046092728	-0.0058242087	-0.0067812706	-0.0049803870	-0.0054583259	-0.0060998718	-0.0064930215	-0.0058636396	-0.0059850429	-0.0063306058	-0.0070259381	-0.0052465293	-0.0049082507	-0.0070194034	-0.0061976052	-0.0064710602	-0.0065487605	-0.0064055310	-0.0066807151	-0.0050036250	-0.0063119012	-0.0060894646	-0.0044467293	-0.0057089411	-0.0061170260	-0.0052760366	-0.0064648813	-0.0057653285	-0.0061235308	-0.0073023391	-0.0069478096	-0.0059715666	-0.0069861453	-0.0054666655	-0.0064518247	-0.0051888356	-0.0052822852	-0.0051135082	-0.0051778721	-0.0069968178	-0.0067080129	-0.0060415292	-0.0056988206	-0.0063403701	-0.0051817647	-0.0056653214	-0.0051360044	-0.0069322187	-0.0057029553	-0.0073178703	-0.0064046686	-0.0058954021	-0.0073162676	-0.0065242128	-0.0074725029	-0.0058514903	-0.0062784187	-0.0062473062	-0.0049146967	-0.0068240218	-0.0039020912	-0.0063195426	-0.0047023859	-0.0060053468	-0.0059671561	-0.0067695627
-0.0051271749	-0.0066946752	-0.0053499513	-0.0058016294	-0.0039735823	-0.0057403893	-0.0055340165	-0.0060594700	-0.0054766256	-0.0063426513	-0.0071453478	-0.0063661744	-0.0067550491	-0.0067105072	-0.0053921070	-0.0047371999	-0.0063058816	-0.0059509344	-0.0046092728	0.5039831242	-0.0065554831	-0.0054027990	-0.0052820878	-0.0057783142	-0.0050148934	-0.0054433709	-0.0060020980	-0.0042921109	-0.0062904625	-0.0062838014	-0.0070960271	-0.0054060256	-0.0041672846	-0.0063959233	-0.0060289276	-0.0056109802	-0.0057484391	-0.0051292407	-0.0036491590	-0.0070760887	-0.0048446231	-0.0067058481	-0.0046848466	-0.0068620383	-0.0053226314	-0.0057228843	-0.0060539061	-0.0064922738	-0.0049424095	-0.0059390454	-0.0067360284	-0.0061837930	-0.0055342370	-0.0063086498	-0.0070670642	-0.0070690356	-0.0069958627	-0.0065267194	-0.0070613018	-0.0071611917	-0.0065394120	-0.0079230265	-0.0070423014	-0.0067689878	-0.0062311049	-0.0063362844	-0.0073237202	-0.0054733415	-0.0076889465	-0.0062603142	-0.0049555854	-0.0059101941	-0.0060247434	-0.0056114088	-0.0060866122	-0.0054778897	-0.0061928680	-0.0051793252	-0.0066910493	-0.0061966469	-0.0055132543	-0.0053218984	-0.0076359491	-0.0070304995	-0.0056272130
-0.0053992842	-0.0071129059	-0.0066708368	-0.0050366617	-0.0067417567	-0.0056440694	-0.0056062149	-0.0054093625	-0.0052931624	-0.0070966704	-0.0054879467	-0.0078370760	-0.0073443526	-0.0070493436	-0.0059695642	-0.0053259371	-0.0061757563	-0.0060738787	-0.0058242087	-0.0065554831	0.5006148833	0.0130693924	-0.0067390017	-0.0057395463	-0.0076179595	-0.0065036301	-0.0058120940	-0.0053859564	-0.0066796667	-0.0065591468	-0.0052620083	-0.0061110593	-0.0048345077	-0.0071904094	-0.0057939523	-0.0076296596	-0.0061778913	-0.0059495542	-0.0057805344	-0.0072246388	-0.0059936625	-0.0066008845	-0.0058211342	-0.0067134850	-0.0052831021	-0.0069393216	-0.0044250370	-0.0048258061	-0.0041906124	-0.0071518396	-0.0060339043	-0.0068609645	-0.0062162493	-0.0065342170	-0.0049864804	-0.0077562036	-0.0062602101	-0.0032888021	-0.0059180328	-0.0072895965	-0.0062450245	-0.0073317739	-0.0063885829	-0.0060137490	-0.0059883745	-0.0061684702	-0.0077313839	-0.0068048649	-0.0071145641	-0.0073223304	-0.0062298920	-0.0069604896	-0.0059677528	-0.0054122098	-0.0057524117	-0.0060982539	-0.0059542036	-0.0067122467	-0.0061089225	-0.0065007936	-0.0053126844	-0.0064542984	-0.0061932598	-0.0056297411	-0.0055527636
-0.0065460533	-0.0058016304	-0.0045531794	-0.0068541151	-0.0066328633	-0.0064148698	-0.0034823442	-0.0048734092	-0.0067093316	-0.0068962172	-0.0069712909	-0.0057741050	-0.0043867907	-0.0053632264	-0.0057771954	-0.0063009043	-0.0050679046	-0.0071133359	-0.0067812706	-0.0054027990	0.0130693924	0.4868908873	-0.0057483832	-0.0066107393	-0.0061699598	-0.0066953133	-0.0050354471	-0.0058093039	-0.0053711993	-0.0059167199	-0.0056576003	-0.0061603307	-0.0062484068	-0.0052684741	-0.0060311393	-0.0082180350	-0.0066226959	-0.0075179599	-0.0056936762	-0.0068108943	-0.0062465291	-0.0031411693	-0.0050751563	-0.0060910526	-0.0061248176	-0.0068268481	-0.0053259702	-0.0064608940	-0.0073679961	-0.0071604727	-0.0062742898	-0.0067154004	-0.0062122866	-0.0055836508	-0.0062788619	-0.0052264248	-0.0069701004	-0.0032611725	-0.0060527087	-0.0054764376	-0.0062231764	-0.0073569100	-0.0070771159	-0.0051374986	-0.0060161678	-0.0051407917	-0.0074424689	-0.0053804943	-0.0080790048	-0.0055739780	-0.0055513049	-0.0052496582	-0.0058296184	-0.0058456200	-0.0060464744	-0.0062531002	-0.0069328699	-0.0061067837	-0.0055231950	-0.0053521286	-0.0069138537	-0.0063835017	-0.0061256466	-0.0056057089	-0.0056518551
-0.0061497146	-0.0060102503	-0.0058226854	-0.0071589502	-0.0038299882	-0.0062062497	-0.0063238474	-0.0063299401	-0.0059682127	-0.0059196972	-0.0065417588	-0.0056357718	0.0004373071	-0.0045324009	-0.0057592050	-0.0064835075	-0.0054285914	-0.0043478058	-0.0049803870	-0.0052820878	-0.0067390017	-0.0057483832	0.4855450829	-0.0048922774	-0.0054359695	-0.0051347252	-0.0066369667	-0.0055868928	-0.0064462852	-0.0067715031	-0.0060915934	-0.0056333236	-0.0049647253	-0.0057057768	-0.0056977133	-0.0049393743	-0.0049433568	-0.0063261085	-0.0058460567	-0.0050307266	-0.0060691063	-0.0053503340	-0.0058903327	-0.0068044753	-0.0055268127	-0.0060490422	-0.0049105769	-0.0057632196	-0.0056863186	-0.0068530382	-0.0069173147	-0.0060163433	-0.0060019893	-0.0066547546	-0.0060967987	-0.0063690774	-0.0057365235	-0.0066651649	-0.0062115172	-0.0061647116	-0.0061971369	-0.0056947953	-0.0066680254	-0.0045213224	-0.0057406536	-0.0067041514	-0.0073269620	-0.0058482972	-0.0067099101	-0.0052521581	-0.0067559088	-0.0048467739	-0.0057903267	-0.0057835320	-0.0065613105	-0.0073107871	-0.0056914312	-0.0046802865	-0.0054698012	-0.0045961731	-0.0041497447	-0.0055496114	-0.0061987660	-0.0065694887	-0.0063457723
-0.0063935215	-0.0058879399	-0.0061381561	-0.0063964886	-0.0063322582	-0.0056490677	-0.0050235346	-0.0069386514	-0.0058765495	-0.0054275927	-0.0059192298	-0.0049953363	-0.0069368175	-0.0059184649	-0.0046641973	-0.0055347378	-0.0044395059	-0.0065790626	-0.0054583259	-0.0057783142	-0.0057395463	-0.0066107393	-0.0048922774	0.5024559305	-0.0059705422	-0.0060036856	-0.0069245040	-0.0077499850	-0.0059621719	-0.0063606904	-0.0064843988	-0.0061343403	-0.0060981951	-0.0054517137	-0.0058853519	-0.0067018997	-0.0056133769	-0.0070442319	-0.0056487836	-0.0062528123	-0.0069127932	-0.0065466127	-0.0063344114	-0.0066697795	-0.0063700806	-0.0041311592	-0.0044727027	-0.0053821883	-0.0059994864	-0.0058530792	-0.0064431955	-0.0065282165	-0.0049357935	-0.0066787234	-0.0057872778	-0.0061719268	-0.0044738204	-0.0051525076	-0.0058706012	-0.0060921267	-0.0067586026	-0.0053061851	-0.0067390512	-0.0058775854	-0.0054374589	-0.0068408811	-0.0067068087	-0.0067678581	-0.0057217996	-0.0049619566	-0.0061955260	-0.0060842759	-0.0061954182	-0.0072695986	-0.0065185279	-0.0070299229	-0.0073680283	-0.0053408963	-0.0055853550	-0.0051404630	-0.0045239392	-0.0060062598	-0.0060390055	-0.0047496024	-0.0066674427
-0.0055323217	-0.0061906740	-0.0056849454	-0.0073805960	-0.0055544489	-0.0061132836	-0.0054011277	-0.0051933199	-0.0050583671	-0.0050589932	-0.0057166627	-0.0049321070	-0.0064627513	-0.0069122711	-0.0056435593	-0.0063692414	-0.0044554351	-0.0070402472	-0.0060998718	-0.0050148934	-0.0076179595	-0.0061699598	-0.0054359695	-0.0059705422	0.5093343075	-0.0044996687	-0.0069445578	-0.0072238554	-0.0060120805	-0.0063288488	-0.0071192190	-0.0062643431	-0.0071046869	-0.0064350560	-0.0067559013	-0.0058690220	-0.0056889392	-0.0075873697	-0.0056922433	-0.0056317736	-0.0056243402	-0.0063609960	-0.0063014001	-0.0060525545	-0.0060205188	-0.0054090573	-0.0063766068	-0.0062655892	-0.0059112890	-0.0042428621	-0.0055554699	-0.0069708944	-0.0064358396	-0.0071696093	-0.0062793640	-0.0067968082	-0.0075491732	-0.0056196058	-0.0055740469	-0.0041620196	-0.0066930000	-0.0055993050	-0.0059554127	-0.0067672831	-0.0052542944	-0.0077330422	-0.0061860410	-0.0056407773	-0.0068473673	-0.0063045016	-0.0059003176	-0.0052617662	-0.0047924092	-0.0065500325	-0.0070836143	-0.0053172917	-0.0054399418	-0.0065394624	-0.0069183498	-0.0069980408	-0.0057888870	-0.0051728633	-0.0055881841	-0.0060668874	-0.0060900757
-0.0063984066	-0.0066872866	-0.0062944644	-0.0052318888	-0.0052894051	-0.0044233548	-0.0045279640	-0.0062334797	-0.0062655660	-0.0064460530	-0.0062666692	-0.0054849706	-0.0067991564	-0.0060674877	-0.0068067309	-0.0079647889	-0.0059704225	-0.0077618210	-0.0064930215	-0.0054433709	-0.0065036301	-0.0066953133	-0.0051347252	-0.0060036856	-0.0044996687	0.5150973149	-0.0065286412	-0.0063299517	-0.0072039889	-0.0065690731	-0.0073046431	-0.0077794197	-0.0067246619	-0.0069360950	-0.0057513264	-0.0060201893	-0.0051212316	-0.0072074166	-0.0060517400	-0.0050035887	-0.0068830351	-0.0072824363	-0.0068092254	-0.0061025554	-0.0056903180	-0.0063894643	-0.0049947245	-0.0051166458	-0.0066055969	-0.0055546934	-0.0059386995	-0.0063182180	-0.0068070833	-0.0058374661	-0.0062354986	-0.0051897075	-0.0070640796	-0.0058011158	-0.0066394222	-0.0059077646	-0.0061732644	-0.0064692786	-0.0057396122	-0.0056487295	-0.0058189385	-0.0054511591	-0.0076011005	-0.0062944890	-0.0076023749	-0.0056814110	-0.0070892861	-0.0054271414	-0.0064082179	-0.0054996785	-0.0056585599	-0.0050535375	-0.0069390825	-0.0054817561	-0.0058916750	-0.0071196687	-0.0054797396	-0.0042124386	-0.0060339084	-0.0047641728	-0.0061650445
-0.0067849347	-0.0070838320	-0.0054595037	-0.0041980415	-0.0069239206	-0.0074595511	-0.0064892892	-0.0082619614	-0.0067471442	-0.0064374300	-0.0066576962	-0.0064168710	0.0401272142	0.0016699520	-0.0054578533	-0.0067254773	-0.0074182957	-0.0059589574	-0.0058636396	-0.0060020980	-0.0058120940	-0.0050354471	-0.0066369667	-0.0069245040	-0.0069445578	-0.0065286412	0.4907614785	-0.0068425563	-0.0069242051	-0.0063933933	-0.0057704858	-0.0077495547	-0.0076860371	-0.0063690132	-0.0060309717	-0.0075398380	-0.0062152382	-0.0055356888	-0.0063204241	-0.0054615191	-0.0075407904	-0.0066967002	-0.0042690269	-0.0078604230	-0.0074018958	-0.0069015334	-0.0058422110	-0.0060815989	-0.0058168302	-0.0063826117	-0.0077356967	-0.0045593916	-0.0058214735	-0.0055950484	-0.0065758845	-0.0049179205	-0.0065549852	-0.0062263077	-0.0064910772	-0.0064508766	-0.0079424358	-0.0065598872	-0.0061627832	-0.0058390891	-0.0049599450	-0.0058750506	-0.0072535581	-0.0066703425	-0.0063658007	-0.0060185504	-0.0066115255	-0.0069559497	-0.0071873067	-0.0064865636	-0.0069672458	-0.0077302951	-0.0074235106	-0.0072940310	-0.0076824177	-0.0069779355	-0.0066217611	-0.0071659189	-0.0062164289	-0.0064658346	-0.0063345611
-0.0065374291	-0.0048971738	-0.0045214103	-0.0060495298	-0.0066499491	-0.0057540566	-0.0049535420	-0.0071781907	-0.0065592342	-0.0057487434	-0.0054296399	-0.0065993193	-0.0064068449	-0.0067117833	-0.0076527542	-0.0055267412	-0.0037093539	-0.0063930100	-0.0059850429	-0.0042921109	-0.0053859564	-0.0058093039	-0.0055868928	-0.0077499850	-0.0072238554	-0.0063299517	-0.0068425563	0.4889741192	-0.0044876320	-0.0051345968	-0.0064087031	-0.0064040378	-0.0066223269	-0.0071759490	-0.0059346694	-0.0063946794	-0.0057952701	-0.0061976922	-0.0052967447	-0.0063387365	-0.0055957019	-0.0075913887	-0.0042933215	-0.0066295153	-0.0051269656	-0.0047075460	-0.0058821809	-0.0051457493	-0.0057751195	-0.0061794629	-0.0049625733	-0.0048910171	-0.0050417102	-0.0064478447	-0.0047813470	-0.0055640872	-0.0062189813	-0.0063306086	-0.0057574874	-0.0040044470	-0.0068175467	-0.0065839054	-0.0049730245	-0.0052803131	-0.0058699875	-0.0066996177	-0.0069739210	-0.0054327914	-0.0081586212	-0.0064557967	-0.0064774414	-0.0052539175	-0.0045880410	-0.0053742476	-0.0047012556	-0.0056463395	-0.0054551745	-0.0047127439	-0.0056344019	-0.0059637000	-0.0047815586	-0.0052217875	-0.0060260666	-0.0057441942	-0.0045452698
-0.0051976665	-0.0057451618	-0.0067305695	-0.0067971373	-0.0064399850	-0.0055193947	-0.0060358984	-0.0073699319	-0.0047900721	-0.0051796183	-0.0055347627	-0.0050147934	-0.0071170185	-0.0076944155	-0.0069067256	-0.0054256325	-0.0063797401	-0.0051965942	-0.0063306058	-0.0062904625	-0.0066796667	-0.0053711993	-0.0064462852	-0.0059621719	-0.0060120805	-0.0072039889	-0.0069242051	-0.0044876320	0.5148381248	-0.0032944634	-0.0057537527	-0.0057609197	-0.0065431480	-0.0053221383	-0.0069671275	-0.0040466664	-0.0065587031	-0.0072250817	-0.0061652295	-0.0067252694	-0.0052863238	-0.0060068727	-0.0062787883	-0.0073180889	-0.0067662950	-0.0065060686	-0.0055571512	-0.0062129264	-0.0067086680	-0.0050582914	-0.0065909623	-0.0055110347	-0.0058288958	-0.0055753545	-0.0064627173	-0.0060618118	-0.0063314051	-0.0056865869	-0.0067584435	-0.0049324960	-0.0082439541	-0.0063165559	-0.0054160067	-0.0065047829	-0.0058747101	-0.0058205206	-0.0083662588	-0.0060330612	-0.0082395128	-0.0068346688	-0.0066777457	-0.0065451473	-0.0065281534	-0.0046351107	-0.0062952138	-0.0061074349	-0.0057841001	-0.0064044653	-0.0070141897	-0.0050198256	-0.0065402231	-0.0034115651	-0.0069179474	-0.0058695985	-0.0068522745
-0.0066142609	-0.0074503205	-0.0066860281	-0.0063829014	-0.0065865185	-0.0064539910	-0.0049253033	-0.0059990056	-0.0056234622	-0.0078200485	-0.0073120376	-0.0068576724	-0.0062689916	-0.0063029940	-0.0043630067	-0.0064588063	-0.0071837385	-0.0059822670	-0.0070259381	-0.0062838014	-0.0065591468	-0.0059167199	-0.0067715031	-0.0063606904	-0.0063288488	-0.0065690731	-0.0063933933	-0.0051345968	-0.0032944634	0.5054985196	-0.0032793642	-0.0055795173	-0.0050856547	-0.0053392498	-0.0051456646	-0.0059235893	-0.0058374916	-0.0070576839	-0.0058097120	-0.0064774563	-0.0053886930	-0.0064795275	-0.0045902403	-0.0072008687	-0.0066532428	-0.0057754199	-0.0047710282	-0.0064708550	-0.0070205563	-0.0060707513	-0.0057802540	-0.0061377732	-0.0062205598	-0.0063803826	-0.0032916150	-0.0062907234	-0.0056132650	-0.0072495509	-0.0066740841	-0.0059473797	-0.0060063243	-0.0069569221	-0.0062396836	-0.0063081339	-0.0070103292	-0.0064553352	-0.0057682633	-0.0079993029	-0.0068324879	-0.0048044418	-0.0051117973	-0.0064979556	-0.0048123392	-0.0054947245	-0.0063000554	-0.0058786748	-0.0066178747	-0.0055424541	-0.0068504401	-0.0056922619	-0.0066323713	-0.0049617366	-0.0061476518	-0.0032209389	-0.0039043355
-0.0049317496	-0.0057124989	-0.0069849235	-0.0058247040	-0.0056804819	-0.0053951840	-0.0050178666	-0.0053790862	-0.0056351822	-0.0066785258	-0.0062296531	-0.0049986430	-0.0052837459	-0.0048192750	-0.0065187428	-0.0053567851	-0.0055011469	-0.0047996740	-0.0052465293	-0.0070960271	-0.0052620083	-0.0056576003	-0.0060915934	-0.0064843988	-0.0071192190	-0.0073046431	-0.0057704858	-0.0064087031	-0.0057537527	-0.0032793642	0.4973780704	-0.0058931735	-0.0064875148	-0.0067584586	-0.0047991985	-0.0057537977	-0.0066970362	-0.0064924416	-0.0045379395	-0.0067944125	-0.0062181064	-0.0044923291	-0.0059486419	-0.0053544095	-0.0070226948	-0.0061123453	-0.0059961135	-0.0065240559	-0.0055903075	-0.0059883332	-0.0052545990	-0.0047161238	-0.0053906729	-0.0056722828	-0.0060617189	-0.0063498398	-0.0061899480	-0.0060844111	-0.0054926278	-0.0056394860	-0.0079523450	-0.0056047156	-0.0058097916	-0.0048628853	-0.0064289662	-0.0070691875	-0.0078357909	-0.0052221997	-0.0082473666	-0.0064656024	-0.0041807053	-0.0056330705	-0.0065005295	-0.0053978608	-0.0066494910	-0.0068919851	-0.0076475893	-0.0062336710	-0.0070008544	-0.0060513741	-0.0044987329	-0.0055185455	-0.0076692996	-0.0045069676	-0.0049633288
-0.0052841773	-0.0058022414	-0.0058404051	-0.0070614674	-0.0064006274	-0.0058334377	-0.0053827230	-0.0064054021	-0.0057483360	-0.0053308712	-0.0060076163	-0.0042080202	-0.0043845892	-0.0062981759	-0.0075803398	-0.0046000553	-0.0043969922	-0.0054958140	-0.0049082507	-0.0054060256	-0.0061110593	-0.0061603307	-0.0056333236	-0.0061343403	-0.0062643431	-0.0077794197	-0.0077495547	-0.0064040378	-0.0057609197	-0.0055795173	-0.0058931735	0.4630636142	-0.0048918420	0.0017918580	-0.0046615531	-0.0049413581	-0.0062769686	0.0005633271	0.0038389273	-0.0059915873	-0.0064983112	-0.0032899471	-0.0068486080	-0.0068367764	-0.0049407243	-0.0041446614	-0.0060145944	-0.0063480583	-0.0060882261	-0.0053420948	-0.0054160315	-0.0060990935	-0.0058743988	-0.0043107362	-0.0066010897	-0.0055269578	-0.0062932973	-0.0063651303	-0.0071783407	-0.0064550876	-0.0065991295	-0.0065477091	-0.0065414990	-0.0055960233	-0.0062436742	-0.0049975181	-0.0071180485	-0.0040815645	-0.0067971238	-0.0067835026	-0.0060969043	-0.0059470092	-0.0049600820	-0.0062331170	-0.0050199555	-0.0052129993	-0.0053674414	-0.0057671512	-0.0073755640	-0.0059501404	-0.0055680437	-0.0053492032	-0.0050343810	-0.0049889845	-0.0039998951
-0.0074595107	-0.0054243933	-0.0060157285	-0.0066635895	-0.0072825949	-0.0064866885	-0.0054890101	-0.0053471007	-0.0056843155	-0.0067002974	-0.0059015806	-0.0069842423	-0.0077104611	-0.0047250551	-0.0062755653	-0.0062252868	-0.0069707011	-0.0058247980	-0.0070194034	-0.0041672846	-0.0048345077	-0.0062484068	-0.0049647253	-0.0060981951	-0.0071046869	-0.0067246619	-0.0076860371	-0.0066223269	-0.0065431480	-0.0050856547	-0.0064875148	-0.0048918420	0.5113300135	-0.0060691469	-0.0053115879	-0.0060718692	-0.0079773459	-0.0069919756	-0.0056422075	-0.0063680758	-0.0070693750	-0.0049180382	-0.0061141769	-0.0074390532	-0.0053554349	-0.0062341182	-0.0049028841	-0.0072500043	-0.0059433125	-0.0050523489	-0.0069457383	-0.0066773959	-0.0068051454	-0.0056515990	-0.0061770064	-0.0068893143	-0.0068366994	-0.0061575851	-0.0064854696	-0.0045524039	-0.0062327478	-0.0055675928	-0.0071580590	-0.0060790193	-0.0063426700	-0.0068745516	-0.0055979987	-0.0064065106	-0.0041310014	-0.0061760350	-0.0059953270	-0.0053412769	-0.0056533101	-0.0064369664	-0.0061981508	-0.0052126252	-0.0052279762	-0.0043631276	-0.0058120165	-0.0054185459	-0.0063117036	-0.0056691316	-0.0055377655	-0.0047795191	-0.0072677579
