1.0000000000	0.9118833669	0.9117792873	0.9121997634	0.9118200514	0.9122250263	0.9125067146	0.9123427994	0.9121856180	0.9121022368	0.9121208563	0.9119747924	0.9121865670	0.9117671755	0.9116739423	0.9117333260	0.9121289911	0.9123893934	0.9120127998	0.9122308562	0.9124145659	0.9123795413	0.9128115417	0.9119596075	0.9121627503	0.9116922455	0.9119794021	0.9119808483	0.9118783956	0.9118071714	0.9124746275	0.9129273262	0.9117717852	0.9123413080	0.9121058522	0.9121571915	0.9121922613	0.9120432147	0.9128415498	0.9122839580	0.9124778362	0.9120605688	0.9120318712	0.9121355893	0.9124184525	0.9120357578	0.9125660982	0.9125922198	0.9120484571	0.9124670803	0.9121302113	0.9124118544	0.9124077418	0.9123084979	0.9118173398	0.9121608070	0.9124978567	0.9118611319	0.9119623191	0.9123114354	0.9124223391	0.9122139992	0.9119854128	0.9125094261	0.9119139626	0.9120177258	0.9124989865	0.9118321180	0.9122783993	0.9117053063	0.9121035022	0.9120104949	0.9122343361	0.9119373726	0.9120492254	0.9124377952	0.9119355196	0.9123928733	0.9125159791	0.9126038344	0.9122685924	0.9124048946	0.9119699116	0.9127857364	0.9119736174
0.9118833669	1.0000000000	0.9126464063	0.9154744063	0.9125173349	0.9126714884	0.9128362171	0.9126302723	0.9119316782	0.9121485597	0.9146925666	0.9124642783	0.9127611062	0.9125996767	0.9121809631	0.9124499521	0.9121871545	0.9125812379	0.9127216527	0.9123425282	0.9121280872	0.9129572440	0.9130073631	0.9125011558	0.9124232882	0.9121174669	0.9121981816	0.9128019607	0.9122577913	0.9120504456	0.9126401696	0.9128880535	0.9125064886	0.9130005390	0.9123346646	0.9123775980	0.9124780170	0.9119930052	0.9127676592	0.9124532060	0.9125510941	0.9123958560	0.9126593767	0.9130187970	0.9127860076	0.9123084979	0.9123838347	0.9126709913	0.9125965131	0.9125153012	0.9124136169	0.9127189411	0.9129707116	0.9124740400	0.9125002520	0.9126269733	0.9123504822	0.9123869530	0.9122580172	0.9124931566	0.9125718829	0.9127056543	0.9122722530	0.9128727330	0.9123882636	0.9121289459	0.9125420555	0.9127470512	0.9127125689	0.9126309954	0.9122418381	0.9119340735	0.9123267558	0.9120653141	0.9121340527	0.9126580209	0.9121763534	0.9126347916	0.9126688672	0.9127603379	0.9128763937	0.9126097547	0.9122969736	0.9133323463	0.9119926437
0.9117792873	0.9126464063	1.0000000000	0.9123009054	0.9117180055	0.9119928244	0.9125102396	0.9123649440	0.9120040323	0.9124542002	0.9118218591	0.9119068221	0.9119821137	0.9120593034	0.9119638105	0.9118859881	0.9124043071	0.9120921136	0.9122709424	0.9122269696	0.9120873683	0.9126481688	0.9130059621	0.9122064520	0.9120344020	0.9117874220	0.9122119655	0.9124396481	0.9115558077	0.9120592582	0.9119351129	0.9126846396	0.9120796403	0.9121942498	0.9120294760	0.9124006013	0.9121366739	0.9117580466	0.9124916653	0.9121914027	0.9124122159	0.9119178492	0.9121859795	0.9124554656	0.9125101944	0.9122535883	0.9127379222	0.9122554412	0.9121734610	0.9124120351	0.9120411810	0.9123431609	0.9127667553	0.9121975941	0.9119180299	0.9122261561	0.9124767064	0.9120908933	0.9120422204	0.9121429557	0.9120342213	0.9121754043	0.9118351911	0.9120715959	0.9120323683	0.9117667236	0.9120485926	0.9124052562	0.9127668457	0.9120622409	0.9127794998	0.9122534527	0.9123153220	0.9121892786	0.9119872205	0.9119657990	0.9121777544	0.9126012132	0.9120934241	0.9122699482	0.9122475324	0.9125337852	0.9118839544	0.9130841009	0.9119700923
0.9121997634	0.9154744063	0.9123009054	1.0000000000	0.9117952856	0.9125963324	0.9134946345	0.9125827745	0.9120914357	0.9124887277	0.9124097303	0.9120426724	0.9129267387	0.9129973303	0.9118956594	0.9124650014	0.9120280298	0.9129413813	0.9123625939	0.9126200587	0.9128660445	0.9125562461	0.9127626428	0.9123371502	0.9120740815	0.9123780951	0.9129872974	0.9124524829	0.9118549856	0.9122816984	0.9126743808	0.9125776224	0.9122900591	0.9125993603	0.9125299438	0.9122456795	0.9123645372	0.9120382434	0.9124629225	0.9126490275	0.9123066449	0.9125519076	0.9124323720	0.9125531730	0.9131278026	0.9122813368	0.9126903791	0.9124975856	0.9123948166	0.9126944013	0.9127428482	0.9129950254	0.9132840350	0.9124063860	0.9119617768	0.9124494098	0.9128017348	0.9126264309	0.9125462133	0.9129294955	0.9125237523	0.9123197509	0.9120551004	0.9127766074	0.9120714151	0.9120584899	0.9124813613	0.9127818046	0.9125627539	0.9124920268	0.9128832630	0.9122329351	0.9128269073	0.9125021953	0.9127923798	0.9124599398	0.9121478366	0.9130989694	0.9124116736	0.9125659626	0.9125275486	0.9127067842	0.9124189497	0.9134241334	0.9121122696
0.9118200514	0.9125173349	0.9117180055	0.9117952856	1.0000000000	0.9124816324	0.9124431731	0.9119880340	0.9118436874	0.9123575775	0.9125086127	0.9121149812	0.9123545044	0.9120548745	0.9123006795	0.9118578780	0.9121569204	0.9124778814	0.9123219202	0.9126026142	0.9122650673	0.9123587525	0.9135464710	0.9123368791	0.9123176720	0.9121111850	0.9119079067	0.9120217028	0.9118832765	0.9120197595	0.9123622776	0.9125045905	0.9118770850	0.9121785227	0.9121386624	0.9126207818	0.9121253756	0.9122040115	0.9125248370	0.9121254208	0.9119545007	0.9123422119	0.9121916738	0.9120028121	0.9125941631	0.9120842048	0.9127939616	0.9122824667	0.9122072654	0.9123637690	0.9120289789	0.9125115502	0.9130358347	0.9126478072	0.9117228864	0.9122418833	0.9123856876	0.9121839910	0.9127031235	0.9124436703	0.9121882392	0.9122496113	0.9122798003	0.9126503381	0.9124653177	0.9116940532	0.9124678937	0.9123609670	0.9127613322	0.9121286747	0.9125268707	0.9122534527	0.9126318541	0.9118296323	0.9123780500	0.9123214683	0.9119888474	0.9122227666	0.9122470805	0.9122910081	0.9125248370	0.9125784359	0.9125427786	0.9130350213	0.9121682186
0.9122250263	0.9126714884	0.9119928244	0.9125963324	0.9124816324	1.0000000000	0.9131167755	0.9124401904	0.9118926314	0.9118739667	0.9125160695	0.9122835965	0.9122986006	0.9123794057	0.9121172409	0.9121691225	0.9125053136	0.9126610488	0.9121729187	0.9123125200	0.9125416036	0.9127083207	0.9129998611	0.9126107941	0.9121908152	0.9125301697	0.9120505811	0.9123080911	0.9120630092	0.9120744883	0.9124234238	0.9127751613	0.9122309014	0.9127788219	0.9125383045	0.9126139577	0.9120300635	0.9123682883	0.9125334688	0.9122243484	0.9124700178	0.9123839251	0.9121844881	0.9120738104	0.9125456710	0.9120677997	0.9126694547	0.9124985346	0.9121895950	0.9125620308	0.9121693937	0.9124652273	0.9128479672	0.9120852894	0.9124075158	0.9118812880	0.9125624376	0.9118802486	0.9123565381	0.9122284158	0.9126750135	0.9121859343	0.9124853834	0.9123873597	0.9123064642	0.9119780011	0.9124948740	0.9130133286	0.9126311310	0.9122672818	0.9125071213	0.9119436544	0.9124532964	0.9122441882	0.9122558932	0.9125090646	0.9121787938	0.9127268047	0.9125125897	0.9126635344	0.9129064019	0.9125423267	0.9124716899	0.9130253951	0.9120177710
0.9125067146	0.9128362171	0.9125102396	0.9134946345	0.9124431731	0.9131167755	1.0000000000	0.9131146062	0.9130587476	0.9127870018	0.9128750379	0.9130055554	0.9131480039	0.9134785458	0.9129518209	0.9130785422	0.9127388260	0.9129785300	0.9129596845	0.9130668372	0.9131175890	0.9138823909	0.9133946223	0.9132031394	0.9129513689	0.9131109456	0.9128843477	0.9131884969	0.9126227251	0.9132011961	0.9132741829	0.9137560763	0.9129937148	0.9132546595	0.9131217919	0.9131441173	0.9130615948	0.9127039370	0.9132867917	0.9130530533	0.9133678681	0.9129140847	0.9129063567	0.9135278966	0.9133025189	0.9129698077	0.9136429581	0.9130032054	0.9126698615	0.9137857230	0.9130173508	0.9133415657	0.9136256944	0.9133140431	0.9131487270	0.9130397213	0.9133623093	0.9128435383	0.9131400499	0.9132648279	0.9128973181	0.9128577289	0.9130000870	0.9134436568	0.9132008797	0.9126761885	0.9134599715	0.9130938174	0.9130856375	0.9129382630	0.9130437887	0.9125337400	0.9127356173	0.9127383741	0.9129050009	0.9134529214	0.9128594463	0.9135191744	0.9134119765	0.9129488381	0.9130491667	0.9130523302	0.9131008223	0.9142888571	0.9128794668
0.9123427994	0.9126302723	0.9123649440	0.9125827745	0.9119880340	0.9124401904	0.9131146062	1.0000000000	0.9124144304	0.9121538924	0.9121844429	0.9121796525	0.9127613774	0.9121211727	0.9123349810	0.9123188019	0.9123567188	0.9122526844	0.9126184318	0.9124373432	0.9126168048	0.9131145158	0.9129574700	0.9123419859	0.9125184647	0.9121164726	0.9117025947	0.9121612137	0.9118076685	0.9124725486	0.9126805722	0.9128612992	0.9124540647	0.9127767430	0.9120913453	0.9124921172	0.9124888633	0.9120446157	0.9125164763	0.9121016945	0.9125784811	0.9128763485	0.9121661398	0.9124430376	0.9128871496	0.9124349480	0.9126167596	0.9125211311	0.9123749768	0.9127749805	0.9124793276	0.9122690895	0.9130399473	0.9123122489	0.9124598494	0.9124709669	0.9129767674	0.9122592374	0.9123267107	0.9126529593	0.9124197631	0.9127303297	0.9123484485	0.9127993395	0.9125765378	0.9122965217	0.9127023101	0.9120610207	0.9126010324	0.9118232149	0.9126396273	0.9119584777	0.9127720881	0.9124510819	0.9125214475	0.9125280457	0.9119698212	0.9126896560	0.9119664769	0.9126102066	0.9123933704	0.9126294589	0.9125496931	0.9135329131	0.9124057985
0.9121856180	0.9119316782	0.9120040323	0.9120914357	0.9118436874	0.9118926314	0.9130587476	0.9124144304	1.0000000000	0.9123514764	0.9123617805	0.9125878361	0.9126591507	0.9126416158	0.9122015711	0.9118897391	0.9121665465	0.9121668177	0.9121001579	0.9123180336	0.9123468216	0.9124714188	0.9128196312	0.9123403590	0.9124592619	0.9119530545	0.9119357004	0.9121065301	0.9121154332	0.9121732803	0.9124567762	0.9127802229	0.9121833583	0.9121944758	0.9121906796	0.9123142374	0.9122807041	0.9120139748	0.9125904121	0.9124796891	0.9124405519	0.9128450749	0.9121573723	0.9123411724	0.9125684483	0.9123855068	0.9125204080	0.9122217724	0.9118696282	0.9127912500	0.9122335678	0.9126300916	0.9125497835	0.9123691921	0.9120037611	0.9126139577	0.9127253133	0.9115894765	0.9122976063	0.9124489578	0.9128099599	0.9116866415	0.9119030258	0.9123823885	0.9118836380	0.9121499155	0.9119696404	0.9124289825	0.9124260450	0.9124513079	0.9122478036	0.9121500058	0.9124443482	0.9119351581	0.9119274301	0.9123369695	0.9120151950	0.9124447097	0.9122734281	0.9125274130	0.9122140444	0.9127870018	0.9122285514	0.9129295859	0.9123957656
0.9121022368	0.9121485597	0.9124542002	0.9124887277	0.9123575775	0.9118739667	0.9127870018	0.9121538924	0.9123514764	1.0000000000	0.9119634038	0.9121436336	0.9129110115	0.9123910204	0.9121579598	0.9121559713	0.9120072410	0.9124287114	0.9121144841	0.9121591800	0.9121463904	0.9123451946	0.9129690846	0.9124914393	0.9122600961	0.9118910949	0.9122428776	0.9123194346	0.9119533257	0.9116629152	0.9122343813	0.9130539572	0.9119460496	0.9125117762	0.9121931652	0.9123326309	0.9123954493	0.9123801740	0.9122882966	0.9123658478	0.9121621176	0.9122648414	0.9121171957	0.9126950792	0.9123825693	0.9122900139	0.9127410857	0.9128303872	0.9118750965	0.9122191512	0.9125426430	0.9123545496	0.9130570755	0.9120207989	0.9117722372	0.9125159339	0.9127540109	0.9118145831	0.9123794509	0.9126029306	0.9125176061	0.9120634160	0.9124411394	0.9125979141	0.9122794839	0.9119707250	0.9125776224	0.9125101040	0.9123389580	0.9123879020	0.9126018911	0.9119387284	0.9125712050	0.9120500840	0.9121168341	0.9126633085	0.9119917398	0.9128545654	0.9119341639	0.9123956752	0.9123491264	0.9122578365	0.9122212753	0.9130710853	0.9122182022
0.9121208563	0.9146925666	0.9118218591	0.9124097303	0.9125086127	0.9125160695	0.9128750379	0.9121844429	0.9123617805	0.9119634038	1.0000000000	0.9121084734	0.9119747020	0.9126724827	0.9117676727	0.9122077626	0.9125059915	0.9122357371	0.9119751088	0.9120310126	0.9126198328	0.9124318749	0.9127733083	0.9124391058	0.9121720600	0.9121769861	0.9119944062	0.9124953259	0.9121402441	0.9118250678	0.9123314559	0.9128582713	0.9122943976	0.9125564269	0.9119433380	0.9122736088	0.9120252278	0.9125030087	0.9127819854	0.9124794631	0.9123724460	0.9124046687	0.9124745823	0.9126506996	0.9126835549	0.9123060122	0.9125227129	0.9127852845	0.9119966658	0.9126699066	0.9126293233	0.9122470805	0.9127917923	0.9122958438	0.9123759259	0.9125819158	0.9122473969	0.9116988889	0.9123703219	0.9124061600	0.9120880010	0.9124508108	0.9123353877	0.9127988424	0.9123851453	0.9120537898	0.9122196935	0.9127635466	0.9125767638	0.9120628737	0.9124868296	0.9122166656	0.9127847874	0.9123721297	0.9121951085	0.9120567274	0.9116935561	0.9126389946	0.9120456099	0.9124208930	0.9125073021	0.9128432672	0.9123916531	0.9134282912	0.9121623435
0.9119747924	0.9124642783	0.9119068221	0.9120426724	0.9121149812	0.9122835965	0.9130055554	0.9121796525	0.9125878361	0.9121436336	0.9121084734	1.0000000000	0.9122801166	0.9124429020	0.9117653226	0.9119206059	0.9121826804	0.9121920806	0.9120769739	0.9121849401	0.9117927096	0.9126558516	0.9128991258	0.9125312092	0.9123628651	0.9123393195	0.9122989169	0.9121552030	0.9123809423	0.9118360046	0.9125700752	0.9132444006	0.9118216784	0.9124212997	0.9120818999	0.9124309710	0.9120964521	0.9123201577	0.9121739582	0.9120042131	0.9125178772	0.9122849975	0.9125315255	0.9124216612	0.9124520762	0.9124886825	0.9128285794	0.9124290729	0.9120179970	0.9124208026	0.9122873023	0.9123353877	0.9127033043	0.9125366324	0.9121788842	0.9123809875	0.9127939616	0.9121084282	0.9122321216	0.9122104741	0.9121950181	0.9123667517	0.9125494220	0.9124889989	0.9124485059	0.9120064275	0.9120338597	0.9123640401	0.9125177417	0.9122876639	0.9122602317	0.9121714725	0.9129976466	0.9122954823	0.9121127668	0.9121775736	0.9119519699	0.9124114024	0.9119167193	0.9125381237	0.9122166204	0.9124026350	0.9124974048	0.9130149556	0.9122316697
0.9121865670	0.9127611062	0.9119821137	0.9129267387	0.9123545044	0.9122986006	0.9131480039	0.9127613774	0.9126591507	0.9129110115	0.9119747020	0.9122801166	1.0000000000	0.9130351117	0.9126820184	0.9125281813	0.9127894423	0.9123352521	0.9123520188	0.9124622446	0.9125376718	0.9133619478	0.9144892883	0.9126051450	0.9124721419	0.9122628529	0.9217182324	0.9126094835	0.9120186749	0.9125657819	0.9130293269	0.9134970298	0.9120535187	0.9130568043	0.9124994837	0.9123874953	0.9127747997	0.9125210859	0.9129148530	0.9129784848	0.9127504407	0.9125544384	0.9128248284	0.9125661886	0.9128234726	0.9123584362	0.9127177661	0.9129391216	0.9123736662	0.9129215415	0.9128397421	0.9131510318	0.9138048396	0.9127261720	0.9126618171	0.9128642819	0.9130176671	0.9122580172	0.9125742330	0.9126564391	0.9127024456	0.9126024786	0.9122371380	0.9133238952	0.9125749561	0.9125830908	0.9129850830	0.9125122733	0.9133169355	0.9126046479	0.9125221706	0.9123636334	0.9132215330	0.9124985798	0.9126432427	0.9127512541	0.9123470475	0.9126563487	0.9126570718	0.9128005145	0.9126916897	0.9131043926	0.9125760407	0.9132138050	0.9124464270
0.9117671755	0.9125996767	0.9120593034	0.9129973303	0.9120548745	0.9123794057	0.9134785458	0.9121211727	0.9126416158	0.9123910204	0.9126724827	0.9124429020	0.9130351117	1.0000000000	0.9122923639	0.9118891516	0.9123503466	0.9122742415	0.9122359630	0.9123331733	0.9123337608	0.9129103788	0.9133435542	0.9124809545	0.9122027009	0.9120907578	0.9141126043	0.9122056385	0.9116795462	0.9122487075	0.9128025482	0.9127771046	0.9124391961	0.9125627539	0.9125599520	0.9123343483	0.9120602073	0.9120794595	0.9126365542	0.9124044427	0.9123747057	0.9122743319	0.9124471049	0.9123045209	0.9126136865	0.9121831775	0.9136137634	0.9131095898	0.9121002483	0.9126354695	0.9121104167	0.9129025604	0.9130270673	0.9125850793	0.9119702731	0.9125545288	0.9124711024	0.9123067353	0.9118445460	0.9123452398	0.9125357737	0.9123802192	0.9121574175	0.9126974292	0.9122633048	0.9120625573	0.9125092002	0.9125589125	0.9130302308	0.9123053795	0.9125134031	0.9121738226	0.9124030869	0.9123167230	0.9124056177	0.9126098903	0.9122872119	0.9126702682	0.9124937442	0.9128868333	0.9124750342	0.9128432672	0.9124568214	0.9129819646	0.9124119899
0.9116739423	0.9121809631	0.9119638105	0.9118956594	0.9123006795	0.9121172409	0.9129518209	0.9123349810	0.9122015711	0.9121579598	0.9117676727	0.9117653226	0.9126820184	0.9122923639	1.0000000000	0.9123978897	0.9123454206	0.9123667517	0.9127766074	0.9123250837	0.9125877005	0.9126229963	0.9129166155	0.9126075402	0.9121101908	0.9117392011	0.9121669984	0.9118567934	0.9116847434	0.9126057777	0.9122419285	0.9124275363	0.9121257824	0.9123589785	0.9121707043	0.9124048946	0.9119398582	0.9122762752	0.9126441014	0.9128345449	0.9122605932	0.9124230622	0.9123465504	0.9124246892	0.9125954737	0.9122266081	0.9123093565	0.9122992333	0.9124289373	0.9125653751	0.9118846775	0.9123974378	0.9131009579	0.9125308928	0.9119884859	0.9127217883	0.9123480418	0.9124171419	0.9121105071	0.9122496565	0.9125013818	0.9122699934	0.9121365835	0.9128603501	0.9121585021	0.9121338267	0.9120218836	0.9126466322	0.9124371625	0.9119190242	0.9123508437	0.9122179762	0.9126276511	0.9122324380	0.9121025983	0.9121304373	0.9123164518	0.9124194016	0.9123602891	0.9122671010	0.9125767638	0.9129590066	0.9121366287	0.9133662411	0.9120300635
0.9117333260	0.9124499521	0.9118859881	0.9124650014	0.9118578780	0.9121691225	0.9130785422	0.9123188019	0.9118897391	0.9121559713	0.9122077626	0.9119206059	0.9125281813	0.9118891516	0.9123978897	1.0000000000	0.9126645739	0.9125074828	0.9123430253	0.9125123637	0.9126213241	0.9124450260	0.9127398203	0.9123723556	0.9119301417	0.9116741231	0.9120236461	0.9125656011	0.9119897965	0.9120600265	0.9124546070	0.9131574040	0.9121424134	0.9120103593	0.9126107038	0.9120628737	0.9121163822	0.9119862262	0.9127695573	0.9122359178	0.9125256053	0.9123154124	0.9122754165	0.9124347220	0.9125179224	0.9123264847	0.9125376718	0.9124838921	0.9124114928	0.9130098939	0.9119720808	0.9124438962	0.9129778521	0.9123831116	0.9121823641	0.9125077540	0.9125434565	0.9123030747	0.9120440733	0.9123369695	0.9122240772	0.9120541514	0.9122355563	0.9125368583	0.9120337693	0.9118765879	0.9122244388	0.9122784897	0.9120946896	0.9119167645	0.9122223147	0.9117712881	0.9126553093	0.9122455439	0.9121468875	0.9125597712	0.9115426565	0.9122548989	0.9121934364	0.9122058193	0.9124335018	0.9127095409	0.9127203421	0.9132359947	0.9122045087
0.9121289911	0.9121871545	0.9124043071	0.9120280298	0.9121569204	0.9125053136	0.9127388260	0.9123567188	0.9121665465	0.9120072410	0.9125059915	0.9121826804	0.9127894423	0.9123503466	0.9123454206	0.9126645739	1.0000000000	0.9121748168	0.9124220680	0.9121984076	0.9125778032	0.9130897952	0.9132077039	0.9128800091	0.9126886166	0.9121614397	0.9119220973	0.9130400829	0.9120090035	0.9120547389	0.9127026716	0.9131098158	0.9119419823	0.9124198535	0.9123367887	0.9128011924	0.9122921380	0.9120554168	0.9125534894	0.9124631033	0.9127796354	0.9124822199	0.9125497835	0.9126851367	0.9124998904	0.9120264481	0.9132112741	0.9123742085	0.9123772817	0.9127373347	0.9120528408	0.9123805808	0.9135541086	0.9123855972	0.9122476680	0.9127343971	0.9130538216	0.9123233664	0.9125138551	0.9124915749	0.9123289703	0.9122555768	0.9121372614	0.9124394673	0.9122430583	0.9124584484	0.9125660530	0.9126075402	0.9127346683	0.9123060122	0.9124096399	0.9120239624	0.9128442614	0.9127546436	0.9124039908	0.9127607447	0.9121515424	0.9131563646	0.9124475569	0.9126897012	0.9132705222	0.9129557075	0.9129001652	0.9131384230	0.9122809301
0.9123893934	0.9125812379	0.9120921136	0.9129413813	0.9124778814	0.9126610488	0.9129785300	0.9122526844	0.9121668177	0.9124287114	0.9122357371	0.9121920806	0.9123352521	0.9122742415	0.9123667517	0.9125074828	0.9121748168	1.0000000000	0.9124815420	0.9123477254	0.9124512627	0.9123992455	0.9135012779	0.9121240198	0.9121079763	0.9116897147	0.9122964765	0.9122678241	0.9121549771	0.9122331610	0.9128182754	0.9130297337	0.9121727379	0.9125761311	0.9125554327	0.9126830578	0.9119450554	0.9119620480	0.9126901531	0.9123132431	0.9120455195	0.9125780292	0.9124143852	0.9124513983	0.9125206792	0.9122978775	0.9129974207	0.9126503381	0.9120827134	0.9122138184	0.9121798333	0.9123407205	0.9131618330	0.9125915871	0.9119711770	0.9127562706	0.9127907980	0.9122896524	0.9125474787	0.9126329387	0.9121446731	0.9121199073	0.9122263821	0.9124887277	0.9126544054	0.9121500510	0.9124625610	0.9124863325	0.9123486293	0.9121679023	0.9126330743	0.9123495331	0.9128360363	0.9127806748	0.9124876883	0.9124734977	0.9120439830	0.9126504736	0.9125810571	0.9129804733	0.9123402686	0.9124773843	0.9122993689	0.9129308965	0.9125443152
0.9120127998	0.9127216527	0.9122709424	0.9123625939	0.9123219202	0.9121729187	0.9129596845	0.9126184318	0.9121001579	0.9121144841	0.9119751088	0.9120769739	0.9123520188	0.9122359630	0.9127766074	0.9123430253	0.9124220680	0.9124815420	1.0000000000	0.9127424867	0.9125571500	0.9125681319	0.9132814138	0.9126107941	0.9122808397	0.9121874257	0.9123204740	0.9124637360	0.9119690981	0.9121802400	0.9124698822	0.9132373957	0.9120134325	0.9124982635	0.9122574749	0.9123672940	0.9122934486	0.9120550101	0.9128648243	0.9124919816	0.9124365749	0.9128394710	0.9125716118	0.9125496931	0.9127779632	0.9122249811	0.9128388383	0.9126576141	0.9119884859	0.9123265751	0.9124124419	0.9123763778	0.9131599800	0.9123210163	0.9125552971	0.9128128071	0.9128610732	0.9124440770	0.9122175243	0.9124711024	0.9125458517	0.9124049398	0.9122613163	0.9130112045	0.9123023968	0.9124973596	0.9125871582	0.9125642001	0.9123926925	0.9122385390	0.9124563243	0.9117286259	0.9124568214	0.9119226848	0.9123592045	0.9124614311	0.9121780707	0.9128325564	0.9120546033	0.9130812989	0.9126350628	0.9130004938	0.9126265213	0.9131095446	0.9122052317
0.9122308562	0.9123425282	0.9122269696	0.9126200587	0.9126026142	0.9123125200	0.9130668372	0.9124373432	0.9123180336	0.9121591800	0.9120310126	0.9121849401	0.9124622446	0.9123331733	0.9123250837	0.9125123637	0.9121984076	0.9123477254	0.9127424867	1.0000000000	0.9123923310	0.9128099599	0.9132516315	0.9124813161	0.9124697918	0.9123995167	0.9122135021	0.9127876345	0.9119657086	0.9122694059	0.9121289911	0.9130657977	0.9126689576	0.9124280787	0.9122517354	0.9125458517	0.9123140114	0.9121879228	0.9130582957	0.9122209589	0.9126682797	0.9122301331	0.9126900627	0.9121555646	0.9129019277	0.9125609010	0.9126474457	0.9123524255	0.9125190071	0.9127110323	0.9120827586	0.9124177294	0.9130250788	0.9123599275	0.9119836502	0.9122781281	0.9123686046	0.9123368339	0.9120553264	0.9121961028	0.9125077540	0.9117872865	0.9120445253	0.9125721541	0.9122146771	0.9120150142	0.9123967599	0.9126323964	0.9124394673	0.9122205070	0.9129431890	0.9121680379	0.9125457162	0.9123222365	0.9124236045	0.9125821418	0.9121379845	0.9125383045	0.9122689539	0.9124542454	0.9126175731	0.9129562498	0.9120080545	0.9125971006	0.9124338634
0.9124145659	0.9121280872	0.9120873683	0.9128660445	0.9122650673	0.9125416036	0.9131175890	0.9126168048	0.9123468216	0.9121463904	0.9126198328	0.9117927096	0.9125376718	0.9123337608	0.9125877005	0.9126213241	0.9125778032	0.9124512627	0.9125571500	0.9123923310	1.0000000000	0.9166316195	0.9128720551	0.9125140810	0.9120703305	0.9122334322	0.9125055847	0.9126422485	0.9120245951	0.9124973144	0.9128005145	0.9131150130	0.9128273592	0.9124470145	0.9125504162	0.9121304824	0.9123479514	0.9124560532	0.9127071005	0.9123213327	0.9123715873	0.9124850671	0.9125295822	0.9124549685	0.9128327372	0.9122554412	0.9133116479	0.9128938834	0.9126455024	0.9123300097	0.9123930992	0.9126116528	0.9130902924	0.9124175487	0.9126433331	0.9122578365	0.9126436947	0.9128310199	0.9125441796	0.9122150386	0.9127004120	0.9120488186	0.9123207904	0.9126982879	0.9124920268	0.9123418051	0.9124380211	0.9126403956	0.9126037440	0.9119131491	0.9125779840	0.9119751088	0.9130044708	0.9125785263	0.9125199109	0.9125077088	0.9124025898	0.9123930089	0.9124382923	0.9124101822	0.9128604857	0.9125689906	0.9125463489	0.9133541294	0.9123728076
0.9123795413	0.9129572440	0.9126481688	0.9125562461	0.9123587525	0.9127083207	0.9138823909	0.9131145158	0.9124714188	0.9123451946	0.9124318749	0.9126558516	0.9133619478	0.9129103788	0.9126229963	0.9124450260	0.9130897952	0.9123992455	0.9125681319	0.9128099599	0.9166316195	1.0000000000	0.9133424696	0.9124287114	0.9127454694	0.9122795743	0.9128687109	0.9128003790	0.9126675566	0.9126756914	0.9128979056	0.9131381970	0.9125494672	0.9130568043	0.9126092124	0.9122770435	0.9124168708	0.9121239295	0.9130850500	0.9127314596	0.9126243521	0.9132667712	0.9130590188	0.9128873304	0.9128482384	0.9123706383	0.9132616192	0.9128917593	0.9123134691	0.9125330621	0.9125478854	0.9125543028	0.9131769274	0.9128481028	0.9127329509	0.9130057362	0.9125761311	0.9132773012	0.9126308147	0.9129138587	0.9129967428	0.9122601865	0.9124064312	0.9133487514	0.9126647094	0.9128780206	0.9126555353	0.9132313851	0.9126038796	0.9127916567	0.9129483410	0.9126631729	0.9129403418	0.9125996315	0.9128218457	0.9127466444	0.9123525611	0.9130030698	0.9128661349	0.9131393720	0.9127514349	0.9128443518	0.9128493682	0.9134151852	0.9127571744
0.9128115417	0.9130073631	0.9130059621	0.9127626428	0.9135464710	0.9129998611	0.9133946223	0.9129574700	0.9128196312	0.9129690846	0.9127733083	0.9128991258	0.9144892883	0.9133435542	0.9129166155	0.9127398203	0.9132077039	0.9135012779	0.9132814138	0.9132516315	0.9128720551	0.9133424696	1.0000000000	0.9134353865	0.9129384889	0.9130345241	0.9128923468	0.9130954444	0.9125406997	0.9126560324	0.9130976136	0.9136656450	0.9130778191	0.9133902838	0.9128734561	0.9133670546	0.9131869151	0.9128107282	0.9132759906	0.9132935255	0.9130609621	0.9133410234	0.9129536738	0.9129870714	0.9133891540	0.9129079384	0.9137060928	0.9132310235	0.9130070468	0.9129163443	0.9125611270	0.9131657196	0.9136449014	0.9130118372	0.9127000052	0.9129691750	0.9133737431	0.9129125481	0.9128941545	0.9129867551	0.9133481187	0.9131238708	0.9128044463	0.9137370952	0.9130213278	0.9127043437	0.9129982341	0.9131066071	0.9133319848	0.9130141421	0.9130745652	0.9131667590	0.9133661055	0.9130255759	0.9128913978	0.9127045697	0.9130248076	0.9135335006	0.9132135338	0.9134577570	0.9136560641	0.9134754727	0.9131344912	0.9134988375	0.9128277208
0.9119596075	0.9125011558	0.9122064520	0.9123371502	0.9123368791	0.9126107941	0.9132031394	0.9123419859	0.9123403590	0.9124914393	0.9124391058	0.9125312092	0.9126051450	0.9124809545	0.9126075402	0.9123723556	0.9128800091	0.9121240198	0.9126107941	0.9124813161	0.9125140810	0.9124287114	0.9134353865	1.0000000000	0.9123570804	0.9121638801	0.9120665343	0.9119990159	0.9120733584	0.9122367765	0.9123302809	0.9128086493	0.9124178650	0.9126594671	0.9123247674	0.9124638715	0.9124450712	0.9119505689	0.9126998244	0.9126198328	0.9122141800	0.9123900261	0.9125037770	0.9124546522	0.9126445082	0.9127580331	0.9132171492	0.9127983001	0.9123064190	0.9126297752	0.9123002275	0.9124433991	0.9132855715	0.9123687854	0.9124056629	0.9124842084	0.9130356540	0.9124234238	0.9125380785	0.9124607532	0.9125252889	0.9126428812	0.9120238269	0.9126826963	0.9126268377	0.9120070602	0.9125321582	0.9125271870	0.9129107404	0.9126058229	0.9125002068	0.9122031981	0.9126213693	0.9121066657	0.9123296934	0.9121274093	0.9118886093	0.9128121744	0.9124491838	0.9128984931	0.9131349431	0.9126387234	0.9125884236	0.9132347745	0.9121667725
0.9121627503	0.9124232882	0.9120344020	0.9120740815	0.9123176720	0.9121908152	0.9129513689	0.9125184647	0.9124592619	0.9122600961	0.9121720600	0.9123628651	0.9124721419	0.9122027009	0.9121101908	0.9119301417	0.9126886166	0.9121079763	0.9122808397	0.9124697918	0.9120703305	0.9127454694	0.9129384889	0.9123570804	1.0000000000	0.9123088142	0.9120145171	0.9119333504	0.9118875698	0.9122175694	0.9121444923	0.9126606421	0.9119137366	0.9125850341	0.9120949607	0.9124274008	0.9121953797	0.9118256102	0.9124948740	0.9124845700	0.9122915957	0.9121517232	0.9123903877	0.9125836783	0.9124168708	0.9123385060	0.9125289947	0.9123902521	0.9122305399	0.9129287272	0.9123803548	0.9121548415	0.9126455024	0.9119610085	0.9122391265	0.9123077296	0.9121280420	0.9122995496	0.9124244180	0.9128593107	0.9122959342	0.9122263369	0.9121364931	0.9122979679	0.9123676556	0.9116846079	0.9126044219	0.9125633866	0.9124756669	0.9121764438	0.9126336618	0.9123497591	0.9128524414	0.9121944758	0.9120508071	0.9124812257	0.9121988595	0.9123643565	0.9120493609	0.9122979227	0.9125742330	0.9127911596	0.9125280909	0.9128666772	0.9121530790
0.9116922455	0.9121174669	0.9117874220	0.9123780951	0.9121111850	0.9125301697	0.9131109456	0.9121164726	0.9119530545	0.9118910949	0.9121769861	0.9123393195	0.9122628529	0.9120907578	0.9117392011	0.9116741231	0.9121614397	0.9116897147	0.9121874257	0.9123995167	0.9122334322	0.9122795743	0.9130345241	0.9121638801	0.9123088142	1.0000000000	0.9121212179	0.9121217602	0.9114562926	0.9120241884	0.9119039297	0.9121424134	0.9119509305	0.9120896731	0.9122381775	0.9123417599	0.9120913001	0.9117747680	0.9122657000	0.9125486085	0.9119360620	0.9119961235	0.9119910167	0.9123343483	0.9123804904	0.9120421752	0.9129283657	0.9126527785	0.9118004376	0.9126091672	0.9121439500	0.9122143607	0.9125515461	0.9123018093	0.9119977505	0.9125901409	0.9121617108	0.9121998990	0.9120048006	0.9123634074	0.9123975734	0.9119155443	0.9121989047	0.9125334688	0.9121907248	0.9121644224	0.9121694389	0.9122731117	0.9122346524	0.9119781819	0.9119742501	0.9119751539	0.9124131198	0.9122764108	0.9121548867	0.9125058559	0.9117886422	0.9125561106	0.9122348784	0.9120401867	0.9124402356	0.9127992491	0.9123650796	0.9132513152	0.9120507167
0.9119794021	0.9121981816	0.9122119655	0.9129872974	0.9119079067	0.9120505811	0.9128843477	0.9117025947	0.9119357004	0.9122428776	0.9119944062	0.9122989169	0.9217182324	0.9141126043	0.9121669984	0.9120236461	0.9119220973	0.9122964765	0.9123204740	0.9122135021	0.9125055847	0.9128687109	0.9128923468	0.9120665343	0.9120145171	0.9121212179	1.0000000000	0.9122277831	0.9117862922	0.9122173435	0.9125097877	0.9123239087	0.9117767565	0.9124282594	0.9123690565	0.9120431243	0.9122558028	0.9122078981	0.9125661434	0.9122331610	0.9120455195	0.9122224503	0.9127557734	0.9121186871	0.9121893238	0.9120619698	0.9126494342	0.9124598042	0.9122154002	0.9124306547	0.9119227752	0.9126278771	0.9130537312	0.9126244876	0.9121366739	0.9128213485	0.9123345291	0.9122717559	0.9123639949	0.9124118544	0.9122010740	0.9122388554	0.9121547059	0.9126769116	0.9125604039	0.9121876517	0.9124625610	0.9122502440	0.9125642905	0.9122733829	0.9123847837	0.9118431903	0.9123437032	0.9121168793	0.9120569082	0.9119732106	0.9118139504	0.9122722982	0.9120340405	0.9123436129	0.9123816654	0.9123553630	0.9122484815	0.9128697955	0.9121937075
0.9119808483	0.9128019607	0.9124396481	0.9124524829	0.9120217028	0.9123080911	0.9131884969	0.9121612137	0.9121065301	0.9123194346	0.9124953259	0.9121552030	0.9126094835	0.9122056385	0.9118567934	0.9125656011	0.9130400829	0.9122678241	0.9124637360	0.9127876345	0.9126422485	0.9128003790	0.9130954444	0.9119990159	0.9119333504	0.9121217602	0.9122277831	1.0000000000	0.9124247796	0.9126984687	0.9122808397	0.9127406790	0.9122253427	0.9125901409	0.9123992455	0.9123752028	0.9123382349	0.9123889415	0.9127668909	0.9124046235	0.9125225773	0.9120793691	0.9128296189	0.9125083415	0.9128382056	0.9125213119	0.9127531974	0.9127529263	0.9124244632	0.9126726182	0.9126699970	0.9127839739	0.9134244949	0.9125725156	0.9124987606	0.9126812501	0.9125864351	0.9122280090	0.9125083415	0.9130658881	0.9123927829	0.9123607862	0.9124774747	0.9129036903	0.9124745371	0.9119965755	0.9125617145	0.9127113939	0.9121922613	0.9121451250	0.9124452520	0.9123912915	0.9129834560	0.9125099685	0.9128755350	0.9125855764	0.9123966695	0.9130505225	0.9125411969	0.9124967269	0.9128871948	0.9130129219	0.9123997878	0.9132781599	0.9128181850
0.9118783956	0.9122577913	0.9115558077	0.9118549856	0.9118832765	0.9120630092	0.9126227251	0.9118076685	0.9121154332	0.9119533257	0.9121402441	0.9123809423	0.9120186749	0.9116795462	0.9116847434	0.9119897965	0.9120090035	0.9121549771	0.9119690981	0.9119657086	0.9120245951	0.9126675566	0.9125406997	0.9120733584	0.9118875698	0.9114562926	0.9117862922	0.9124247796	1.0000000000	0.9125468460	0.9122002605	0.9127215623	0.9118548049	0.9126511063	0.9117908115	0.9124781977	0.9118612223	0.9117164238	0.9122041923	0.9120767479	0.9124217516	0.9121171957	0.9121403797	0.9118770398	0.9119457785	0.9120507167	0.9125975978	0.9121784775	0.9116942792	0.9124829430	0.9120605688	0.9123536005	0.9125944343	0.9124058889	0.9118876150	0.9124116736	0.9122593730	0.9120534283	0.9118178370	0.9124808641	0.9118020646	0.9119549978	0.9120778325	0.9123723556	0.9121197265	0.9121199977	0.9117725987	0.9121404701	0.9119455525	0.9116622373	0.9121358152	0.9117354048	0.9122186541	0.9125117310	0.9119116125	0.9122506508	0.9120070602	0.9122118751	0.9118459922	0.9123441100	0.9121650551	0.9130023015	0.9118962017	0.9127978934	0.9119756511
0.9118071714	0.9120504456	0.9120592582	0.9122816984	0.9120197595	0.9120744883	0.9132011961	0.9124725486	0.9121732803	0.9116629152	0.9118250678	0.9118360046	0.9125657819	0.9122487075	0.9126057777	0.9120600265	0.9120547389	0.9122331610	0.9121802400	0.9122694059	0.9124973144	0.9126756914	0.9126560324	0.9122367765	0.9122175694	0.9120241884	0.9122173435	0.9126984687	0.9125468460	1.0000000000	0.9130405800	0.9128353584	0.9123666613	0.9127022649	0.9124736784	0.9123775980	0.9120887241	0.9121137610	0.9125320227	0.9123150057	0.9123479062	0.9123704575	0.9125714310	0.9123046564	0.9123059670	0.9122875283	0.9130779095	0.9125504162	0.9119630874	0.9126696807	0.9122646606	0.9124296152	0.9126153134	0.9123182144	0.9126890685	0.9124029061	0.9126553545	0.9119023028	0.9121789294	0.9125250629	0.9125274130	0.9120356222	0.9121969614	0.9125260120	0.9119564892	0.9120090939	0.9126497957	0.9119719000	0.9125156176	0.9124809545	0.9125477046	0.9121510905	0.9128099599	0.9124207122	0.9122976515	0.9125051780	0.9120031736	0.9124937893	0.9123375118	0.9125706175	0.9123237731	0.9127469608	0.9124343605	0.9135995276	0.9125648780
0.9124746275	0.9126401696	0.9119351129	0.9126743808	0.9123622776	0.9124234238	0.9132741829	0.9126805722	0.9124567762	0.9122343813	0.9123314559	0.9125700752	0.9130293269	0.9128025482	0.9122419285	0.9124546070	0.9127026716	0.9128182754	0.9124698822	0.9121289911	0.9128005145	0.9128979056	0.9130976136	0.9123302809	0.9121444923	0.9119039297	0.9125097877	0.9122808397	0.9122002605	0.9130405800	1.0000000000	0.9130542283	0.9121476106	0.9124765256	0.9127136083	0.9124644139	0.9120306510	0.9122939457	0.9130698651	0.9124057985	0.9125223062	0.9128011924	0.9125785263	0.9129805185	0.9125144426	0.9123574419	0.9128009213	0.9125619405	0.9124193112	0.9127799065	0.9125829552	0.9128880987	0.9129811512	0.9125667309	0.9123014477	0.9125293111	0.9127146930	0.9123747057	0.9124554656	0.9127106708	0.9122060452	0.9124706053	0.9123889867	0.9130885298	0.9123018997	0.9120804537	0.9122752810	0.9127397751	0.9123941839	0.9121996278	0.9129254733	0.9122223599	0.9127197094	0.9125169282	0.9122694963	0.9124862421	0.9117238354	0.9124653629	0.9121911315	0.9124506300	0.9128816813	0.9129841791	0.9122211849	0.9135090963	0.9127048409
0.9129273262	0.9128880535	0.9126846396	0.9125776224	0.9125045905	0.9127751613	0.9137560763	0.9128612992	0.9127802229	0.9130539572	0.9128582713	0.9132444006	0.9134970298	0.9127771046	0.9124275363	0.9131574040	0.9131098158	0.9130297337	0.9132373957	0.9130657977	0.9131150130	0.9131381970	0.9136656450	0.9128086493	0.9126606421	0.9121424134	0.9123239087	0.9127406790	0.9127215623	0.9128353584	0.9130542283	1.0000000000	0.9129956581	0.9146920243	0.9132172848	0.9132580489	0.9127329058	0.9140752296	0.9151512308	0.9129670509	0.9128089656	0.9136771693	0.9127925154	0.9129005720	0.9134211507	0.9133313973	0.9133905550	0.9130283779	0.9126619527	0.9132771656	0.9129751857	0.9129094750	0.9135123954	0.9134155015	0.9125581894	0.9130326260	0.9130840557	0.9127485877	0.9124547877	0.9129120058	0.9130285135	0.9126711269	0.9127618745	0.9132728723	0.9127642697	0.9129844502	0.9128285794	0.9135552836	0.9129405226	0.9125433209	0.9129926754	0.9124830786	0.9134816189	0.9127621005	0.9129758184	0.9131985297	0.9128471086	0.9131516193	0.9125533538	0.9131127533	0.9131123918	0.9135181349	0.9132391583	0.9138696013	0.9133993224
0.9117717852	0.9125064886	0.9120796403	0.9122900591	0.9118770850	0.9122309014	0.9129937148	0.9124540647	0.9121833583	0.9119460496	0.9122943976	0.9118216784	0.9120535187	0.9124391961	0.9121257824	0.9121424134	0.9119419823	0.9121727379	0.9120134325	0.9126689576	0.9128273592	0.9125494672	0.9130778191	0.9124178650	0.9119137366	0.9119509305	0.9117767565	0.9122253427	0.9118548049	0.9123666613	0.9121476106	0.9129956581	1.0000000000	0.9123718585	0.9123390484	0.9124958682	0.9115734782	0.9119443323	0.9125346891	0.9124112217	0.9121225285	0.9127046601	0.9123911559	0.9119584325	0.9126612296	0.9121951989	0.9128606665	0.9121324257	0.9122746031	0.9127695121	0.9119347966	0.9122746483	0.9124845700	0.9124866488	0.9121973230	0.9122191964	0.9124148823	0.9121752236	0.9121801496	0.9125758147	0.9123990195	0.9121544348	0.9117779767	0.9126002642	0.9121587281	0.9118213168	0.9127348039	0.9124549685	0.9131035339	0.9122354207	0.9123120229	0.9122630337	0.9125745493	0.9120902154	0.9121662753	0.9126267925	0.9122612711	0.9128067512	0.9123451494	0.9124975404	0.9122829638	0.9125948862	0.9122877994	0.9133170259	0.9119233627
0.9123413080	0.9130005390	0.9121942498	0.9125993603	0.9121785227	0.9127788219	0.9132546595	0.9127767430	0.9121944758	0.9125117762	0.9125564269	0.9124212997	0.9130568043	0.9125627539	0.9123589785	0.9120103593	0.9124198535	0.9125761311	0.9124982635	0.9124280787	0.9124470145	0.9130568043	0.9133902838	0.9126594671	0.9125850341	0.9120896731	0.9124282594	0.9125901409	0.9126511063	0.9127022649	0.9124765256	0.9146920243	0.9123718585	1.0000000000	0.9127711843	0.9126813405	0.9127205681	0.9181919998	0.9129380822	0.9127183536	0.9127611966	0.9129759088	0.9126601449	0.9126003545	0.9125705723	0.9125500547	0.9129769030	0.9132252840	0.9124306999	0.9130099391	0.9125556586	0.9128026838	0.9129162539	0.9124408231	0.9124850219	0.9127159584	0.9130781354	0.9125578279	0.9124314229	0.9129933081	0.9125864803	0.9123940483	0.9125373102	0.9136245194	0.9127149641	0.9126789904	0.9124582224	0.9133989609	0.9130923260	0.9125958804	0.9130530985	0.9127193930	0.9132725107	0.9123803548	0.9131965864	0.9124813613	0.9129680904	0.9130601034	0.9126079018	0.9128978604	0.9125863899	0.9130497994	0.9127396395	0.9132188666	0.9127197546
0.9121058522	0.9123346646	0.9120294760	0.9125299438	0.9121386624	0.9125383045	0.9131217919	0.9120913453	0.9121906796	0.9121931652	0.9119433380	0.9120818999	0.9124994837	0.9125599520	0.9121707043	0.9126107038	0.9123367887	0.9125554327	0.9122574749	0.9122517354	0.9125504162	0.9126092124	0.9128734561	0.9123247674	0.9120949607	0.9122381775	0.9123690565	0.9123992455	0.9117908115	0.9124736784	0.9127136083	0.9132172848	0.9123390484	0.9127711843	1.0000000000	0.9130099843	0.9121849401	0.9121097388	0.9128578193	0.9125357737	0.9123775980	0.9125886947	0.9123017641	0.9123197961	0.9123306876	0.9122798907	0.9126036084	0.9122685472	0.9120855154	0.9124590359	0.9122156261	0.9131594377	0.9131348075	0.9124620638	0.9120139296	0.9124792372	0.9124608888	0.9120122574	0.9121049484	0.9122843196	0.9126987398	0.9116122990	0.9124418625	0.9127287028	0.9121449894	0.9119506593	0.9126812953	0.9123555438	0.9124448001	0.9116395052	0.9124082841	0.9117426809	0.9123230952	0.9124546522	0.9121375326	0.9124714188	0.9122959794	0.9125659626	0.9125739166	0.9131828477	0.9122894716	0.9124821747	0.9122477584	0.9126295493	0.9123263039
0.9121571915	0.9123775980	0.9124006013	0.9122456795	0.9126207818	0.9126139577	0.9131441173	0.9124921172	0.9123142374	0.9123326309	0.9122736088	0.9124309710	0.9123874953	0.9123343483	0.9124048946	0.9120628737	0.9128011924	0.9126830578	0.9123672940	0.9125458517	0.9121304824	0.9122770435	0.9133670546	0.9124638715	0.9124274008	0.9123417599	0.9120431243	0.9123752028	0.9124781977	0.9123775980	0.9124644139	0.9132580489	0.9124958682	0.9126813405	0.9130099843	1.0000000000	0.9123499851	0.9123646276	0.9127335385	0.9126544506	0.9124249603	0.9141200159	0.9122763656	0.9126709461	0.9128719196	0.9121993566	0.9129338792	0.9125211763	0.9123791798	0.9131572685	0.9124880498	0.9127164555	0.9133296799	0.9132307072	0.9123412176	0.9127374703	0.9122162137	0.9124706957	0.9121865670	0.9126022075	0.9127902105	0.9122881158	0.9126429716	0.9128885054	0.9120671670	0.9126676922	0.9124962750	0.9132823628	0.9126466322	0.9122947140	0.9124254575	0.9123590237	0.9128360363	0.9126252107	0.9125284524	0.9125127252	0.9125455354	0.9127033495	0.9124079678	0.9129043682	0.9127907529	0.9130903827	0.9125171993	0.9130735257	0.9124720063
