0.5363479414	0.0091081717	0.0003664608	-0.0006607301	-0.0098696251	-0.0019598997	-0.0118561161	-0.0005009936	-0.0080989660	-0.0122468308	-0.0093692060	-0.0013426098	-0.0069110618	-0.0024625747	0.0032662299	0.0107304746	-0.0113555358	-0.0065614469	0.0016979188	-0.0102781380	-0.0115124322	-0.0053036576	-0.0141955895	-0.0076999514	-0.0092722374	0.0000913082	-0.0107534744	-0.0214949807	-0.0212252273	-0.0233233771	-0.0227338604	-0.0124464861	-0.0216809024	-0.0183761522	-0.0194738948	-0.0142385471	-0.0100838927	-0.0010396639	0.0022289116	-0.0070949383	-0.0163016591	-0.0096433366	-0.0180887975	-0.0171639956	-0.0112266031	-0.0139703476	-0.0031882912	-0.0064538435	-0.0085646862	-0.0020798334	-0.0067435529	-0.0081767406	-0.0103782198	0.0058754963	-0.0048830274	-0.0073545228	-0.0170806008	-0.0167895480	-0.0091985652	-0.0148085214	-0.0075572344	-0.0030338822	-0.0017706749	-0.0098334294
0.0091081717	0.5667486554	-0.0053258479	-0.0015388553	-0.0095959654	-0.0066527414	-0.0107154960	-0.0039902956	-0.0083343144	-0.0112386344	-0.0079837444	-0.0048945955	-0.0095379039	-0.0050639940	-0.0062693398	0.0001332808	-0.0108094617	-0.0086296408	-0.0025683742	-0.0113218076	-0.0105048063	-0.0053380098	-0.0107678048	-0.0091075657	-0.0104416090	-0.0059866049	-0.0129274643	-0.0157574740	-0.0156683394	-0.0188286835	-0.0159808033	-0.0106094683	-0.0139214474	-0.0149851379	-0.0143207928	-0.0136237306	-0.0074730548	-0.0046887123	-0.0032489636	-0.0089080527	-0.0139587589	-0.0118358287	-0.0141314087	-0.0141306277	-0.0121760721	-0.0109387380	-0.0088674650	-0.0076862848	-0.0095631419	-0.0054821111	-0.0087881631	-0.0105017432	-0.0084894392	0.0021261851	-0.0031489817	-0.0107536617	-0.0145824285	-0.0129101366	-0.0082887626	-0.0136002444	-0.0094234750	-0.0060651552	-0.0054024629	-0.0098316645
0.0003664608	-0.0053258479	0.5759377294	0.0013419381	-0.0109596512	-0.0067729017	-0.0113231865	-0.0052310434	-0.0092963269	-0.0110270406	-0.0103626101	-0.0058171265	-0.0077394496	-0.0053235803	-0.0040620206	0.0007877642	-0.0132316355	-0.0071538076	-0.0030796183	-0.0088643587	-0.0117926917	-0.0093848776	-0.0122391391	-0.0086400358	-0.0089570634	-0.0049123927	-0.0104386904	-0.0146966943	-0.0146856737	-0.0180418429	-0.0156235226	-0.0095298503	-0.0141202586	-0.0151637982	-0.0146787707	-0.0129417155	-0.0090249685	-0.0066532231	-0.0044221457	-0.0101707186	-0.0116296550	-0.0091741784	-0.0141219925	-0.0139700148	-0.0085162651	-0.0115206835	-0.0060367271	-0.0079643663	-0.0101045633	-0.0067702314	-0.0072121682	-0.0106094956	-0.0080977618	-0.0046087232	-0.0082664050	-0.0105030975	-0.0116454258	-0.0126920328	-0.0104238084	-0.0120380422	-0.0090382337	-0.0054943650	-0.0061858298	-0.0101215478
-0.0006607301	-0.0015388553	0.0013419381	0.5454150399	-0.0100611514	-0.0027343128	-0.0104339500	-0.0040621954	-0.0101896185	-0.0102491610	-0.0090718376	-0.0055704683	-0.0093236180	-0.0040466260	-0.0064827512	0.0020768486	-0.0111645012	-0.0069764879	-0.0044371078	-0.0106819904	-0.0101655358	-0.0095706687	-0.0113907829	-0.0067098315	-0.0092570908	-0.0026427583	-0.0103818336	-0.0136820036	-0.0142929463	-0.0155629136	-0.0154143325	-0.0081695536	-0.0142722409	-0.0120644010	-0.0147841679	-0.0120426955	-0.0080537668	-0.0059074170	-0.0048930672	-0.0089270544	-0.0124466552	-0.0096523835	-0.0120374710	-0.0127657955	-0.0099995113	-0.0117782167	-0.0071810942	-0.0075946613	-0.0092041528	-0.0060460076	-0.0060663978	-0.0069709793	-0.0080720743	-0.0075135437	-0.0070468722	-0.0104974111	-0.0132959353	-0.0110546111	-0.0097219460	-0.0134386416	-0.0087190311	-0.0080293843	-0.0061544085	-0.0076762160
-0.0098696251	-0.0095959654	-0.0109596512	-0.0100611514	0.5215830685	-0.0093312697	-0.0102471683	-0.0083726133	-0.0104355842	-0.0097221242	-0.0059387426	-0.0099403273	-0.0085418156	-0.0071495715	-0.0112451561	-0.0137032683	-0.0077388211	-0.0075876543	-0.0095830843	-0.0092430839	-0.0072815920	-0.0119450285	-0.0060739735	-0.0089035688	-0.0109298942	-0.0081310803	-0.0086937243	-0.0042162624	-0.0023125774	-0.0036717120	-0.0030252976	-0.0078282603	-0.0053531649	-0.0045144626	-0.0052100887	-0.0072470243	-0.0081879445	-0.0094813745	-0.0100240563	-0.0086213561	-0.0080836919	-0.0081087191	-0.0048470728	-0.0035223534	-0.0072424219	-0.0069446379	-0.0104752640	-0.0094485872	-0.0101920661	-0.0079744875	-0.0076839971	-0.0114487909	-0.0105434440	-0.0107713050	-0.0110113106	-0.0097219170	-0.0072473738	-0.0057873268	-0.0080299990	-0.0070955309	-0.0088476822	-0.0102135339	-0.0078707069	-0.0075517270
-0.0019598997	-0.0066527414	-0.0067729017	-0.0027343128	-0.0093312697	0.5537078514	-0.0093464263	-0.0051837246	-0.0108420422	-0.0105366173	-0.0098902295	-0.0061984311	-0.0086436539	-0.0068247798	-0.0067513280	-0.0026776929	-0.0093227379	-0.0077520670	-0.0053443742	-0.0091413821	-0.0079193774	-0.0076257027	-0.0123222506	-0.0101575884	-0.0098008813	-0.0066269570	-0.0090760199	-0.0134929891	-0.0128401038	-0.0148127131	-0.0139655886	-0.0076015521	-0.0134741400	-0.0103609087	-0.0109752607	-0.0111759453	-0.0080453244	-0.0075175486	-0.0070236106	-0.0081571465	-0.0120593939	-0.0095119695	-0.0130452367	-0.0100480757	-0.0086306201	-0.0090816345	-0.0081533372	-0.0072460689	-0.0102637930	-0.0078381953	-0.0082858426	-0.0078320004	-0.0101250663	-0.0073566554	-0.0061709571	-0.0086479370	-0.0102655937	-0.0111770107	-0.0086369256	-0.0108509463	-0.0086590824	-0.0064406754	-0.0049493562	-0.0095532565
-0.0118561161	-0.0107154960	-0.0113231865	-0.0104339500	-0.0102471683	-0.0093464263	0.4619934649	-0.0106827935	-0.0099838298	-0.0070986704	-0.0079801984	-0.0103588218	-0.0074503639	-0.0112120465	-0.0132051650	-0.0134494306	-0.0053451706	-0.0081295672	-0.0088107354	-0.0086735483	-0.0040403433	-0.0088730962	-0.0057129955	-0.0089078003	-0.0105704038	-0.0114286362	-0.0065347951	-0.0026153421	-0.0031076956	-0.0018479956	-0.0022886232	-0.0078328235	-0.0041369694	-0.0069227117	-0.0030659080	-0.0048337610	-0.0078108473	-0.0098507246	-0.0090709839	-0.0072249703	-0.0073759083	-0.0078189712	-0.0043094219	-0.0037244371	-0.0095667768	-0.0068902220	-0.0112667255	-0.0105386169	-0.0082620891	-0.0089250470	-0.0092088421	-0.0119783576	-0.0098203383	-0.0104464817	-0.0094975650	-0.0106313402	-0.0045464470	0.0118848907	0.0311978737	-0.0078186926	-0.0107596225	-0.0092515372	-0.0109157527	-0.0085429255
-0.0005009936	-0.0039902956	-0.0052310434	-0.0040621954	-0.0083726133	-0.0051837246	-0.0106827935	0.5189177304	-0.0091036708	-0.0107357204	-0.0085559550	-0.0063057596	-0.0090757127	-0.0061171118	-0.0052954343	-0.0034188775	-0.0101825571	-0.0069527474	-0.0035548755	-0.0104283688	-0.0083504059	-0.0079401512	-0.0110440581	-0.0090802397	-0.0101671627	-0.0034527125	-0.0095102171	-0.0119835736	-0.0112373983	-0.0113886456	-0.0132011634	-0.0090419032	-0.0118847348	-0.0114225716	-0.0104359241	-0.0105772735	-0.0074902498	-0.0063782065	-0.0049833699	-0.0076081900	-0.0112438635	-0.0078772351	-0.0091912465	-0.0093551148	-0.0096861270	-0.0091032849	-0.0069962340	-0.0065564537	-0.0078630439	-0.0076641961	-0.0087325998	-0.0103831588	-0.0085268156	-0.0057504661	-0.0075893518	-0.0100230249	-0.0098200510	-0.0082708746	-0.0088052258	-0.0109411465	-0.0099285320	-0.0061571318	-0.0044402284	-0.0090837221
-0.0080989660	-0.0083343144	-0.0092963269	-0.0101896185	-0.0104355842	-0.0108420422	-0.0099838298	-0.0091036708	0.5301540298	-0.0074563412	-0.0090661442	-0.0090839960	-0.0080162481	-0.0088295510	-0.0089648628	-0.0100152831	-0.0072931862	-0.0101661214	-0.0061117210	-0.0086536426	-0.0098346258	-0.0072910645	-0.0093824197	-0.0085612926	-0.0100077299	-0.0089047462	-0.0063454242	-0.0075342353	-0.0089160815	-0.0068049488	-0.0075603917	-0.0084756848	-0.0061701077	-0.0091483288	-0.0073016480	-0.0080514822	-0.0079572487	-0.0113692015	-0.0093845420	0.0231554566	-0.0104310879	-0.0094254428	-0.0065888090	-0.0092469710	-0.0096963163	-0.0089074801	-0.0093446876	-0.0088169814	-0.0070081803	-0.0087519591	-0.0085185235	-0.0113969755	-0.0118461196	-0.0096098721	-0.0082498490	-0.0097938752	-0.0079954349	-0.0109168845	-0.0081430659	-0.0069068438	-0.0107390204	-0.0103979332	-0.0119998275	-0.0096346912
-0.0122468308	-0.0112386344	-0.0110270406	-0.0102491610	-0.0097221242	-0.0105366173	-0.0070986704	-0.0107357204	-0.0074563412	0.4984676423	-0.0086627956	-0.0098441140	-0.0089262362	-0.0103794441	-0.0137785151	-0.0130790524	-0.0044583645	-0.0079682537	-0.0105849112	-0.0073312441	-0.0069394352	-0.0083931500	-0.0047008710	-0.0051987944	-0.0080400220	-0.0099147051	-0.0049051936	0.0001622295	-0.0024148004	-0.0012893588	-0.0011907768	-0.0049867475	-0.0032240291	-0.0049835341	-0.0026743584	-0.0062411013	-0.0085190411	-0.0105744242	-0.0099460699	-0.0087602286	-0.0050615060	-0.0080094443	-0.0053288294	-0.0036741572	-0.0095969424	-0.0064156567	-0.0109276265	-0.0100182216	-0.0085590973	-0.0088772486	-0.0075437191	-0.0113770612	-0.0110082805	-0.0100134787	-0.0106196555	-0.0090491574	-0.0055512773	-0.0065580201	-0.0055740488	-0.0063180281	-0.0109165930	-0.0102726241	-0.0093835523	-0.0097549326
-0.0093692060	-0.0079837444	-0.0103626101	-0.0090718376	-0.0059387426	-0.0098902295	-0.0079801984	-0.0085559550	-0.0090661442	-0.0086627956	0.5198627668	-0.0078263323	-0.0104344592	-0.0088594790	-0.0119383743	-0.0102634017	-0.0084893787	-0.0077167553	-0.0078741876	-0.0093900434	-0.0084592833	-0.0098302996	-0.0081172524	-0.0061917608	-0.0112584175	-0.0082534587	-0.0080156722	-0.0061455335	-0.0048172569	-0.0041682468	-0.0062586616	-0.0083832713	-0.0067607637	-0.0076373324	-0.0067398522	-0.0071955947	-0.0072557198	-0.0073662665	-0.0093765178	-0.0066269223	-0.0068078368	-0.0100600555	-0.0048821649	-0.0046665963	-0.0067744159	-0.0086779721	-0.0082941125	-0.0084979068	-0.0058103037	-0.0080965196	-0.0071603888	-0.0112880607	-0.0117836205	-0.0094205963	-0.0094104929	-0.0082759274	-0.0065943850	-0.0080622983	-0.0077933820	-0.0092121200	-0.0121883844	-0.0103819923	-0.0073462681	-0.0098450068
-0.0013426098	-0.0048945955	-0.0058171265	-0.0055704683	-0.0099403273	-0.0061984311	-0.0103588218	-0.0063057596	-0.0090839960	-0.0098441140	-0.0078263323	0.5341738471	-0.0103399501	-0.0065823548	-0.0067004665	-0.0012996074	-0.0102912062	-0.0071617518	-0.0040816042	-0.0096171461	-0.0090783036	-0.0073714895	-0.0122564323	-0.0066828422	-0.0097169366	-0.0063959896	-0.0072704038	-0.0128685375	-0.0125097837	-0.0130775735	-0.0134638074	-0.0077379986	-0.0119053639	-0.0109315919	-0.0121555243	-0.0109451345	-0.0083867244	-0.0063167025	-0.0051752967	-0.0080812965	-0.0114145291	-0.0086788690	-0.0110163457	-0.0105044653	-0.0081292314	-0.0102490061	-0.0067532354	-0.0069122262	-0.0078102591	-0.0060991017	-0.0066635074	-0.0075642826	-0.0123908916	-0.0059172192	-0.0066286048	-0.0078508767	-0.0113139253	-0.0104692838	-0.0097850726	-0.0097283835	-0.0100749990	-0.0073425061	-0.0054517285	-0.0098408948
-0.0069110618	-0.0095379039	-0.0077394496	-0.0093236180	-0.0085418156	-0.0086436539	-0.0074503639	-0.0090757127	-0.0080162481	-0.0089262362	-0.0104344592	-0.0103399501	0.5220147842	-0.0093871431	-0.0096392246	-0.0094937731	-0.0102492178	-0.0069824903	-0.0061288249	-0.0072301750	-0.0061403905	-0.0088822067	-0.0092273281	-0.0075904175	-0.0080715447	-0.0077455399	-0.0071855677	-0.0055754653	-0.0078902021	-0.0080619347	-0.0045778330	-0.0064368097	-0.0061648741	-0.0084738636	-0.0075231727	-0.0090124720	-0.0087569876	-0.0089412113	-0.0077092811	-0.0079348606	-0.0097867949	-0.0074510342	-0.0076056600	-0.0075325928	-0.0076985239	-0.0087580144	-0.0090748070	-0.0097742608	-0.0088246435	-0.0075822321	-0.0083207137	-0.0107279850	-0.0102947044	-0.0076906132	-0.0089873777	-0.0087648036	-0.0077774751	-0.0076388932	-0.0087918322	-0.0085159483	-0.0086932889	-0.0090756325	-0.0076661422	-0.0090275258
-0.0024625747	-0.0050639940	-0.0053235803	-0.0040466260	-0.0071495715	-0.0068247798	-0.0112120465	-0.0061171118	-0.0088295510	-0.0103794441	-0.0088594790	-0.0065823548	-0.0093871431	0.5429253528	-0.0044899106	0.0005614874	-0.0084348084	-0.0055036704	-0.0029152645	-0.0119513017	-0.0077844951	-0.0076303847	-0.0100490420	-0.0088021732	-0.0085970447	-0.0030115244	-0.0094074591	-0.0115192331	-0.0146970749	-0.0143463894	-0.0153810370	-0.0098466803	-0.0136025022	-0.0108709861	-0.0136984513	-0.0104428350	-0.0091882585	-0.0064034366	-0.0040149172	-0.0103625345	-0.0115442603	-0.0082539637	-0.0125809786	-0.0124814265	-0.0102784485	-0.0108168212	-0.0078350118	-0.0077358705	-0.0103560532	-0.0050748817	-0.0075140692	-0.0098140571	-0.0072112692	-0.0054208140	-0.0072836759	-0.0071785396	-0.0117623787	-0.0129758333	-0.0102349534	-0.0112953995	-0.0101389393	-0.0070853997	-0.0055129823	-0.0079111420
0.0032662299	-0.0062693398	-0.0040620206	-0.0064827512	-0.0112451561	-0.0067513280	-0.0132051650	-0.0052954343	-0.0089648628	-0.0137785151	-0.0119383743	-0.0067004665	-0.0096392246	-0.0044899106	0.6430848529	0.0004711230	-0.0104954380	-0.0078036878	-0.0049718450	-0.0106315046	-0.0100579889	-0.0079245138	-0.0157897290	-0.0104217094	-0.0098623202	-0.0051008314	-0.0113951100	-0.0192921740	-0.0186260068	-0.0192415160	-0.0179466804	-0.0124879927	-0.0177688018	-0.0147303419	-0.0179657620	-0.0135770622	-0.0093049485	-0.0068238504	-0.0036815339	-0.0090888578	-0.0123658264	-0.0099108637	-0.0137044183	-0.0164303297	-0.0114594494	-0.0149333784	-0.0086494864	-0.0084102645	-0.0093002856	-0.0060606823	-0.0092198539	-0.0098949880	-0.0103864964	-0.0080756086	-0.0046756069	-0.0104338530	-0.0144665562	-0.0166601711	-0.0119210389	-0.0144047633	-0.0075487009	-0.0057656936	-0.0070196618	-0.0113114726
0.0107304746	0.0001332808	0.0007877642	0.0020768486	-0.0137032683	-0.0026776929	-0.0134494306	-0.0034188775	-0.0100152831	-0.0130790524	-0.0102634017	-0.0012996074	-0.0094937731	0.0005614874	0.0004711230	0.6197512231	-0.0118751250	-0.0073960145	-0.0002312634	-0.0099059155	-0.0126729832	-0.0057463965	-0.0159095679	-0.0094106348	-0.0103232836	-0.0022906936	-0.0117859727	-0.0232806429	-0.0232347508	-0.0264978360	-0.0250678103	-0.0133446354	-0.0241940418	-0.0192617118	-0.0204999412	-0.0167069524	-0.0099774946	-0.0058718233	-0.0007536023	-0.0097819384	-0.0168691527	-0.0105270436	-0.0189402068	-0.0190058526	-0.0109870017	-0.0135782380	-0.0044200629	-0.0055300315	-0.0102854021	-0.0025907444	-0.0089950346	-0.0096425403	-0.0103264039	-0.0011576988	-0.0042236091	-0.0110048494	-0.0169888763	-0.0176112241	-0.0108627814	-0.0155607121	-0.0101620303	-0.0025149453	-0.0010448485	-0.0082614928
-0.0113555358	-0.0108094617	-0.0132316355	-0.0111645012	-0.0077388211	-0.0093227379	-0.0053451706	-0.0101825571	-0.0072931862	-0.0044583645	-0.0084893787	-0.0102912062	-0.0102492178	-0.0084348084	-0.0104954380	-0.0118751250	0.4984402591	-0.0071693648	-0.0098979296	-0.0075820266	-0.0064982342	-0.0085027904	-0.0085640895	-0.0089217102	-0.0093630349	-0.0076165326	-0.0049151688	-0.0018525791	-0.0045116576	-0.0025001168	-0.0024286498	-0.0054930130	-0.0026659643	-0.0042703579	-0.0019348715	-0.0060141682	-0.0067528094	-0.0099094412	-0.0094099791	-0.0096922855	-0.0061079943	-0.0081799423	-0.0044908532	-0.0058186729	-0.0070114754	-0.0076033279	-0.0091704194	-0.0078313557	-0.0079995646	-0.0077276616	-0.0089932793	-0.0101290494	-0.0112979760	-0.0122865818	-0.0079045747	-0.0104300588	-0.0066462927	-0.0071570212	-0.0071430125	-0.0077573565	-0.0101190516	-0.0098026403	-0.0114936208	-0.0081345556
-0.0065614469	-0.0086296408	-0.0071538076	-0.0069764879	-0.0075876543	-0.0077520670	-0.0081295672	-0.0069527474	-0.0101661214	-0.0079682537	-0.0077167553	-0.0071617518	-0.0069824903	-0.0055036704	-0.0078036878	-0.0073960145	-0.0071693648	0.4473436243	-0.0051784365	-0.0079445310	-0.0092283377	-0.0064375232	-0.0075019648	-0.0074210404	-0.0078985955	-0.0077038560	-0.0062519177	-0.0045666526	-0.0062459251	-0.0048049618	-0.0053677999	-0.0065821943	-0.0053669528	-0.0050375726	-0.0051578771	-0.0086692231	-0.0059284923	-0.0084207105	-0.0073404603	-0.0076250010	-0.0070133163	-0.0073052028	-0.0054492878	-0.0059977235	-0.0082843206	-0.0079741069	-0.0065291582	-0.0067479662	-0.0074788212	-0.0050190086	-0.0059592132	-0.0090512449	-0.0081685668	-0.0077405987	-0.0080100411	-0.0097079836	-0.0076914883	-0.0048509932	-0.0074627376	-0.0072039492	-0.0065811623	-0.0096082487	-0.0053722843	-0.0078446448
0.0016979188	-0.0025683742	-0.0030796183	-0.0044371078	-0.0095830843	-0.0053443742	-0.0088107354	-0.0035548755	-0.0061117210	-0.0105849112	-0.0078741876	-0.0040816042	-0.0061288249	-0.0029152645	-0.0049718450	-0.0002312634	-0.0098979296	-0.0051784365	0.4940011393	-0.0096555374	-0.0075984838	-0.0065865036	-0.0105630173	-0.0085817414	-0.0095093565	-0.0052638209	-0.0084377914	-0.0138067815	-0.0130858206	-0.0123995547	-0.0130584374	-0.0094434303	-0.0134968509	-0.0116544629	-0.0117107515	-0.0105878883	-0.0078827437	-0.0060257169	-0.0029721142	-0.0075074615	-0.0112021390	-0.0085082515	-0.0100158584	-0.0100426221	-0.0101264879	-0.0119960389	-0.0070062402	-0.0059755244	-0.0092447806	-0.0060169914	-0.0077455112	-0.0078606541	-0.0069933981	-0.0062352084	-0.0079975024	-0.0072803146	-0.0106463157	-0.0109724639	-0.0104036690	-0.0094878709	-0.0080504165	-0.0053921852	-0.0042656491	-0.0070505401
-0.0102781380	-0.0113218076	-0.0088643587	-0.0106819904	-0.0092430839	-0.0091413821	-0.0086735483	-0.0104283688	-0.0086536426	-0.0073312441	-0.0093900434	-0.0096171461	-0.0072301750	-0.0119513017	-0.0106315046	-0.0099059155	-0.0075820266	-0.0079445310	-0.0096555374	0.4966435567	-0.0089690965	-0.0073331963	-0.0084419667	-0.0080209345	-0.0096173866	-0.0090781778	-0.0051196447	-0.0031881323	-0.0051842887	-0.0039927588	-0.0023201745	-0.0055761995	-0.0047299775	-0.0066076066	-0.0045914308	-0.0049676931	-0.0074127185	-0.0085677499	-0.0062360460	-0.0092352206	-0.0045558533	-0.0099321143	-0.0050062540	-0.0053705702	-0.0051157626	-0.0054149465	-0.0091868520	-0.0083198122	-0.0060101087	-0.0096783768	-0.0080434666	-0.0107208023	-0.0091377810	-0.0105059307	-0.0084193626	-0.0084118314	-0.0047441207	-0.0068145606	-0.0071997331	-0.0062771199	-0.0113216200	-0.0090222416	-0.0113414928	-0.0083766975
-0.0115124322	-0.0105048063	-0.0117926917	-0.0101655358	-0.0072815920	-0.0079193774	-0.0040403433	-0.0083504059	-0.0098346258	-0.0069394352	-0.0084592833	-0.0090783036	-0.0061403905	-0.0077844951	-0.0100579889	-0.0126729832	-0.0064982342	-0.0092283377	-0.0075984838	-0.0089690965	0.4714917647	-0.0076798239	-0.0048585762	-0.0099502018	-0.0102153670	-0.0074470859	-0.0032103106	-0.0011907076	-0.0030291343	-0.0018845971	-0.0022147063	-0.0063022436	-0.0049136309	-0.0048408687	-0.0033212298	-0.0052536920	-0.0077790182	-0.0086017825	-0.0091919368	-0.0079920647	-0.0055071910	-0.0043907818	-0.0072841092	-0.0040298434	-0.0078279017	-0.0052832587	-0.0100421604	-0.0090707869	-0.0096173867	-0.0090980760	-0.0085966326	-0.0090039741	-0.0092222197	-0.0083604315	-0.0086510362	-0.0086002368	-0.0045530707	-0.0072914779	-0.0082825125	-0.0057835684	-0.0074148751	-0.0105517920	-0.0097318657	-0.0085907553
-0.0053036576	-0.0053380098	-0.0093848776	-0.0095706687	-0.0119450285	-0.0076257027	-0.0088730962	-0.0079401512	-0.0072910645	-0.0083931500	-0.0098302996	-0.0073714895	-0.0088822067	-0.0076303847	-0.0079245138	-0.0057463965	-0.0085027904	-0.0064375232	-0.0065865036	-0.0073331963	-0.0076798239	0.5403416648	-0.0108026832	-0.0104962049	-0.0113753399	-0.0062260740	-0.0081440464	-0.0085351491	-0.0104565289	-0.0089193944	-0.0088350961	-0.0083949072	-0.0085521391	-0.0106226247	-0.0097999540	-0.0086512242	-0.0076802562	-0.0081023676	-0.0058851459	-0.0086903392	-0.0100700747	-0.0096948732	-0.0091538120	-0.0089735213	-0.0087577933	-0.0103498803	-0.0077532340	-0.0074546391	-0.0078310400	-0.0071183854	-0.0080597687	-0.0122688962	-0.0097396039	-0.0081539560	-0.0087241682	-0.0107683726	-0.0077520701	-0.0086107217	-0.0098444029	-0.0080008889	-0.0101182357	-0.0099423493	-0.0074818922	-0.0079590750
-0.0141955895	-0.0107678048	-0.0122391391	-0.0113907829	-0.0060739735	-0.0123222506	-0.0057129955	-0.0110440581	-0.0093824197	-0.0047008710	-0.0081172524	-0.0122564323	-0.0092273281	-0.0100490420	-0.0157897290	-0.0159095679	-0.0085640895	-0.0075019648	-0.0105630173	-0.0084419667	-0.0048585762	-0.0108026832	0.5003848719	-0.0078594963	-0.0095557964	-0.0105706506	-0.0056339426	0.0002315059	-0.0002693079	0.0004827474	0.0016269175	-0.0059304176	-0.0015273851	-0.0044796869	-0.0003841037	-0.0032552058	-0.0068687225	-0.0112381594	-0.0121897952	-0.0054353818	-0.0075451385	-0.0095308107	-0.0031167467	-0.0054125929	-0.0076757429	-0.0071550268	-0.0101500045	-0.0094165782	-0.0063927397	-0.0097899261	-0.0079472142	-0.0123837635	-0.0095092921	-0.0120812169	-0.0076355375	-0.0104929250	-0.0037775807	-0.0035012083	-0.0066939853	-0.0067150229	-0.0100147569	-0.0115780447	-0.0098597868	-0.0092408149
-0.0076999514	-0.0091075657	-0.0086400358	-0.0067098315	-0.0089035688	-0.0101575884	-0.0089078003	-0.0090802397	-0.0085612926	-0.0051987944	-0.0061917608	-0.0066828422	-0.0075904175	-0.0088021732	-0.0104217094	-0.0094106348	-0.0089217102	-0.0074210404	-0.0085817414	-0.0080209345	-0.0099502018	-0.0104962049	-0.0078594963	0.5068910082	-0.0077436768	-0.0080865443	-0.0066905657	-0.0067680841	-0.0058923545	-0.0066055729	-0.0070823550	-0.0054912686	-0.0085886885	-0.0086143407	-0.0065473586	-0.0073077232	-0.0072309520	-0.0080626264	-0.0079151295	-0.0090640595	-0.0084575096	-0.0088342999	-0.0077924662	-0.0073199659	-0.0086307478	-0.0087540353	-0.0095435630	-0.0087130974	-0.0056487786	-0.0057175970	-0.0069964107	-0.0098885439	-0.0101821523	-0.0084051809	-0.0081520438	-0.0088828531	-0.0083502575	-0.0083698416	-0.0056446024	-0.0076979357	-0.0090341745	-0.0079106710	-0.0050678194	-0.0118876244
-0.0092722374	-0.0104416090	-0.0089570634	-0.0092570908	-0.0109298942	-0.0098008813	-0.0105704038	-0.0101671627	-0.0100077299	-0.0080400220	-0.0112584175	-0.0097169366	-0.0080715447	-0.0085970447	-0.0098623202	-0.0103232836	-0.0093630349	-0.0078985955	-0.0095093565	-0.0096173866	-0.0102153670	-0.0113753399	-0.0095557964	-0.0077436768	0.5763634107	-0.0094343187	-0.0069900631	-0.0065963230	-0.0094764462	-0.0071020749	-0.0078679662	-0.0082309382	-0.0096241099	-0.0065985053	-0.0077485440	-0.0071775987	-0.0077424519	-0.0104792935	-0.0100339875	-0.0086947678	-0.0104782563	-0.0112740201	-0.0083977320	-0.0085027413	-0.0081628061	-0.0091845531	-0.0084916491	-0.0054982979	-0.0079765610	-0.0112286236	-0.0093825158	-0.0098304592	-0.0121823740	-0.0096271647	-0.0089884096	-0.0108009244	-0.0090291939	-0.0088233154	-0.0075353619	-0.0096676865	-0.0096086322	-0.0099725774	-0.0089957307	-0.0083742402
0.0000913082	-0.0059866049	-0.0049123927	-0.0026427583	-0.0081310803	-0.0066269570	-0.0114286362	-0.0034527125	-0.0089047462	-0.0099147051	-0.0082534587	-0.0063959896	-0.0077455399	-0.0030115244	-0.0051008314	-0.0022906936	-0.0076165326	-0.0077038560	-0.0052638209	-0.0090781778	-0.0074470859	-0.0062260740	-0.0105706506	-0.0080865443	-0.0094343187	0.5232553618	-0.0085807416	-0.0103292448	-0.0133126313	-0.0126467003	-0.0117452019	-0.0101256041	-0.0118053628	-0.0116873955	-0.0097575091	-0.0099101326	-0.0070869490	-0.0073499223	-0.0061555532	-0.0098424957	-0.0094229551	-0.0084921147	-0.0117722278	-0.0116012859	-0.0088358879	-0.0091427394	-0.0094097351	-0.0078720957	-0.0084110522	-0.0073810397	-0.0074539566	-0.0091859815	-0.0113756988	-0.0082353045	-0.0081053557	-0.0100101061	-0.0099198790	-0.0111857543	-0.0088389147	-0.0101793820	-0.0094551891	-0.0050864914	-0.0053569193	-0.0100554676
-0.0107534744	-0.0129274643	-0.0104386904	-0.0103818336	-0.0086937243	-0.0090760199	-0.0065347951	-0.0095102171	-0.0063454242	-0.0049051936	-0.0080156722	-0.0072704038	-0.0071855677	-0.0094074591	-0.0113951100	-0.0117859727	-0.0049151688	-0.0062519177	-0.0084377914	-0.0051196447	-0.0032103106	-0.0081440464	-0.0056339426	-0.0066905657	-0.0069900631	-0.0085807416	0.4252453855	-0.0000189614	-0.0013656918	-0.0003960682	-0.0001002753	-0.0038600867	-0.0007874519	-0.0045938718	-0.0012806582	-0.0030842865	-0.0070233286	-0.0083763775	-0.0110856579	-0.0076782794	-0.0030760220	-0.0070397949	-0.0022407946	-0.0020846611	-0.0061528533	-0.0061929668	-0.0082017893	-0.0069810780	-0.0087551325	-0.0079870153	-0.0091156632	-0.0079144356	-0.0091871188	-0.0082307035	-0.0087152263	-0.0074707620	-0.0033082359	-0.0057116929	-0.0059041354	-0.0053685643	-0.0103847635	-0.0085494441	-0.0088693247	-0.0095509975
-0.0214949807	-0.0157574740	-0.0146966943	-0.0136820036	-0.0042162624	-0.0134929891	-0.0026153421	-0.0119835736	-0.0075342353	0.0001622295	-0.0061455335	-0.0128685375	-0.0055754653	-0.0115192331	-0.0192921740	-0.0232806429	-0.0018525791	-0.0045666526	-0.0138067815	-0.0031881323	-0.0011907076	-0.0085351491	0.0002315059	-0.0067680841	-0.0065963230	-0.0103292448	-0.0000189614	0.3166915960	0.0152419759	0.0163623154	0.0153470602	0.0012165545	0.0116654799	0.0050011348	0.0106706246	0.0029142541	-0.0010499041	-0.0107127699	-0.0134422430	-0.0030504392	0.0019690462	-0.0060774091	0.0064876125	0.0056913332	-0.0036548954	-0.0007150046	-0.0107357140	-0.0100197814	-0.0052916288	-0.0092465727	-0.0063936920	-0.0108018790	-0.0100242576	-0.0117031561	-0.0104972656	-0.0096281397	0.0049811335	0.0023356768	-0.0030174114	0.0024378954	-0.0084742784	-0.0144359138	-0.0132592832	-0.0061680326
-0.0212252273	-0.0156683394	-0.0146856737	-0.0142929463	-0.0023125774	-0.0128401038	-0.0031076956	-0.0112373983	-0.0089160815	-0.0024148004	-0.0048172569	-0.0125097837	-0.0078902021	-0.0146970749	-0.0186260068	-0.0232347508	-0.0045116576	-0.0062459251	-0.0130858206	-0.0051842887	-0.0030291343	-0.0104565289	-0.0002693079	-0.0058923545	-0.0094764462	-0.0133126313	-0.0013656918	0.0152419759	0.3518788253	0.0138720965	0.0163279708	-0.0001040420	0.0090611748	0.0066137316	0.0076119708	0.0024829114	-0.0030218385	-0.0108621584	-0.0135019040	-0.0056941970	0.0041468909	-0.0073586447	0.0066851193	0.0053333073	-0.0027251093	-0.0020000770	-0.0117080824	-0.0093281092	-0.0060854508	-0.0081546203	-0.0076232134	-0.0082956443	-0.0095945411	-0.0138718690	-0.0098581146	-0.0090005048	0.0043252835	0.0024753507	-0.0025123827	-0.0023998956	-0.0096408204	-0.0117568580	-0.0128546603	-0.0067981650
-0.0233233771	-0.0188286835	-0.0180418429	-0.0155629136	-0.0036717120	-0.0148127131	-0.0018479956	-0.0113886456	-0.0068049488	-0.0012893588	-0.0041682468	-0.0130775735	-0.0080619347	-0.0143463894	-0.0192415160	-0.0264978360	-0.0025001168	-0.0048049618	-0.0123995547	-0.0039927588	-0.0018845971	-0.0089193944	0.0004827474	-0.0066055729	-0.0071020749	-0.0126467003	-0.0003960682	0.0163623154	0.0138720965	0.3351792078	0.0195291930	0.0007962720	0.0143189634	0.0061251253	0.0136113092	0.0043923528	-0.0032265086	-0.0117859198	-0.0126390764	-0.0047212814	0.0025337997	-0.0069849288	0.0081004906	0.0059738966	-0.0033446907	-0.0019001161	-0.0116563270	-0.0094828771	-0.0054434739	-0.0103823388	-0.0055521687	-0.0093196470	-0.0091839001	-0.0160867735	-0.0126337553	-0.0070583425	0.0063686339	0.0028114977	-0.0026898713	0.0004298649	-0.0095778002	-0.0141391311	-0.0134823802	-0.0073789702
-0.0227338604	-0.0159808033	-0.0156235226	-0.0154143325	-0.0030252976	-0.0139655886	-0.0022886232	-0.0132011634	-0.0075603917	-0.0011907768	-0.0062586616	-0.0134638074	-0.0045778330	-0.0153810370	-0.0179466804	-0.0250678103	-0.0024286498	-0.0053677999	-0.0130584374	-0.0023201745	-0.0022147063	-0.0088350961	0.0016269175	-0.0070823550	-0.0078679662	-0.0117452019	-0.0001002753	0.0153470602	0.0163279708	0.0195291930	0.3132838072	0.0035654051	0.0133971256	0.0077451322	0.0128131798	0.0041107875	-0.0022740442	-0.0115194044	-0.0135147642	-0.0039731839	0.0035621560	-0.0062729515	0.0077107443	0.0055081176	-0.0028523291	-0.0005579223	-0.0107770177	-0.0094674901	-0.0049648606	-0.0083466008	-0.0069625386	-0.0109592183	-0.0101507911	-0.0130659571	-0.0108667808	-0.0083203203	0.0041767852	0.0048893477	-0.0016335678	0.0007469557	-0.0093886768	-0.0135907698	-0.0133818113	-0.0067988328
-0.0124464861	-0.0106094683	-0.0095298503	-0.0081695536	-0.0078282603	-0.0076015521	-0.0078328235	-0.0090419032	-0.0084756848	-0.0049867475	-0.0083832713	-0.0077379986	-0.0064368097	-0.0098466803	-0.0124879927	-0.0133446354	-0.0054930130	-0.0065821943	-0.0094434303	-0.0055761995	-0.0063022436	-0.0083949072	-0.0059304176	-0.0054912686	-0.0082309382	-0.0101256041	-0.0038600867	0.0012165545	-0.0001040420	0.0007962720	0.0035654051	0.4262906266	-0.0014382279	-0.0012575920	-0.0020747955	-0.0037379402	-0.0061114462	-0.0081214007	-0.0088922410	-0.0078271141	-0.0043231391	-0.0073225959	-0.0020824818	-0.0017652584	-0.0062621200	-0.0051349443	-0.0098717307	-0.0094198928	-0.0075159314	-0.0064232423	-0.0079580013	-0.0099710858	-0.0089604414	-0.0094364740	-0.0085097939	-0.0085711621	-0.0058082890	-0.0047095859	-0.0058686777	-0.0054079096	-0.0089386031	-0.0106846713	-0.0092131201	-0.0079548857
-0.0216809024	-0.0139214474	-0.0141202586	-0.0142722409	-0.0053531649	-0.0134741400	-0.0041369694	-0.0118847348	-0.0061701077	-0.0032240291	-0.0067607637	-0.0119053639	-0.0061648741	-0.0136025022	-0.0177688018	-0.0241940418	-0.0026659643	-0.0053669528	-0.0134968509	-0.0047299775	-0.0049136309	-0.0085521391	-0.0015273851	-0.0085886885	-0.0096241099	-0.0118053628	-0.0007874519	0.0116654799	0.0090611748	0.0143189634	0.0133971256	-0.0014382279	0.3791197777	0.0042783087	0.0087334083	0.0003380795	-0.0016243766	-0.0111068054	-0.0122954884	-0.0066686223	-0.0003323497	-0.0068357133	0.0057918601	0.0036784265	-0.0042546176	-0.0035607803	-0.0112520141	-0.0091266278	-0.0057017865	-0.0095612782	-0.0066303095	-0.0103446482	-0.0098397969	-0.0141532375	-0.0122538907	-0.0085297566	0.0025952576	0.0016214607	-0.0048085405	-0.0015565461	-0.0088015837	-0.0119275326	-0.0135844289	-0.0077175071
-0.0183761522	-0.0149851379	-0.0151637982	-0.0120644010	-0.0045144626	-0.0103609087	-0.0069227117	-0.0114225716	-0.0091483288	-0.0049835341	-0.0076373324	-0.0109315919	-0.0084738636	-0.0108709861	-0.0147303419	-0.0192617118	-0.0042703579	-0.0050375726	-0.0116544629	-0.0066076066	-0.0048408687	-0.0106226247	-0.0044796869	-0.0086143407	-0.0065985053	-0.0116873955	-0.0045938718	0.0050011348	0.0066137316	0.0061251253	0.0077451322	-0.0012575920	0.0042783087	0.4412273709	0.0026887002	-0.0040986085	-0.0061759525	-0.0106536054	-0.0119171811	-0.0063878243	-0.0027361345	-0.0095714743	0.0006056750	-0.0007126909	-0.0088062256	-0.0038786242	-0.0118970971	-0.0097378749	-0.0074727599	-0.0079429516	-0.0059166657	-0.0097261157	-0.0106505566	-0.0124369379	-0.0101803538	-0.0087101740	-0.0007401111	-0.0026850582	-0.0064375019	-0.0038273861	-0.0097605964	-0.0121102308	-0.0104908628	-0.0085109028
-0.0194738948	-0.0143207928	-0.0146787707	-0.0147841679	-0.0052100887	-0.0109752607	-0.0030659080	-0.0104359241	-0.0073016480	-0.0026743584	-0.0067398522	-0.0121555243	-0.0075231727	-0.0136984513	-0.0179657620	-0.0204999412	-0.0019348715	-0.0051578771	-0.0117107515	-0.0045914308	-0.0033212298	-0.0097999540	-0.0003841037	-0.0065473586	-0.0077485440	-0.0097575091	-0.0012806582	0.0106706246	0.0076119708	0.0136113092	0.0128131798	-0.0020747955	0.0087334083	0.0026887002	0.3610608146	0.0020901274	-0.0040661970	-0.0089215870	-0.0126399992	-0.0060498493	0.0001796794	-0.0075734440	0.0058214944	0.0017284157	-0.0042804045	-0.0017397741	-0.0082220723	-0.0082756862	-0.0037712400	-0.0088852814	-0.0072055025	-0.0098799186	-0.0104085966	-0.0127806652	-0.0118739189	-0.0109797685	0.0033069753	-0.0000593378	-0.0026754128	-0.0002881717	-0.0114825421	-0.0125549261	-0.0121241856	-0.0077656167
-0.0142385471	-0.0136237306	-0.0129417155	-0.0120426955	-0.0072470243	-0.0111759453	-0.0048337610	-0.0105772735	-0.0080514822	-0.0062411013	-0.0071955947	-0.0109451345	-0.0090124720	-0.0104428350	-0.0135770622	-0.0167069524	-0.0060141682	-0.0086692231	-0.0105878883	-0.0049676931	-0.0052536920	-0.0086512242	-0.0032552058	-0.0073077232	-0.0071775987	-0.0099101326	-0.0030842865	0.0029142541	0.0024829114	0.0043923528	0.0041107875	-0.0037379402	0.0003380795	-0.0040986085	0.0020901274	0.4374134033	-0.0026017394	-0.0085957862	-0.0097174165	-0.0070027340	-0.0043405556	-0.0082206322	0.0005416479	-0.0024339576	-0.0040113199	-0.0057568884	-0.0110718130	-0.0082743188	-0.0056719565	-0.0109553239	-0.0090431856	-0.0122010459	-0.0110556859	-0.0118447659	-0.0113418118	-0.0087892990	-0.0006079851	-0.0031372910	-0.0044251090	-0.0037049044	-0.0099247214	-0.0101092552	-0.0117223535	-0.0061529968
-0.0100838927	-0.0074730548	-0.0090249685	-0.0080537668	-0.0081879445	-0.0080453244	-0.0078108473	-0.0074902498	-0.0079572487	-0.0085190411	-0.0072557198	-0.0083867244	-0.0087569876	-0.0091882585	-0.0093049485	-0.0099774946	-0.0067528094	-0.0059284923	-0.0078827437	-0.0074127185	-0.0077790182	-0.0076802562	-0.0068687225	-0.0072309520	-0.0077424519	-0.0070869490	-0.0070233286	-0.0010499041	-0.0030218385	-0.0032265086	-0.0022740442	-0.0061114462	-0.0016243766	-0.0061759525	-0.0040661970	-0.0026017394	0.4519772587	-0.0082789661	-0.0074821806	-0.0093128136	-0.0069678680	-0.0095897700	-0.0060232992	-0.0058225050	-0.0078088194	-0.0071391866	-0.0096543786	-0.0065436050	-0.0066822120	-0.0061239362	-0.0076662943	-0.0095653464	-0.0096513734	-0.0096704425	-0.0084767687	-0.0087565785	-0.0050529632	-0.0049809821	-0.0073557657	-0.0065043067	-0.0071477131	-0.0090424646	-0.0089486625	-0.0066711352
-0.0010396639	-0.0046887123	-0.0066532231	-0.0059074170	-0.0094813745	-0.0075175486	-0.0098507246	-0.0063782065	-0.0113692015	-0.0105744242	-0.0073662665	-0.0063167025	-0.0089412113	-0.0064034366	-0.0068238504	-0.0058718233	-0.0099094412	-0.0084207105	-0.0060257169	-0.0085677499	-0.0086017825	-0.0081023676	-0.0112381594	-0.0080626264	-0.0104792935	-0.0073499223	-0.0083763775	-0.0107127699	-0.0108621584	-0.0117859198	-0.0115194044	-0.0081214007	-0.0111068054	-0.0106536054	-0.0089215870	-0.0085957862	-0.0082789661	0.5476301633	-0.0049261365	-0.0076066772	-0.0120595954	-0.0083660861	-0.0087155177	-0.0101044929	-0.0091910007	-0.0111618776	-0.0063259046	-0.0087951267	-0.0097414730	-0.0049139964	-0.0101513568	-0.0092568044	-0.0100124347	-0.0087287021	-0.0080987114	-0.0103148051	-0.0093138368	-0.0119481888	-0.0080743357	-0.0117240349	-0.0100017051	-0.0078396118	-0.0083347417	-0.0110466719
0.0022289116	-0.0032489636	-0.0044221457	-0.0048930672	-0.0100240563	-0.0070236106	-0.0090709839	-0.0049833699	-0.0093845420	-0.0099460699	-0.0093765178	-0.0051752967	-0.0077092811	-0.0040149172	-0.0036815339	-0.0007536023	-0.0094099791	-0.0073404603	-0.0029721142	-0.0062360460	-0.0091919368	-0.0058851459	-0.0121897952	-0.0079151295	-0.0100339875	-0.0061555532	-0.0110856579	-0.0134422430	-0.0135019040	-0.0126390764	-0.0135147642	-0.0088922410	-0.0122954884	-0.0119171811	-0.0126399992	-0.0097174165	-0.0074821806	-0.0049261365	0.5134922726	-0.0092152932	-0.0105968697	-0.0079382042	-0.0116508599	-0.0099031555	-0.0075063174	-0.0115470397	-0.0063092430	-0.0081729578	-0.0076434341	-0.0053264730	-0.0078819358	-0.0098195337	-0.0080664731	-0.0047845148	-0.0057489209	-0.0084107410	-0.0113019926	-0.0126776802	-0.0102826768	-0.0109411059	-0.0091259763	-0.0047280706	-0.0052505707	-0.0077987500
-0.0070949383	-0.0089080527	-0.0101707186	-0.0089270544	-0.0086213561	-0.0081571465	-0.0072249703	-0.0076081900	0.0231554566	-0.0087602286	-0.0066269223	-0.0080812965	-0.0079348606	-0.0103625345	-0.0090888578	-0.0097819384	-0.0096922855	-0.0076250010	-0.0075074615	-0.0092352206	-0.0079920647	-0.0086903392	-0.0054353818	-0.0090640595	-0.0086947678	-0.0098424957	-0.0076782794	-0.0030504392	-0.0056941970	-0.0047212814	-0.0039731839	-0.0078271141	-0.0066686223	-0.0063878243	-0.0060498493	-0.0070027340	-0.0093128136	-0.0076066772	-0.0092152932	0.4715593277	-0.0073038043	-0.0078678327	-0.0073940279	-0.0052862610	-0.0092716902	-0.0074781515	-0.0100364530	-0.0080187179	-0.0072750297	-0.0068511226	-0.0074689644	-0.0105745075	-0.0100442276	-0.0098757638	-0.0067352599	-0.0104061665	-0.0068183163	-0.0068534959	-0.0087186367	-0.0056235526	-0.0105151090	-0.0090445172	-0.0100157824	-0.0089209416
-0.0163016591	-0.0139587589	-0.0116296550	-0.0124466552	-0.0080836919	-0.0120593939	-0.0073759083	-0.0112438635	-0.0104310879	-0.0050615060	-0.0068078368	-0.0114145291	-0.0097867949	-0.0115442603	-0.0123658264	-0.0168691527	-0.0061079943	-0.0070133163	-0.0112021390	-0.0045558533	-0.0055071910	-0.0100700747	-0.0075451385	-0.0084575096	-0.0104782563	-0.0094229551	-0.0030760220	0.0019690462	0.0041468909	0.0025337997	0.0035621560	-0.0043231391	-0.0003323497	-0.0027361345	0.0001796794	-0.0043405556	-0.0069678680	-0.0120595954	-0.0105968697	-0.0073038043	0.4747562045	-0.0088113869	-0.0002053023	-0.0035831629	-0.0067330613	-0.0044904536	-0.0101912596	-0.0091767853	-0.0075111008	-0.0074356318	-0.0092215735	-0.0080106281	-0.0099938403	-0.0128157368	-0.0111314636	-0.0087423216	-0.0034399356	-0.0032695410	-0.0087660616	-0.0067660056	-0.0086837600	-0.0099329980	-0.0117549411	-0.0070034795
-0.0096433366	-0.0118358287	-0.0091741784	-0.0096523835	-0.0081087191	-0.0095119695	-0.0078189712	-0.0078772351	-0.0094254428	-0.0080094443	-0.0100600555	-0.0086788690	-0.0074510342	-0.0082539637	-0.0099108637	-0.0105270436	-0.0081799423	-0.0073052028	-0.0085082515	-0.0099321143	-0.0043907818	-0.0096948732	-0.0095308107	-0.0088342999	-0.0112740201	-0.0084921147	-0.0070397949	-0.0060774091	-0.0073586447	-0.0069849288	-0.0062729515	-0.0073225959	-0.0068357133	-0.0095714743	-0.0075734440	-0.0082206322	-0.0095897700	-0.0083660861	-0.0079382042	-0.0078678327	-0.0088113869	0.5422202252	-0.0076297717	-0.0058973373	-0.0061039499	-0.0090137209	-0.0077360927	-0.0104786988	-0.0078466967	-0.0084120490	-0.0067492991	-0.0093488655	-0.0116089580	-0.0080526062	-0.0087169199	-0.0092665656	-0.0082992842	-0.0103276474	-0.0098493007	-0.0091837617	-0.0107865233	-0.0112468622	-0.0085400945	-0.0092126016
-0.0180887975	-0.0141314087	-0.0141219925	-0.0120374710	-0.0048470728	-0.0130452367	-0.0043094219	-0.0091912465	-0.0065888090	-0.0053288294	-0.0048821649	-0.0110163457	-0.0076056600	-0.0125809786	-0.0137044183	-0.0189402068	-0.0044908532	-0.0054492878	-0.0100158584	-0.0050062540	-0.0072841092	-0.0091538120	-0.0031167467	-0.0077924662	-0.0083977320	-0.0117722278	-0.0022407946	0.0064876125	0.0066851193	0.0081004906	0.0077107443	-0.0020824818	0.0057918601	0.0006056750	0.0058214944	0.0005416479	-0.0060232992	-0.0087155177	-0.0116508599	-0.0073940279	-0.0002053023	-0.0076297717	0.3889646602	0.0010394250	-0.0050200902	-0.0042783256	-0.0097356729	-0.0073802557	-0.0027101839	-0.0084107606	-0.0084146516	-0.0086286454	-0.0095702664	-0.0115944489	-0.0095065248	-0.0096469288	0.0008679297	-0.0009066608	-0.0045679970	-0.0032648410	-0.0084416718	-0.0105373469	-0.0131192560	-0.0080406679
-0.0171639956	-0.0141306277	-0.0139700148	-0.0127657955	-0.0035223534	-0.0100480757	-0.0037244371	-0.0093551148	-0.0092469710	-0.0036741572	-0.0046665963	-0.0105044653	-0.0075325928	-0.0124814265	-0.0164303297	-0.0190058526	-0.0058186729	-0.0059977235	-0.0100426221	-0.0053705702	-0.0040298434	-0.0089735213	-0.0054125929	-0.0073199659	-0.0085027413	-0.0116012859	-0.0020846611	0.0056913332	0.0053333073	0.0059738966	0.0055081176	-0.0017652584	0.0036784265	-0.0007126909	0.0017284157	-0.0024339576	-0.0058225050	-0.0101044929	-0.0099031555	-0.0052862610	-0.0035831629	-0.0058973373	0.0010394250	0.4161852610	-0.0064279686	-0.0031716684	-0.0105485615	-0.0082632062	-0.0047237422	-0.0105490804	-0.0070489611	-0.0102431808	-0.0101481977	-0.0123573126	-0.0094643756	-0.0086076424	-0.0009015311	-0.0018182970	-0.0043482416	-0.0035346340	-0.0105824387	-0.0118746857	-0.0132665820	-0.0083720475
