1.0000000000	0.9135574131	0.9121337225	0.9126498690	0.9111476057	0.9125452031	0.9110133285	0.9134207171	0.9112035301	0.9105377877	0.9107103984	0.9128530440	0.9117588897	0.9121189902	0.9120563959	0.9131390428	0.9106570394	0.9124018373	0.9142391340	0.9112950028	0.9113232949	0.9115591596	0.9104757064	0.9118935334	0.9100946435	0.9133532120	0.9123362378	0.9107474859	0.9101749753	0.9098054197	0.9098170736	0.9119520964	0.9100548440	0.9097022930	0.9102630764	0.9110659546	0.9119600857	0.9129164445	0.9138719971	0.9123460594	0.9099138969	0.9105332434	0.9107488785	0.9104385457	0.9109335830	0.9101007270	0.9119524629	0.9114718647	0.9115649499	0.9134906410	0.9118960254	0.9098417009	0.9089474966	0.9134778876	0.9113142795	0.9109232484	0.9107573808	0.9098904424	0.9120426163	0.9100708957	0.9102243031	0.9116436692	0.9120884993	0.9105586036
0.9135574131	1.0000000000	0.9114437193	0.9128713678	0.9123234111	0.9120249521	0.9122404407	0.9132105058	0.9114143278	0.9116609670	0.9122468174	0.9121277123	0.9119688078	0.9120890856	0.9102285542	0.9102330253	0.9120777981	0.9124991736	0.9135489841	0.9119295947	0.9126945059	0.9125784060	0.9122038663	0.9121916992	0.9107642706	0.9124386316	0.9125980491	0.9135700932	0.9133054234	0.9124741066	0.9134753955	0.9135351313	0.9135806478	0.9121880345	0.9129899598	0.9124535838	0.9135120432	0.9120572754	0.9131079655	0.9128350866	0.9117373408	0.9109115944	0.9130748360	0.9126080906	0.9114303795	0.9123319867	0.9112680301	0.9121278589	0.9118033067	0.9131087717	0.9123979526	0.9102685735	0.9104138451	0.9135391626	0.9125088486	0.9108048030	0.9123865918	0.9124047691	0.9133675046	0.9113630943	0.9103748519	0.9116043829	0.9117319902	0.9114582318
0.9121337225	0.9114437193	1.0000000000	0.9132466405	0.9124135645	0.9122961452	0.9126970713	0.9130262411	0.9120775049	0.9122351634	0.9120534640	0.9126277338	0.9126881292	0.9122007879	0.9110243961	0.9107375910	0.9123012026	0.9136230858	0.9142545260	0.9131032013	0.9130960183	0.9122655810	0.9124895719	0.9131882240	0.9114860841	0.9132110189	0.9141159977	0.9141052965	0.9141619539	0.9131223314	0.9138465636	0.9142850902	0.9140079602	0.9127242639	0.9136257245	0.9133495473	0.9136967477	0.9125974628	0.9130213303	0.9130477899	0.9126322781	0.9120110260	0.9136997529	0.9129917189	0.9132681893	0.9121990288	0.9120857140	0.9123128566	0.9125353815	0.9135980921	0.9134811126	0.9107366382	0.9111570608	0.9126370423	0.9115206795	0.9114801471	0.9140700414	0.9130153201	0.9131096513	0.9123824873	0.9112350472	0.9120935566	0.9116494596	0.9121016191
0.9126498690	0.9128713678	0.9132466405	1.0000000000	0.9130641348	0.9138815255	0.9137062029	0.9136935228	0.9124772583	0.9131695337	0.9132502319	0.9135049336	0.9131698268	0.9135176137	0.9110227836	0.9117946578	0.9131429274	0.9141895130	0.9142810590	0.9130442718	0.9136589273	0.9128377252	0.9132783774	0.9142407465	0.9123776498	0.9144519106	0.9145131123	0.9156049212	0.9148941753	0.9144712606	0.9145570896	0.9154683718	0.9143266487	0.9138231091	0.9143564800	0.9140436551	0.9144735328	0.9134019535	0.9135455393	0.9138195909	0.9130283667	0.9124402441	0.9150608491	0.9139908823	0.9133071825	0.9128107525	0.9127434673	0.9133307836	0.9137963562	0.9143676942	0.9140995795	0.9121678049	0.9114027471	0.9123511901	0.9125087020	0.9118499959	0.9141238403	0.9134766416	0.9139742443	0.9128468872	0.9118196516	0.9121885475	0.9124798969	0.9133498404
0.9111476057	0.9123234111	0.9124135645	0.9130641348	1.0000000000	0.9137233540	0.9153666377	0.9145336351	0.9142382544	0.9152690082	0.9156213394	0.9131907893	0.9150196571	0.9138942057	0.9109097620	0.9086183268	0.9159963188	0.9157880865	0.9141863613	0.9155050928	0.9163553199	0.9136788637	0.9167278073	0.9151692531	0.9130011008	0.9144296288	0.9169761322	0.9205360916	0.9207399262	0.9203549786	0.9203941917	0.9172023952	0.9193365385	0.9181160229	0.9190413778	0.9173143907	0.9162936051	0.9138314648	0.9135078654	0.9160641904	0.9164704670	0.9146084697	0.9189560619	0.9186913188	0.9159883296	0.9163644085	0.9136432421	0.9138977971	0.9148735060	0.9155383689	0.9148965941	0.9126849775	0.9124875196	0.9127524093	0.9129490610	0.9137615409	0.9178286315	0.9173934031	0.9164243642	0.9166040113	0.9135335921	0.9126916474	0.9133012456	0.9149460685
0.9125452031	0.9120249521	0.9122961452	0.9138815255	0.9137233540	1.0000000000	0.9140407232	0.9138786670	0.9126959718	0.9134933529	0.9134130944	0.9133294643	0.9134854370	0.9126735434	0.9110866972	0.9106269149	0.9142721169	0.9145429436	0.9144232521	0.9139724852	0.9148140634	0.9133525524	0.9132799899	0.9134614694	0.9122064316	0.9134728302	0.9151815667	0.9155099303	0.9155319922	0.9151165537	0.9154037985	0.9154597229	0.9150692781	0.9147608509	0.9156346058	0.9144661300	0.9148152361	0.9131232842	0.9132832882	0.9144472930	0.9132681893	0.9129701701	0.9149092742	0.9147364435	0.9139492505	0.9139513761	0.9126499423	0.9134722438	0.9134095029	0.9140399170	0.9137729750	0.9120373390	0.9113614085	0.9127279287	0.9129810178	0.9129050104	0.9151740173	0.9140976005	0.9147258157	0.9138673062	0.9119008629	0.9130367223	0.9131830933	0.9127979258
0.9110133285	0.9122404407	0.9126970713	0.9137062029	0.9153666377	0.9140407232	1.0000000000	0.9140827215	0.9148269634	0.9167091169	0.9157197018	0.9138914937	0.9160326001	0.9132113854	0.9111575006	0.9094134357	0.9172411685	0.9164624045	0.9152410826	0.9160718131	0.9180069593	0.9152214394	0.9176286082	0.9160222654	0.9140622721	0.9138602699	0.9182011922	0.9213789892	0.9209573205	0.9217009760	0.9216484232	0.9178337621	0.9203468428	0.9182004592	0.9204215309	0.9189339267	0.9168135629	0.9143521556	0.9144867993	0.9168126834	0.9173384316	0.9153867207	0.9201117843	0.9195416924	0.9159565194	0.9171067447	0.9139034409	0.9147947867	0.9162139330	0.9159023541	0.9155864507	0.9132761785	0.9136375250	0.9135135092	0.9141590221	0.9141653988	0.9194068288	0.9212972647	0.9256005132	0.9170722225	0.9133515262	0.9136453676	0.9134432921	0.9153145979
0.9134207171	0.9132105058	0.9130262411	0.9136935228	0.9145336351	0.9138786670	0.9140827215	1.0000000000	0.9134383813	0.9135319796	0.9140383778	0.9134987035	0.9139188329	0.9131419746	0.9115898704	0.9108704757	0.9141458289	0.9148589202	0.9151131821	0.9142409664	0.9150520537	0.9138014869	0.9141766130	0.9139527687	0.9125405855	0.9148334134	0.9156631910	0.9164128568	0.9163032801	0.9163211642	0.9158502410	0.9157280575	0.9160251239	0.9151842787	0.9160253438	0.9153928042	0.9153489002	0.9137519392	0.9142658135	0.9150511741	0.9140979670	0.9135914955	0.9166344289	0.9158618950	0.9143136022	0.9144560152	0.9133771063	0.9143313396	0.9144047817	0.9142620755	0.9142392073	0.9119339192	0.9121784328	0.9133986552	0.9132404104	0.9126296395	0.9160288620	0.9150239815	0.9151103969	0.9144330737	0.9122606702	0.9135929614	0.9136717540	0.9135434137
0.9112035301	0.9114143278	0.9120775049	0.9124772583	0.9142382544	0.9126959718	0.9148269634	0.9134383813	1.0000000000	0.9150505145	0.9139640562	0.9131137558	0.9142596567	0.9129728087	0.9105936388	0.9089010273	0.9155034070	0.9141944238	0.9144617322	0.9150781469	0.9151765093	0.9142661800	0.9151460184	0.9146709174	0.9126168128	0.9134405069	0.9167654078	0.9185137972	0.9177702150	0.9185585807	0.9182908325	0.9164507505	0.9184135290	0.9163854443	0.9176547014	0.9163651415	0.9155196786	0.9125652861	0.9133008058	0.9218399442	0.9151419872	0.9136680159	0.9175481298	0.9164075062	0.9147140884	0.9149937105	0.9127516031	0.9137640330	0.9149279645	0.9144986731	0.9146819117	0.9122932134	0.9119494578	0.9126519213	0.9130430990	0.9133933779	0.9169821424	0.9153851815	0.9156278626	0.9158651200	0.9122542202	0.9120994936	0.9114639488	0.9138222295
0.9105377877	0.9116609670	0.9122351634	0.9131695337	0.9152690082	0.9134933529	0.9167091169	0.9135319796	0.9150505145	1.0000000000	0.9150664929	0.9136653040	0.9152223923	0.9131300274	0.9101473429	0.9086939677	0.9169689493	0.9156200933	0.9138852636	0.9161154972	0.9166855891	0.9150126940	0.9172882242	0.9162425915	0.9142998959	0.9138114551	0.9181097195	0.9220033197	0.9207935785	0.9215294647	0.9212202312	0.9182503734	0.9200602576	0.9186557705	0.9201138366	0.9176113838	0.9161465745	0.9137055432	0.9135623972	0.9155971519	0.9177559224	0.9148176549	0.9192420607	0.9185719938	0.9153776320	0.9165073346	0.9129951638	0.9139381096	0.9150957378	0.9151085645	0.9156893575	0.9124363594	0.9128070877	0.9130190581	0.9131349382	0.9140617590	0.9185856267	0.9171255816	0.9171099697	0.9170616680	0.9130046922	0.9129434905	0.9131808945	0.9143299470
0.9107103984	0.9122468174	0.9120534640	0.9132502319	0.9156213394	0.9134130944	0.9157197018	0.9140383778	0.9139640562	0.9150664929	1.0000000000	0.9136694818	0.9141409181	0.9128704883	0.9103514707	0.9091786704	0.9153667843	0.9153555701	0.9143193925	0.9148608992	0.9157158172	0.9140331005	0.9158465762	0.9157295967	0.9125580298	0.9137122864	0.9167158601	0.9193301618	0.9193994260	0.9197826145	0.9191240550	0.9165508721	0.9183823052	0.9169597873	0.9182806444	0.9171718310	0.9163388284	0.9140763448	0.9135057398	0.9161967818	0.9163798005	0.9138039057	0.9187472432	0.9181903444	0.9159088041	0.9153179695	0.9134665268	0.9141475147	0.9157601609	0.9150771207	0.9153632661	0.9125081156	0.9119403692	0.9128747394	0.9129378468	0.9138145335	0.9176922286	0.9162582767	0.9160572273	0.9153860610	0.9123515566	0.9127024218	0.9132201075	0.9141319761
0.9128530440	0.9121277123	0.9126277338	0.9135049336	0.9131907893	0.9133294643	0.9138914937	0.9134987035	0.9131137558	0.9136653040	0.9136694818	1.0000000000	0.9130843644	0.9128345002	0.9113367812	0.9113312841	0.9140582408	0.9145518856	0.9145963760	0.9138324909	0.9147834259	0.9137379398	0.9135928148	0.9142297522	0.9120740601	0.9136604665	0.9155391019	0.9160704938	0.9157337013	0.9156777035	0.9157274711	0.9158322103	0.9157507791	0.9149599213	0.9153151843	0.9148243981	0.9146422589	0.9137433636	0.9141128459	0.9145057828	0.9139980653	0.9133304904	0.9154704240	0.9149424037	0.9140811823	0.9137584625	0.9132546297	0.9136129711	0.9141321959	0.9144436283	0.9144640044	0.9122274674	0.9109771938	0.9131668217	0.9127992451	0.9130299059	0.9148220526	0.9143975254	0.9143421874	0.9143616107	0.9116506323	0.9125957770	0.9129960434	0.9131317132
0.9117588897	0.9119688078	0.9126881292	0.9131698268	0.9150196571	0.9134854370	0.9160326001	0.9139188329	0.9142596567	0.9152223923	0.9141409181	0.9130843644	1.0000000000	0.9130269740	0.9111422552	0.9095679425	0.9151113497	0.9154545922	0.9150338031	0.9157494598	0.9164428346	0.9140088397	0.9154716701	0.9153714019	0.9139820869	0.9140471732	0.9171933799	0.9194133521	0.9186326824	0.9185514711	0.9197667827	0.9175345702	0.9186273318	0.9168308607	0.9181668166	0.9168359180	0.9156119575	0.9140031227	0.9136852404	0.9156318939	0.9154918263	0.9148414026	0.9179741962	0.9171543134	0.9156173081	0.9155937803	0.9134582444	0.9139820869	0.9151378093	0.9154266667	0.9151151611	0.9124741798	0.9122569322	0.9135418012	0.9132403371	0.9137133125	0.9175310520	0.9161444489	0.9155832257	0.9159194319	0.9133616410	0.9131730518	0.9134208637	0.9142263073
0.9121189902	0.9120890856	0.9122007879	0.9135176137	0.9138942057	0.9126735434	0.9132113854	0.9131419746	0.9129728087	0.9131300274	0.9128704883	0.9128345002	0.9130269740	1.0000000000	0.9112672239	0.9112107131	0.9142711641	0.9148447009	0.9146012867	0.9125786258	0.9142189777	0.9132768382	0.9137686506	0.9136145836	0.9121229481	0.9140147034	0.9146427720	0.9162470625	0.9146569180	0.9149880668	0.9144724334	0.9149133054	0.9149098605	0.9144913436	0.9143687203	0.9145034373	0.9143079584	0.9132294893	0.9139850920	0.9133838495	0.9133314433	0.9131193263	0.9146649805	0.9144474396	0.9135297807	0.9130906678	0.9124330611	0.9130980706	0.9131467388	0.9145784186	0.9133737348	0.9113377341	0.9121343089	0.9128682894	0.9125984889	0.9126935531	0.9146585305	0.9134803796	0.9137654256	0.9134108955	0.9115173079	0.9122368492	0.9125001997	0.9130159797
0.9120563959	0.9102285542	0.9110243961	0.9110227836	0.9109097620	0.9110866972	0.9111575006	0.9115898704	0.9105936388	0.9101473429	0.9103514707	0.9113367812	0.9111422552	0.9112672239	1.0000000000	0.9097752952	0.9116200681	0.9121446436	0.9124981475	0.9115582068	0.9121932384	0.9113828841	0.9103539627	0.9111609455	0.9098125293	0.9118615766	0.9124749861	0.9119333328	0.9117036982	0.9118970516	0.9122074578	0.9122856640	0.9115249306	0.9113828841	0.9112476540	0.9118640686	0.9122275407	0.9112919977	0.9123035481	0.9120246589	0.9111983995	0.9107414757	0.9126824855	0.9110337779	0.9111491449	0.9101994559	0.9105367615	0.9110515154	0.9115947812	0.9127998315	0.9116298897	0.9098227174	0.9092828232	0.9105281127	0.9112269847	0.9101811321	0.9116877198	0.9104630996	0.9115933886	0.9104764394	0.9106129888	0.9107713802	0.9103186343	0.9104597280
0.9131390428	0.9102330253	0.9107375910	0.9117946578	0.9086183268	0.9106269149	0.9094134357	0.9108704757	0.9089010273	0.9086939677	0.9091786704	0.9113312841	0.9095679425	0.9112107131	0.9097752952	1.0000000000	0.9094407749	0.9107175081	0.9121516799	0.9095077669	0.9095826748	0.9101562849	0.9082593990	0.9099755384	0.9079772849	0.9109293319	0.9104554769	0.9084913058	0.9082643098	0.9074400293	0.9080094616	0.9099720935	0.9078122968	0.9081024002	0.9084192564	0.9091104323	0.9103395235	0.9100753668	0.9115791693	0.9102030474	0.9081335507	0.9087049620	0.9094074254	0.9084085552	0.9094682607	0.9087000512	0.9100759531	0.9101935923	0.9093766414	0.9119315004	0.9100758065	0.9081714445	0.9076890139	0.9108634393	0.9097907606	0.9084987819	0.9091935494	0.9083342336	0.9100645190	0.9082653359	0.9084379467	0.9100818901	0.9107614121	0.9095097459
0.9106570394	0.9120777981	0.9123012026	0.9131429274	0.9159963188	0.9142721169	0.9172411685	0.9141458289	0.9155034070	0.9169689493	0.9153667843	0.9140582408	0.9151113497	0.9142711641	0.9116200681	0.9094407749	1.0000000000	0.9163361165	0.9145042436	0.9164956806	0.9171927202	0.9152106650	0.9166431510	0.9156356320	0.9144726533	0.9145380328	0.9185363722	0.9214668704	0.9206580552	0.9215157584	0.9213626443	0.9183841376	0.9207721762	0.9189556221	0.9207382404	0.9183540864	0.9170044976	0.9143621970	0.9145521055	0.9157943899	0.9176835798	0.9153297701	0.9198255657	0.9184317796	0.9164023755	0.9165197215	0.9144590936	0.9149649054	0.9157669041	0.9157177229	0.9155205581	0.9138384278	0.9131661621	0.9127650894	0.9143155078	0.9140540630	0.9185645909	0.9173533105	0.9169731271	0.9168587129	0.9136891983	0.9133123865	0.9127930883	0.9151830326
0.9124018373	0.9124991736	0.9136230858	0.9141895130	0.9157880865	0.9145429436	0.9164624045	0.9148589202	0.9141944238	0.9156200933	0.9153555701	0.9145518856	0.9154545922	0.9148447009	0.9121446436	0.9107175081	0.9163361165	1.0000000000	0.9158212893	0.9159832722	0.9156921427	0.9153029440	0.9165247789	0.9156384905	0.9144917834	0.9146571379	0.9175586844	0.9200862042	0.9191488289	0.9199481889	0.9198504861	0.9176883440	0.9190833761	0.9182837228	0.9191629016	0.9168004431	0.9171313720	0.9141308033	0.9144457538	0.9161115392	0.9166809715	0.9154282059	0.9190207085	0.9182031711	0.9157565694	0.9159014745	0.9146743623	0.9154770206	0.9159573989	0.9163821460	0.9162018392	0.9136219864	0.9138206170	0.9139616375	0.9141654721	0.9139214716	0.9177480065	0.9177292428	0.9165825357	0.9162851761	0.9145397919	0.9133738813	0.9145972555	0.9148544492
0.9142391340	0.9135489841	0.9142545260	0.9142810590	0.9141863613	0.9144232521	0.9152410826	0.9151131821	0.9144617322	0.9138852636	0.9143193925	0.9145963760	0.9150338031	0.9146012867	0.9124981475	0.9121516799	0.9145042436	0.9158212893	1.0000000000	0.9146442379	0.9157266649	0.9145910254	0.9145492470	0.9143626368	0.9132228194	0.9144613658	0.9160284955	0.9161264182	0.9160609654	0.9166229948	0.9161390250	0.9158083893	0.9155758229	0.9151784150	0.9158745018	0.9153543974	0.9154956377	0.9142365686	0.9152186542	0.9153420104	0.9144191476	0.9137540648	0.9162821710	0.9158302313	0.9143352976	0.9137960631	0.9137409449	0.9146529600	0.9144582873	0.9153524184	0.9148081265	0.9130846575	0.9133348882	0.9138472233	0.9131074524	0.9138935460	0.9157233666	0.9147806407	0.9147370299	0.9149889463	0.9131774496	0.9136708012	0.9141423107	0.9142942522
0.9112950028	0.9119295947	0.9131032013	0.9130442718	0.9155050928	0.9139724852	0.9160718131	0.9142409664	0.9150781469	0.9161154972	0.9148608992	0.9138324909	0.9157494598	0.9125786258	0.9115582068	0.9095077669	0.9164956806	0.9159832722	0.9146442379	1.0000000000	0.9164926022	0.9154849365	0.9165499193	0.9154781934	0.9139450727	0.9143877771	0.9185875324	0.9206878865	0.9201757713	0.9206206746	0.9212468375	0.9184844057	0.9200260287	0.9181498121	0.9196713521	0.9184964262	0.9168768169	0.9141745607	0.9149889463	0.9156876717	0.9176784491	0.9147117430	0.9194124726	0.9186543046	0.9168421482	0.9169449817	0.9139951335	0.9149009918	0.9161990540	0.9150463366	0.9158804387	0.9134254813	0.9130524076	0.9128078940	0.9141214215	0.9142361289	0.9191898010	0.9177533570	0.9167783078	0.9170573436	0.9129015655	0.9136098194	0.9127214054	0.9148530566
0.9113232949	0.9126945059	0.9130960183	0.9136589273	0.9163553199	0.9148140634	0.9180069593	0.9150520537	0.9151765093	0.9166855891	0.9157158172	0.9147834259	0.9164428346	0.9142189777	0.9121932384	0.9095826748	0.9171927202	0.9156921427	0.9157266649	0.9164926022	1.0000000000	0.9155602843	0.9178475417	0.9156022092	0.9143146283	0.9152217326	0.9195488754	0.9218047624	0.9212539471	0.9218837015	0.9216564124	0.9184534751	0.9205371911	0.9190155778	0.9205907700	0.9190487806	0.9171741032	0.9149784651	0.9146261339	0.9167248022	0.9181592672	0.9166606687	0.9190146249	0.9193240783	0.9167437857	0.9178249667	0.9145152379	0.9152542758	0.9156742587	0.9157967353	0.9159735239	0.9143904891	0.9139987982	0.9140395505	0.9144956680	0.9148482924	0.9195892612	0.9180156081	0.9170805782	0.9177501320	0.9148765844	0.9133106274	0.9137576563	0.9154546655
0.9115591596	0.9125784060	0.9122655810	0.9128377252	0.9136788637	0.9133525524	0.9152214394	0.9138014869	0.9142661800	0.9150126940	0.9140331005	0.9137379398	0.9140088397	0.9132768382	0.9113828841	0.9101562849	0.9152106650	0.9153029440	0.9145910254	0.9154849365	0.9155602843	1.0000000000	0.9148721867	0.9141414312	0.9126741298	0.9141444363	0.9162472091	0.9180866314	0.9171567322	0.9180458058	0.9180184666	0.9165582016	0.9174637668	0.9157917512	0.9168829004	0.9161304495	0.9152798559	0.9135890768	0.9143681340	0.9149901923	0.9150387872	0.9136152432	0.9169435890	0.9163903551	0.9149675440	0.9143415277	0.9134338370	0.9143546476	0.9147492702	0.9148169219	0.9143325857	0.9116706420	0.9123276623	0.9130710246	0.9130400206	0.9127164213	0.9168030084	0.9159250756	0.9148170685	0.9154650735	0.9123103645	0.9123435674	0.9128326678	0.9140207136
0.9104757064	0.9122038663	0.9124895719	0.9132783774	0.9167278073	0.9132799899	0.9176286082	0.9141766130	0.9151460184	0.9172882242	0.9158465762	0.9135928148	0.9154716701	0.9137686506	0.9103539627	0.9082593990	0.9166431510	0.9165247789	0.9145492470	0.9165499193	0.9178475417	0.9148721867	1.0000000000	0.9163603772	0.9143577260	0.9143810340	0.9186300438	0.9225758304	0.9222432890	0.9226965479	0.9227265258	0.9186164841	0.9214113124	0.9192290141	0.9214398244	0.9197887713	0.9174281452	0.9141534516	0.9138698716	0.9171361362	0.9174443435	0.9150163588	0.9204494564	0.9191566715	0.9168886175	0.9169565623	0.9139924948	0.9148087861	0.9166839766	0.9155218774	0.9160982728	0.9131575132	0.9138264074	0.9128574417	0.9149901190	0.9142796664	0.9197758713	0.9188497102	0.9174326895	0.9176931082	0.9136845074	0.9130593706	0.9132277302	0.9153478008
0.9118935334	0.9121916992	0.9131882240	0.9142407465	0.9151692531	0.9134614694	0.9160222654	0.9139527687	0.9146709174	0.9162425915	0.9157295967	0.9142297522	0.9153714019	0.9136145836	0.9111609455	0.9099755384	0.9156356320	0.9156384905	0.9143626368	0.9154781934	0.9156022092	0.9141414312	0.9163603772	1.0000000000	0.9141306567	0.9144530101	0.9174152452	0.9192751902	0.9192403749	0.9193321408	0.9189157494	0.9179506684	0.9181363257	0.9167781612	0.9186598750	0.9174093083	0.9165239727	0.9144148232	0.9141929579	0.9152844002	0.9161481870	0.9145037305	0.9180745376	0.9174663321	0.9153869405	0.9155322854	0.9135666483	0.9144710408	0.9158654132	0.9161187955	0.9157671240	0.9129826303	0.9127164213	0.9136650108	0.9137945239	0.9142345164	0.9173886389	0.9166100948	0.9168932351	0.9164374108	0.9134556791	0.9134072308	0.9138607096	0.9138075705
0.9100946435	0.9107642706	0.9114860841	0.9123776498	0.9130011008	0.9122064316	0.9140622721	0.9125405855	0.9126168128	0.9142998959	0.9125580298	0.9120740601	0.9139820869	0.9121229481	0.9098125293	0.9079772849	0.9144726533	0.9144917834	0.9132228194	0.9139450727	0.9143146283	0.9126741298	0.9143577260	0.9141306567	1.0000000000	0.9128729803	0.9160807552	0.9184295807	0.9173033963	0.9181550893	0.9179591706	0.9159921410	0.9165175960	0.9163230699	0.9170399725	0.9156466263	0.9148911702	0.9123108776	0.9124776247	0.9144226658	0.9143457788	0.9125553179	0.9169496726	0.9159238296	0.9143833061	0.9142600965	0.9123624776	0.9140448278	0.9140247448	0.9131130229	0.9138090364	0.9116998868	0.9108248859	0.9118215573	0.9122040862	0.9123476719	0.9161467943	0.9150485355	0.9150489020	0.9144664231	0.9121311572	0.9114113227	0.9117594027	0.9131148553
0.9133532120	0.9124386316	0.9132110189	0.9144519106	0.9144296288	0.9134728302	0.9138602699	0.9148334134	0.9134405069	0.9138114551	0.9137122864	0.9136604665	0.9140471732	0.9140147034	0.9118615766	0.9109293319	0.9145380328	0.9146571379	0.9144613658	0.9143877771	0.9152217326	0.9141444363	0.9143810340	0.9144530101	0.9128729803	1.0000000000	0.9157924109	0.9171033731	0.9156475058	0.9161865205	0.9164462062	0.9155586718	0.9160191870	0.9147272816	0.9162930920	0.9153310161	0.9155644621	0.9136137773	0.9136022699	0.9142312181	0.9145546708	0.9135113836	0.9155806604	0.9151974718	0.9145625868	0.9142795931	0.9124230196	0.9135983120	0.9142921266	0.9145764396	0.9145538646	0.9122111958	0.9113045313	0.9127214787	0.9129135860	0.9125325230	0.9157103933	0.9143689402	0.9151768758	0.9143913686	0.9122556129	0.9132533836	0.9134969444	0.9132343268
0.9123362378	0.9125980491	0.9141159977	0.9145131123	0.9169761322	0.9151815667	0.9182011922	0.9156631910	0.9167654078	0.9181097195	0.9167158601	0.9155391019	0.9171933799	0.9146427720	0.9124749861	0.9104554769	0.9185363722	0.9175586844	0.9160284955	0.9185875324	0.9195488754	0.9162472091	0.9186300438	0.9174152452	0.9160807552	0.9157924109	1.0000000000	0.9230548893	0.9223942776	0.9227635400	0.9228867496	0.9201696144	0.9221083521	0.9197372447	0.9217025152	0.9203364349	0.9181350064	0.9158514137	0.9147705259	0.9173881259	0.9193248112	0.9164728857	0.9212904483	0.9204718848	0.9177919104	0.9181498121	0.9156768240	0.9166250471	0.9168790891	0.9169870532	0.9166811181	0.9151326787	0.9148780503	0.9152750184	0.9150793929	0.9161189421	0.9206820961	0.9190879204	0.9186592154	0.9186463887	0.9146294322	0.9150203168	0.9147135754	0.9156436212
0.9107474859	0.9135700932	0.9141052965	0.9156049212	0.9205360916	0.9155099303	0.9213789892	0.9164128568	0.9185137972	0.9220033197	0.9193301618	0.9160704938	0.9194133521	0.9162470625	0.9119333328	0.9084913058	0.9214668704	0.9200862042	0.9161264182	0.9206878865	0.9218047624	0.9180866314	0.9225758304	0.9192751902	0.9184295807	0.9171033731	0.9230548893	1.0000000000	0.9299897372	0.9306208109	0.9300548968	0.9237530284	0.9284473813	0.9251185957	0.9277690320	0.9242273965	0.9219704100	0.9171079907	0.9156402496	0.9210773784	0.9235096875	0.9191516874	0.9264137994	0.9252501610	0.9208993438	0.9219271657	0.9166839033	0.9176724389	0.9198820031	0.9183938859	0.9194311629	0.9163545136	0.9167413669	0.9160721796	0.9166358948	0.9174391395	0.9253737371	0.9238975670	0.9215586363	0.9231634399	0.9174809179	0.9150340963	0.9152725264	0.9191185579
0.9101749753	0.9133054234	0.9141619539	0.9148941753	0.9207399262	0.9155319922	0.9209573205	0.9163032801	0.9177702150	0.9207935785	0.9193994260	0.9157337013	0.9186326824	0.9146569180	0.9117036982	0.9082643098	0.9206580552	0.9191488289	0.9160609654	0.9201757713	0.9212539471	0.9171567322	0.9222432890	0.9192403749	0.9173033963	0.9156475058	0.9223942776	0.9299897372	1.0000000000	0.9295998787	0.9304601473	0.9233180200	0.9275319946	0.9255078678	0.9267539635	0.9240794130	0.9210588347	0.9168719061	0.9155940002	0.9199821247	0.9236356824	0.9186948369	0.9261287534	0.9251202082	0.9209646501	0.9215167846	0.9163893289	0.9176317599	0.9193238584	0.9183427990	0.9186060762	0.9172204992	0.9166825107	0.9150511008	0.9165005181	0.9173672367	0.9251550968	0.9235182631	0.9213672619	0.9216737101	0.9167099232	0.9156501445	0.9149392520	0.9185309483
0.9098054197	0.9124741066	0.9131223314	0.9144712606	0.9203549786	0.9151165537	0.9217009760	0.9163211642	0.9185585807	0.9215294647	0.9197826145	0.9156777035	0.9185514711	0.9149880668	0.9118970516	0.9074400293	0.9215157584	0.9199481889	0.9166229948	0.9206206746	0.9218837015	0.9180458058	0.9226965479	0.9193321408	0.9181550893	0.9161865205	0.9227635400	0.9306208109	0.9295998787	1.0000000000	0.9315370039	0.9235971290	0.9293102885	0.9254559746	0.9286722517	0.9246088992	0.9212403142	0.9164226051	0.9159575455	0.9204186723	0.9233995245	0.9183689654	0.9267784442	0.9256489615	0.9208913546	0.9213018824	0.9161500926	0.9174847293	0.9199084628	0.9179047854	0.9197900907	0.9172649162	0.9168600322	0.9144874589	0.9156409092	0.9180828933	0.9258128501	0.9241991777	0.9213131699	0.9224984304	0.9170324231	0.9150120344	0.9150937588	0.9184341984
0.9098170736	0.9134753955	0.9138465636	0.9145570896	0.9203941917	0.9154037985	0.9216484232	0.9158502410	0.9182908325	0.9212202312	0.9191240550	0.9157274711	0.9197667827	0.9144724334	0.9122074578	0.9080094616	0.9213626443	0.9198504861	0.9161390250	0.9212468375	0.9216564124	0.9180184666	0.9227265258	0.9189157494	0.9179591706	0.9164462062	0.9228867496	0.9300548968	0.9304601473	0.9315370039	1.0000000000	0.9242628714	0.9290700993	0.9258489114	0.9284093409	0.9247070418	0.9214840215	0.9164927488	0.9156644371	0.9206648717	0.9238065341	0.9187947386	0.9268201493	0.9253790144	0.9208987575	0.9219953305	0.9167418067	0.9175440253	0.9199566179	0.9184601449	0.9191240550	0.9164137363	0.9164653363	0.9152939286	0.9162768937	0.9175561190	0.9249061122	0.9243835157	0.9217140226	0.9226361525	0.9168090919	0.9151973985	0.9149168969	0.9187327307
0.9119520964	0.9135351313	0.9142850902	0.9154683718	0.9172023952	0.9154597229	0.9178337621	0.9157280575	0.9164507505	0.9182503734	0.9165508721	0.9158322103	0.9175345702	0.9149133054	0.9122856640	0.9099720935	0.9183841376	0.9176883440	0.9158083893	0.9184844057	0.9184534751	0.9165582016	0.9186164841	0.9179506684	0.9159921410	0.9155586718	0.9201696144	0.9237530284	0.9233180200	0.9235971290	0.9242628714	1.0000000000	0.9223651060	0.9212269744	0.9217464192	0.9201169150	0.9184284080	0.9161948029	0.9157546638	0.9178300241	0.9193911436	0.9167901817	0.9216954056	0.9208189387	0.9178177837	0.9186320227	0.9152377110	0.9159685398	0.9174321031	0.9176718525	0.9172706333	0.9149462884	0.9151481440	0.9150465565	0.9152496582	0.9161238529	0.9198438162	0.9196725981	0.9188815204	0.9188751437	0.9150713304	0.9145061493	0.9148432350	0.9168281487
0.9100548440	0.9135806478	0.9140079602	0.9143266487	0.9193365385	0.9150692781	0.9203468428	0.9160251239	0.9184135290	0.9200602576	0.9183823052	0.9157507791	0.9186273318	0.9149098605	0.9115249306	0.9078122968	0.9207721762	0.9190833761	0.9155758229	0.9200260287	0.9205371911	0.9174637668	0.9214113124	0.9181363257	0.9165175960	0.9160191870	0.9221083521	0.9284473813	0.9275319946	0.9293102885	0.9290700993	0.9223651060	1.0000000000	0.9241669277	0.9266240107	0.9229174604	0.9210564159	0.9162366545	0.9155962723	0.9193978868	0.9220552129	0.9182381331	0.9253058655	0.9243285442	0.9199510474	0.9203916263	0.9160057739	0.9174598821	0.9192474112	0.9176063997	0.9186524722	0.9162423716	0.9159420069	0.9144819618	0.9153708155	0.9172963600	0.9238940488	0.9229432604	0.9202277377	0.9213439539	0.9163457182	0.9151670542	0.9144655436	0.9178410184
0.9097022930	0.9121880345	0.9127242639	0.9138231091	0.9181160229	0.9147608509	0.9182004592	0.9151842787	0.9163854443	0.9186557705	0.9169597873	0.9149599213	0.9168308607	0.9144913436	0.9113828841	0.9081024002	0.9189556221	0.9182837228	0.9151784150	0.9181498121	0.9190155778	0.9157917512	0.9192290141	0.9167781612	0.9163230699	0.9147272816	0.9197372447	0.9251185957	0.9255078678	0.9254559746	0.9258489114	0.9212269744	0.9241669277	1.0000000000	0.9239498999	0.9203248542	0.9186033642	0.9152348525	0.9149124259	0.9182845291	0.9197598929	0.9161511188	0.9224493957	0.9217224516	0.9172073060	0.9189704278	0.9144675959	0.9159313791	0.9174757139	0.9168397294	0.9178350815	0.9150174582	0.9146455572	0.9141299971	0.9148124509	0.9162464761	0.9213920357	0.9203015462	0.9184943006	0.9195077566	0.9150039719	0.9140759783	0.9140926164	0.9167072846
0.9102630764	0.9129899598	0.9136257245	0.9143564800	0.9190413778	0.9156346058	0.9204215309	0.9160253438	0.9176547014	0.9201138366	0.9182806444	0.9153151843	0.9181668166	0.9143687203	0.9112476540	0.9084192564	0.9207382404	0.9191629016	0.9158745018	0.9196713521	0.9205907700	0.9168829004	0.9214398244	0.9186598750	0.9170399725	0.9162930920	0.9217025152	0.9277690320	0.9267539635	0.9286722517	0.9284093409	0.9217464192	0.9266240107	0.9239498999	1.0000000000	0.9232615825	0.9201597928	0.9167673868	0.9154362684	0.9192392022	0.9216789874	0.9178926917	0.9251819229	0.9233071722	0.9195569379	0.9205056007	0.9167250221	0.9170984623	0.9198165503	0.9176614446	0.9183211035	0.9161511188	0.9154853030	0.9146796396	0.9151621434	0.9161193086	0.9239213880	0.9223329293	0.9206451552	0.9217138760	0.9156996189	0.9146439447	0.9145912453	0.9177842144
0.9110659546	0.9124535838	0.9133495473	0.9140436551	0.9173143907	0.9144661300	0.9189339267	0.9153928042	0.9163651415	0.9176113838	0.9171718310	0.9148243981	0.9168359180	0.9145034373	0.9118640686	0.9091104323	0.9183540864	0.9168004431	0.9153543974	0.9184964262	0.9190487806	0.9161304495	0.9197887713	0.9174093083	0.9156466263	0.9153310161	0.9203364349	0.9242273965	0.9240794130	0.9246088992	0.9247070418	0.9201169150	0.9229174604	0.9203248542	0.9232615825	1.0000000000	0.9191489022	0.9156628246	0.9152873320	0.9178783991	0.9193537629	0.9166935783	0.9229414280	0.9207734955	0.9187341233	0.9185832080	0.9146614623	0.9162602557	0.9181245984	0.9159623097	0.9168597391	0.9143898294	0.9144232521	0.9142303385	0.9145844288	0.9154581837	0.9219117737	0.9202406377	0.9193198271	0.9190032641	0.9150565247	0.9143984050	0.9140805227	0.9167330113
0.9119600857	0.9135120432	0.9136967477	0.9144735328	0.9162936051	0.9148152361	0.9168135629	0.9153489002	0.9155196786	0.9161465745	0.9163388284	0.9146422589	0.9156119575	0.9143079584	0.9122275407	0.9103395235	0.9170044976	0.9171313720	0.9154956377	0.9168768169	0.9171741032	0.9152798559	0.9174281452	0.9165239727	0.9148911702	0.9155644621	0.9181350064	0.9219704100	0.9210588347	0.9212403142	0.9214840215	0.9184284080	0.9210564159	0.9186033642	0.9201597928	0.9191489022	1.0000000000	0.9151401548	0.9150273531	0.9162347489	0.9173773514	0.9149307497	0.9193635112	0.9187809591	0.9163585449	0.9169325214	0.9144535231	0.9160207995	0.9165442755	0.9164295681	0.9162914795	0.9141349812	0.9137287779	0.9139803278	0.9144033158	0.9147115231	0.9190174102	0.9187328773	0.9173797702	0.9172084788	0.9147025810	0.9139002159	0.9141597550	0.9159524881
0.9129164445	0.9120572754	0.9125974628	0.9134019535	0.9138314648	0.9131232842	0.9143521556	0.9137519392	0.9125652861	0.9137055432	0.9140763448	0.9137433636	0.9140031227	0.9132294893	0.9112919977	0.9100753668	0.9143621970	0.9141308033	0.9142365686	0.9141745607	0.9149784651	0.9135890768	0.9141534516	0.9144148232	0.9123108776	0.9136137773	0.9158514137	0.9171079907	0.9168719061	0.9164226051	0.9164927488	0.9161948029	0.9162366545	0.9152348525	0.9167673868	0.9156628246	0.9151401548	1.0000000000	0.9141661317	0.9148000640	0.9139974056	0.9134394808	0.9164586664	0.9157975416	0.9143603646	0.9137155847	0.9137424108	0.9132843876	0.9140624920	0.9154853763	0.9136679426	0.9118543203	0.9119660226	0.9125863952	0.9127792355	0.9124872997	0.9158391734	0.9142760749	0.9153399582	0.9136967477	0.9122945327	0.9126640150	0.9124355532	0.9127905230
0.9138719971	0.9131079655	0.9130213303	0.9135455393	0.9135078654	0.9132832882	0.9144867993	0.9142658135	0.9133008058	0.9135623972	0.9135057398	0.9141128459	0.9136852404	0.9139850920	0.9123035481	0.9115791693	0.9145521055	0.9144457538	0.9152186542	0.9149889463	0.9146261339	0.9143681340	0.9138698716	0.9141929579	0.9124776247	0.9136022699	0.9147705259	0.9156402496	0.9155940002	0.9159575455	0.9156644371	0.9157546638	0.9155962723	0.9149124259	0.9154362684	0.9152873320	0.9150273531	0.9141661317	1.0000000000	0.9142650806	0.9140251846	0.9134499620	0.9154374411	0.9156675888	0.9146649072	0.9137077421	0.9133312967	0.9136714608	0.9144198072	0.9150749952	0.9146004805	0.9120053822	0.9121043311	0.9136158296	0.9135588790	0.9127150287	0.9153469945	0.9140111119	0.9144024362	0.9140100857	0.9121043311	0.9136012438	0.9132037626	0.9135645961
0.9123460594	0.9128350866	0.9130477899	0.9138195909	0.9160641904	0.9144472930	0.9168126834	0.9150511741	0.9218399442	0.9155971519	0.9161967818	0.9145057828	0.9156318939	0.9133838495	0.9120246589	0.9102030474	0.9157943899	0.9161115392	0.9153420104	0.9156876717	0.9167248022	0.9149901923	0.9171361362	0.9152844002	0.9144226658	0.9142312181	0.9173881259	0.9210773784	0.9199821247	0.9204186723	0.9206648717	0.9178300241	0.9193978868	0.9182845291	0.9192392022	0.9178783991	0.9162347489	0.9148000640	0.9142650806	1.0000000000	0.9169306890	0.9153702292	0.9184457057	0.9184984785	0.9160797290	0.9168057203	0.9143629300	0.9151940269	0.9161410040	0.9162863489	0.9160705671	0.9136041756	0.9133688973	0.9136633983	0.9147288941	0.9142556255	0.9183065910	0.9177063014	0.9166551715	0.9173566821	0.9136537233	0.9138707511	0.9130897882	0.9151573792
0.9099138969	0.9117373408	0.9126322781	0.9130283667	0.9164704670	0.9132681893	0.9173384316	0.9140979670	0.9151419872	0.9177559224	0.9163798005	0.9139980653	0.9154918263	0.9133314433	0.9111983995	0.9081335507	0.9176835798	0.9166809715	0.9144191476	0.9176784491	0.9181592672	0.9150387872	0.9174443435	0.9161481870	0.9143457788	0.9145546708	0.9193248112	0.9235096875	0.9236356824	0.9233995245	0.9238065341	0.9193911436	0.9220552129	0.9197598929	0.9216789874	0.9193537629	0.9173773514	0.9139974056	0.9140251846	0.9169306890	1.0000000000	0.9155992774	0.9215065965	0.9196642424	0.9173215736	0.9178448297	0.9142573113	0.9148893378	0.9167574919	0.9162544653	0.9158155723	0.9146975237	0.9137816239	0.9132184217	0.9138077903	0.9149339747	0.9200659014	0.9194949299	0.9168708800	0.9176544815	0.9146800793	0.9139681608	0.9129340354	0.9160296682
0.9105332434	0.9109115944	0.9120110260	0.9124402441	0.9146084697	0.9129701701	0.9153867207	0.9135914955	0.9136680159	0.9148176549	0.9138039057	0.9133304904	0.9148414026	0.9131193263	0.9107414757	0.9087049620	0.9153297701	0.9154282059	0.9137540648	0.9147117430	0.9166606687	0.9136152432	0.9150163588	0.9145037305	0.9125553179	0.9135113836	0.9164728857	0.9191516874	0.9186948369	0.9183689654	0.9187947386	0.9167901817	0.9182381331	0.9161511188	0.9178926917	0.9166935783	0.9149307497	0.9134394808	0.9134499620	0.9153702292	0.9155992774	1.0000000000	0.9174325429	0.9172028350	0.9155599911	0.9150754349	0.9133823103	0.9133200825	0.9151152344	0.9146677657	0.9149665179	0.9125992219	0.9119638970	0.9129633536	0.9128965815	0.9132996331	0.9168747646	0.9156724263	0.9154407394	0.9151042400	0.9121497742	0.9122070180	0.9126376287	0.9140421891
0.9107488785	0.9130748360	0.9136997529	0.9150608491	0.9189560619	0.9149092742	0.9201117843	0.9166344289	0.9175481298	0.9192420607	0.9187472432	0.9154704240	0.9179741962	0.9146649805	0.9126824855	0.9094074254	0.9198255657	0.9190207085	0.9162821710	0.9194124726	0.9190146249	0.9169435890	0.9204494564	0.9180745376	0.9169496726	0.9155806604	0.9212904483	0.9264137994	0.9261287534	0.9267784442	0.9268201493	0.9216954056	0.9253058655	0.9224493957	0.9251819229	0.9229414280	0.9193635112	0.9164586664	0.9154374411	0.9184457057	0.9215065965	0.9174325429	1.0000000000	0.9231217348	0.9194540311	0.9198589884	0.9161544904	0.9177068144	0.9199228287	0.9177230127	0.9178546513	0.9166679982	0.9160257836	0.9148520304	0.9159708853	0.9161496529	0.9230405234	0.9218405305	0.9199319906	0.9202555900	0.9163050392	0.9151853048	0.9143849919	0.9174474952
0.9104385457	0.9126080906	0.9129917189	0.9139908823	0.9186913188	0.9147364435	0.9195416924	0.9158618950	0.9164075062	0.9185719938	0.9181903444	0.9149424037	0.9171543134	0.9144474396	0.9110337779	0.9084085552	0.9184317796	0.9182031711	0.9158302313	0.9186543046	0.9193240783	0.9163903551	0.9191566715	0.9174663321	0.9159238296	0.9151974718	0.9204718848	0.9252501610	0.9251202082	0.9256489615	0.9253790144	0.9208189387	0.9243285442	0.9217224516	0.9233071722	0.9207734955	0.9187809591	0.9157975416	0.9156675888	0.9184984785	0.9196642424	0.9172028350	0.9231217348	1.0000000000	0.9183616359	0.9193676158	0.9153014781	0.9164750113	0.9185762449	0.9163727642	0.9174606151	0.9148345861	0.9148400100	0.9142335635	0.9150532264	0.9163476971	0.9217648896	0.9207644069	0.9193708408	0.9198131787	0.9147768293	0.9145405981	0.9137880739	0.9166883010
0.9109335830	0.9114303795	0.9132681893	0.9133071825	0.9159883296	0.9139492505	0.9159565194	0.9143136022	0.9147140884	0.9153776320	0.9159088041	0.9140811823	0.9156173081	0.9135297807	0.9111491449	0.9094682607	0.9164023755	0.9157565694	0.9143352976	0.9168421482	0.9167437857	0.9149675440	0.9168886175	0.9153869405	0.9143833061	0.9145625868	0.9177919104	0.9208993438	0.9209646501	0.9208913546	0.9208987575	0.9178177837	0.9199510474	0.9172073060	0.9195569379	0.9187341233	0.9163585449	0.9143603646	0.9146649072	0.9160797290	0.9173215736	0.9155599911	0.9194540311	0.9183616359	1.0000000000	0.9159379756	0.9143773692	0.9149762662	0.9160245376	0.9156352655	0.9159662677	0.9131401422	0.9130004411	0.9132245785	0.9136845074	0.9144220794	0.9190989880	0.9175524542	0.9163570790	0.9168214056	0.9133173706	0.9134418995	0.9134563387	0.9146345629
0.9101007270	0.9123319867	0.9121990288	0.9128107525	0.9163644085	0.9139513761	0.9171067447	0.9144560152	0.9149937105	0.9165073346	0.9153179695	0.9137584625	0.9155937803	0.9130906678	0.9101994559	0.9087000512	0.9165197215	0.9159014745	0.9137960631	0.9169449817	0.9178249667	0.9143415277	0.9169565623	0.9155322854	0.9142600965	0.9142795931	0.9181498121	0.9219271657	0.9215167846	0.9213018824	0.9219953305	0.9186320227	0.9203916263	0.9189704278	0.9205056007	0.9185832080	0.9169325214	0.9137155847	0.9137077421	0.9168057203	0.9178448297	0.9150754349	0.9198589884	0.9193676158	0.9159379756	1.0000000000	0.9140716539	0.9144091794	0.9157282041	0.9162315239	0.9159219239	0.9135357177	0.9132932564	0.9132872461	0.9136741728	0.9142447777	0.9189287227	0.9176717059	0.9173907645	0.9175328844	0.9135346915	0.9134271671	0.9132321280	0.9143965726
0.9119524629	0.9112680301	0.9120857140	0.9127434673	0.9136432421	0.9126499423	0.9139034409	0.9133771063	0.9127516031	0.9129951638	0.9134665268	0.9132546297	0.9134582444	0.9124330611	0.9105367615	0.9100759531	0.9144590936	0.9146743623	0.9137409449	0.9139951335	0.9145152379	0.9134338370	0.9139924948	0.9135666483	0.9123624776	0.9124230196	0.9156768240	0.9166839033	0.9163893289	0.9161500926	0.9167418067	0.9152377110	0.9160057739	0.9144675959	0.9167250221	0.9146614623	0.9144535231	0.9137424108	0.9133312967	0.9143629300	0.9142573113	0.9133823103	0.9161544904	0.9153014781	0.9143773692	0.9140716539	1.0000000000	0.9133645728	0.9144877521	0.9146473163	0.9135558006	0.9113620682	0.9116791442	0.9128377985	0.9129105809	0.9121445703	0.9161563960	0.9151515156	0.9145052697	0.9138241352	0.9120841748	0.9120626993	0.9121675850	0.9137891000
0.9114718647	0.9121278589	0.9123128566	0.9133307836	0.9138977971	0.9134722438	0.9147947867	0.9143313396	0.9137640330	0.9139381096	0.9141475147	0.9136129711	0.9139820869	0.9130980706	0.9110515154	0.9101935923	0.9149649054	0.9154770206	0.9146529600	0.9149009918	0.9152542758	0.9143546476	0.9148087861	0.9144710408	0.9140448278	0.9135983120	0.9166250471	0.9176724389	0.9176317599	0.9174847293	0.9175440253	0.9159685398	0.9174598821	0.9159313791	0.9170984623	0.9162602557	0.9160207995	0.9132843876	0.9136714608	0.9151940269	0.9148893378	0.9133200825	0.9177068144	0.9164750113	0.9149762662	0.9144091794	0.9133645728	1.0000000000	0.9153975684	0.9148831077	0.9145802510	0.9125523128	0.9121895004	0.9132377717	0.9127406088	0.9128100195	0.9163816329	0.9156747717	0.9149402781	0.9152169684	0.9125716628	0.9125950440	0.9123985390	0.9136869995
