0.5399410162	0.0089831871	-0.0003300419	-0.0010713663	-0.0102947494	-0.0025070367	-0.0119443607	-0.0003241795	-0.0080081248	-0.0121421558	-0.0093076301	-0.0014032634	-0.0069312227	-0.0025808987	0.0027099662	0.0104220638	-0.0117280712	-0.0066338485	0.0016588887	-0.0104347216	-0.0117106997	-0.0054983304	-0.0137467544	-0.0076901416	-0.0099376855	-0.0004091153	-0.0105384096	-0.0208661591	-0.0208998293	-0.0228554297	-0.0222608240	-0.0123179808	-0.0210319000	-0.0183570844	-0.0192922837	-0.0140351078	-0.0097627771	-0.0010526282	0.0018540035	-0.0075147033	-0.0158300358	-0.0099988038	-0.0175955157	-0.0168162424	-0.0110718131	-0.0141536857	-0.0031837613	-0.0067849121	-0.0086849301	-0.0022098139	-0.0066050414	-0.0084633696	-0.0105022548	0.0052596137	-0.0051782211	-0.0074531934	-0.0165901049	-0.0166248651	-0.0093470734	-0.0149000511	-0.0077958988	-0.0034543387	-0.0020183567	-0.0101469413
0.0089831871	0.5680123104	-0.0057837582	-0.0021713929	-0.0093074424	-0.0066487168	-0.0108404566	-0.0043918374	-0.0086993312	-0.0111767769	-0.0082970738	-0.0053739780	-0.0094342829	-0.0052710834	-0.0062593397	-0.0007238111	-0.0105597056	-0.0088559591	-0.0025881539	-0.0114617759	-0.0102241744	-0.0057789833	-0.0110392219	-0.0093072342	-0.0106224645	-0.0058179426	-0.0124863131	-0.0155422493	-0.0153141119	-0.0179379249	-0.0154832755	-0.0104641330	-0.0135575886	-0.0146234514	-0.0143211300	-0.0133177543	-0.0077095514	-0.0046485725	-0.0031593731	-0.0088105921	-0.0135862383	-0.0118794972	-0.0141772247	-0.0136611664	-0.0122069362	-0.0110437815	-0.0092003185	-0.0075885448	-0.0094344466	-0.0054106268	-0.0087095523	-0.0105912959	-0.0089946699	0.0018377474	-0.0034046176	-0.0108979670	-0.0140259722	-0.0126309823	-0.0083869203	-0.0134611083	-0.0096050538	-0.0063815666	-0.0055782130	-0.0099656270
-0.0003300419	-0.0057837582	0.5777361359	0.0004492940	-0.0107508557	-0.0066350142	-0.0113247196	-0.0055366483	-0.0095365654	-0.0115047572	-0.0103804975	-0.0057986174	-0.0080900714	-0.0055409646	-0.0049379802	-0.0000837200	-0.0128931526	-0.0071673776	-0.0030405327	-0.0088284092	-0.0114324394	-0.0092819956	-0.0118802210	-0.0087480669	-0.0094484527	-0.0053395385	-0.0104164896	-0.0144017722	-0.0141448858	-0.0170752864	-0.0150925123	-0.0093375063	-0.0135593770	-0.0144845915	-0.0140900020	-0.0126574270	-0.0086963313	-0.0070991377	-0.0050435733	-0.0099400255	-0.0114008000	-0.0096626190	-0.0137983995	-0.0134678576	-0.0083652542	-0.0113509305	-0.0064032740	-0.0081502880	-0.0101731237	-0.0068964673	-0.0069537516	-0.0102981087	-0.0084607189	-0.0051147675	-0.0084379516	-0.0101082216	-0.0112134844	-0.0123323235	-0.0108650848	-0.0122781242	-0.0095904145	-0.0057627231	-0.0064441984	-0.0103232277
-0.0010713663	-0.0021713929	0.0004492940	0.5458901225	-0.0101922563	-0.0027798863	-0.0104818499	-0.0038891976	-0.0098773885	-0.0104100190	-0.0090663767	-0.0052124162	-0.0095176238	-0.0042488364	-0.0066250555	0.0016965977	-0.0110709009	-0.0069765478	-0.0045390230	-0.0108544111	-0.0102044560	-0.0094617875	-0.0112868513	-0.0065413613	-0.0087234756	-0.0026780370	-0.0103030693	-0.0130158918	-0.0139996901	-0.0153793949	-0.0151714047	-0.0081305945	-0.0142538587	-0.0121707014	-0.0139329134	-0.0116699597	-0.0080289585	-0.0061811800	-0.0047655586	-0.0092868673	-0.0125186822	-0.0100527930	-0.0115588051	-0.0125309505	-0.0101187900	-0.0121370219	-0.0074795459	-0.0074714869	-0.0087265714	-0.0061588237	-0.0061169338	-0.0074460751	-0.0089294004	-0.0075753036	-0.0068823029	-0.0106218573	-0.0130864406	-0.0108971047	-0.0092994364	-0.0131611799	-0.0085858712	-0.0080034929	-0.0064321374	-0.0080744472
-0.0102947494	-0.0093074424	-0.0107508557	-0.0101922563	0.5213997261	-0.0090807632	-0.0102393848	-0.0083096667	-0.0100588230	-0.0095664604	-0.0061898642	-0.0100324103	-0.0083079561	-0.0075684001	-0.0115889732	-0.0135482437	-0.0078741945	-0.0073202309	-0.0094467995	-0.0091417857	-0.0074643790	-0.0114143015	-0.0062875204	-0.0085576366	-0.0107179051	-0.0081524506	-0.0085130707	-0.0038916723	-0.0022579494	-0.0037860374	-0.0033858694	-0.0075081970	-0.0053683755	-0.0045832966	-0.0051145470	-0.0070876516	-0.0078095859	-0.0095890813	-0.0100942919	-0.0085559383	-0.0079162991	-0.0085517790	-0.0050484182	-0.0040533047	-0.0072016164	-0.0070864347	-0.0101839539	-0.0092597645	-0.0100675234	-0.0080753908	-0.0082326324	-0.0116141428	-0.0106707800	-0.0111464210	-0.0108375178	-0.0100781214	-0.0070616792	-0.0061151140	-0.0077367130	-0.0066645147	-0.0091193597	-0.0101099143	-0.0077132795	-0.0078960338
-0.0025070367	-0.0066487168	-0.0066350142	-0.0027798863	-0.0090807632	0.5551253319	-0.0089730483	-0.0052766242	-0.0108110687	-0.0105261856	-0.0098436392	-0.0060356112	-0.0090530908	-0.0067991673	-0.0072242852	-0.0030926006	-0.0093608057	-0.0073747509	-0.0053747719	-0.0094514471	-0.0081167675	-0.0078335015	-0.0119798599	-0.0101455580	-0.0099251582	-0.0065921359	-0.0088652750	-0.0133029062	-0.0124526558	-0.0145719357	-0.0134385742	-0.0075762171	-0.0128545853	-0.0106437948	-0.0107001355	-0.0110183826	-0.0077737336	-0.0073608548	-0.0068819751	-0.0081182880	-0.0122655438	-0.0096817403	-0.0127230820	-0.0103306620	-0.0087617975	-0.0092591394	-0.0083292951	-0.0072778387	-0.0101376596	-0.0079453818	-0.0084107035	-0.0087680433	-0.0102423363	-0.0075612768	-0.0066643920	-0.0087758598	-0.0099976615	-0.0110103757	-0.0086737975	-0.0108377098	-0.0091717832	-0.0062822197	-0.0053234682	-0.0096927559
-0.0119443607	-0.0108404566	-0.0113247196	-0.0104818499	-0.0102393848	-0.0089730483	0.4627414518	-0.0106581929	-0.0099256823	-0.0072760581	-0.0082199928	-0.0102922626	-0.0075545406	-0.0110531065	-0.0124461940	-0.0132536345	-0.0055719098	-0.0077409242	-0.0088581519	-0.0084119618	-0.0043422171	-0.0092923620	-0.0059016883	-0.0090700741	-0.0105508156	-0.0114563173	-0.0064904657	-0.0028147122	-0.0036342048	-0.0018801363	-0.0021279893	-0.0077244752	-0.0040942534	-0.0068352666	-0.0031564164	-0.0050577894	-0.0080257509	-0.0101492758	-0.0089405453	-0.0075297655	-0.0074944825	-0.0080255939	-0.0041264664	-0.0037649320	-0.0091752764	-0.0069463808	-0.0112228034	-0.0103683475	-0.0080167489	-0.0088613071	-0.0092170641	-0.0114819153	-0.0099235451	-0.0104962891	-0.0095789921	-0.0108317278	-0.0046321102	0.0120551596	0.0314115401	-0.0076874224	-0.0110354224	-0.0096521181	-0.0108753341	-0.0086529192
-0.0003241795	-0.0043918374	-0.0055366483	-0.0038891976	-0.0083096667	-0.0052766242	-0.0106581929	0.5191476551	-0.0089682208	-0.0109622946	-0.0084408128	-0.0065170263	-0.0087647025	-0.0064337273	-0.0058545401	-0.0032365445	-0.0101134224	-0.0071641068	-0.0038634599	-0.0098321849	-0.0083521752	-0.0079238058	-0.0107720744	-0.0092901768	-0.0101257778	-0.0037137530	-0.0090334060	-0.0119248200	-0.0113856607	-0.0113146981	-0.0128943441	-0.0090792946	-0.0116672720	-0.0112448037	-0.0102916299	-0.0102475617	-0.0074181444	-0.0065543168	-0.0051905178	-0.0073747907	-0.0115513092	-0.0082079921	-0.0089469176	-0.0094817104	-0.0094759794	-0.0089496911	-0.0070700155	-0.0064460025	-0.0078777064	-0.0078824488	-0.0088587186	-0.0106376626	-0.0093825536	-0.0057413733	-0.0075792020	-0.0101197922	-0.0094281660	-0.0080820410	-0.0085705723	-0.0107985638	-0.0099077916	-0.0058697117	-0.0046586477	-0.0092866729
-0.0080081248	-0.0086993312	-0.0095365654	-0.0098773885	-0.0100588230	-0.0108110687	-0.0099256823	-0.0089682208	0.5298915741	-0.0076444829	-0.0092202486	-0.0090039129	-0.0082191164	-0.0087173021	-0.0094416749	-0.0105667322	-0.0075290867	-0.0097803930	-0.0064324788	-0.0088519066	-0.0096459812	-0.0075802499	-0.0092151735	-0.0083686864	-0.0101374533	-0.0092354347	-0.0064464965	-0.0074021083	-0.0089642994	-0.0066295451	-0.0073437804	-0.0086070088	-0.0061612444	-0.0087391758	-0.0072153578	-0.0081528245	-0.0080234929	-0.0112970894	-0.0093806516	0.0226996462	-0.0102451664	-0.0095050311	-0.0066888219	-0.0088938632	-0.0092923417	-0.0088834815	-0.0096873680	-0.0089126592	-0.0074656184	-0.0085826528	-0.0083510309	-0.0109460794	-0.0113055800	-0.0095801521	-0.0086419747	-0.0095161379	-0.0076824127	-0.0101614605	-0.0080084988	-0.0073445335	-0.0110087109	-0.0107241371	-0.0116497932	-0.0096751209
-0.0121421558	-0.0111767769	-0.0115047572	-0.0104100190	-0.0095664604	-0.0105261856	-0.0072760581	-0.0109622946	-0.0076444829	0.4996303690	-0.0085699936	-0.0096597478	-0.0088264711	-0.0101761793	-0.0135366297	-0.0135321299	-0.0042808127	-0.0078067032	-0.0106681356	-0.0070523634	-0.0068438182	-0.0083614268	-0.0051433125	-0.0057638287	-0.0084286969	-0.0101691678	-0.0051752039	0.0003709521	-0.0022307720	-0.0011642182	-0.0011517248	-0.0053996259	-0.0031649114	-0.0046436920	-0.0026487843	-0.0063484890	-0.0085038047	-0.0103577878	-0.0101482040	-0.0086608893	-0.0052420734	-0.0081632484	-0.0049457691	-0.0041618235	-0.0093515381	-0.0066083312	-0.0111096897	-0.0103139539	-0.0087829152	-0.0086262993	-0.0070285483	-0.0115731307	-0.0105250424	-0.0102259050	-0.0106699359	-0.0088562184	-0.0051592775	-0.0067288668	-0.0056123091	-0.0064588437	-0.0105118760	-0.0104285806	-0.0095291871	-0.0097612427
-0.0093076301	-0.0082970738	-0.0103804975	-0.0090663767	-0.0061898642	-0.0098436392	-0.0082199928	-0.0084408128	-0.0092202486	-0.0085699936	0.5198213929	-0.0081837350	-0.0100782202	-0.0087838513	-0.0117502311	-0.0102806047	-0.0089546659	-0.0074328393	-0.0081838222	-0.0092337390	-0.0085943510	-0.0096225188	-0.0083336052	-0.0060397925	-0.0118029333	-0.0082930741	-0.0078543876	-0.0058103231	-0.0046101153	-0.0041192695	-0.0061635265	-0.0083984157	-0.0066710357	-0.0076612810	-0.0066534687	-0.0072226420	-0.0071616397	-0.0077402613	-0.0095486913	-0.0065926894	-0.0070297245	-0.0097279190	-0.0048269486	-0.0050132708	-0.0066200740	-0.0086292909	-0.0084596316	-0.0082097709	-0.0059496927	-0.0082043219	-0.0071968660	-0.0108826276	-0.0119127200	-0.0094648837	-0.0099005264	-0.0084376686	-0.0064130914	-0.0079238076	-0.0077363230	-0.0092949907	-0.0118426091	-0.0102811136	-0.0071040063	-0.0094476546
-0.0014032634	-0.0053739780	-0.0057986174	-0.0052124162	-0.0100324103	-0.0060356112	-0.0102922626	-0.0065170263	-0.0090039129	-0.0096597478	-0.0081837350	0.5344128634	-0.0102171527	-0.0067312920	-0.0067431267	-0.0013700331	-0.0099219119	-0.0069599138	-0.0042259264	-0.0096464051	-0.0085989152	-0.0075642446	-0.0122647839	-0.0069930966	-0.0099070533	-0.0063476054	-0.0073230364	-0.0125250397	-0.0124873092	-0.0128943061	-0.0130847156	-0.0077526302	-0.0116856136	-0.0108106714	-0.0120515604	-0.0107190021	-0.0088566002	-0.0062212396	-0.0052550001	-0.0081345204	-0.0112704140	-0.0085769902	-0.0110343003	-0.0104583933	-0.0082484678	-0.0100582788	-0.0069353268	-0.0071427378	-0.0077006981	-0.0063140300	-0.0068700957	-0.0080943478	-0.0121328390	-0.0061191220	-0.0065504927	-0.0080692899	-0.0111763926	-0.0106302946	-0.0096700151	-0.0096251178	-0.0103095921	-0.0074786195	-0.0057288867	-0.0094124340
-0.0069312227	-0.0094342829	-0.0080900714	-0.0095176238	-0.0083079561	-0.0090530908	-0.0075545406	-0.0087647025	-0.0082191164	-0.0088264711	-0.0100782202	-0.0102171527	0.5208474872	-0.0097032968	-0.0100052617	-0.0098580140	-0.0096110576	-0.0074896950	-0.0057689983	-0.0073382498	-0.0061052766	-0.0088393222	-0.0094903321	-0.0072921094	-0.0083038858	-0.0079113073	-0.0070084766	-0.0055605636	-0.0074389152	-0.0078443393	-0.0043939300	-0.0061434856	-0.0060772907	-0.0087016236	-0.0073937705	-0.0088950338	-0.0088511137	-0.0086685768	-0.0080479926	-0.0076830652	-0.0091019403	-0.0075341196	-0.0073403773	-0.0072599691	-0.0076984382	-0.0088511690	-0.0090884304	-0.0097108279	-0.0086880150	-0.0074304024	-0.0084634433	-0.0108114318	-0.0103062403	-0.0081977206	-0.0090268446	-0.0090609552	-0.0075745132	-0.0082200296	-0.0085032236	-0.0082601229	-0.0083446282	-0.0088138704	-0.0080876078	-0.0090537315
-0.0025808987	-0.0052710834	-0.0055409646	-0.0042488364	-0.0075684001	-0.0067991673	-0.0110531065	-0.0064337273	-0.0087173021	-0.0101761793	-0.0087838513	-0.0067312920	-0.0097032968	0.5439067006	-0.0052712719	0.0003188495	-0.0084727544	-0.0056911379	-0.0033438285	-0.0118001112	-0.0078563530	-0.0078864497	-0.0102418762	-0.0089089335	-0.0091802910	-0.0032460314	-0.0094460550	-0.0108767727	-0.0142018936	-0.0137932272	-0.0148255335	-0.0097678527	-0.0130712182	-0.0112078010	-0.0136536704	-0.0103340470	-0.0088124132	-0.0068012156	-0.0039663425	-0.0103027728	-0.0117636708	-0.0081961366	-0.0121366246	-0.0120665427	-0.0099090825	-0.0108382813	-0.0081120771	-0.0079719486	-0.0098939477	-0.0050041518	-0.0074621917	-0.0100872380	-0.0076870613	-0.0052494980	-0.0075446483	-0.0074485835	-0.0114649262	-0.0125645562	-0.0102180561	-0.0110254994	-0.0098174804	-0.0072411820	-0.0056789344	-0.0082752711
0.0027099662	-0.0062593397	-0.0049379802	-0.0066250555	-0.0115889732	-0.0072242852	-0.0124461940	-0.0058545401	-0.0094416749	-0.0135366297	-0.0117502311	-0.0067431267	-0.0100052617	-0.0052712719	0.6459842263	-0.0003547689	-0.0109522333	-0.0077774789	-0.0050264432	-0.0105992779	-0.0100156297	-0.0081554598	-0.0153339375	-0.0105876654	-0.0106539695	-0.0055354450	-0.0110360750	-0.0185604936	-0.0179106819	-0.0182687287	-0.0172569713	-0.0119973509	-0.0170621880	-0.0148541674	-0.0173847992	-0.0134843584	-0.0092361451	-0.0068197370	-0.0037157226	-0.0090051258	-0.0127108727	-0.0101193518	-0.0132733975	-0.0164111169	-0.0115204022	-0.0148403062	-0.0088678306	-0.0090332976	-0.0094013810	-0.0058856150	-0.0093020015	-0.0101126066	-0.0106039517	-0.0080963656	-0.0044979888	-0.0107153226	-0.0142142448	-0.0163780026	-0.0120794099	-0.0142612147	-0.0079243004	-0.0065151008	-0.0074708529	-0.0111898402
0.0104220638	-0.0007238111	-0.0000837200	0.0016965977	-0.0135482437	-0.0030926006	-0.0132536345	-0.0032365445	-0.0105667322	-0.0135321299	-0.0102806047	-0.0013700331	-0.0098580140	0.0003188495	-0.0003547689	0.6267075114	-0.0120691692	-0.0073317237	-0.0004436510	-0.0102881999	-0.0125989486	-0.0060926646	-0.0158564872	-0.0095256319	-0.0107269942	-0.0028940539	-0.0116686641	-0.0228759615	-0.0227865866	-0.0258795574	-0.0243620663	-0.0133297905	-0.0237520267	-0.0190780717	-0.0204841339	-0.0163275963	-0.0099152319	-0.0060737052	-0.0012076685	-0.0099399235	-0.0169362457	-0.0105646282	-0.0182588100	-0.0185212235	-0.0111038469	-0.0139216674	-0.0050519939	-0.0060950865	-0.0101277019	-0.0028386767	-0.0089722180	-0.0100965603	-0.0106429461	-0.0015454302	-0.0047978783	-0.0107252755	-0.0164629511	-0.0173140523	-0.0111677880	-0.0157168027	-0.0100073205	-0.0030297839	-0.0013745342	-0.0084622551
-0.0117280712	-0.0105597056	-0.0128931526	-0.0110709009	-0.0078741945	-0.0093608057	-0.0055719098	-0.0101134224	-0.0075290867	-0.0042808127	-0.0089546659	-0.0099219119	-0.0096110576	-0.0084727544	-0.0109522333	-0.0120691692	0.4975511791	-0.0070374513	-0.0098848336	-0.0075914498	-0.0066513635	-0.0085473393	-0.0083091560	-0.0087162390	-0.0089672832	-0.0079446131	-0.0051949402	-0.0019081054	-0.0042343231	-0.0022277517	-0.0019416708	-0.0055052007	-0.0025278760	-0.0043769651	-0.0019624811	-0.0058904343	-0.0066598385	-0.0099586030	-0.0089585647	-0.0096044239	-0.0057150964	-0.0080236124	-0.0046001979	-0.0061523036	-0.0073524717	-0.0075580976	-0.0088804601	-0.0081452563	-0.0082905034	-0.0081674293	-0.0089196401	-0.0103657319	-0.0111917905	-0.0120232518	-0.0083895121	-0.0104998892	-0.0063946946	-0.0073644185	-0.0072393746	-0.0076781033	-0.0100009835	-0.0099287945	-0.0111722044	-0.0079325998
-0.0066338485	-0.0088559591	-0.0071673776	-0.0069765478	-0.0073202309	-0.0073747509	-0.0077409242	-0.0071641068	-0.0097803930	-0.0078067032	-0.0074328393	-0.0069599138	-0.0074896950	-0.0056911379	-0.0077774789	-0.0073317237	-0.0070374513	0.4465170956	-0.0054370836	-0.0078478910	-0.0096303523	-0.0067955221	-0.0073101027	-0.0073422403	-0.0077597334	-0.0071668245	-0.0065165629	-0.0049356473	-0.0063158882	-0.0048822485	-0.0053812292	-0.0066647573	-0.0056291514	-0.0049510623	-0.0051747099	-0.0085991430	-0.0059749901	-0.0083743095	-0.0076813840	-0.0077365229	-0.0074836137	-0.0068409345	-0.0054312476	-0.0056623453	-0.0079758137	-0.0080677968	-0.0064039792	-0.0064927246	-0.0070418143	-0.0048522666	-0.0056426294	-0.0087641781	-0.0080920154	-0.0079843231	-0.0078839832	-0.0097354069	-0.0072953367	-0.0053338033	-0.0077191452	-0.0075526997	-0.0068983336	-0.0094107749	-0.0053730874	-0.0079304042
0.0016588887	-0.0025881539	-0.0030405327	-0.0045390230	-0.0094467995	-0.0053747719	-0.0088581519	-0.0038634599	-0.0064324788	-0.0106681356	-0.0081838222	-0.0042259264	-0.0057689983	-0.0033438285	-0.0050264432	-0.0004436510	-0.0098848336	-0.0054370836	0.4935967727	-0.0093930134	-0.0077175313	-0.0063187084	-0.0106100689	-0.0086549373	-0.0093254788	-0.0049621428	-0.0080466367	-0.0133866302	-0.0131426163	-0.0123015894	-0.0126110453	-0.0092491916	-0.0131814282	-0.0115348800	-0.0116320881	-0.0106324502	-0.0077789521	-0.0061732779	-0.0030206783	-0.0075306669	-0.0112976343	-0.0087524004	-0.0098358301	-0.0101309246	-0.0096405878	-0.0119998556	-0.0068836498	-0.0057141238	-0.0091072964	-0.0059148146	-0.0077939890	-0.0082136625	-0.0071363246	-0.0060743066	-0.0078071876	-0.0077166069	-0.0103256993	-0.0107168836	-0.0106240498	-0.0094545024	-0.0082574986	-0.0058017535	-0.0045813580	-0.0071446153
-0.0104347216	-0.0114617759	-0.0088284092	-0.0108544111	-0.0091417857	-0.0094514471	-0.0084119618	-0.0098321849	-0.0088519066	-0.0070523634	-0.0092337390	-0.0096464051	-0.0073382498	-0.0118001112	-0.0105992779	-0.0102881999	-0.0075914498	-0.0078478910	-0.0093930134	0.4969170809	-0.0087710660	-0.0071336623	-0.0084349875	-0.0084231421	-0.0094688456	-0.0088368705	-0.0049828260	-0.0033917795	-0.0048273601	-0.0038614153	-0.0020273811	-0.0051317428	-0.0045730812	-0.0061921515	-0.0045279975	-0.0052006158	-0.0075937399	-0.0085176755	-0.0066391661	-0.0092631730	-0.0046800261	-0.0096741769	-0.0049469979	-0.0051648877	-0.0057619498	-0.0055253910	-0.0094865797	-0.0084054970	-0.0062591807	-0.0095281915	-0.0076836050	-0.0106701680	-0.0096562385	-0.0109893920	-0.0084327390	-0.0086312019	-0.0047232920	-0.0066307808	-0.0073300104	-0.0064638741	-0.0113022028	-0.0092040614	-0.0112347642	-0.0086738890
-0.0117106997	-0.0102241744	-0.0114324394	-0.0102044560	-0.0074643790	-0.0081167675	-0.0043422171	-0.0083521752	-0.0096459812	-0.0068438182	-0.0085943510	-0.0085989152	-0.0061052766	-0.0078563530	-0.0100156297	-0.0125989486	-0.0066513635	-0.0096303523	-0.0077175313	-0.0087710660	0.4699425071	-0.0077652718	-0.0051132785	-0.0097566356	-0.0101033507	-0.0075085478	-0.0032135149	-0.0016544768	-0.0031697047	-0.0017380848	-0.0022570091	-0.0063747185	-0.0046237205	-0.0049078907	-0.0033883928	-0.0050230484	-0.0074332653	-0.0085995022	-0.0091254184	-0.0082492161	-0.0051990968	-0.0044263564	-0.0070168351	-0.0040913216	-0.0078250827	-0.0053324153	-0.0095422678	-0.0088377827	-0.0096139549	-0.0089348111	-0.0084710589	-0.0088400999	-0.0091952630	-0.0084770544	-0.0086071420	-0.0084377195	-0.0046566859	-0.0071070963	-0.0082227540	-0.0059647427	-0.0073506639	-0.0104084297	-0.0098012827	-0.0087006476
-0.0054983304	-0.0057789833	-0.0092819956	-0.0094617875	-0.0114143015	-0.0078335015	-0.0092923620	-0.0079238058	-0.0075802499	-0.0083614268	-0.0096225188	-0.0075642446	-0.0088393222	-0.0078864497	-0.0081554598	-0.0060926646	-0.0085473393	-0.0067955221	-0.0063187084	-0.0071336623	-0.0077652718	0.5411729654	-0.0105054638	-0.0101144181	-0.0111732009	-0.0066594689	-0.0080378060	-0.0084269678	-0.0101323636	-0.0084825198	-0.0083384882	-0.0084146784	-0.0081240092	-0.0102258315	-0.0095125534	-0.0087782552	-0.0080639286	-0.0080013983	-0.0058998280	-0.0088094090	-0.0101067916	-0.0098240146	-0.0087027089	-0.0088542495	-0.0089881908	-0.0104571717	-0.0078605645	-0.0072657913	-0.0079692301	-0.0072187561	-0.0085325773	-0.0120794519	-0.0100456522	-0.0084485609	-0.0085307550	-0.0106626607	-0.0076173488	-0.0084285387	-0.0100757185	-0.0085654770	-0.0104215932	-0.0098154751	-0.0073315797	-0.0085216107
-0.0137467544	-0.0110392219	-0.0118802210	-0.0112868513	-0.0062875204	-0.0119798599	-0.0059016883	-0.0107720744	-0.0092151735	-0.0051433125	-0.0083336052	-0.0122647839	-0.0094903321	-0.0102418762	-0.0153339375	-0.0158564872	-0.0083091560	-0.0073101027	-0.0106100689	-0.0084349875	-0.0051132785	-0.0105054638	0.4990264639	-0.0079081261	-0.0096476546	-0.0105939533	-0.0054981492	0.0000051341	-0.0004681333	0.0005505276	0.0012963902	-0.0059907634	-0.0015328121	-0.0045831212	-0.0006520443	-0.0032662410	-0.0065882533	-0.0108184852	-0.0117139913	-0.0059603283	-0.0072232457	-0.0091493116	-0.0034432451	-0.0052172228	-0.0073914109	-0.0074998300	-0.0103596528	-0.0093850992	-0.0064942437	-0.0097119128	-0.0078541952	-0.0122977387	-0.0095024751	-0.0121170119	-0.0073477082	-0.0099497187	-0.0037893051	-0.0037477005	-0.0067633811	-0.0063765905	-0.0098404436	-0.0115331623	-0.0103191753	-0.0092859211
-0.0076901416	-0.0093072342	-0.0087480669	-0.0065413613	-0.0085576366	-0.0101455580	-0.0090700741	-0.0092901768	-0.0083686864	-0.0057638287	-0.0060397925	-0.0069930966	-0.0072921094	-0.0089089335	-0.0105876654	-0.0095256319	-0.0087162390	-0.0073422403	-0.0086549373	-0.0084231421	-0.0097566356	-0.0101144181	-0.0079081261	0.5064343959	-0.0079389368	-0.0079715247	-0.0067628369	-0.0065243732	-0.0057495160	-0.0066482398	-0.0069340431	-0.0055921763	-0.0077150300	-0.0082433554	-0.0063955961	-0.0072498173	-0.0070859716	-0.0081895449	-0.0081048158	-0.0090828107	-0.0086371911	-0.0088841939	-0.0076105598	-0.0071171993	-0.0086984899	-0.0086732471	-0.0090438926	-0.0088852628	-0.0063554380	-0.0058078577	-0.0072872858	-0.0104547645	-0.0103120828	-0.0083133241	-0.0080040182	-0.0085262984	-0.0080585426	-0.0084571745	-0.0057994839	-0.0074174748	-0.0086904943	-0.0083211083	-0.0057040525	-0.0114406379
-0.0099376855	-0.0106224645	-0.0094484527	-0.0087234756	-0.0107179051	-0.0099251582	-0.0105508156	-0.0101257778	-0.0101374533	-0.0084286969	-0.0118029333	-0.0099070533	-0.0083038858	-0.0091802910	-0.0106539695	-0.0107269942	-0.0089672832	-0.0077597334	-0.0093254788	-0.0094688456	-0.0101033507	-0.0111732009	-0.0096476546	-0.0079389368	0.5782096825	-0.0090653354	-0.0070193057	-0.0062820235	-0.0088398257	-0.0064520621	-0.0074564984	-0.0077537373	-0.0094165164	-0.0066637048	-0.0074107065	-0.0079815105	-0.0078403627	-0.0107017684	-0.0101158098	-0.0084954348	-0.0100652169	-0.0112216577	-0.0078051502	-0.0082497478	-0.0082257702	-0.0092172387	-0.0091501613	-0.0062321362	-0.0081418030	-0.0110313572	-0.0094565383	-0.0103523979	-0.0121122793	-0.0096563875	-0.0094373243	-0.0106468393	-0.0083045857	-0.0088339755	-0.0079366698	-0.0093167054	-0.0096848317	-0.0101606341	-0.0091906209	-0.0087075554
-0.0004091153	-0.0058179426	-0.0053395385	-0.0026780370	-0.0081524506	-0.0065921359	-0.0114563173	-0.0037137530	-0.0092354347	-0.0101691678	-0.0082930741	-0.0063476054	-0.0079113073	-0.0032460314	-0.0055354450	-0.0028940539	-0.0079446131	-0.0071668245	-0.0049621428	-0.0088368705	-0.0075085478	-0.0066594689	-0.0105939533	-0.0079715247	-0.0090653354	0.5229040897	-0.0085500487	-0.0103487483	-0.0130311240	-0.0123601731	-0.0111550820	-0.0100774680	-0.0114319988	-0.0115578490	-0.0098241460	-0.0099222636	-0.0066577363	-0.0073580821	-0.0060599145	-0.0093410217	-0.0093163163	-0.0085382031	-0.0114894365	-0.0112512861	-0.0086448525	-0.0090519434	-0.0096760702	-0.0079419701	-0.0082880326	-0.0073480527	-0.0077091983	-0.0095313350	-0.0116370125	-0.0081128772	-0.0081721144	-0.0103504380	-0.0098254550	-0.0107783251	-0.0086356521	-0.0097665590	-0.0095786773	-0.0056708057	-0.0050681878	-0.0103449416
-0.0105384096	-0.0124863131	-0.0104164896	-0.0103030693	-0.0085130707	-0.0088652750	-0.0064904657	-0.0090334060	-0.0064464965	-0.0051752039	-0.0078543876	-0.0073230364	-0.0070084766	-0.0094460550	-0.0110360750	-0.0116686641	-0.0051949402	-0.0065165629	-0.0080466367	-0.0049828260	-0.0032135149	-0.0080378060	-0.0054981492	-0.0067628369	-0.0070193057	-0.0085500487	0.4235774299	-0.0000821713	-0.0015766239	-0.0005193591	-0.0004725442	-0.0040246982	-0.0011834938	-0.0046986916	-0.0016685854	-0.0029897388	-0.0068742284	-0.0082574240	-0.0108889052	-0.0079183093	-0.0031853059	-0.0070239955	-0.0025473550	-0.0025809684	-0.0062478311	-0.0057667468	-0.0079296524	-0.0067766191	-0.0083587563	-0.0078772127	-0.0089366678	-0.0079439511	-0.0090717838	-0.0081563191	-0.0088802493	-0.0073116766	-0.0036163928	-0.0053649491	-0.0057363055	-0.0055041065	-0.0102141449	-0.0086579828	-0.0086014398	-0.0097047230
-0.0208661591	-0.0155422493	-0.0144017722	-0.0130158918	-0.0038916723	-0.0133029062	-0.0028147122	-0.0119248200	-0.0074021083	0.0003709521	-0.0058103231	-0.0125250397	-0.0055605636	-0.0108767727	-0.0185604936	-0.0228759615	-0.0019081054	-0.0049356473	-0.0133866302	-0.0033917795	-0.0016544768	-0.0084269678	0.0000051341	-0.0065243732	-0.0062820235	-0.0103487483	-0.0000821713	0.3145924367	0.0146263431	0.0149651452	0.0141038534	0.0007175160	0.0106330150	0.0045045121	0.0099444696	0.0025272453	-0.0015053810	-0.0102113906	-0.0132464282	-0.0030938797	0.0018738963	-0.0058020558	0.0056349167	0.0049581557	-0.0034569122	-0.0005736838	-0.0103671142	-0.0094388695	-0.0052213698	-0.0089638835	-0.0062700144	-0.0102699013	-0.0095645882	-0.0110181743	-0.0099832009	-0.0092399994	0.0041312744	0.0022233016	-0.0030904463	0.0018817163	-0.0078002996	-0.0137169197	-0.0126875472	-0.0058594551
-0.0208998293	-0.0153141119	-0.0141448858	-0.0139996901	-0.0022579494	-0.0124526558	-0.0036342048	-0.0113856607	-0.0089642994	-0.0022307720	-0.0046101153	-0.0124873092	-0.0074389152	-0.0142018936	-0.0179106819	-0.0227865866	-0.0042343231	-0.0063158882	-0.0131426163	-0.0048273601	-0.0031697047	-0.0101323636	-0.0004681333	-0.0057495160	-0.0088398257	-0.0130311240	-0.0015766239	0.0146263431	0.3493933197	0.0124519927	0.0152586619	-0.0001053980	0.0082872968	0.0064859923	0.0070782807	0.0020439079	-0.0030011141	-0.0104267812	-0.0131225432	-0.0060757998	0.0035678574	-0.0068240303	0.0061169442	0.0048395739	-0.0027652364	-0.0016339982	-0.0113752810	-0.0090641659	-0.0060097278	-0.0081439294	-0.0080549350	-0.0078642358	-0.0089987495	-0.0136243812	-0.0097938416	-0.0085366365	0.0040351112	0.0020615584	-0.0026126800	-0.0021738691	-0.0095975766	-0.0115735859	-0.0119608519	-0.0067004523
-0.0228554297	-0.0179379249	-0.0170752864	-0.0153793949	-0.0037860374	-0.0145719357	-0.0018801363	-0.0113146981	-0.0066295451	-0.0011642182	-0.0041192695	-0.0128943061	-0.0078443393	-0.0137932272	-0.0182687287	-0.0258795574	-0.0022277517	-0.0048822485	-0.0123015894	-0.0038614153	-0.0017380848	-0.0084825198	0.0005505276	-0.0066482398	-0.0064520621	-0.0123601731	-0.0005193591	0.0149651452	0.0124519927	0.3316659539	0.0183349057	0.0003776991	0.0131532555	0.0054938716	0.0126652567	0.0037132620	-0.0033440447	-0.0115540068	-0.0124450388	-0.0050283312	0.0025737313	-0.0067386671	0.0075281477	0.0055195212	-0.0033275333	-0.0019556791	-0.0110938104	-0.0092413647	-0.0050775636	-0.0102871602	-0.0056185136	-0.0084183546	-0.0083791269	-0.0153980870	-0.0123553641	-0.0068794691	0.0055748071	0.0023477213	-0.0028829731	0.0001791905	-0.0089223969	-0.0134203913	-0.0130961688	-0.0067634650
-0.0222608240	-0.0154832755	-0.0150925123	-0.0151714047	-0.0033858694	-0.0134385742	-0.0021279893	-0.0128943441	-0.0073437804	-0.0011517248	-0.0061635265	-0.0130847156	-0.0043939300	-0.0148255335	-0.0172569713	-0.0243620663	-0.0019416708	-0.0053812292	-0.0126110453	-0.0020273811	-0.0022570091	-0.0083384882	0.0012963902	-0.0069340431	-0.0074564984	-0.0111550820	-0.0004725442	0.0141038534	0.0152586619	0.0183349057	0.3113002711	0.0030605217	0.0121091385	0.0068372498	0.0118034994	0.0040767534	-0.0023809102	-0.0111743132	-0.0132524930	-0.0038853329	0.0032979359	-0.0060057835	0.0069528960	0.0049295019	-0.0029911237	-0.0005833417	-0.0103114161	-0.0091994854	-0.0048118063	-0.0083139731	-0.0068794017	-0.0102596383	-0.0096817108	-0.0129356155	-0.0104362010	-0.0080557760	0.0033919131	0.0043957109	-0.0019279717	0.0007444351	-0.0091291448	-0.0129120343	-0.0135179913	-0.0062361406
-0.0123179808	-0.0104641330	-0.0093375063	-0.0081305945	-0.0075081970	-0.0075762171	-0.0077244752	-0.0090792946	-0.0086070088	-0.0053996259	-0.0083984157	-0.0077526302	-0.0061434856	-0.0097678527	-0.0119973509	-0.0133297905	-0.0055052007	-0.0066647573	-0.0092491916	-0.0051317428	-0.0063747185	-0.0084146784	-0.0059907634	-0.0055921763	-0.0077537373	-0.0100774680	-0.0040246982	0.0007175160	-0.0001053980	0.0003776991	0.0030605217	0.4241623426	-0.0019173876	-0.0012717709	-0.0023310168	-0.0037893645	-0.0061954239	-0.0082546358	-0.0087512096	-0.0074910998	-0.0042421164	-0.0072541865	-0.0025103350	-0.0025284600	-0.0062666119	-0.0052788492	-0.0095797707	-0.0092912560	-0.0072200958	-0.0064319025	-0.0076438907	-0.0094632955	-0.0085981556	-0.0096893198	-0.0087767779	-0.0084081095	-0.0057403646	-0.0045948978	-0.0057549261	-0.0052969037	-0.0088942129	-0.0101558345	-0.0086541873	-0.0076226217
-0.0210319000	-0.0135575886	-0.0135593770	-0.0142538587	-0.0053683755	-0.0128545853	-0.0040942534	-0.0116672720	-0.0061612444	-0.0031649114	-0.0066710357	-0.0116856136	-0.0060772907	-0.0130712182	-0.0170621880	-0.0237520267	-0.0025278760	-0.0056291514	-0.0131814282	-0.0045730812	-0.0046237205	-0.0081240092	-0.0015328121	-0.0077150300	-0.0094165164	-0.0114319988	-0.0011834938	0.0106330150	0.0082872968	0.0131532555	0.0121091385	-0.0019173876	0.3768270140	0.0036261264	0.0081820430	0.0000167692	-0.0018549045	-0.0110208391	-0.0122257162	-0.0066344535	-0.0002979073	-0.0068585137	0.0051855860	0.0030510737	-0.0043355669	-0.0033913928	-0.0106927270	-0.0086235753	-0.0054298589	-0.0094296420	-0.0071044447	-0.0095502654	-0.0095316515	-0.0137214861	-0.0117867654	-0.0083601418	0.0020596648	0.0010876495	-0.0045640657	-0.0015307280	-0.0091001105	-0.0115606538	-0.0131404552	-0.0075835224
-0.0183570844	-0.0146234514	-0.0144845915	-0.0121707014	-0.0045832966	-0.0106437948	-0.0068352666	-0.0112448037	-0.0087391758	-0.0046436920	-0.0076612810	-0.0108106714	-0.0087016236	-0.0112078010	-0.0148541674	-0.0190780717	-0.0043769651	-0.0049510623	-0.0115348800	-0.0061921515	-0.0049078907	-0.0102258315	-0.0045831212	-0.0082433554	-0.0066637048	-0.0115578490	-0.0046986916	0.0045045121	0.0064859923	0.0054938716	0.0068372498	-0.0012717709	0.0036261264	0.4392852871	0.0024702373	-0.0038222900	-0.0062709175	-0.0107571636	-0.0115386460	-0.0064964471	-0.0030676514	-0.0093198494	0.0001979520	-0.0008370620	-0.0084491698	-0.0035957980	-0.0119460209	-0.0091178413	-0.0073758758	-0.0081400401	-0.0062562670	-0.0096574681	-0.0104573822	-0.0120001900	-0.0100732927	-0.0083661860	-0.0010723498	-0.0027851348	-0.0064024639	-0.0037443762	-0.0095907200	-0.0119009006	-0.0094218471	-0.0085911290
-0.0192922837	-0.0143211300	-0.0140900020	-0.0139329134	-0.0051145470	-0.0107001355	-0.0031564164	-0.0102916299	-0.0072153578	-0.0026487843	-0.0066534687	-0.0120515604	-0.0073937705	-0.0136536704	-0.0173847992	-0.0204841339	-0.0019624811	-0.0051747099	-0.0116320881	-0.0045279975	-0.0033883928	-0.0095125534	-0.0006520443	-0.0063955961	-0.0074107065	-0.0098241460	-0.0016685854	0.0099444696	0.0070782807	0.0126652567	0.0118034994	-0.0023310168	0.0081820430	0.0024702373	0.3592747586	0.0020005540	-0.0043744136	-0.0084411744	-0.0123122086	-0.0060003066	-0.0001630687	-0.0071812420	0.0054300971	0.0014836252	-0.0044690223	-0.0015082579	-0.0081361515	-0.0082819675	-0.0038477102	-0.0084773601	-0.0072775898	-0.0093182292	-0.0100855676	-0.0125935662	-0.0117404241	-0.0104665034	0.0024729721	0.0001975187	-0.0026293657	-0.0002822455	-0.0106884427	-0.0124351318	-0.0119138393	-0.0075146027
-0.0140351078	-0.0133177543	-0.0126574270	-0.0116699597	-0.0070876516	-0.0110183826	-0.0050577894	-0.0102475617	-0.0081528245	-0.0063484890	-0.0072226420	-0.0107190021	-0.0088950338	-0.0103340470	-0.0134843584	-0.0163275963	-0.0058904343	-0.0085991430	-0.0106324502	-0.0052006158	-0.0050230484	-0.0087782552	-0.0032662410	-0.0072498173	-0.0079815105	-0.0099222636	-0.0029897388	0.0025272453	0.0020439079	0.0037132620	0.0040767534	-0.0037893645	0.0000167692	-0.0038222900	0.0020005540	0.4360857784	-0.0031032536	-0.0085082231	-0.0094223020	-0.0073065218	-0.0043154722	-0.0077178214	0.0004659268	-0.0026369649	-0.0042404012	-0.0055680676	-0.0107899226	-0.0083964850	-0.0056541537	-0.0109412335	-0.0088339177	-0.0116080569	-0.0105759810	-0.0116320578	-0.0111752450	-0.0086738302	-0.0007756521	-0.0032610526	-0.0043227498	-0.0042186561	-0.0093603991	-0.0102769673	-0.0114938443	-0.0064001646
-0.0097627771	-0.0077095514	-0.0086963313	-0.0080289585	-0.0078095859	-0.0077737336	-0.0080257509	-0.0074181444	-0.0080234929	-0.0085038047	-0.0071616397	-0.0088566002	-0.0088511137	-0.0088124132	-0.0092361451	-0.0099152319	-0.0066598385	-0.0059749901	-0.0077789521	-0.0075937399	-0.0074332653	-0.0080639286	-0.0065882533	-0.0070859716	-0.0078403627	-0.0066577363	-0.0068742284	-0.0015053810	-0.0030011141	-0.0033440447	-0.0023809102	-0.0061954239	-0.0018549045	-0.0062709175	-0.0043744136	-0.0031032536	0.4517451963	-0.0081936648	-0.0075966578	-0.0089732115	-0.0070299277	-0.0095097368	-0.0058236180	-0.0057934357	-0.0079172032	-0.0070930481	-0.0094913090	-0.0063259954	-0.0072701059	-0.0063509283	-0.0073475409	-0.0094940658	-0.0097366042	-0.0097497694	-0.0084971780	-0.0084946527	-0.0052319215	-0.0049453363	-0.0073657277	-0.0066506905	-0.0073529512	-0.0090360966	-0.0087382175	-0.0065686973
-0.0010526282	-0.0046485725	-0.0070991377	-0.0061811800	-0.0095890813	-0.0073608548	-0.0101492758	-0.0065543168	-0.0112970894	-0.0103577878	-0.0077402613	-0.0062212396	-0.0086685768	-0.0068012156	-0.0068197370	-0.0060737052	-0.0099586030	-0.0083743095	-0.0061732779	-0.0085176755	-0.0085995022	-0.0080013983	-0.0108184852	-0.0081895449	-0.0107017684	-0.0073580821	-0.0082574240	-0.0102113906	-0.0104267812	-0.0115540068	-0.0111743132	-0.0082546358	-0.0110208391	-0.0107571636	-0.0084411744	-0.0085082231	-0.0081936648	0.5466023587	-0.0049967493	-0.0078261738	-0.0115566280	-0.0084564639	-0.0087934264	-0.0095765925	-0.0091858408	-0.0111695929	-0.0066082401	-0.0089215551	-0.0091498795	-0.0048748942	-0.0101233483	-0.0093915812	-0.0100223973	-0.0088595856	-0.0082494085	-0.0105440006	-0.0092633367	-0.0119623214	-0.0079051472	-0.0119960923	-0.0097892461	-0.0079176151	-0.0082821306	-0.0110731879
0.0018540035	-0.0031593731	-0.0050435733	-0.0047655586	-0.0100942919	-0.0068819751	-0.0089405453	-0.0051905178	-0.0093806516	-0.0101482040	-0.0095486913	-0.0052550001	-0.0080479926	-0.0039663425	-0.0037157226	-0.0012076685	-0.0089585647	-0.0076813840	-0.0030206783	-0.0066391661	-0.0091254184	-0.0058998280	-0.0117139913	-0.0081048158	-0.0101158098	-0.0060599145	-0.0108889052	-0.0132464282	-0.0131225432	-0.0124450388	-0.0132524930	-0.0087512096	-0.0122257162	-0.0115386460	-0.0123122086	-0.0094223020	-0.0075966578	-0.0049967493	0.5137552167	-0.0095038074	-0.0107723141	-0.0080683649	-0.0117176296	-0.0094619472	-0.0078008197	-0.0114285256	-0.0061341041	-0.0083266083	-0.0077227734	-0.0051206046	-0.0076821096	-0.0099470871	-0.0085729894	-0.0046118746	-0.0057883663	-0.0086179760	-0.0106215371	-0.0124959295	-0.0098624653	-0.0106126438	-0.0095322475	-0.0050459631	-0.0056149849	-0.0080809700
-0.0075147033	-0.0088105921	-0.0099400255	-0.0092868673	-0.0085559383	-0.0081182880	-0.0075297655	-0.0073747907	0.0226996462	-0.0086608893	-0.0065926894	-0.0081345204	-0.0076830652	-0.0103027728	-0.0090051258	-0.0099399235	-0.0096044239	-0.0077365229	-0.0075306669	-0.0092631730	-0.0082492161	-0.0088094090	-0.0059603283	-0.0090828107	-0.0084954348	-0.0093410217	-0.0079183093	-0.0030938797	-0.0060757998	-0.0050283312	-0.0038853329	-0.0074910998	-0.0066344535	-0.0064964471	-0.0060003066	-0.0073065218	-0.0089732115	-0.0078261738	-0.0095038074	0.4709429463	-0.0071983923	-0.0081283559	-0.0075312743	-0.0050923310	-0.0087691910	-0.0073869962	-0.0097513308	-0.0077084701	-0.0073035540	-0.0067545704	-0.0073088432	-0.0104745591	-0.0100603401	-0.0099169838	-0.0068193199	-0.0102181269	-0.0067290601	-0.0068421322	-0.0081707837	-0.0057852670	-0.0104943473	-0.0089414938	-0.0100460652	-0.0084541653
-0.0158300358	-0.0135862383	-0.0114008000	-0.0125186822	-0.0079162991	-0.0122655438	-0.0074944825	-0.0115513092	-0.0102451664	-0.0052420734	-0.0070297245	-0.0112704140	-0.0091019403	-0.0117636708	-0.0127108727	-0.0169362457	-0.0057150964	-0.0074836137	-0.0112976343	-0.0046800261	-0.0051990968	-0.0101067916	-0.0072232457	-0.0086371911	-0.0100652169	-0.0093163163	-0.0031853059	0.0018738963	0.0035678574	0.0025737313	0.0032979359	-0.0042421164	-0.0002979073	-0.0030676514	-0.0001630687	-0.0043154722	-0.0070299277	-0.0115566280	-0.0107723141	-0.0071983923	0.4736390440	-0.0087643996	-0.0004512037	-0.0038523410	-0.0062792770	-0.0050148638	-0.0099225581	-0.0097460870	-0.0075619623	-0.0075192180	-0.0093663670	-0.0081889448	-0.0099219725	-0.0122403947	-0.0109009950	-0.0088795913	-0.0034152735	-0.0033442304	-0.0087110078	-0.0065819244	-0.0082515922	-0.0096269539	-0.0117500639	-0.0062447315
-0.0099988038	-0.0118794972	-0.0096626190	-0.0100527930	-0.0085517790	-0.0096817403	-0.0080255939	-0.0082079921	-0.0095050311	-0.0081632484	-0.0097279190	-0.0085769902	-0.0075341196	-0.0081961366	-0.0101193518	-0.0105646282	-0.0080236124	-0.0068409345	-0.0087524004	-0.0096741769	-0.0044263564	-0.0098240146	-0.0091493116	-0.0088841939	-0.0112216577	-0.0085382031	-0.0070239955	-0.0058020558	-0.0068240303	-0.0067386671	-0.0060057835	-0.0072541865	-0.0068585137	-0.0093198494	-0.0071812420	-0.0077178214	-0.0095097368	-0.0084564639	-0.0080683649	-0.0081283559	-0.0087643996	0.5421845210	-0.0076960607	-0.0058966903	-0.0067734934	-0.0089291863	-0.0079321089	-0.0105667950	-0.0075849987	-0.0084661970	-0.0070352194	-0.0097053393	-0.0115110348	-0.0085251288	-0.0088481330	-0.0096199514	-0.0080617480	-0.0096477215	-0.0095405249	-0.0092344448	-0.0108556011	-0.0108004021	-0.0083215861	-0.0091955842
-0.0175955157	-0.0141772247	-0.0137983995	-0.0115588051	-0.0050484182	-0.0127230820	-0.0041264664	-0.0089469176	-0.0066888219	-0.0049457691	-0.0048269486	-0.0110343003	-0.0073403773	-0.0121366246	-0.0132733975	-0.0182588100	-0.0046001979	-0.0054312476	-0.0098358301	-0.0049469979	-0.0070168351	-0.0087027089	-0.0034432451	-0.0076105598	-0.0078051502	-0.0114894365	-0.0025473550	0.0056349167	0.0061169442	0.0075281477	0.0069528960	-0.0025103350	0.0051855860	0.0001979520	0.0054300971	0.0004659268	-0.0058236180	-0.0087934264	-0.0117176296	-0.0075312743	-0.0004512037	-0.0076960607	0.3858578524	0.0007588114	-0.0050968400	-0.0041289783	-0.0094134182	-0.0069076278	-0.0028760206	-0.0079527693	-0.0082618504	-0.0077439723	-0.0092239725	-0.0115122449	-0.0092809572	-0.0093860544	0.0004431237	-0.0009233128	-0.0045984827	-0.0033136723	-0.0083205973	-0.0104632965	-0.0130303104	-0.0077048858
-0.0168162424	-0.0136611664	-0.0134678576	-0.0125309505	-0.0040533047	-0.0103306620	-0.0037649320	-0.0094817104	-0.0088938632	-0.0041618235	-0.0050132708	-0.0104583933	-0.0072599691	-0.0120665427	-0.0164111169	-0.0185212235	-0.0061523036	-0.0056623453	-0.0101309246	-0.0051648877	-0.0040913216	-0.0088542495	-0.0052172228	-0.0071171993	-0.0082497478	-0.0112512861	-0.0025809684	0.0049581557	0.0048395739	0.0055195212	0.0049295019	-0.0025284600	0.0030510737	-0.0008370620	0.0014836252	-0.0026369649	-0.0057934357	-0.0095765925	-0.0094619472	-0.0050923310	-0.0038523410	-0.0058966903	0.0007588114	0.4144688993	-0.0062269547	-0.0032642016	-0.0102767140	-0.0081679381	-0.0048526865	-0.0102696767	-0.0067241406	-0.0102644395	-0.0100080036	-0.0118157612	-0.0098355924	-0.0082674104	-0.0010039031	-0.0018774289	-0.0044769626	-0.0032818657	-0.0104895390	-0.0113002567	-0.0123956773	-0.0081686993
