1.0000000000	0.9029473686	0.9015131885	0.9019216707	0.9004603814	0.9019759660	0.9004196791	0.9027368686	0.9004537769	0.8996803564	0.8999575928	0.9023177885	0.9008568064	0.9014439946	0.9010826658	0.9022819244	0.9000143456	0.9019043146	0.9039325945	0.9006079848	0.9009084906	0.9007103549	0.8997556941	0.9012354146	0.8990367993	0.9027995347	0.9019189828	0.9000585038	0.8998045368	0.8992329383	0.8992029108	0.9015457504	0.8992883088	0.8991887034	0.8998940051	0.9004762015	0.9013679658	0.9021380072	0.9035026861	0.9019864103	0.8989753619	0.8996959462	0.9001200948	0.8998069943	0.9000893761	0.8993632625	0.9012266597	0.9008628733	0.9009734607	0.9029949058	0.9009167847	0.8987490418	0.8978133497	0.9030998870	0.9006340957	0.9000340056	0.9002144781	0.8990330363	0.9015892174	0.8996395773	0.8992628123	0.9008330762	0.9014937590	0.8997229786
0.9029473686	1.0000000000	0.9007297845	0.9023280025	0.9016004297	0.9012298852	0.9018303593	0.9028028370	0.9008422918	0.9008912114	0.9017250709	0.9016531123	0.9012354914	0.9015580379	0.8990379513	0.8992969101	0.9012685140	0.9021475300	0.9031491905	0.9012497756	0.9022397629	0.9019768107	0.9017554056	0.9016904355	0.8997152989	0.9015687126	0.9021056758	0.9032872711	0.9030319218	0.9020064543	0.9031832115	0.9032634641	0.9032560148	0.9017152409	0.9029191073	0.9017884282	0.9031319112	0.9012105324	0.9024468071	0.9023804547	0.9010219195	0.8999473020	0.9028404674	0.9021556705	0.9007221048	0.9015941324	0.9005629051	0.9013011526	0.9010779811	0.9026879490	0.9016505780	0.8990446326	0.8995123250	0.9031308361	0.9019933221	0.8999451517	0.9019916325	0.9017311378	0.9030409070	0.9009243108	0.8994634823	0.9006978370	0.9009958854	0.9008512002
0.9015131885	0.9007297845	1.0000000000	0.9026581518	0.9014985204	0.9012692819	0.9021737177	0.9025190729	0.9014177301	0.9016391353	0.9012305764	0.9020718852	0.9020187418	0.9015129582	0.8999173513	0.8997536205	0.9014799355	0.9032405787	0.9038124844	0.9023624842	0.9024562531	0.9014026012	0.9018703704	0.9025401920	0.9004936344	0.9025892651	0.9038217000	0.9036587372	0.9038005809	0.9024845143	0.9033218297	0.9039143169	0.9035383966	0.9020218905	0.9032286752	0.9027685856	0.9030095739	0.9019146821	0.9025144651	0.9024653151	0.9019126854	0.9012337250	0.9032592403	0.9024947283	0.9025620791	0.9013009990	0.9013105218	0.9014786300	0.9019441721	0.9030947416	0.9024909652	0.8994070366	0.9002436608	0.9022012110	0.9007551275	0.9002706933	0.9037396042	0.9022052044	0.9027920086	0.9019599155	0.9004930968	0.9011792761	0.9009423580	0.9013840931
0.9019216707	0.9023280025	0.9026581518	1.0000000000	0.9025304388	0.9032333598	0.9033977817	0.9031511872	0.9017122458	0.9025438782	0.9026160672	0.9028445377	0.9025716019	0.9029724811	0.8998593697	0.9006408538	0.9025975592	0.9038837518	0.9041254313	0.9023931261	0.9031717688	0.9020451599	0.9028984490	0.9037310798	0.9010515631	0.9038767633	0.9042982240	0.9051459070	0.9047111604	0.9042404729	0.9042661998	0.9052672459	0.9041551516	0.9036664937	0.9039990238	0.9034954672	0.9040596164	0.9027036155	0.9029576593	0.9036105856	0.9026083875	0.9017245333	0.9046018785	0.9035890057	0.9027188213	0.9022704049	0.9021533666	0.9025630774	0.9030593383	0.9040729023	0.9035463835	0.9013777190	0.9005300361	0.9017675395	0.9018208365	0.9009579478	0.9039083268	0.9029181090	0.9034310347	0.9024957266	0.9008519682	0.9012744273	0.9018509408	0.9028770995
0.9004603814	0.9016004297	0.9014985204	0.9025304388	1.0000000000	0.9029421464	0.9050710301	0.9041412514	0.9036220283	0.9048430205	0.9052128738	0.9028990634	0.9044694041	0.9036515183	0.8998679710	0.8972591841	0.9057136656	0.9055470166	0.9039827428	0.9050846999	0.9063373323	0.9028937644	0.9067077233	0.9046982585	0.9020428560	0.9039397366	0.9069260565	0.9107076839	0.9111882014	0.9107403994	0.9109499778	0.9071757997	0.9095092701	0.9084017836	0.9093758740	0.9071648177	0.9060097940	0.9032610066	0.9030160249	0.9058270945	0.9062981660	0.9041440929	0.9091795815	0.9090302117	0.9055297373	0.9060905843	0.9029174946	0.9031980333	0.9044610332	0.9052521937	0.9046533324	0.9018401893	0.9016740010	0.9024660831	0.9024147828	0.9032702990	0.9080017491	0.9071324095	0.9061806669	0.9064201961	0.9028744884	0.9018662234	0.9028852399	0.9045950436
0.9019759660	0.9012298852	0.9012692819	0.9032333598	0.9029421464	1.0000000000	0.9035927688	0.9035544472	0.9020390161	0.9029319324	0.9029356186	0.9027346414	0.9030074236	0.9020857086	0.9001862936	0.8995812886	0.9037896757	0.9040678337	0.9042943074	0.9036623466	0.9047189936	0.9027350254	0.9028820913	0.9029991296	0.9011106198	0.9027422443	0.9050152756	0.9053064891	0.9054036370	0.9049911615	0.9051901419	0.9053184694	0.9047926418	0.9046997944	0.9055668302	0.9040248275	0.9043693379	0.9023387540	0.9025702195	0.9041118382	0.9028115150	0.9022440636	0.9046861246	0.9045773036	0.9034690491	0.9034400967	0.9020399377	0.9028214986	0.9028932268	0.9037384523	0.9032165413	0.9012762705	0.9004781982	0.9022047436	0.9025128523	0.9022193350	0.9050818585	0.9036013700	0.9044153391	0.9036334711	0.9013025350	0.9022220229	0.9027450858	0.9021760216
0.9004196791	0.9018303593	0.9021737177	0.9033977817	0.9050710301	0.9035927688	1.0000000000	0.9039804389	0.9046357459	0.9066904440	0.9056495403	0.9037671743	0.9057786357	0.9029240991	0.9001200180	0.8983692049	0.9073207152	0.9065062085	0.9053744542	0.9058314719	0.9082320627	0.9050989074	0.9078874755	0.9059978137	0.9033419504	0.9035173543	0.9085203578	0.9119674584	0.9117173313	0.9123382333	0.9122367848	0.9081211681	0.9107751883	0.9085327989	0.9111589419	0.9092744255	0.9069746689	0.9041132974	0.9042496885	0.9071178949	0.9074593334	0.9050794778	0.9104479572	0.9098997049	0.9056486188	0.9071331775	0.9036407667	0.9044578078	0.9061438044	0.9059160252	0.9053096377	0.9024084855	0.9031018069	0.9032775179	0.9040860345	0.9038120236	0.9099847958	0.9115333262	0.9161541121	0.9073351530	0.9029492885	0.9032488727	0.9030896730	0.9051742450
0.9027368686	0.9028028370	0.9025190729	0.9031511872	0.9041412514	0.9035544472	0.9039804389	1.0000000000	0.9029708684	0.9032239138	0.9036161918	0.9034215119	0.9033812704	0.9028960683	0.9009653203	0.8997583819	0.9039586286	0.9049006180	0.9052253917	0.9036763237	0.9050512165	0.9033808864	0.9041053105	0.9036680296	0.9016524979	0.9046045664	0.9055700556	0.9065186496	0.9066277778	0.9065226430	0.9059588778	0.9058171877	0.9061481051	0.9052126434	0.9062761253	0.9052104163	0.9052038118	0.9033292790	0.9039580911	0.9048900969	0.9039971038	0.9031418180	0.9066621060	0.9060060310	0.9039137025	0.9041759636	0.9030118779	0.9038557978	0.9040459466	0.9042841702	0.9038193961	0.9012096108	0.9017075612	0.9029891460	0.9029297053	0.9020651271	0.9060903539	0.9047445670	0.9049636682	0.9044191022	0.9017058717	0.9028660408	0.9034178257	0.9031957294
0.9004537769	0.9008422918	0.9014177301	0.9017122458	0.9036220283	0.9020390161	0.9046357459	0.9029708684	1.0000000000	0.9047488676	0.9037511237	0.9026620685	0.9038556442	0.9025086285	0.8997449425	0.8978141177	0.9054120079	0.9038719251	0.9045568756	0.9048676722	0.9049591372	0.9039154689	0.9050673439	0.9043151961	0.9018344295	0.9030717793	0.9069222167	0.9086953009	0.9080419906	0.9088023556	0.9084430235	0.9066157975	0.9085844831	0.9062883360	0.9080127311	0.9064284901	0.9054289031	0.9019161413	0.9028052945	0.9122070644	0.9049136735	0.9030979671	0.9077282758	0.9063599874	0.9043221846	0.9046068703	0.9022965158	0.9032585491	0.9048774254	0.9043813182	0.9042111365	0.9012379489	0.9009103338	0.9022642611	0.9027039995	0.9026560783	0.9070485474	0.9047844245	0.9054606202	0.9059641768	0.9018014837	0.9014433803	0.9007373874	0.9034065365
0.8996803564	0.9008912114	0.9016391353	0.9025438782	0.9048430205	0.9029319324	0.9066904440	0.9032239138	0.9047488676	1.0000000000	0.9046587850	0.9032166181	0.9047768216	0.9025778224	0.8989443360	0.8975954772	0.9067102575	0.9054778227	0.9037326157	0.9056398639	0.9065068229	0.9045434362	0.9074206278	0.9060700795	0.9036320119	0.9034033111	0.9084143015	0.9123661106	0.9111802914	0.9119810515	0.9116191082	0.9085419377	0.9104322907	0.9087025966	0.9106162190	0.9076808153	0.9059303094	0.9030147193	0.9031638587	0.9054431873	0.9077970089	0.9042424696	0.9093393956	0.9089107927	0.9049950013	0.9063347213	0.9024626272	0.9034395592	0.9048030093	0.9048466299	0.9051862253	0.9016140227	0.9018497889	0.9027278833	0.9027298800	0.9033115389	0.9087023662	0.9070398694	0.9071559093	0.9071844009	0.9021437670	0.9023986555	0.9027831770	0.9038875148
0.8999575928	0.9017250709	0.9012305764	0.9026160672	0.9052128738	0.9029356186	0.9056495403	0.9036161918	0.9037511237	0.9046587850	1.0000000000	0.9034769592	0.9035494554	0.9023156382	0.8991750335	0.8978513641	0.9051918315	0.9051658741	0.9043133530	0.9044392229	0.9056523818	0.9034129875	0.9058224867	0.9053875097	0.9018368102	0.9031508032	0.9066510472	0.9094576626	0.9096517281	0.9101913791	0.9094018314	0.9067037298	0.9085887070	0.9070884817	0.9086056791	0.9071476920	0.9061843531	0.9035903881	0.9030446701	0.9060503428	0.9063478535	0.9031553343	0.9089386699	0.9084243618	0.9055410265	0.9049089121	0.9030011263	0.9034438598	0.9055543891	0.9048667507	0.9050023738	0.9014701055	0.9011616896	0.9025151562	0.9027033084	0.9031852850	0.9079085946	0.9058475224	0.9058612691	0.9054183820	0.9015224810	0.9018970189	0.9026678282	0.9035066028
0.9023177885	0.9016531123	0.9020718852	0.9028445377	0.9028990634	0.9027346414	0.9037671743	0.9034215119	0.9026620685	0.9032166181	0.9034769592	1.0000000000	0.9025843501	0.9025282885	0.9004803485	0.9004212150	0.9036100480	0.9044142640	0.9045880551	0.9034510787	0.9045943525	0.9033281270	0.9034830261	0.9040688320	0.9012994631	0.9031826739	0.9057145104	0.9060487300	0.9059116478	0.9057619708	0.9057649659	0.9059943579	0.9057417733	0.9048668275	0.9055584593	0.9046457295	0.9046030305	0.9031948078	0.9037901365	0.9043791679	0.9036193404	0.9028476095	0.9054563196	0.9048054668	0.9038910475	0.9032434202	0.9028579003	0.9032697615	0.9037294670	0.9044639515	0.9040876473	0.9016031944	0.9001446698	0.9028443841	0.9023659401	0.9024450408	0.9049499984	0.9041503902	0.9041071536	0.9042890852	0.9010396596	0.9020860158	0.9026844931	0.9025284421
0.9008568064	0.9012354914	0.9020187418	0.9025716019	0.9044694041	0.9030074236	0.9057786357	0.9033812704	0.9038556442	0.9047768216	0.9035494554	0.9025843501	1.0000000000	0.9027224308	0.9002172428	0.8984237306	0.9045188612	0.9054264456	0.9048754287	0.9053857434	0.9063557636	0.9033465583	0.9053355183	0.9048810349	0.9031329096	0.9035179687	0.9072839296	0.9096131761	0.9087035182	0.9086890036	0.9100903146	0.9074777646	0.9086933810	0.9068609328	0.9083157712	0.9067180140	0.9054924909	0.9032445721	0.9033273591	0.9053999508	0.9050846231	0.9042208897	0.9079692641	0.9070362599	0.9052455892	0.9051955945	0.9028204235	0.9034159825	0.9046852799	0.9052319194	0.9046863550	0.9016521907	0.9013620525	0.9033495533	0.9026957055	0.9031282250	0.9076294383	0.9059789217	0.9053062587	0.9058291680	0.9026040101	0.9023117983	0.9030099579	0.9038031152
0.9014439946	0.9015580379	0.9015129582	0.9029724811	0.9036515183	0.9020857086	0.9029240991	0.9028960683	0.9025086285	0.9025778224	0.9023156382	0.9025282885	0.9027224308	1.0000000000	0.9005027732	0.9002814449	0.9039852771	0.9048968550	0.9046941883	0.9020020769	0.9041172908	0.9028421570	0.9036392308	0.9032363549	0.9014364686	0.9036098176	0.9046219993	0.9060370569	0.9045437434	0.9048505465	0.9043221078	0.9049222747	0.9047193008	0.9044754710	0.9045115655	0.9042359418	0.9039147777	0.9028674999	0.9035021485	0.9031081810	0.9030723937	0.9023267737	0.9043427662	0.9042443895	0.9029790088	0.9024783706	0.9019446329	0.9027043835	0.9025870380	0.9044178734	0.9028506046	0.9005552254	0.9015612633	0.9024310637	0.9021937617	0.9021384680	0.9045351421	0.9029522067	0.9035671186	0.9032471064	0.9008642557	0.9015865295	0.9019756588	0.9026706697
0.9010826658	0.8990379513	0.8999173513	0.8998593697	0.8998679710	0.9001862936	0.9001200180	0.9009653203	0.8997449425	0.8989443360	0.8991750335	0.9004803485	0.9002172428	0.9005027732	1.0000000000	0.8984666600	0.9009237732	0.9014842362	0.9018214508	0.9005620603	0.9013537584	0.9003214560	0.8993523573	0.9002643960	0.8985632703	0.9009886665	0.9018090098	0.9010696103	0.9009446619	0.9009702353	0.9014191125	0.9015859919	0.9005717367	0.9007576617	0.9006843976	0.9010383540	0.9014224915	0.9001156406	0.9012738898	0.9012622166	0.9004685986	0.8995832085	0.9019377212	0.9003471829	0.9001723166	0.8990130691	0.8994151771	0.8999829358	0.9008419846	0.9020501517	0.9005951597	0.8984570604	0.8978859995	0.8995194671	0.9002170892	0.8990069254	0.9010623146	0.8993540469	0.9007908380	0.8997956284	0.8995621662	0.8996585461	0.8993781611	0.8994352979
0.9022819244	0.8992969101	0.8997536205	0.9006408538	0.8972591841	0.8995812886	0.8983692049	0.8997583819	0.8978141177	0.8975954772	0.8978513641	0.9004212150	0.8984237306	0.9002814449	0.8984666600	1.0000000000	0.8983303457	0.8997928637	0.9013792549	0.8983904008	0.8985809336	0.8989775122	0.8971979003	0.8989757459	0.8963756370	0.8999887723	0.8995235374	0.8973681587	0.8972882133	0.8963687253	0.8968220568	0.8991750335	0.8967732140	0.8970792492	0.8977367833	0.8979047379	0.8993606514	0.8989275943	0.9006009963	0.8992897679	0.8970468410	0.8973597879	0.8982434885	0.8972373738	0.8983207461	0.8975164533	0.8990508531	0.8992470689	0.8981167738	0.9010858912	0.8988088665	0.8967289791	0.8961327288	0.9000662603	0.8988716094	0.8969745752	0.8981851998	0.8970453818	0.8991951543	0.8973197000	0.8970094409	0.8988919606	0.8997060833	0.8984284920
0.9000143456	0.9012685140	0.9014799355	0.9025975592	0.9057136656	0.9037896757	0.9073207152	0.9039586286	0.9054120079	0.9067102575	0.9051918315	0.9036100480	0.9045188612	0.9039852771	0.9009237732	0.8983303457	1.0000000000	0.9062924062	0.9045058826	0.9062828834	0.9072555147	0.9048411773	0.9066895992	0.9053055675	0.9035153576	0.9042100613	0.9089057241	0.9119252202	0.9110856009	0.9119304424	0.9116692565	0.9086260302	0.9110664017	0.9091918689	0.9113242085	0.9083061716	0.9069196824	0.9039280635	0.9040173014	0.9056596775	0.9075319832	0.9047831958	0.9100888554	0.9086814007	0.9062620715	0.9063011611	0.9039476467	0.9046238424	0.9056742689	0.9057229580	0.9052329945	0.9031726135	0.9024321389	0.9022831531	0.9041745044	0.9034645949	0.9087012143	0.9072115102	0.9069604615	0.9070139888	0.9031076434	0.9025924138	0.9022157256	0.9047403431
0.9019043146	0.9021475300	0.9032405787	0.9038837518	0.9055470166	0.9040678337	0.9065062085	0.9049006180	0.9038719251	0.9054778227	0.9051658741	0.9044142640	0.9054264456	0.9048968550	0.9014842362	0.8997928637	0.9062924062	1.0000000000	0.9061805133	0.9058892231	0.9061536344	0.9051257862	0.9066680961	0.9055743563	0.9038598680	0.9042357115	0.9080981291	0.9107413209	0.9097564021	0.9106702071	0.9104322139	0.9080909102	0.9096677786	0.9085970010	0.9097174662	0.9069986295	0.9073254766	0.9037133397	0.9044598045	0.9063327245	0.9069043998	0.9050171188	0.9094075143	0.9083946415	0.9055048552	0.9058549717	0.9044611100	0.9051614199	0.9058799307	0.9064855501	0.9059220153	0.9029950594	0.9034956208	0.9038900491	0.9039742184	0.9036690280	0.9080989739	0.9079310961	0.9068414265	0.9067071089	0.9044509729	0.9027928534	0.9044970509	0.9048378751
0.9039325945	0.9031491905	0.9038124844	0.9041254313	0.9039827428	0.9042943074	0.9053744542	0.9052253917	0.9045568756	0.9037326157	0.9043133530	0.9045880551	0.9048754287	0.9046941883	0.9018214508	0.9013792549	0.9045058826	0.9061805133	1.0000000000	0.9043621190	0.9059600297	0.9042755690	0.9046888125	0.9043785535	0.9025199944	0.9041072304	0.9062753573	0.9062171454	0.9066130328	0.9069288980	0.9063006235	0.9060776824	0.9057074451	0.9054110863	0.9062661417	0.9054669176	0.9055555410	0.9039474931	0.9051155723	0.9054643833	0.9045279232	0.9036010628	0.9063658240	0.9061560919	0.9040605380	0.9037194835	0.9035959942	0.9043757120	0.9043720258	0.9054405763	0.9046604745	0.9026441748	0.9029502868	0.9037369931	0.9028997545	0.9037334605	0.9059306166	0.9046504141	0.9048873322	0.9052446677	0.9028584379	0.9032804362	0.9040839610	0.9041905549
0.9006079848	0.9012497756	0.9023624842	0.9023931261	0.9050846999	0.9036623466	0.9058314719	0.9036763237	0.9048676722	0.9056398639	0.9044392229	0.9034510787	0.9053857434	0.9020020769	0.9005620603	0.8983904008	0.9062828834	0.9058892231	0.9043621190	1.0000000000	0.9063066136	0.9049451602	0.9064389345	0.9053643938	0.9030684003	0.9038649366	0.9086991408	0.9110666321	0.9104566352	0.9109449860	0.9116211817	0.9085409394	0.9102379180	0.9080651065	0.9100962279	0.9085840224	0.9068181570	0.9035866250	0.9047345834	0.9055613776	0.9077017041	0.9040525511	0.9095459021	0.9086669629	0.9067996490	0.9065510578	0.9035532184	0.9044318505	0.9060619391	0.9048436348	0.9054855024	0.9026881794	0.9025554745	0.9026815749	0.9037593410	0.9036836194	0.9094876134	0.9074690866	0.9066778493	0.9071540662	0.9021424614	0.9030501227	0.9021036022	0.9045672432
0.9009084906	0.9022397629	0.9024562531	0.9031717688	0.9063373323	0.9047189936	0.9082320627	0.9050512165	0.9049591372	0.9065068229	0.9056523818	0.9045943525	0.9063557636	0.9041172908	0.9013537584	0.8985809336	0.9072555147	0.9061536344	0.9059600297	0.9063066136	1.0000000000	0.9053768349	0.9081887493	0.9053878169	0.9037637952	0.9051481341	0.9100039950	0.9125900500	0.9120485558	0.9125066487	0.9123125832	0.9088680169	0.9109173392	0.9094909924	0.9113103083	0.9092702017	0.9072447632	0.9046011874	0.9043515978	0.9069768192	0.9082356721	0.9064075246	0.9091885667	0.9097385085	0.9067169389	0.9078729609	0.9041348005	0.9048959334	0.9056741921	0.9057155088	0.9057900016	0.9038769169	0.9035896969	0.9039401974	0.9043350865	0.9043971383	0.9101701064	0.9080508223	0.9071224259	0.9081365275	0.9044131120	0.9027474665	0.9036225659	0.9053544871
0.9007103549	0.9019768107	0.9014026012	0.9020451599	0.9028937644	0.9027350254	0.9050989074	0.9033808864	0.9039154689	0.9045434362	0.9034129875	0.9033281270	0.9033465583	0.9028421570	0.9003214560	0.8989775122	0.9048411773	0.9051257862	0.9042755690	0.9049451602	0.9053768349	1.0000000000	0.9044975885	0.9035806349	0.9015930572	0.9037086551	0.9061517145	0.9080479808	0.9071023819	0.9078943872	0.9079250291	0.9066121880	0.9073304684	0.9055155299	0.9069345810	0.9059770018	0.9050933780	0.9028250313	0.9037218642	0.9046936507	0.9045873639	0.9030058877	0.9066419852	0.9062161470	0.9045603315	0.9037758523	0.9028314054	0.9036251002	0.9043609670	0.9045274625	0.9038663957	0.9004911001	0.9014140439	0.9026705929	0.9024699997	0.9017883514	0.9067497311	0.9053752222	0.9045855208	0.9055752010	0.9016233919	0.9014181141	0.9020900092	0.9035572886
0.8997556941	0.9017554056	0.9018703704	0.9028984490	0.9067077233	0.9028820913	0.9078874755	0.9041053105	0.9050673439	0.9074206278	0.9058224867	0.9034830261	0.9053355183	0.9036392308	0.8993523573	0.8971979003	0.9066895992	0.9066680961	0.9046888125	0.9064389345	0.9081887493	0.9044975885	1.0000000000	0.9064011505	0.9037237841	0.9041630617	0.9090302885	0.9132978860	0.9130108964	0.9133814409	0.9135939376	0.9090398113	0.9118867450	0.9095859901	0.9122909265	0.9100242693	0.9075289881	0.9037439048	0.9035079851	0.9074471995	0.9074359872	0.9045701615	0.9109554304	0.9094274047	0.9067357541	0.9069732865	0.9037519685	0.9045333758	0.9066271634	0.9056311091	0.9058521302	0.9025688372	0.9034131411	0.9026829572	0.9047798167	0.9037244752	0.9103847534	0.9089746108	0.9076292079	0.9078592143	0.9033016321	0.9025054798	0.9031157839	0.9052112611
0.9012354146	0.9016904355	0.9025401920	0.9037310798	0.9046982585	0.9029991296	0.9059978137	0.9036680296	0.9043151961	0.9060700795	0.9053875097	0.9040688320	0.9048810349	0.9032363549	0.9002643960	0.8989757459	0.9053055675	0.9055743563	0.9043785535	0.9053643938	0.9053878169	0.9035806349	0.9064011505	1.0000000000	0.9034158290	0.9040094681	0.9076193779	0.9094723308	0.9094241792	0.9097050251	0.9092214357	0.9081850631	0.9080343110	0.9067157869	0.9090481054	0.9074002767	0.9064097517	0.9039140865	0.9039045637	0.9051417600	0.9060533378	0.9040688320	0.9081293086	0.9074526521	0.9051015184	0.9051189513	0.9028929196	0.9039772135	0.9057929967	0.9061333601	0.9054939500	0.9023324567	0.9020576778	0.9033183738	0.9034501571	0.9035275683	0.9075653898	0.9064418528	0.9069466381	0.9064062191	0.9028287175	0.9028671927	0.9036920670	0.9032300575
0.8990367993	0.8997152989	0.9004936344	0.9010515631	0.9020428560	0.9011106198	0.9033419504	0.9016524979	0.9018344295	0.9036320119	0.9018368102	0.9012994631	0.9031329096	0.9014364686	0.8985632703	0.8963756370	0.9035153576	0.9038598680	0.9025199944	0.9030684003	0.9037637952	0.9015930572	0.9037237841	0.9034158290	1.0000000000	0.9016971936	0.9057764854	0.9081940483	0.9069729026	0.9078324890	0.9076875735	0.9055424088	0.9060828278	0.9060332939	0.9069229079	0.9053678497	0.9043596615	0.9012682068	0.9014821626	0.9036633450	0.9035639700	0.9014062106	0.9063693566	0.9054294407	0.9036575084	0.9034663612	0.9015943627	0.9032838153	0.9033048576	0.9023634826	0.9029402264	0.9005035412	0.8995303723	0.9009425116	0.9015046641	0.9010580140	0.9057398533	0.9042945378	0.9046398930	0.9038649366	0.9008941296	0.9002736884	0.9007583529	0.9023098016
0.9027995347	0.9015687126	0.9025892651	0.9038767633	0.9039397366	0.9027422443	0.9035173543	0.9046045664	0.9030717793	0.9034033111	0.9031508032	0.9031826739	0.9035179687	0.9036098176	0.9009886665	0.8999887723	0.9042100613	0.9042357115	0.9041072304	0.9038649366	0.9051481341	0.9037086551	0.9041630617	0.9040094681	0.9016971936	1.0000000000	0.9057998316	0.9070396390	0.9056094524	0.9061509465	0.9061610069	0.9055024745	0.9058449113	0.9045557237	0.9064261862	0.9050557476	0.9051419136	0.9029007529	0.9029881476	0.9038072622	0.9041407138	0.9028527549	0.9053886616	0.9049374805	0.9039494898	0.9037331533	0.9018929487	0.9029468310	0.9038745362	0.9043015263	0.9041210539	0.9014145047	0.9004213686	0.9022041292	0.9024683102	0.9018035572	0.9056899354	0.9037809209	0.9049291097	0.9040656834	0.9015367652	0.9025906475	0.9027235827	0.9028665783
0.9019189828	0.9021056758	0.9038217000	0.9042982240	0.9069260565	0.9050152756	0.9085203578	0.9055700556	0.9069222167	0.9084143015	0.9066510472	0.9057145104	0.9072839296	0.9046219993	0.9018090098	0.8995235374	0.9089057241	0.9080981291	0.9062753573	0.9086991408	0.9100039950	0.9061517145	0.9090302885	0.9076193779	0.9057764854	0.9057998316	1.0000000000	0.9138955954	0.9133216930	0.9136650514	0.9140093314	0.9108341682	0.9129510717	0.9104449621	0.9126390463	0.9108190393	0.9085074560	0.9056886299	0.9046491086	0.9077335747	0.9097952613	0.9064093677	0.9120364987	0.9112758266	0.9081484310	0.9082082557	0.9056006976	0.9065197247	0.9068262975	0.9073048951	0.9066667138	0.9047445670	0.9045399803	0.9053027260	0.9052311514	0.9057893105	0.9115446153	0.9092574534	0.9089930421	0.9091522418	0.9043555144	0.9048065420	0.9046428880	0.9057326344
0.9000585038	0.9032872711	0.9036587372	0.9051459070	0.9107076839	0.9053064891	0.9119674584	0.9065186496	0.9086953009	0.9123661106	0.9094576626	0.9060487300	0.9096131761	0.9060370569	0.9010696103	0.8973681587	0.9119252202	0.9107413209	0.9062171454	0.9110666321	0.9125900500	0.9080479808	0.9132978860	0.9094723308	0.9081940483	0.9070396390	0.9138955954	1.0000000000	0.9216393995	0.9227310658	0.9219003549	0.9148028726	0.9200914834	0.9163142334	0.9194423202	0.9151219633	0.9127183774	0.9068164675	0.9055543891	0.9115708030	0.9141066330	0.9091032454	0.9178590776	0.9165184361	0.9112067863	0.9122382439	0.9064893900	0.9074698546	0.9102743197	0.9085221242	0.9095258582	0.9059022017	0.9063672831	0.9058530518	0.9064302565	0.9071985315	0.9167270161	0.9145389221	0.9122111346	0.9142321957	0.9072370835	0.9044889105	0.9049849409	0.9092943159
0.8998045368	0.9030319218	0.9038005809	0.9047111604	0.9111882014	0.9054036370	0.9117173313	0.9066277778	0.9080419906	0.9111802914	0.9096517281	0.9059116478	0.9087035182	0.9045437434	0.9009446619	0.8972882133	0.9110856009	0.9097564021	0.9066130328	0.9104566352	0.9120485558	0.9071023819	0.9130108964	0.9094241792	0.9069729026	0.9056094524	0.9133216930	0.9216393995	1.0000000000	0.9216883958	0.9224644273	0.9142326565	0.9190498886	0.9167282449	0.9183938136	0.9151937683	0.9116150380	0.9066916727	0.9055759690	0.9106749685	0.9146086536	0.9086512964	0.9174028279	0.9163862688	0.9113862603	0.9118560263	0.9063394059	0.9077224392	0.9097123976	0.9088307704	0.9090287526	0.9068662318	0.9064343267	0.9051177226	0.9066891384	0.9073411432	0.9164473990	0.9143145987	0.9121737346	0.9123292481	0.9068113989	0.9054607738	0.9047133107	0.9088157951
0.8992329383	0.9020064543	0.9024845143	0.9042404729	0.9107403994	0.9049911615	0.9123382333	0.9065226430	0.9088023556	0.9119810515	0.9101913791	0.9057619708	0.9086890036	0.9048505465	0.9009702353	0.8963687253	0.9119304424	0.9106702071	0.9069288980	0.9109449860	0.9125066487	0.9078943872	0.9133814409	0.9097050251	0.9078324890	0.9061509465	0.9136650514	0.9227310658	0.9216883958	1.0000000000	0.9236725176	0.9147403600	0.9211661777	0.9166866978	0.9204388353	0.9157372591	0.9119600859	0.9062931742	0.9059955098	0.9110025068	0.9140617836	0.9083011798	0.9181467584	0.9168865999	0.9113210599	0.9118074139	0.9060619391	0.9074852139	0.9102005947	0.9082541034	0.9101036772	0.9067587931	0.9065135042	0.9042546035	0.9055950146	0.9080595771	0.9173272598	0.9151445415	0.9119802835	0.9133949571	0.9068125509	0.9045521910	0.9049817155	0.9084389532
0.8992029108	0.9031832115	0.9033218297	0.9042661998	0.9109499778	0.9051901419	0.9122367848	0.9059588778	0.9084430235	0.9116191082	0.9094018314	0.9057649659	0.9100903146	0.9043221078	0.9014191125	0.8968220568	0.9116692565	0.9104322139	0.9063006235	0.9116211817	0.9123125832	0.9079250291	0.9135939376	0.9092214357	0.9076875735	0.9061610069	0.9140093314	0.9219003549	0.9224644273	0.9236725176	1.0000000000	0.9154504999	0.9208355675	0.9173340180	0.9201903977	0.9155768307	0.9121490828	0.9062476337	0.9055725899	0.9111011907	0.9146746988	0.9087648020	0.9182497428	0.9166716457	0.9113719761	0.9124963579	0.9066536583	0.9076341229	0.9102220210	0.9088702440	0.9092992308	0.9058942917	0.9062764325	0.9053425836	0.9062624555	0.9075335959	0.9162157799	0.9153550415	0.9124354581	0.9133544852	0.9067900494	0.9048201350	0.9049820994	0.9088458994
0.9015457504	0.9032634641	0.9039143169	0.9052672459	0.9071757997	0.9053184694	0.9081211681	0.9058171877	0.9066157975	0.9085419377	0.9067037298	0.9059943579	0.9074777646	0.9049222747	0.9015859919	0.8991750335	0.9086260302	0.9080909102	0.9060776824	0.9085409394	0.9088680169	0.9066121880	0.9090398113	0.9081850631	0.9055424088	0.9055024745	0.9108341682	0.9148028726	0.9142326565	0.9147403600	0.9154504999	1.0000000000	0.9132094161	0.9118858235	0.9127198366	0.9107018474	0.9087667219	0.9061601622	0.9057912304	0.9080058962	0.9097375101	0.9067385188	0.9125448935	0.9117419831	0.9079800924	0.9088335351	0.9051623415	0.9058853833	0.9074592566	0.9080289352	0.9071602099	0.9044524320	0.9047058614	0.9052048869	0.9053638563	0.9059499694	0.9105202998	0.9099113012	0.9092366415	0.9094004490	0.9049668169	0.9040918711	0.9046012642	0.9068010314
0.8992883088	0.9032560148	0.9035383966	0.9041551516	0.9095092701	0.9047926418	0.9107751883	0.9061481051	0.9085844831	0.9104322907	0.9085887070	0.9057417733	0.9086933810	0.9047193008	0.9005717367	0.8967732140	0.9110664017	0.9096677786	0.9057074451	0.9102379180	0.9109173392	0.9073304684	0.9118867450	0.9080343110	0.9060828278	0.9058449113	0.9129510717	0.9200914834	0.9190498886	0.9211661777	0.9208355675	0.9132094161	1.0000000000	0.9152935273	0.9181012179	0.9137509102	0.9116975177	0.9060897395	0.9055598417	0.9096988813	0.9125197809	0.9082015744	0.9163757476	0.9154880536	0.9101724103	0.9106305032	0.9056904730	0.9073025144	0.9093468449	0.9077897132	0.9089832889	0.9056869404	0.9057267211	0.9043489867	0.9051628791	0.9071258050	0.9149312769	0.9137043714	0.9106440962	0.9119122415	0.9063206674	0.9047835797	0.9041619097	0.9077830319
0.8991887034	0.9017152409	0.9020218905	0.9036664937	0.9084017836	0.9046997944	0.9085327989	0.9052126434	0.9062883360	0.9087025966	0.9070884817	0.9048668275	0.9068609328	0.9044754710	0.9007576617	0.8970792492	0.9091918689	0.9085970010	0.9054110863	0.9080651065	0.9094909924	0.9055155299	0.9095859901	0.9067157869	0.9060332939	0.9045557237	0.9104449621	0.9163142334	0.9167282449	0.9166866978	0.9173340180	0.9118858235	0.9152935273	1.0000000000	0.9150781123	0.9106729718	0.9090413472	0.9050450728	0.9047053238	0.9085886302	0.9103455871	0.9058527446	0.9132950445	0.9123434555	0.9071516087	0.9089723837	0.9043959096	0.9055728203	0.9076220658	0.9072026018	0.9079868505	0.9046829759	0.9042822503	0.9039570927	0.9047350442	0.9059771554	0.9122801750	0.9106877168	0.9088310008	0.9100738032	0.9047720602	0.9036865376	0.9038523419	0.9069291284
0.8998940051	0.9029191073	0.9032286752	0.9039990238	0.9093758740	0.9055668302	0.9111589419	0.9062761253	0.9080127311	0.9106162190	0.9086056791	0.9055584593	0.9083157712	0.9045115655	0.9006843976	0.8977367833	0.9113242085	0.9097174662	0.9062661417	0.9100962279	0.9113103083	0.9069345810	0.9122909265	0.9090481054	0.9069229079	0.9064261862	0.9126390463	0.9194423202	0.9183938136	0.9204388353	0.9201903977	0.9127198366	0.9181012179	0.9150781123	1.0000000000	0.9141939509	0.9110309984	0.9066470538	0.9054007955	0.9097037195	0.9126008015	0.9078998398	0.9164831863	0.9143473909	0.9100806382	0.9109449860	0.9068312893	0.9072800129	0.9103434368	0.9080023635	0.9086565185	0.9057705721	0.9052830660	0.9049055330	0.9053848986	0.9058624210	0.9154408235	0.9128205172	0.9112395017	0.9126408127	0.9054374276	0.9046320597	0.9046625480	0.9079385454
0.9004762015	0.9017884282	0.9027685856	0.9034954672	0.9071648177	0.9040248275	0.9092744255	0.9052104163	0.9064284901	0.9076808153	0.9071476920	0.9046457295	0.9067180140	0.9042359418	0.9010383540	0.8979047379	0.9083061716	0.9069986295	0.9054669176	0.9085840224	0.9092702017	0.9059770018	0.9100242693	0.9074002767	0.9053678497	0.9050557476	0.9108190393	0.9151219633	0.9151937683	0.9157372591	0.9155768307	0.9107018474	0.9137509102	0.9106729718	0.9141939509	1.0000000000	0.9096607133	0.9052365272	0.9050506790	0.9082064126	0.9095128795	0.9062513967	0.9135672891	0.9113144554	0.9089329102	0.9085298038	0.9042748010	0.9060746873	0.9081494293	0.9060192401	0.9066824571	0.9036625770	0.9037965106	0.9039594734	0.9043913785	0.9049564493	0.9125981905	0.9104885827	0.9095752385	0.9095747009	0.9044861458	0.9039927264	0.9037622593	0.9066309265
0.9013679658	0.9031319112	0.9030095739	0.9040596164	0.9060097940	0.9043693379	0.9069746689	0.9052038118	0.9054289031	0.9059303094	0.9061843531	0.9046030305	0.9054924909	0.9039147777	0.9014224915	0.8993606514	0.9069196824	0.9073254766	0.9055555410	0.9068181570	0.9072447632	0.9050933780	0.9075289881	0.9064097517	0.9043596615	0.9051419136	0.9085074560	0.9127183774	0.9116150380	0.9119600859	0.9121490828	0.9087667219	0.9116975177	0.9090413472	0.9110309984	0.9096607133	1.0000000000	0.9047333546	0.9047714458	0.9061981766	0.9074766895	0.9045199364	0.9096220845	0.9090429600	0.9063275024	0.9067120239	0.9041275048	0.9056831773	0.9067034994	0.9066114969	0.9059171003	0.9036489072	0.9031044180	0.9037892917	0.9042087558	0.9042207361	0.9096215470	0.9088219388	0.9075557902	0.9074531129	0.9043683395	0.9034442438	0.9038089517	0.9056864796
0.9021380072	0.9012105324	0.9019146821	0.9027036155	0.9032610066	0.9023387540	0.9041132974	0.9033292790	0.9019161413	0.9030147193	0.9035903881	0.9031948078	0.9032445721	0.9028674999	0.9001156406	0.8989275943	0.9039280635	0.9037133397	0.9039474931	0.9035866250	0.9046011874	0.9028250313	0.9037439048	0.9039140865	0.9012682068	0.9029007529	0.9056886299	0.9068164675	0.9066916727	0.9062931742	0.9062476337	0.9061601622	0.9060897395	0.9050450728	0.9066470538	0.9052365272	0.9047333546	1.0000000000	0.9036171133	0.9044495905	0.9032638481	0.9026490898	0.9063005467	0.9054060945	0.9037800761	0.9031166287	0.9031223116	0.9025934122	0.9032893446	0.9051995879	0.9030173304	0.9008437509	0.9010644649	0.9020749570	0.9023062690	0.9017012639	0.9057026837	0.9037740092	0.9050214194	0.9035520665	0.9013685802	0.9017587847	0.9017193879	0.9020774145
0.9035026861	0.9024468071	0.9025144651	0.9029576593	0.9030160249	0.9025702195	0.9042496885	0.9039580911	0.9028052945	0.9031638587	0.9030446701	0.9037901365	0.9033273591	0.9035021485	0.9012738898	0.9006009963	0.9040173014	0.9044598045	0.9051155723	0.9047345834	0.9043515978	0.9037218642	0.9035079851	0.9039045637	0.9014821626	0.9029881476	0.9046491086	0.9055543891	0.9055759690	0.9059955098	0.9055725899	0.9057912304	0.9055598417	0.9047053238	0.9054007955	0.9050506790	0.9047714458	0.9036171133	1.0000000000	0.9041533085	0.9037624129	0.9027602916	0.9054118543	0.9053918103	0.9043113563	0.9031766838	0.9026943999	0.9031041108	0.9040692928	0.9047811990	0.9040663745	0.9012908618	0.9014238739	0.9031054163	0.9031571774	0.9019593011	0.9051274758	0.9035523736	0.9040631491	0.9036687976	0.9014750205	0.9030266996	0.9026959359	0.9031845170
0.9019864103	0.9023804547	0.9024653151	0.9036105856	0.9058270945	0.9041118382	0.9071178949	0.9048900969	0.9122070644	0.9054431873	0.9060503428	0.9043791679	0.9053999508	0.9031081810	0.9012622166	0.8992897679	0.9056596775	0.9063327245	0.9054643833	0.9055613776	0.9069768192	0.9046936507	0.9074471995	0.9051417600	0.9036633450	0.9038072622	0.9077335747	0.9115708030	0.9106749685	0.9110025068	0.9111011907	0.9080058962	0.9096988813	0.9085886302	0.9097037195	0.9082064126	0.9061981766	0.9044495905	0.9041533085	1.0000000000	0.9069960184	0.9050641952	0.9088343799	0.9087793166	0.9057754103	0.9066864505	0.9038970376	0.9047693723	0.9061375839	0.9063103767	0.9059936667	0.9029476757	0.9028894638	0.9035387038	0.9046427344	0.9036476017	0.9087836172	0.9077507004	0.9065240253	0.9076950996	0.9030902106	0.9033245176	0.9027851737	0.9048915560
0.8989753619	0.9010219195	0.9019126854	0.9026083875	0.9062981660	0.9028115150	0.9074593334	0.9039971038	0.9049136735	0.9077970089	0.9063478535	0.9036193404	0.9050846231	0.9030723937	0.9004685986	0.8970468410	0.9075319832	0.9069043998	0.9045279232	0.9077017041	0.9082356721	0.9045873639	0.9074359872	0.9060533378	0.9035639700	0.9041407138	0.9097952613	0.9141066330	0.9146086536	0.9140617836	0.9146746988	0.9097375101	0.9125197809	0.9103455871	0.9126008015	0.9095128795	0.9074766895	0.9032638481	0.9037624129	0.9069960184	1.0000000000	0.9052102627	0.9120828840	0.9100997606	0.9071267265	0.9078302619	0.9038193193	0.9046617032	0.9066796156	0.9063555332	0.9056477740	0.9041644440	0.9031975725	0.9027186677	0.9034585280	0.9045143302	0.9105258291	0.9096144049	0.9068559411	0.9077121484	0.9041177516	0.9032437274	0.9026197535	0.9055970113
0.8996959462	0.8999473020	0.9012337250	0.9017245333	0.9041440929	0.9022440636	0.9050794778	0.9031418180	0.9030979671	0.9042424696	0.9031553343	0.9028476095	0.9042208897	0.9023267737	0.8995832085	0.8973597879	0.9047831958	0.9050171188	0.9036010628	0.9040525511	0.9064075246	0.9030058877	0.9045701615	0.9040688320	0.9014062106	0.9028527549	0.9064093677	0.9091032454	0.9086512964	0.9083011798	0.9087648020	0.9067385188	0.9082015744	0.9058527446	0.9078998398	0.9062513967	0.9045199364	0.9026490898	0.9027602916	0.9050641952	0.9052102627	1.0000000000	0.9073329259	0.9069812734	0.9052761543	0.9045134854	0.9027307248	0.9025162314	0.9044022069	0.9043257173	0.9044277034	0.9017382031	0.9009869770	0.9024295278	0.9022467515	0.9025571641	0.9067476576	0.9049364821	0.9049970748	0.9049059170	0.9013350200	0.9011338892	0.9018079346	0.9033804256
0.9001200948	0.9028404674	0.9032592403	0.9046018785	0.9091795815	0.9046861246	0.9104479572	0.9066621060	0.9077282758	0.9093393956	0.9089386699	0.9054563196	0.9079692641	0.9043427662	0.9019377212	0.8982434885	0.9100888554	0.9094075143	0.9063658240	0.9095459021	0.9091885667	0.9066419852	0.9109554304	0.9081293086	0.9063693566	0.9053886616	0.9120364987	0.9178590776	0.9174028279	0.9181467584	0.9182497428	0.9125448935	0.9163757476	0.9132950445	0.9164831863	0.9135672891	0.9096220845	0.9063005467	0.9054118543	0.9088343799	0.9120828840	0.9073329259	1.0000000000	0.9139400607	0.9096857491	0.9098954811	0.9059149500	0.9074829100	0.9102558884	0.9077535419	0.9077759666	0.9060428935	0.9056767264	0.9047202992	0.9059312309	0.9057891569	0.9141335886	0.9121321107	0.9103182474	0.9107612881	0.9060710011	0.9048904041	0.9041398691	0.9074008143
0.8998069943	0.9021556705	0.9024947283	0.9035890057	0.9090302117	0.9045773036	0.9098997049	0.9060060310	0.9063599874	0.9089107927	0.9084243618	0.9048054668	0.9070362599	0.9042443895	0.9003471829	0.8972373738	0.9086814007	0.9083946415	0.9061560919	0.9086669629	0.9097385085	0.9062161470	0.9094274047	0.9074526521	0.9054294407	0.9049374805	0.9112758266	0.9165184361	0.9163862688	0.9168865999	0.9166716457	0.9117419831	0.9154880536	0.9123434555	0.9143473909	0.9113144554	0.9090429600	0.9054060945	0.9053918103	0.9087793166	0.9100997606	0.9069812734	0.9139400607	1.0000000000	0.9083658427	0.9095928250	0.9051058959	0.9063582211	0.9087969799	0.9065531313	0.9073727066	0.9042767977	0.9044288554	0.9039752936	0.9050521381	0.9060918130	0.9126436542	0.9111112511	0.9098102367	0.9102311599	0.9044858386	0.9039993309	0.9032302111	0.9066230932
0.9000893761	0.9007221048	0.9025620791	0.9027188213	0.9055297373	0.9034690491	0.9056486188	0.9039137025	0.9043221846	0.9049950013	0.9055410265	0.9038910475	0.9052455892	0.9029790088	0.9001723166	0.8983207461	0.9062620715	0.9055048552	0.9040605380	0.9067996490	0.9067169389	0.9045603315	0.9067357541	0.9051015184	0.9036575084	0.9039494898	0.9081484310	0.9112067863	0.9113862603	0.9113210599	0.9113719761	0.9079800924	0.9101724103	0.9071516087	0.9100806382	0.9089329102	0.9063275024	0.9037800761	0.9043113563	0.9057754103	0.9071267265	0.9052761543	0.9096857491	0.9083658427	1.0000000000	0.9054352773	0.9038912011	0.9046185434	0.9057921520	0.9056313395	0.9056473132	0.9022548151	0.9022253252	0.9029297053	0.9034534594	0.9039730664	0.9096125617	0.9073369193	0.9061781326	0.9068030281	0.9028495294	0.9027723487	0.9029157283	0.9041590683
0.8993632625	0.9015941324	0.9013009990	0.9022704049	0.9060905843	0.9034400967	0.9071331775	0.9041759636	0.9046068703	0.9063347213	0.9049089121	0.9032434202	0.9051955945	0.9024783706	0.8990130691	0.8975164533	0.9063011611	0.9058549717	0.9037194835	0.9065510578	0.9078729609	0.9037758523	0.9069732865	0.9051189513	0.9034663612	0.9037331533	0.9082082557	0.9122382439	0.9118560263	0.9118074139	0.9124963579	0.9088335351	0.9106305032	0.9089723837	0.9109449860	0.9085298038	0.9067120239	0.9031166287	0.9031766838	0.9066864505	0.9078302619	0.9045134854	0.9098954811	0.9095928250	0.9054352773	1.0000000000	0.9036352374	0.9037569603	0.9053127096	0.9061213798	0.9055152995	0.9027523815	0.9025451838	0.9028133582	0.9032166949	0.9036573549	0.9091503219	0.9075211548	0.9074074188	0.9074615605	0.9029290141	0.9024997969	0.9026224413	0.9039046405
0.9012266597	0.9005629051	0.9013105218	0.9021533666	0.9029174946	0.9020399377	0.9036407667	0.9030118779	0.9022965158	0.9024626272	0.9030011263	0.9028579003	0.9028204235	0.9019446329	0.8994151771	0.8990508531	0.9039476467	0.9044611100	0.9035959942	0.9035532184	0.9041348005	0.9028314054	0.9037519685	0.9028929196	0.9015943627	0.9018929487	0.9056006976	0.9064893900	0.9063394059	0.9060619391	0.9066536583	0.9051623415	0.9056904730	0.9043959096	0.9068312893	0.9042748010	0.9041275048	0.9031223116	0.9026943999	0.9038970376	0.9038193193	0.9027307248	0.9059149500	0.9051058959	0.9038912011	0.9036352374	1.0000000000	0.9029896068	0.9042201985	0.9042787177	0.9030124922	0.9002974954	0.9008790007	0.9024003450	0.9025533242	0.9013474611	0.9062756645	0.9048833388	0.9042814823	0.9035868554	0.9013142849	0.9011424904	0.9016615599	0.9032635409
0.9008628733	0.9013011526	0.9014786300	0.9025630774	0.9031980333	0.9028214986	0.9044578078	0.9038557978	0.9032585491	0.9034395592	0.9034438598	0.9032697615	0.9034159825	0.9027043835	0.8999829358	0.8992470689	0.9046238424	0.9051614199	0.9043757120	0.9044318505	0.9048959334	0.9036251002	0.9045333758	0.9039772135	0.9032838153	0.9029468310	0.9065197247	0.9074698546	0.9077224392	0.9074852139	0.9076341229	0.9058853833	0.9073025144	0.9055728203	0.9072800129	0.9060746873	0.9056831773	0.9025934122	0.9031041108	0.9047693723	0.9046617032	0.9025162314	0.9074829100	0.9063582211	0.9046185434	0.9037569603	0.9029896068	1.0000000000	0.9051191049	0.9045927397	0.9038379809	0.9014552070	0.9014016028	0.9028303302	0.9021224175	0.9020101406	0.9063431689	0.9053506472	0.9047345066	0.9050701854	0.9020115229	0.9017145497	0.9017267604	0.9031587133
