0.4642159274	-0.0004252942	-0.0032252866	-0.0044411156	-0.0045824803	-0.0051863707	-0.0058142030	-0.0078680305	-0.0061516106	-0.0072489112	-0.0062233380	-0.0022981708	-0.0049076429	-0.0085531810	-0.0057221527	-0.0051696687	-0.0051085460	-0.0031299627	-0.0057379003	-0.0044903476	-0.0064338507	-0.0063158268	-0.0069802306	-0.0064118399	-0.0060184700	-0.0050354946	-0.0013922689	-0.0107049754	-0.0076786930	-0.0049918718	-0.0063724688	-0.0044038806	-0.0049367996	-0.0044139562	-0.0039526343	-0.0061407441	-0.0038438288	-0.0089043650	-0.0073763856	-0.0046881140	-0.0064424419	-0.0059853676	-0.0044897847	-0.0063930455	-0.0064493356	-0.0063743867	-0.0051023182	-0.0029744924	-0.0047807564	-0.0038047836	-0.0166853785	-0.0063227961	-0.0043032599	-0.0081139895	-0.0053879023	-0.0046316188	-0.0047027117	-0.0045564363	-0.0057626164	-0.0053505232	-0.0036829539	-0.0029268814	-0.0066864516	-0.0046973558	-0.0054807767	-0.0056516911	-0.0040908168	-0.0059006593	-0.0075013313	-0.0145619045	-0.0054383205	-0.0030349285	-0.0034411036	-0.0056482481	-0.0039900318	-0.0066390832	-0.0045866567	-0.0033763471	-0.0042164902	-0.0058682587	-0.0065020264	-0.0033703011	-0.0069714770	-0.0042644459	-0.0037925286
-0.0004252942	0.5834638181	-0.0006860257	-0.0104522159	0.0029037559	0.0064229796	-0.0074099923	-0.0050615274	-0.0088531790	-0.0052573261	-0.0111710915	-0.0059763051	-0.0110435973	-0.0100884746	-0.0126317263	-0.0101489502	-0.0050320256	-0.0059701897	-0.0046537118	-0.0037033493	-0.0120167203	-0.0065548646	-0.0082638408	-0.0073651902	-0.0062198458	-0.0061038832	-0.0005351618	-0.0096971626	-0.0098568490	-0.0109768696	-0.0098041617	-0.0123170977	-0.0124767401	-0.0051457068	-0.0029452726	-0.0105351398	-0.0034704480	-0.0043438305	-0.0069671118	-0.0106928494	-0.0025711110	-0.0078881102	-0.0035415109	-0.0050037303	-0.0069286616	-0.0070747444	-0.0106236700	-0.0090955214	-0.0057805591	-0.0082255305	-0.0093824780	-0.0062806265	-0.0042226280	-0.0056524919	-0.0074665650	-0.0088779513	-0.0105731864	-0.0072046626	-0.0102032990	-0.0110673260	-0.0024151089	0.0009808202	-0.0121458321	-0.0082737454	-0.0059944985	-0.0101886771	-0.0076697673	-0.0123875567	-0.0134821833	-0.0122839457	-0.0110790579	-0.0010551229	-0.0098299100	-0.0068785551	-0.0051740085	-0.0122747520	-0.0079244529	-0.0024334996	-0.0073330775	-0.0073209550	-0.0078920933	0.0013491120	-0.0013157852	-0.0068012953	-0.0004485131
-0.0032252866	-0.0006860257	0.4546546537	-0.0027916115	-0.0028673146	-0.0061524930	-0.0060080498	-0.0068564056	-0.0038230020	-0.0044829877	-0.0053972726	-0.0047682805	-0.0048214078	-0.0105637981	-0.0057759445	-0.0050302627	-0.0037400937	-0.0062319277	-0.0023590267	-0.0053178552	-0.0070047058	-0.0051489669	-0.0086312186	-0.0059741915	-0.0061435956	-0.0039856601	-0.0042342516	-0.0104909918	-0.0091717218	-0.0076284684	-0.0070845546	-0.0057417400	-0.0062555980	-0.0061587186	-0.0046366221	-0.0081087853	-0.0025832969	-0.0097140309	-0.0072788060	-0.0059460568	-0.0054504527	-0.0045907601	-0.0017584811	-0.0052456958	-0.0024370698	-0.0055971934	-0.0052896953	-0.0046979614	-0.0045907866	-0.0021357701	-0.0145079428	-0.0047457878	-0.0016575418	-0.0055360187	-0.0065019309	-0.0056047221	-0.0059055487	-0.0038060377	-0.0048009400	-0.0066447188	-0.0045643225	-0.0022380790	-0.0042760337	-0.0053538732	-0.0054358205	-0.0041467751	-0.0050463590	-0.0057230275	-0.0043885455	-0.0139985602	-0.0045531807	-0.0045026963	-0.0055700207	-0.0052409466	-0.0043432389	-0.0051012565	-0.0059869420	-0.0057653778	-0.0056996464	-0.0032053326	-0.0071239440	-0.0026727092	-0.0045813498	-0.0056486097	-0.0051619233
-0.0044411156	-0.0104522159	-0.0027916115	0.2974425203	-0.0132502933	-0.0060925939	-0.0073275352	-0.0117834719	0.0008430344	-0.0012459632	0.0031143398	-0.0045239697	0.0034377599	-0.0088069253	0.0041014341	0.0021489408	-0.0026984309	-0.0098714991	-0.0020211487	-0.0065154362	0.0023299894	-0.0030345676	-0.0059797769	-0.0026106079	-0.0076953590	-0.0024305195	-0.0076771825	-0.0119170977	-0.0033158005	0.0004645311	-0.0005132586	0.0007852874	0.0046058435	-0.0102082990	-0.0075514430	0.0015513013	-0.0039837822	-0.0133485947	-0.0025879171	-0.0002140503	-0.0057141123	-0.0018444959	-0.0043090826	-0.0060097488	-0.0026727585	-0.0034494525	0.0000875226	-0.0004773422	-0.0033825344	-0.0002924413	-0.0260895180	-0.0019686450	-0.0059281952	-0.0116001252	-0.0016440510	-0.0006011075	0.0011866891	0.0017503166	-0.0002602000	0.0024608118	-0.0073906094	-0.0081468530	0.0066182514	-0.0036029162	-0.0040974627	0.0016567509	0.0004867315	0.0027714257	0.0053744055	-0.0147520826	0.0023097608	-0.0056488771	-0.0011670699	-0.0034702354	-0.0041479064	0.0038016974	0.0020363715	-0.0080427286	0.0005607610	-0.0025370678	-0.0052565604	-0.0072798294	-0.0137231411	-0.0014386017	-0.0100902587
-0.0045824803	0.0029037559	-0.0028673146	-0.0132502933	0.7302226604	-0.0009939932	-0.0073179125	-0.0045150187	-0.0114501372	-0.0054978352	-0.0152923683	-0.0061125657	-0.0125034196	-0.0084064428	-0.0149910922	-0.0131807610	-0.0085133527	-0.0045020018	-0.0073659312	-0.0040176978	-0.0137225219	-0.0084948596	-0.0086185044	-0.0098733103	-0.0080392304	-0.0063288563	-0.0036918721	-0.0082357797	-0.0113753109	-0.0132818537	-0.0119747342	-0.0116195165	-0.0145004328	-0.0045544369	-0.0019396009	-0.0145035730	-0.0068793183	-0.0072992269	-0.0128766263	-0.0129900087	-0.0035277908	-0.0086335055	-0.0063057391	-0.0090618025	-0.0080314238	-0.0069933495	-0.0117089260	-0.0109700864	-0.0094035859	-0.0106365326	-0.0037558372	-0.0091370693	-0.0052212891	-0.0020404195	-0.0110669387	-0.0117413025	-0.0127841516	-0.0117822275	-0.0134491795	-0.0135240780	-0.0047255617	-0.0024610063	-0.0141346031	-0.0091472738	-0.0076883366	-0.0111648316	-0.0119931633	-0.0141210110	-0.0162402994	-0.0101627542	-0.0120924240	-0.0060368059	-0.0112663836	-0.0100573538	-0.0072637571	-0.0135959094	-0.0106071085	-0.0015511370	-0.0103786127	-0.0082815063	-0.0084192720	-0.0014969699	-0.0004010478	-0.0099943454	-0.0039095149
-0.0051863707	0.0064229796	-0.0061524930	-0.0060925939	-0.0009939932	0.5138364261	-0.0075790693	-0.0063580421	-0.0062672286	-0.0047802969	-0.0077179550	-0.0042053864	-0.0065694385	-0.0096089428	-0.0069581760	-0.0070724839	-0.0039552998	-0.0088175846	-0.0045357856	-0.0040076628	-0.0089911497	-0.0051068429	-0.0068247521	-0.0065130198	-0.0080796029	-0.0035600071	-0.0022480910	-0.0109485343	-0.0047754353	-0.0087010346	-0.0062569752	-0.0078729631	-0.0069404460	-0.0080974720	-0.0038708709	-0.0073143343	-0.0042385011	-0.0088643809	-0.0065132392	-0.0076393294	-0.0039268096	-0.0083116061	-0.0057225195	-0.0037231859	-0.0059742454	-0.0053795301	-0.0070759215	-0.0062130269	-0.0030685479	-0.0070872753	-0.0143972630	-0.0064471551	-0.0048605001	-0.0080930404	-0.0064114118	-0.0065509762	-0.0073531955	-0.0063001826	-0.0070936424	-0.0076028753	-0.0044111625	-0.0012714324	-0.0069474946	-0.0077866782	-0.0056428160	-0.0070416982	-0.0066532428	-0.0076558568	-0.0091509161	-0.0133101891	-0.0071478098	-0.0031244905	-0.0071658202	-0.0052326522	-0.0048935774	-0.0065381978	-0.0045656296	-0.0028156465	-0.0046513962	-0.0056787855	-0.0073009787	-0.0028594906	-0.0063610780	-0.0069705523	-0.0032731189
-0.0058142030	-0.0074099923	-0.0060080498	-0.0073275352	-0.0073179125	-0.0075790693	0.5982317423	-0.0084985019	-0.0044374993	-0.0052646552	-0.0071039502	-0.0036792606	-0.0067132520	-0.0105500032	-0.0068161472	-0.0070991772	-0.0062931311	-0.0079541895	-0.0057394934	-0.0065826408	-0.0055801165	-0.0071694160	-0.0068875038	-0.0069861069	-0.0093729175	-0.0064053739	-0.0061538776	-0.0097800620	-0.0090636330	-0.0051171466	-0.0098808982	-0.0075294216	-0.0058850077	-0.0073993052	-0.0080109106	-0.0076187337	-0.0083041151	-0.0120251528	-0.0087899498	-0.0062842786	-0.0098271677	-0.0074988921	-0.0083090193	-0.0091731133	-0.0059015430	-0.0080423401	-0.0066058841	-0.0040741490	-0.0070367472	-0.0068031823	-0.0141777051	-0.0064254024	-0.0066269534	-0.0071869781	-0.0074206064	-0.0075125419	-0.0056016635	-0.0068780827	-0.0056518608	-0.0069090395	-0.0067890715	-0.0054798341	-0.0056982358	-0.0072397256	-0.0079272419	-0.0075736394	-0.0066480292	-0.0075037231	-0.0075091624	-0.0126593106	-0.0067921030	-0.0050286616	-0.0052490657	-0.0065124267	-0.0083761560	-0.0077419252	-0.0072691997	-0.0054037458	-0.0068518699	-0.0054463830	-0.0065052715	-0.0069834316	-0.0045509750	-0.0060106168	-0.0043864742
-0.0078680305	-0.0050615274	-0.0068564056	-0.0117834719	-0.0045150187	-0.0063580421	-0.0084985019	0.8393897766	-0.0117352788	-0.0077316519	-0.0127897911	-0.0081389006	-0.0123524888	-0.0083621586	-0.0129277586	-0.0122941401	-0.0084890767	-0.0085317119	-0.0101057426	-0.0077892943	-0.0128785046	-0.0107196469	-0.0087323014	-0.0102473972	-0.0092577805	-0.0110767449	-0.0048564002	-0.0089414990	-0.0119842814	-0.0099878856	-0.0116911891	-0.0136332798	-0.0134493872	-0.0097936841	-0.0075856486	-0.0138731126	-0.0111143051	-0.0078224134	-0.0123651876	-0.0140459409	-0.0088805965	-0.0102111065	-0.0106431440	-0.0099128790	-0.0076057541	-0.0106111540	-0.0115186396	-0.0100635828	-0.0085864397	-0.0102282764	-0.0046273278	-0.0108561758	-0.0083237687	-0.0057112390	-0.0122327573	-0.0102095240	-0.0126014261	-0.0117193485	-0.0096361611	-0.0133081007	-0.0106785420	-0.0058825595	-0.0125996464	-0.0094958907	-0.0095117123	-0.0101929763	-0.0067280237	-0.0148604787	-0.0129866447	-0.0098841047	-0.0127620097	-0.0089199841	-0.0120290355	-0.0099599336	-0.0107200760	-0.0133562140	-0.0115665553	-0.0075672357	-0.0091291520	-0.0111901018	-0.0097796672	-0.0072920356	-0.0085518274	-0.0123172150	-0.0076951707
-0.0061516106	-0.0088531790	-0.0038230020	0.0008430344	-0.0114501372	-0.0062672286	-0.0044374993	-0.0117352788	0.4068784650	-0.0025938341	0.0015131821	-0.0054732989	-0.0006872533	-0.0096917597	-0.0016256589	-0.0009234599	-0.0029177267	-0.0084282228	-0.0006341125	-0.0082355403	-0.0004473907	-0.0062080339	-0.0065848437	-0.0034909796	-0.0079567893	-0.0046480471	-0.0086256517	-0.0122620180	-0.0043070437	-0.0031631505	-0.0039358404	-0.0017415420	0.0005818121	-0.0117576228	-0.0065535872	-0.0022994567	-0.0054133327	-0.0128051487	-0.0060802950	-0.0036735546	-0.0054515251	-0.0049488814	-0.0060343254	-0.0070324773	-0.0025349238	-0.0054749411	-0.0038260499	-0.0047191218	-0.0059316472	-0.0027490775	-0.0212526503	-0.0017135971	-0.0069478011	-0.0114871157	-0.0035102791	-0.0030161946	-0.0020687504	-0.0002256909	-0.0004474159	-0.0013046607	-0.0059525112	-0.0069117241	0.0010628131	-0.0034546634	-0.0034600295	0.0008881900	-0.0035531085	0.0000326436	0.0007747686	-0.0146096519	-0.0011298860	-0.0048910041	-0.0023781120	-0.0059319248	-0.0049778761	-0.0003533564	-0.0004975667	-0.0082774884	-0.0000742520	-0.0042307524	-0.0069985407	-0.0065861042	-0.0100723281	-0.0016122102	-0.0100615607
-0.0072489112	-0.0052573261	-0.0044829877	-0.0012459632	-0.0054978352	-0.0047802969	-0.0052646552	-0.0077316519	-0.0025938341	0.4395478880	-0.0009457063	-0.0042235288	-0.0004784119	-0.0100439567	-0.0042862395	-0.0036954600	-0.0048946987	-0.0089239937	-0.0036890354	-0.0057107566	-0.0019202633	-0.0051321867	-0.0064883250	-0.0029576210	-0.0095869970	-0.0038336902	-0.0049388668	-0.0112596209	-0.0072003191	-0.0047749793	-0.0033549240	-0.0038956132	-0.0007268600	-0.0101662666	-0.0072663608	-0.0040820990	-0.0041238185	-0.0134982758	-0.0063380593	-0.0057706449	-0.0049670446	-0.0043179443	-0.0026324872	-0.0057001590	-0.0028316630	-0.0060154997	-0.0055002656	-0.0031069990	-0.0059785854	-0.0032847051	-0.0218251506	-0.0043800703	-0.0057944629	-0.0080975578	-0.0063468277	-0.0035547700	-0.0047928886	-0.0026491859	-0.0036327187	-0.0032542514	-0.0059097151	-0.0065007424	-0.0029084970	-0.0048442849	-0.0034262898	-0.0023642279	-0.0039102639	-0.0039852561	-0.0021817660	-0.0137624249	-0.0027875177	-0.0047539547	-0.0046539710	-0.0061980713	-0.0056474021	-0.0008323537	-0.0030618939	-0.0040871770	-0.0047776362	-0.0034434923	-0.0079650806	-0.0039300001	-0.0093988225	-0.0048932926	-0.0063494767
-0.0062233380	-0.0111710915	-0.0053972726	0.0031143398	-0.0152923683	-0.0077179550	-0.0071039502	-0.0127897911	0.0015131821	-0.0009457063	0.3142898573	-0.0027509764	0.0037953731	-0.0085436516	0.0043093063	0.0020271256	-0.0021840612	-0.0113462504	-0.0056995261	-0.0066361536	0.0022220536	-0.0022832850	-0.0056127062	-0.0002863545	-0.0070854283	-0.0021005692	-0.0098602057	-0.0114802834	-0.0045290411	-0.0011711899	-0.0010335339	0.0013475098	0.0042540012	-0.0117027050	-0.0086387583	0.0026623155	-0.0076068659	-0.0132920380	-0.0038853958	0.0007661435	-0.0061635972	-0.0020631776	-0.0046712744	-0.0054019887	-0.0018709603	-0.0052940447	0.0007990244	0.0012244566	-0.0044041335	-0.0026509071	-0.0281062988	-0.0020627758	-0.0062297187	-0.0129136936	-0.0013783082	0.0014903011	0.0025641865	0.0019624638	0.0018003961	0.0021140963	-0.0062612242	-0.0104010188	0.0033905958	-0.0011974333	-0.0021661398	0.0045522512	0.0009994235	0.0025761386	0.0045350350	-0.0164943643	0.0024465985	-0.0052553768	0.0007754911	-0.0029903513	-0.0053668572	0.0044925417	0.0005115121	-0.0082720020	0.0014298110	-0.0025214601	-0.0061595142	-0.0071378105	-0.0147273865	-0.0009261032	-0.0105071578
-0.0022981708	-0.0059763051	-0.0047682805	-0.0045239697	-0.0061125657	-0.0042053864	-0.0036792606	-0.0081389006	-0.0054732989	-0.0042235288	-0.0027509764	0.4512912882	-0.0056947911	-0.0090784894	-0.0030273324	-0.0023898543	-0.0056631150	-0.0069814564	-0.0042835212	-0.0054283254	-0.0029058415	-0.0059378947	-0.0038376372	-0.0044136048	-0.0050107738	-0.0047900497	-0.0055142653	-0.0110045759	-0.0051533683	-0.0031020592	-0.0054584936	-0.0069736072	-0.0036305860	-0.0090981125	-0.0071773383	-0.0033581170	-0.0052516616	-0.0103162142	-0.0066585902	-0.0030248326	-0.0078750240	-0.0035911615	-0.0078344691	-0.0039989068	-0.0046437016	-0.0052437530	-0.0033605218	-0.0038844887	-0.0057405558	-0.0068188396	-0.0199554411	-0.0048051339	-0.0025955772	-0.0071762298	-0.0041915455	-0.0044656025	-0.0022889179	-0.0036974511	-0.0029925420	-0.0016395462	-0.0059695385	-0.0054101128	-0.0046196520	-0.0033460632	-0.0036360248	-0.0039265930	-0.0028612394	-0.0051126573	-0.0044267687	-0.0155537996	-0.0059556052	-0.0025317710	-0.0048348262	-0.0047689160	-0.0074533886	-0.0039511604	-0.0041035915	-0.0074500293	-0.0044844698	-0.0052068212	-0.0043050965	-0.0055373236	-0.0105275706	-0.0037319527	-0.0074717548
-0.0049076429	-0.0110435973	-0.0048214078	0.0034377599	-0.0125034196	-0.0065694385	-0.0067132520	-0.0123524888	-0.0006872533	-0.0004784119	0.0037953731	-0.0056947911	0.3301076873	-0.0093930003	0.0022773950	0.0000433686	-0.0028424501	-0.0099068217	-0.0036838565	-0.0067698689	0.0015378260	-0.0035738143	-0.0057346611	-0.0021788610	-0.0075709353	-0.0027217649	-0.0102448487	-0.0116840822	-0.0046655284	0.0000768588	-0.0016133418	0.0000142437	0.0034198398	-0.0119236481	-0.0060193755	0.0008117895	-0.0061404435	-0.0159150696	-0.0027624585	-0.0002884455	-0.0055640131	-0.0017480525	-0.0048730712	-0.0048830008	-0.0026622716	-0.0023087574	-0.0016858961	-0.0006932590	-0.0039680601	-0.0017465668	-0.0261881443	-0.0019451403	-0.0059907770	-0.0122333571	-0.0005003420	-0.0008734875	-0.0012501886	0.0016358368	-0.0001517904	0.0028391419	-0.0080967726	-0.0059926871	0.0019757383	-0.0033529264	-0.0019856356	0.0049387126	-0.0006649858	0.0029662420	0.0057307097	-0.0153010049	0.0018476647	-0.0082767919	-0.0010828938	-0.0025490765	-0.0042409879	0.0042357166	-0.0009558486	-0.0066772691	-0.0014863831	-0.0017088850	-0.0062235708	-0.0068306350	-0.0130947705	-0.0026717923	-0.0098278327
-0.0085531810	-0.0100884746	-0.0105637981	-0.0088069253	-0.0084064428	-0.0096089428	-0.0105500032	-0.0083621586	-0.0096917597	-0.0100439567	-0.0085436516	-0.0090784894	-0.0093930003	0.7621316782	-0.0091067373	-0.0098842144	-0.0087535374	-0.0085021973	-0.0100234939	-0.0100877907	-0.0070917966	-0.0079984885	-0.0097242128	-0.0082207099	-0.0085054398	-0.0092337023	-0.0089836305	-0.0025113942	-0.0079426672	-0.0099210171	-0.0069580641	-0.0088110491	-0.0077332284	-0.0079833577	-0.0104523678	-0.0080882268	-0.0103277945	-0.0075832926	-0.0081702944	-0.0083888210	-0.0100973372	-0.0116669636	-0.0104458197	-0.0113572707	-0.0102032866	-0.0097116071	-0.0109660890	-0.0078137789	-0.0092041852	-0.0106534452	-0.0099747950	-0.0102159266	-0.0112543359	-0.0078968024	-0.0097517273	-0.0100776397	-0.0077650302	-0.0095245860	-0.0096372751	-0.0100711207	-0.0086793841	-0.0089377195	-0.0079529410	-0.0099887104	-0.0093557841	-0.0083413411	-0.0071800629	-0.0091946656	-0.0088110662	-0.0094046909	-0.0075847071	-0.0067048943	-0.0089051854	-0.0086696832	-0.0092190393	-0.0095562419	-0.0070233476	-0.0097243876	-0.0078530717	-0.0098446448	-0.0082506893	-0.0116106963	-0.0091853987	-0.0086205438	-0.0105654492
-0.0057221527	-0.0126317263	-0.0057759445	0.0041014341	-0.0149910922	-0.0069581760	-0.0068161472	-0.0129277586	-0.0016256589	-0.0042862395	0.0043093063	-0.0030273324	0.0022773950	-0.0091067373	0.3063612544	0.0030439385	0.0004080872	-0.0102896171	-0.0037745657	-0.0062573331	0.0046269457	-0.0035474109	-0.0036682265	-0.0013277996	-0.0063550208	-0.0026920630	-0.0092513481	-0.0116144754	-0.0029306497	0.0015889715	-0.0005107648	0.0006038980	0.0036795708	-0.0108495999	-0.0080723930	0.0034928302	-0.0073942440	-0.0134961930	-0.0032179892	0.0026456377	-0.0068785699	-0.0020933850	-0.0062832099	-0.0051765275	-0.0027164154	-0.0051138016	0.0008330034	0.0004461214	-0.0027845617	-0.0019917924	-0.0285851804	-0.0003181966	-0.0069420836	-0.0141256715	-0.0018074265	0.0037746806	0.0035714191	0.0007316020	0.0020222262	0.0040659717	-0.0069706742	-0.0094265432	0.0029626128	-0.0028013458	-0.0036726741	0.0020779802	0.0020128626	0.0032901754	0.0038404323	-0.0143044222	0.0018526923	-0.0053143945	0.0008292779	-0.0029727942	-0.0047307063	0.0029511070	0.0001624072	-0.0068833778	0.0004894288	-0.0025748781	-0.0049396283	-0.0077585629	-0.0146781736	-0.0011282089	-0.0109614047
-0.0051696687	-0.0101489502	-0.0050302627	0.0021489408	-0.0131807610	-0.0070724839	-0.0070991772	-0.0122941401	-0.0009234599	-0.0036954600	0.0020271256	-0.0023898543	0.0000433686	-0.0098842144	0.0030439385	0.3254066871	-0.0025597137	-0.0079943694	-0.0037023118	-0.0074986044	0.0013414193	-0.0037334676	-0.0041811984	-0.0024856383	-0.0077282055	-0.0034787097	-0.0086033095	-0.0115586440	-0.0036957155	0.0009349699	-0.0010594743	-0.0001245013	0.0011579813	-0.0088269613	-0.0068665864	0.0009911072	-0.0052513121	-0.0133100803	-0.0030815181	0.0016376314	-0.0065454808	-0.0040193779	-0.0055959517	-0.0069848252	-0.0011877947	-0.0036964119	-0.0005395591	0.0011260007	-0.0044054425	-0.0019308867	-0.0258288048	-0.0028514598	-0.0063921396	-0.0125855909	-0.0023465075	-0.0003494809	0.0018482852	0.0003436712	0.0013876370	0.0029185352	-0.0061761659	-0.0108520429	0.0032046681	-0.0001671311	-0.0044499330	0.0009721490	0.0002769922	0.0018704398	0.0027994406	-0.0155852009	0.0009297580	-0.0048825046	0.0000071662	-0.0032906691	-0.0048703211	0.0025280451	0.0002305002	-0.0081721046	-0.0001889269	-0.0007166487	-0.0039979603	-0.0061472404	-0.0115931817	-0.0005492744	-0.0096486844
-0.0051085460	-0.0050320256	-0.0037400937	-0.0026984309	-0.0085133527	-0.0039552998	-0.0062931311	-0.0084890767	-0.0029177267	-0.0048946987	-0.0021840612	-0.0056631150	-0.0028424501	-0.0087535374	0.0004080872	-0.0025597137	0.4000772026	-0.0080505718	-0.0044913464	-0.0069166476	-0.0020729294	-0.0032657411	-0.0043920406	-0.0054064774	-0.0066233180	-0.0036521832	-0.0060736874	-0.0116841774	-0.0059516901	-0.0033871145	-0.0043508315	-0.0024992489	-0.0025760557	-0.0105241348	-0.0029690792	-0.0020851997	-0.0053400311	-0.0110679576	-0.0054870837	-0.0018708827	-0.0063596036	-0.0029317561	-0.0052470728	-0.0069666239	-0.0042127831	-0.0055072388	-0.0035829819	-0.0034467594	-0.0018994655	-0.0042615003	-0.0216246517	-0.0029567684	-0.0070973696	-0.0099180060	-0.0039912576	-0.0031702685	-0.0019117148	-0.0042236112	-0.0012636339	-0.0034992155	-0.0052722084	-0.0027325428	0.0000037821	-0.0037556951	-0.0037339206	-0.0010154509	-0.0030289239	-0.0030246607	-0.0015929052	-0.0147835395	-0.0019857091	-0.0049482855	-0.0030795762	-0.0012712264	-0.0037014024	-0.0026360398	-0.0012321009	-0.0043531338	-0.0012611604	-0.0030732411	-0.0064229544	-0.0066352755	-0.0102827670	-0.0045645572	-0.0076458231
-0.0031299627	-0.0059701897	-0.0062319277	-0.0098714991	-0.0045020018	-0.0088175846	-0.0079541895	-0.0085317119	-0.0084282228	-0.0089239937	-0.0113462504	-0.0069814564	-0.0099068217	-0.0085021973	-0.0102896171	-0.0079943694	-0.0080505718	0.7037454715	-0.0087374114	-0.0042790679	-0.0083110445	-0.0092442548	-0.0070848105	-0.0087796192	-0.0070636254	-0.0099418239	-0.0053007697	-0.0106618886	-0.0070659534	-0.0080621559	-0.0093215034	-0.0099257967	-0.0085926594	-0.0052148614	-0.0067571610	-0.0076702523	-0.0084426517	-0.0103108030	-0.0091680927	-0.0087448887	-0.0065741259	-0.0085792463	-0.0088258469	-0.0095327932	-0.0104871650	-0.0082034870	-0.0114457321	-0.0087806304	-0.0071992919	-0.0088921294	-0.0085862515	-0.0089462907	-0.0095011493	-0.0052416579	-0.0113282930	-0.0074586265	-0.0082453384	-0.0066793334	-0.0092890121	-0.0101827301	-0.0076931023	-0.0073743570	-0.0109961053	-0.0093656432	-0.0089295963	-0.0086553136	-0.0088650034	-0.0105844534	-0.0091137004	-0.0093574130	-0.0081132751	-0.0067493473	-0.0088823914	-0.0080218340	-0.0096113289	-0.0105872496	-0.0082660972	-0.0076642819	-0.0086588234	-0.0094439198	-0.0088961718	-0.0048551295	-0.0064529211	-0.0102070628	-0.0083081556
-0.0057379003	-0.0046537118	-0.0023590267	-0.0020211487	-0.0073659312	-0.0045357856	-0.0057394934	-0.0101057426	-0.0006341125	-0.0036890354	-0.0056995261	-0.0042835212	-0.0036838565	-0.0100234939	-0.0037745657	-0.0037023118	-0.0044913464	-0.0087374114	0.4555507158	-0.0064622868	-0.0046624748	-0.0050011403	-0.0077350102	-0.0046283710	-0.0102424679	-0.0043744309	-0.0070074821	-0.0103335804	-0.0065601759	-0.0052115412	-0.0051343986	-0.0026033189	-0.0033292192	-0.0095775558	-0.0061620601	-0.0057847889	-0.0050119646	-0.0113174633	-0.0053894006	-0.0062914066	-0.0042449567	-0.0036777744	-0.0048818390	-0.0053625162	-0.0030025071	-0.0052116579	-0.0039854413	-0.0050780336	-0.0065283126	-0.0042931946	-0.0182605187	-0.0046280629	-0.0052810427	-0.0080645560	-0.0036304111	-0.0036420931	-0.0040640029	-0.0029876719	-0.0045118772	-0.0037852015	-0.0048579444	-0.0049306334	-0.0037317050	-0.0053639766	-0.0057216213	-0.0023180749	-0.0043274885	-0.0030209406	-0.0017135306	-0.0136556893	-0.0036343025	-0.0077443381	-0.0058997532	-0.0048451174	-0.0038734679	-0.0031952053	-0.0048953600	-0.0037954626	-0.0044427977	-0.0049977827	-0.0058519352	-0.0030620522	-0.0092756397	-0.0043080943	-0.0069076715
-0.0044903476	-0.0037033493	-0.0053178552	-0.0065154362	-0.0040176978	-0.0040076628	-0.0065826408	-0.0077892943	-0.0082355403	-0.0057107566	-0.0066361536	-0.0054283254	-0.0067698689	-0.0100877907	-0.0062573331	-0.0074986044	-0.0069166476	-0.0042790679	-0.0064622868	0.5566875283	-0.0071715212	-0.0056165361	-0.0074875364	-0.0059828793	-0.0079742354	-0.0066516307	-0.0038927266	-0.0110991910	-0.0079858246	-0.0079932788	-0.0068282652	-0.0062094979	-0.0066638307	-0.0071000414	-0.0052768376	-0.0073022518	-0.0044162176	-0.0095828065	-0.0082929423	-0.0077817939	-0.0044698669	-0.0075092795	-0.0066084723	-0.0082185005	-0.0068305011	-0.0070367580	-0.0043063411	-0.0069660629	-0.0062154068	-0.0062526688	-0.0155404583	-0.0069577333	-0.0058730136	-0.0090614747	-0.0075638019	-0.0069390689	-0.0079767297	-0.0052436716	-0.0069097842	-0.0065532534	-0.0047429675	-0.0031613358	-0.0081387616	-0.0059662424	-0.0071098730	-0.0074655465	-0.0069136583	-0.0077018124	-0.0075547490	-0.0120140026	-0.0067049133	-0.0034337335	-0.0064064067	-0.0065652636	-0.0035736220	-0.0061551281	-0.0065993588	-0.0047094725	-0.0072081433	-0.0053424650	-0.0060889715	-0.0020139550	-0.0077094643	-0.0061289708	-0.0062293591
-0.0064338507	-0.0120167203	-0.0070047058	0.0023299894	-0.0137225219	-0.0089911497	-0.0055801165	-0.0128785046	-0.0004473907	-0.0019202633	0.0022220536	-0.0029058415	0.0015378260	-0.0070917966	0.0046269457	0.0013414193	-0.0020729294	-0.0083110445	-0.0046624748	-0.0071715212	0.3073228238	-0.0052764080	-0.0032103521	0.0008213061	-0.0067695881	-0.0024344822	-0.0085876172	-0.0109030880	-0.0017043143	0.0025882588	-0.0009532029	0.0010293679	0.0055845006	-0.0091409118	-0.0082266674	0.0022795243	-0.0079605137	-0.0146622337	-0.0037286260	0.0033429718	-0.0074631065	-0.0030501267	-0.0060042224	-0.0048247115	-0.0034343367	-0.0044883560	0.0014346226	0.0001071880	-0.0028875309	-0.0029444580	-0.0280922629	-0.0006269710	-0.0080427478	-0.0117375717	-0.0017275641	0.0014927116	0.0043958479	-0.0002260369	0.0014666926	0.0026273695	-0.0063792251	-0.0108852223	0.0012408306	-0.0023945819	-0.0034501570	0.0015600102	0.0041199451	0.0020960826	0.0048722931	-0.0153635372	0.0031930638	-0.0042361874	0.0015039921	-0.0030383019	-0.0047763382	0.0029290740	-0.0017947034	-0.0071291792	0.0004899239	-0.0027360008	-0.0044400701	-0.0080132366	-0.0133915822	-0.0010355873	-0.0091738842
-0.0063158268	-0.0065548646	-0.0051489669	-0.0030345676	-0.0084948596	-0.0051068429	-0.0071694160	-0.0107196469	-0.0062080339	-0.0051321867	-0.0022832850	-0.0059378947	-0.0035738143	-0.0079984885	-0.0035474109	-0.0037334676	-0.0032657411	-0.0092442548	-0.0050011403	-0.0056165361	-0.0052764080	0.4626787454	-0.0060864518	-0.0032176773	-0.0086242049	-0.0049955075	-0.0069798211	-0.0101522731	-0.0061595802	-0.0057696012	-0.0030511159	-0.0037651178	-0.0029213420	-0.0060235375	-0.0057970380	-0.0052305149	-0.0051386899	-0.0109133966	-0.0054144586	-0.0045765389	-0.0066406583	-0.0061944489	-0.0035881345	-0.0064097752	-0.0041858263	-0.0067281463	-0.0048317322	-0.0038479797	-0.0043485742	-0.0038813879	-0.0193592775	-0.0061165708	-0.0059268277	-0.0087461864	-0.0035238777	-0.0039204497	-0.0024874608	-0.0031190379	-0.0034398065	-0.0035070718	-0.0064633280	-0.0061425915	-0.0022787211	-0.0041931797	-0.0061304543	-0.0042403755	-0.0052358752	-0.0046953505	-0.0028927031	-0.0146483707	-0.0025671695	-0.0044570904	-0.0033417536	-0.0058775146	-0.0044318877	-0.0034672648	-0.0034258209	-0.0040055542	-0.0021688090	-0.0011834229	-0.0076961086	-0.0066840616	-0.0080723656	-0.0063638518	-0.0070313701
-0.0069802306	-0.0082638408	-0.0086312186	-0.0059797769	-0.0086185044	-0.0068247521	-0.0068875038	-0.0087323014	-0.0065848437	-0.0064883250	-0.0056127062	-0.0038376372	-0.0057346611	-0.0097242128	-0.0036682265	-0.0041811984	-0.0043920406	-0.0070848105	-0.0077350102	-0.0074875364	-0.0032103521	-0.0060864518	0.5442160564	-0.0058297526	-0.0065170341	-0.0049071664	-0.0062568896	-0.0117122278	-0.0010393367	-0.0009042409	-0.0058859296	-0.0045277400	-0.0042741480	-0.0063723507	-0.0068289282	-0.0030782168	-0.0094632779	-0.0117646481	-0.0071092130	-0.0031573655	-0.0073011343	-0.0065258935	-0.0096367536	-0.0064303038	-0.0085231687	-0.0064121158	-0.0045416922	-0.0058968921	-0.0065352353	-0.0073857024	-0.0160388039	-0.0057418923	-0.0082515456	-0.0111018479	-0.0053680941	-0.0052841173	-0.0034022050	-0.0054387527	-0.0049074742	-0.0050936553	-0.0069294253	-0.0078143853	-0.0060789182	-0.0038550924	-0.0070982481	-0.0040752418	-0.0022822691	-0.0047361550	-0.0062481856	-0.0146706057	-0.0038475975	-0.0071819117	-0.0042512403	-0.0054188473	-0.0058305040	-0.0054832797	-0.0054964215	-0.0087209237	-0.0067811092	-0.0061076709	-0.0069743184	-0.0069661086	-0.0111773728	-0.0043395656	-0.0096587720
-0.0064118399	-0.0073651902	-0.0059741915	-0.0026106079	-0.0098733103	-0.0065130198	-0.0069861069	-0.0102473972	-0.0034909796	-0.0029576210	-0.0002863545	-0.0044136048	-0.0021788610	-0.0082207099	-0.0013277996	-0.0024856383	-0.0054064774	-0.0087796192	-0.0046283710	-0.0059828793	0.0008213061	-0.0032176773	-0.0058297526	0.4027249201	-0.0070164905	-0.0048892566	-0.0058561545	-0.0115686057	-0.0043701873	-0.0022652323	-0.0023809392	-0.0039949790	-0.0015778738	-0.0095280734	-0.0058058961	-0.0017383820	-0.0066931147	-0.0133415732	-0.0048707725	-0.0024758930	-0.0056021782	-0.0063425161	-0.0039915158	-0.0042056040	-0.0033447730	-0.0057325550	-0.0027107967	-0.0014384540	-0.0017364150	-0.0039175060	-0.0222410716	-0.0036726229	-0.0051845972	-0.0115337914	-0.0031359550	-0.0013493809	-0.0017976988	-0.0022437752	-0.0014257076	-0.0007716400	-0.0042744146	-0.0073639491	-0.0028863702	-0.0027845660	-0.0037843158	-0.0006086648	-0.0016279786	-0.0019925352	-0.0003506985	-0.0139013641	-0.0018461953	-0.0047989532	-0.0024666293	-0.0050919349	-0.0054676978	-0.0012345265	-0.0030953287	-0.0039721288	-0.0014472939	-0.0034623146	-0.0038035764	-0.0062912634	-0.0113311138	-0.0041833235	-0.0095391020
-0.0060184700	-0.0062198458	-0.0061435956	-0.0076953590	-0.0080392304	-0.0080796029	-0.0093729175	-0.0092577805	-0.0079567893	-0.0095869970	-0.0070854283	-0.0050107738	-0.0075709353	-0.0085054398	-0.0063550208	-0.0077282055	-0.0066233180	-0.0070636254	-0.0102424679	-0.0079742354	-0.0067695881	-0.0086242049	-0.0065170341	-0.0070164905	0.6359423552	-0.0065237127	-0.0075368469	-0.0089956170	-0.0082430882	-0.0063056215	-0.0081970010	-0.0081951890	-0.0061515033	-0.0097567600	-0.0072897934	-0.0074906391	-0.0087547891	-0.0104869787	-0.0084036851	-0.0074824221	-0.0073189515	-0.0080558043	-0.0108676120	-0.0081552248	-0.0069061488	-0.0058535269	-0.0056537682	-0.0070684749	-0.0070187419	-0.0081380593	-0.0187255160	-0.0066990504	-0.0056631466	-0.0087302195	-0.0074992447	-0.0064144411	-0.0058005286	-0.0057995446	-0.0077403746	-0.0076309643	-0.0074481614	-0.0065958016	-0.0060507326	-0.0070094975	-0.0058363019	-0.0071167479	-0.0049885352	-0.0091303757	-0.0077394961	-0.0125409131	-0.0077497110	-0.0057489207	-0.0068388518	-0.0072947796	-0.0072803758	-0.0062518741	-0.0064813934	-0.0069827719	-0.0058422356	-0.0084978304	-0.0061987245	-0.0069443011	-0.0069293148	-0.0065164106	-0.0089179511
-0.0050354946	-0.0061038832	-0.0039856601	-0.0024305195	-0.0063288563	-0.0035600071	-0.0064053739	-0.0110767449	-0.0046480471	-0.0038336902	-0.0021005692	-0.0047900497	-0.0027217649	-0.0092337023	-0.0026920630	-0.0034787097	-0.0036521832	-0.0099418239	-0.0043744309	-0.0066516307	-0.0024344822	-0.0049955075	-0.0049071664	-0.0048892566	-0.0065237127	0.4256130777	-0.0048405968	-0.0114389004	-0.0054371163	-0.0048298611	-0.0024532125	-0.0045006278	0.0001519595	-0.0078527305	-0.0061012803	-0.0035795774	-0.0049964213	-0.0098474328	-0.0050521191	-0.0045963386	-0.0053276077	-0.0053641412	-0.0047867709	-0.0043202839	-0.0051452898	-0.0043175935	-0.0025129753	-0.0022984579	-0.0049625316	-0.0040937969	-0.0212885338	-0.0031209688	-0.0049952216	-0.0111249093	-0.0045829195	-0.0035384363	-0.0025058543	-0.0040641167	-0.0037652397	-0.0031570118	-0.0066617237	-0.0046808300	-0.0011858972	-0.0052064131	-0.0038058437	-0.0038650825	-0.0038279267	-0.0036861498	-0.0007954508	-0.0128569838	-0.0013016047	-0.0050260929	-0.0025116177	-0.0062205692	-0.0065325736	-0.0012235588	-0.0018611796	-0.0054130588	-0.0039320464	-0.0028440083	-0.0072189122	-0.0044313976	-0.0094295524	-0.0062384679	-0.0074138906
-0.0013922689	-0.0005351618	-0.0042342516	-0.0076771825	-0.0036918721	-0.0022480910	-0.0061538776	-0.0048564002	-0.0086256517	-0.0049388668	-0.0098602057	-0.0055142653	-0.0102448487	-0.0089836305	-0.0092513481	-0.0086033095	-0.0060736874	-0.0053007697	-0.0070074821	-0.0038927266	-0.0085876172	-0.0069798211	-0.0062568896	-0.0058561545	-0.0075368469	-0.0048405968	0.5907924213	-0.0115550341	-0.0067249982	-0.0081580102	-0.0067186811	-0.0077441997	-0.0092371969	-0.0036718770	-0.0070396061	-0.0077339291	-0.0051496693	-0.0086663417	-0.0082431452	-0.0073689990	-0.0071365603	-0.0086925799	-0.0057659495	-0.0068357359	-0.0073675231	-0.0079742082	-0.0080441689	-0.0085922076	-0.0056647625	-0.0059149221	-0.0128972746	-0.0037968559	-0.0061523890	-0.0079457908	-0.0083038486	-0.0075035277	-0.0062091314	-0.0081236931	-0.0088390888	-0.0082494684	-0.0058917167	-0.0043174696	-0.0097836718	-0.0065652254	-0.0067621324	-0.0089697935	-0.0050600706	-0.0089597848	-0.0113309143	-0.0116991561	-0.0083761578	-0.0043805986	-0.0080340289	-0.0079670333	-0.0047672901	-0.0102307482	-0.0086491196	-0.0057647948	-0.0079779720	-0.0055819607	-0.0087463843	-0.0041007933	-0.0065876911	-0.0101779940	-0.0029447215
-0.0107049754	-0.0096971626	-0.0104909918	-0.0119170977	-0.0082357797	-0.0109485343	-0.0097800620	-0.0089414990	-0.0122620180	-0.0112596209	-0.0114802834	-0.0110045759	-0.0116840822	-0.0025113942	-0.0116144754	-0.0115586440	-0.0116841774	-0.0106618886	-0.0103335804	-0.0110991910	-0.0109030880	-0.0101522731	-0.0117122278	-0.0115686057	-0.0089956170	-0.0114389004	-0.0115550341	0.8972391281	-0.0095509947	-0.0123399396	-0.0123763704	-0.0106730029	-0.0117746055	-0.0115816143	-0.0108061017	-0.0117336814	-0.0128633969	-0.0033630678	-0.0095361890	-0.0119152688	-0.0109121711	-0.0108308913	-0.0096313996	-0.0124865771	-0.0122254216	-0.0110758201	-0.0104136347	-0.0099231719	-0.0117180786	-0.0106264675	-0.0041544392	-0.0106793686	-0.0113377947	-0.0073584492	-0.0107998159	-0.0106985927	-0.0099742940	-0.0126568829	-0.0124443566	-0.0119869549	-0.0107489807	-0.0139518181	-0.0114509549	-0.0119740398	-0.0124370299	-0.0108201688	-0.0110005741	-0.0131257030	-0.0116638860	-0.0075297342	-0.0124250165	-0.0098619060	-0.0086696202	-0.0094423085	-0.0106318412	-0.0106318282	-0.0107933019	-0.0111673674	-0.0107234880	-0.0114700500	-0.0087223913	-0.0119417184	-0.0064666723	-0.0121132088	-0.0128309246
-0.0076786930	-0.0098568490	-0.0091717218	-0.0033158005	-0.0113753109	-0.0047754353	-0.0090636330	-0.0119842814	-0.0043070437	-0.0072003191	-0.0045290411	-0.0051533683	-0.0046655284	-0.0079426672	-0.0029306497	-0.0036957155	-0.0059516901	-0.0070659534	-0.0065601759	-0.0079858246	-0.0017043143	-0.0061595802	-0.0010393367	-0.0043701873	-0.0082430882	-0.0054371163	-0.0067249982	-0.0095509947	0.5271342761	0.0003776620	-0.0055636119	-0.0059769555	-0.0014419208	-0.0062341872	-0.0091795257	-0.0034121700	-0.0093831052	-0.0130691552	-0.0058687059	-0.0018789646	-0.0077531317	-0.0078403411	-0.0078009069	-0.0064781289	-0.0071443631	-0.0071000008	-0.0041636280	-0.0041862111	-0.0054647854	-0.0072857161	-0.0192881327	-0.0053356298	-0.0089528137	-0.0104614593	-0.0055088160	-0.0029207762	-0.0026754517	-0.0038441488	-0.0049582039	-0.0025238542	-0.0091366500	-0.0077981625	-0.0047473148	-0.0059187301	-0.0060213657	-0.0047925366	-0.0026672244	-0.0045317283	-0.0039346289	-0.0081896076	-0.0044335483	-0.0065738382	-0.0041625987	-0.0047488648	-0.0070506536	-0.0033886761	-0.0049177195	-0.0088560941	-0.0056274760	-0.0067872861	-0.0065813051	-0.0085545705	-0.0135633187	-0.0062077493	-0.0061861709
-0.0049918718	-0.0109768696	-0.0076284684	0.0004645311	-0.0132818537	-0.0087010346	-0.0051171466	-0.0099878856	-0.0031631505	-0.0047749793	-0.0011711899	-0.0031020592	0.0000768588	-0.0099210171	0.0015889715	0.0009349699	-0.0033871145	-0.0080621559	-0.0052115412	-0.0079932788	0.0025882588	-0.0057696012	-0.0009042409	-0.0022652323	-0.0063056215	-0.0048298611	-0.0081580102	-0.0123399396	0.0003776620	0.3855382080	-0.0016677149	-0.0018231929	0.0016991118	-0.0105539940	-0.0079906058	-0.0003838608	-0.0070550074	-0.0125389827	-0.0045369326	0.0010900438	-0.0063064272	-0.0041022650	-0.0078517083	-0.0051271722	-0.0044362687	-0.0066038398	-0.0001385141	0.0005970988	-0.0046767839	-0.0044988999	-0.0239599726	-0.0034596090	-0.0065437213	-0.0131530690	-0.0022352834	-0.0014008183	0.0022912598	-0.0022269861	0.0001517370	0.0017199199	-0.0064768171	-0.0113494197	0.0014178354	-0.0039446194	-0.0045119957	-0.0010827463	0.0021926041	-0.0005907580	0.0020298090	-0.0140007221	-0.0005042689	-0.0068677054	0.0005647344	-0.0034793246	-0.0024141096	0.0002669008	-0.0034333029	-0.0080166685	-0.0036945103	-0.0044894882	-0.0047222049	-0.0094851306	-0.0127921355	-0.0024219340	-0.0099968998
-0.0063724688	-0.0098041617	-0.0070845546	-0.0005132586	-0.0119747342	-0.0062569752	-0.0098808982	-0.0116911891	-0.0039358404	-0.0033549240	-0.0010335339	-0.0054584936	-0.0016133418	-0.0069580641	-0.0005107648	-0.0010594743	-0.0043508315	-0.0093215034	-0.0051343986	-0.0068282652	-0.0009532029	-0.0030511159	-0.0058859296	-0.0023809392	-0.0081970010	-0.0024532125	-0.0067186811	-0.0123763704	-0.0055636119	-0.0016677149	0.4400754786	-0.0027867775	-0.0013413019	-0.0097953032	-0.0075347859	-0.0013103619	-0.0059405721	-0.0140068976	-0.0044027700	-0.0026621930	-0.0082590318	-0.0047957299	-0.0061863379	-0.0074207671	-0.0041159546	-0.0076637419	-0.0022966737	-0.0022226136	-0.0040893170	-0.0041891270	-0.0236752787	-0.0034245873	-0.0072506847	-0.0124554821	-0.0028253374	-0.0022989112	-0.0002343456	-0.0042192620	-0.0009335898	-0.0028866558	-0.0085707123	-0.0078492640	-0.0014481104	-0.0047116316	-0.0053886733	-0.0015448271	-0.0031583798	-0.0014356327	0.0005919621	-0.0134450968	-0.0000377492	-0.0054558748	-0.0018042923	-0.0048371565	-0.0046582501	0.0000178519	-0.0008508614	-0.0072281201	0.0000563542	-0.0033424799	-0.0058111681	-0.0096368067	-0.0127336378	-0.0034221492	-0.0097609257
-0.0044038806	-0.0123170977	-0.0057417400	0.0007852874	-0.0116195165	-0.0078729631	-0.0075294216	-0.0136332798	-0.0017415420	-0.0038956132	0.0013475098	-0.0069736072	0.0000142437	-0.0088110491	0.0006038980	-0.0001245013	-0.0024992489	-0.0099257967	-0.0026033189	-0.0062094979	0.0010293679	-0.0037651178	-0.0045277400	-0.0039949790	-0.0081951890	-0.0045006278	-0.0077441997	-0.0106730029	-0.0059769555	-0.0018231929	-0.0027867775	0.3991902458	0.0008062202	-0.0103605629	-0.0071631764	-0.0007957303	-0.0057235628	-0.0136650272	-0.0061709200	-0.0012866904	-0.0059667433	-0.0030352250	-0.0041596689	-0.0068957309	-0.0047200187	-0.0069230481	0.0003161420	-0.0027008371	-0.0044922353	-0.0033340208	-0.0250608028	-0.0039608687	-0.0063645528	-0.0100667376	-0.0028960301	-0.0007366636	-0.0016371749	-0.0011736669	-0.0011151306	0.0006588125	-0.0054305207	-0.0094761389	0.0009238857	-0.0046512915	-0.0040648395	0.0011399386	-0.0024873070	0.0005129078	0.0023488959	-0.0147893595	0.0008227099	-0.0045236648	-0.0030026504	-0.0031562111	-0.0035190847	0.0005660739	-0.0019860819	-0.0082422575	-0.0033230082	-0.0018390007	-0.0065179674	-0.0063785853	-0.0140256250	-0.0028481413	-0.0105097207
-0.0049367996	-0.0124767401	-0.0062555980	0.0046058435	-0.0145004328	-0.0069404460	-0.0058850077	-0.0134493872	0.0005818121	-0.0007268600	0.0042540012	-0.0036305860	0.0034198398	-0.0077332284	0.0036795708	0.0011579813	-0.0025760557	-0.0085926594	-0.0033292192	-0.0066638307	0.0055845006	-0.0029213420	-0.0042741480	-0.0015778738	-0.0061515033	0.0001519595	-0.0092371969	-0.0117746055	-0.0014419208	0.0016991118	-0.0013413019	0.0008062202	0.2750839447	-0.0090264841	-0.0086300982	0.0018844824	-0.0047556013	-0.0149140869	-0.0026658524	0.0027338334	-0.0049319761	-0.0022951021	-0.0041691842	-0.0042077242	-0.0039332581	-0.0023872750	0.0011856045	0.0006641275	-0.0034778863	-0.0017496725	-0.0277193283	-0.0005881322	-0.0056007832	-0.0126521203	-0.0027026147	0.0005435391	0.0015743457	0.0007940140	0.0005548557	0.0022836521	-0.0060941145	-0.0073827180	0.0056665332	-0.0026709016	-0.0025379254	0.0018430629	0.0028193573	0.0032066719	0.0063008461	-0.0164336646	0.0041659095	-0.0044645648	0.0003759265	-0.0028216835	-0.0033134511	0.0042406453	0.0022070573	-0.0069601983	0.0001243954	-0.0016646092	-0.0049242805	-0.0069885837	-0.0132580533	-0.0020893069	-0.0097656670
