0.4648149885	-0.0002318880	-0.0033612210	-0.0044550648	-0.0042668092	-0.0051266505	-0.0054724674	-0.0071110900	-0.0060874463	-0.0075134496	-0.0063177195	-0.0026493300	-0.0047308334	-0.0088396455	-0.0057216026	-0.0048914227	-0.0052091960	-0.0028718842	-0.0058909976	-0.0038047723	-0.0066198718	-0.0061762380	-0.0070589715	-0.0065615521	-0.0058962635	-0.0049861032	-0.0016402940	-0.0100638205	-0.0085908425	-0.0048001217	-0.0065972953	-0.0044552290	-0.0050988368	-0.0044022809	-0.0036513092	-0.0064290741	-0.0035438889	-0.0086458932	-0.0072743968	-0.0050441590	-0.0065866123	-0.0058030664	-0.0040332523	-0.0067764658	-0.0064568598	-0.0065205253	-0.0052941091	-0.0033050199	-0.0048309726	-0.0038494496	-0.0162559941	-0.0067688391	-0.0042112025	-0.0077043841	-0.0051970231	-0.0048113100	-0.0047824516	-0.0050122697	-0.0058128874	-0.0054484138	-0.0039092741	-0.0028577521	-0.0067060875	-0.0046684662	-0.0051771540	-0.0056163239	-0.0039055814	-0.0058497575	-0.0072041562	-0.0144415894	-0.0063769058	-0.0032368773	-0.0033636660	-0.0056397032	-0.0040637484	-0.0068356937	-0.0049335249	-0.0033320426	-0.0043674526	-0.0059370532	-0.0066008390	-0.0032596678	-0.0069161052	-0.0042977653	-0.0037667599
-0.0002318880	0.5798322819	-0.0002166573	-0.0111705859	0.0042944044	0.0072034721	-0.0066228218	-0.0037515194	-0.0095339362	-0.0055526276	-0.0122975018	-0.0057635379	-0.0121331154	-0.0094298132	-0.0136815826	-0.0104859202	-0.0050085986	-0.0051347103	-0.0042772372	-0.0032551275	-0.0126351378	-0.0066899030	-0.0085730853	-0.0080823361	-0.0057421526	-0.0063500858	0.0001623787	-0.0080832261	-0.0095708413	-0.0111118232	-0.0104661847	-0.0129212262	-0.0134853050	-0.0043295572	-0.0028689732	-0.0113436033	-0.0031004565	-0.0021036568	-0.0068008754	-0.0112863778	-0.0022545859	-0.0080685048	-0.0032956572	-0.0044287819	-0.0071369502	-0.0068632062	-0.0109321554	-0.0096446090	-0.0060383476	-0.0083358024	-0.0047037927	-0.0069042831	-0.0040853826	-0.0042228444	-0.0080072426	-0.0093326483	-0.0112915121	-0.0077449864	-0.0106308800	-0.0118890178	-0.0018730857	0.0015047640	-0.0125514592	-0.0086661758	-0.0061725222	-0.0111672977	-0.0082174788	-0.0130295288	-0.0145811569	-0.0097283986	-0.0118512184	-0.0005569895	-0.0110566195	-0.0067820142	-0.0052439623	-0.0128182532	-0.0084203414	-0.0023826752	-0.0078505492	-0.0079056461	-0.0078535532	0.0018535697	-0.0001126192	-0.0070601460	0.0009339991
-0.0033612210	-0.0002166573	0.4539446967	-0.0030318748	-0.0025855799	-0.0060439464	-0.0063428631	-0.0064661210	-0.0036983969	-0.0042621894	-0.0052566155	-0.0046589407	-0.0047951321	-0.0103015303	-0.0064595309	-0.0048495247	-0.0036352275	-0.0056975599	-0.0023844844	-0.0051722521	-0.0072246291	-0.0052664559	-0.0089955401	-0.0058642670	-0.0061931204	-0.0041159755	-0.0039573804	-0.0101913820	-0.0090153446	-0.0077507458	-0.0071225353	-0.0061343841	-0.0063739498	-0.0062148205	-0.0047272744	-0.0080208800	-0.0025903890	-0.0092832776	-0.0076185299	-0.0059920171	-0.0052598525	-0.0041479925	-0.0014578440	-0.0049942392	-0.0021542078	-0.0056965332	-0.0055906459	-0.0051286822	-0.0047376890	-0.0020935687	-0.0131095327	-0.0049030367	-0.0013450760	-0.0052035651	-0.0072447024	-0.0056217274	-0.0061006838	-0.0035080042	-0.0051607606	-0.0070198722	-0.0047901656	-0.0020619158	-0.0046119545	-0.0051025103	-0.0055494526	-0.0040397571	-0.0050011340	-0.0058545152	-0.0045652289	-0.0138077611	-0.0046188987	-0.0049610243	-0.0057207494	-0.0056119047	-0.0044544753	-0.0048148274	-0.0064612172	-0.0060357808	-0.0053364682	-0.0030808771	-0.0076635992	-0.0022296275	-0.0045969574	-0.0055509445	-0.0050721872
-0.0044550648	-0.0111705859	-0.0030318748	0.2994052932	-0.0144667703	-0.0063748696	-0.0076806640	-0.0130051992	0.0013569887	-0.0013689653	0.0037961943	-0.0042366742	0.0043824910	-0.0094904568	0.0049858336	0.0026203345	-0.0025243134	-0.0107855543	-0.0019053364	-0.0069320924	0.0032219399	-0.0028888028	-0.0063279423	-0.0020947351	-0.0080646266	-0.0021907611	-0.0082763730	-0.0132510276	-0.0032962640	0.0011875687	-0.0002193418	0.0011695489	0.0056061369	-0.0112867431	-0.0080292737	0.0023340875	-0.0040880632	-0.0148821388	-0.0023267379	0.0005525461	-0.0057912868	-0.0017426643	-0.0045803028	-0.0062023229	-0.0028261185	-0.0032466080	0.0004736556	0.0000743002	-0.0037275095	-0.0001279248	-0.0301139947	-0.0020124415	-0.0058548320	-0.0128682593	-0.0015511968	-0.0000754109	0.0020071705	0.0024047483	0.0006316754	0.0034728893	-0.0076410993	-0.0090593280	0.0072847637	-0.0035560013	-0.0039462598	0.0022144114	0.0012256356	0.0035824630	0.0062792206	-0.0168551769	0.0031263443	-0.0059026977	-0.0005417796	-0.0033043308	-0.0041077184	0.0047369663	0.0026057744	-0.0085924797	0.0009974503	-0.0022448487	-0.0056487803	-0.0078332403	-0.0152514246	-0.0010193158	-0.0108598252
-0.0042668092	0.0042944044	-0.0025855799	-0.0144667703	0.7252546348	-0.0006183362	-0.0071107074	-0.0028573358	-0.0123336937	-0.0049941930	-0.0167325206	-0.0063415532	-0.0138110150	-0.0068648702	-0.0163285211	-0.0139457955	-0.0089557983	-0.0013873695	-0.0080880008	-0.0034393236	-0.0142143364	-0.0087425722	-0.0083215002	-0.0103761150	-0.0070548399	-0.0065995336	-0.0026242529	-0.0055121058	-0.0106419931	-0.0142516492	-0.0126037979	-0.0123394254	-0.0158998084	-0.0031157071	-0.0010982453	-0.0152218970	-0.0071581568	-0.0052670226	-0.0135283902	-0.0139876830	-0.0030776345	-0.0088189260	-0.0059911343	-0.0090040987	-0.0084619930	-0.0066035639	-0.0129352029	-0.0117458734	-0.0100102473	-0.0113812645	0.0039805014	-0.0094792917	-0.0055180618	0.0000333821	-0.0115526664	-0.0121656080	-0.0135670082	-0.0124340390	-0.0144947116	-0.0147783475	-0.0043643786	-0.0021000790	-0.0151664011	-0.0092042448	-0.0076241579	-0.0117792280	-0.0126005593	-0.0154340565	-0.0178065715	-0.0057198578	-0.0129828284	-0.0058954766	-0.0118194381	-0.0107840834	-0.0070823053	-0.0148161365	-0.0115474188	-0.0005042174	-0.0111046211	-0.0086352213	-0.0079296513	-0.0009232291	0.0017866775	-0.0105922692	-0.0032262715
-0.0051266505	0.0072034721	-0.0060439464	-0.0063748696	-0.0006183362	0.5122087434	-0.0071526757	-0.0058483583	-0.0068437830	-0.0041592941	-0.0080291304	-0.0043450726	-0.0070239654	-0.0097672523	-0.0075245667	-0.0075614795	-0.0039503714	-0.0082330705	-0.0044995015	-0.0037739213	-0.0091875188	-0.0047930140	-0.0066980198	-0.0064849880	-0.0076629578	-0.0035453056	-0.0020244620	-0.0107734202	-0.0044307097	-0.0092164521	-0.0066056308	-0.0080450617	-0.0074380265	-0.0072287317	-0.0040637250	-0.0074139514	-0.0038520171	-0.0079646449	-0.0067834572	-0.0076577398	-0.0038836418	-0.0085977315	-0.0058734091	-0.0033604782	-0.0063344560	-0.0054318735	-0.0073092110	-0.0064246103	-0.0025375886	-0.0070425162	-0.0112250677	-0.0067044479	-0.0043986944	-0.0077697174	-0.0065781254	-0.0068704370	-0.0076934744	-0.0066240598	-0.0075810028	-0.0081272551	-0.0044641227	-0.0013155494	-0.0076468479	-0.0080564952	-0.0058449126	-0.0074156999	-0.0071108170	-0.0076666030	-0.0096918079	-0.0118906671	-0.0078096912	-0.0024721081	-0.0075821385	-0.0052678309	-0.0051488781	-0.0066420209	-0.0046157779	-0.0028370701	-0.0046205415	-0.0057360887	-0.0073147078	-0.0026969470	-0.0059942174	-0.0072629158	-0.0031938813
-0.0054724674	-0.0066228218	-0.0063428631	-0.0076806640	-0.0071107074	-0.0071526757	0.5963751742	-0.0074603029	-0.0042426709	-0.0051858030	-0.0078073924	-0.0037483944	-0.0071203979	-0.0101346529	-0.0079262959	-0.0077179268	-0.0065569453	-0.0067345940	-0.0053375589	-0.0064671315	-0.0060245237	-0.0073929726	-0.0062483568	-0.0070628203	-0.0093430975	-0.0066439996	-0.0061433483	-0.0075651144	-0.0091750774	-0.0059349054	-0.0106179613	-0.0076288151	-0.0062429197	-0.0065188918	-0.0077955818	-0.0080813855	-0.0081629879	-0.0110480363	-0.0088142594	-0.0067033497	-0.0102072783	-0.0074753612	-0.0077187219	-0.0090031775	-0.0059048514	-0.0084654119	-0.0069914262	-0.0043466955	-0.0074146289	-0.0073674616	-0.0105752107	-0.0068337784	-0.0067032400	-0.0063471320	-0.0073146336	-0.0079285128	-0.0065439408	-0.0071652294	-0.0061253827	-0.0077543007	-0.0061006212	-0.0051380401	-0.0060841132	-0.0072619472	-0.0081859264	-0.0078788529	-0.0070282992	-0.0081946723	-0.0076469750	-0.0118223468	-0.0077519660	-0.0044643386	-0.0053985267	-0.0070249527	-0.0086416865	-0.0084462903	-0.0076694609	-0.0046468329	-0.0073349711	-0.0054599104	-0.0065962486	-0.0068207903	-0.0033654833	-0.0060933222	-0.0031615537
-0.0071110900	-0.0037515194	-0.0064661210	-0.0130051992	-0.0028573358	-0.0058483583	-0.0074603029	0.8333907730	-0.0127680173	-0.0081082643	-0.0146253807	-0.0081227586	-0.0134917459	-0.0051619248	-0.0145618086	-0.0133122311	-0.0090237829	-0.0072848127	-0.0102796286	-0.0066201720	-0.0142888644	-0.0107780460	-0.0069118706	-0.0109341419	-0.0083959478	-0.0119869727	-0.0034184834	-0.0058764638	-0.0126190351	-0.0104788347	-0.0123625825	-0.0147208948	-0.0151550691	-0.0079520223	-0.0071292541	-0.0155970653	-0.0109907726	-0.0027229126	-0.0132122139	-0.0157941293	-0.0086770148	-0.0105850187	-0.0110729642	-0.0098942313	-0.0076989302	-0.0108878646	-0.0125611691	-0.0107586592	-0.0089680720	-0.0107056557	0.0060899356	-0.0117740164	-0.0075770618	-0.0022766268	-0.0125691881	-0.0113875061	-0.0138229747	-0.0128790466	-0.0110713225	-0.0150654287	-0.0104033075	-0.0042826232	-0.0141795122	-0.0102040667	-0.0097340720	-0.0115945123	-0.0073341074	-0.0168404185	-0.0143486138	-0.0043734533	-0.0142070144	-0.0093505964	-0.0134920100	-0.0102306240	-0.0104098679	-0.0145478455	-0.0126727654	-0.0063814477	-0.0102645658	-0.0115394779	-0.0090860131	-0.0068458857	-0.0068190716	-0.0130750511	-0.0058450031
-0.0060874463	-0.0095339362	-0.0036983969	0.0013569887	-0.0123336937	-0.0068437830	-0.0042426709	-0.0127680173	0.4084308379	-0.0027557111	0.0016098737	-0.0048944989	-0.0005151024	-0.0103552171	-0.0012076362	-0.0008075816	-0.0024675000	-0.0087511000	-0.0007002428	-0.0083623846	-0.0000715048	-0.0064221705	-0.0064355485	-0.0033556874	-0.0083432595	-0.0043353000	-0.0088996020	-0.0134308410	-0.0043263649	-0.0027679722	-0.0040423449	-0.0011017342	0.0011587174	-0.0125877210	-0.0070262303	-0.0017303486	-0.0054270203	-0.0136398894	-0.0063131591	-0.0034066836	-0.0058101844	-0.0046529537	-0.0061181627	-0.0071993011	-0.0027159459	-0.0055807729	-0.0032473731	-0.0046704216	-0.0057881592	-0.0023357015	-0.0230584205	-0.0015216084	-0.0074181740	-0.0119572945	-0.0032723976	-0.0025951895	-0.0016773053	0.0003309648	0.0002652285	-0.0007095272	-0.0060090644	-0.0070231668	0.0012856941	-0.0034196840	-0.0032128537	0.0010747140	-0.0033112637	0.0002590485	0.0014329114	-0.0157636864	-0.0007164826	-0.0046221743	-0.0022688113	-0.0060868881	-0.0050829324	-0.0000995603	-0.0003000495	-0.0089354554	0.0000165529	-0.0042896386	-0.0068760430	-0.0066930406	-0.0107463852	-0.0014093080	-0.0100378491
-0.0075134496	-0.0055526276	-0.0042621894	-0.0013689653	-0.0049941930	-0.0041592941	-0.0051858030	-0.0081082643	-0.0027557111	0.4404457907	-0.0008629826	-0.0042547053	-0.0005873955	-0.0102267254	-0.0039729968	-0.0036265259	-0.0049629790	-0.0095520135	-0.0033974322	-0.0054798475	-0.0022050667	-0.0049336143	-0.0065656534	-0.0026545763	-0.0095129482	-0.0036214587	-0.0046711585	-0.0114797884	-0.0074578686	-0.0043450823	-0.0030949909	-0.0037577323	-0.0009593789	-0.0107777711	-0.0074033712	-0.0040702793	-0.0042031072	-0.0141186648	-0.0063503460	-0.0058655563	-0.0049171990	-0.0042943594	-0.0025271800	-0.0058600094	-0.0026966654	-0.0064729484	-0.0050327951	-0.0027661724	-0.0063570124	-0.0031769707	-0.0222863789	-0.0043581352	-0.0059278105	-0.0080096174	-0.0058425113	-0.0036854113	-0.0047201957	-0.0027590155	-0.0037171057	-0.0029330560	-0.0059314210	-0.0063711165	-0.0026086915	-0.0048390819	-0.0037526969	-0.0024271435	-0.0039827915	-0.0036876643	-0.0021488639	-0.0140982577	-0.0029776914	-0.0046140591	-0.0042840976	-0.0067827499	-0.0055724714	-0.0008591050	-0.0031470285	-0.0038289769	-0.0045508481	-0.0035564884	-0.0077100330	-0.0041038949	-0.0097164812	-0.0049303193	-0.0067507527
-0.0063177195	-0.0122975018	-0.0052566155	0.0037961943	-0.0167325206	-0.0080291304	-0.0078073924	-0.0146253807	0.0016098737	-0.0008629826	0.3173452506	-0.0025320891	0.0044934882	-0.0093456275	0.0053601883	0.0028902068	-0.0019387078	-0.0128151592	-0.0057031841	-0.0069816570	0.0028354817	-0.0020163133	-0.0060609590	0.0003426598	-0.0070987987	-0.0017981582	-0.0105081934	-0.0130052118	-0.0046114810	-0.0002576146	-0.0000442914	0.0020915146	0.0053340778	-0.0130382014	-0.0091062820	0.0036662147	-0.0077292856	-0.0151948930	-0.0037268369	0.0015578560	-0.0065729572	-0.0018151937	-0.0051726686	-0.0054770678	-0.0016137825	-0.0056328396	0.0016670194	0.0018259037	-0.0045250563	-0.0020279673	-0.0327454421	-0.0015464747	-0.0060420627	-0.0146619619	-0.0012955421	0.0019518200	0.0034265750	0.0023149548	0.0025360394	0.0031258509	-0.0063612520	-0.0111746504	0.0045785901	-0.0009310206	-0.0024331286	0.0049665787	0.0013706053	0.0033072697	0.0054861013	-0.0189812306	0.0032788251	-0.0050367933	0.0012315878	-0.0029934087	-0.0050881991	0.0054564905	0.0011616543	-0.0086778273	0.0016864195	-0.0021269772	-0.0062002814	-0.0076223763	-0.0167677406	-0.0003506086	-0.0113785925
-0.0026493300	-0.0057635379	-0.0046589407	-0.0042366742	-0.0063415532	-0.0043450726	-0.0037483944	-0.0081227586	-0.0048944989	-0.0042547053	-0.0025320891	0.4533857269	-0.0056938413	-0.0098493049	-0.0028980389	-0.0021156349	-0.0056574873	-0.0070702958	-0.0043644558	-0.0055621883	-0.0031904510	-0.0062625965	-0.0043203757	-0.0042594076	-0.0050159416	-0.0046280699	-0.0057638787	-0.0117845714	-0.0053115422	-0.0033750312	-0.0053036383	-0.0071814773	-0.0031299702	-0.0093582767	-0.0070872392	-0.0030768895	-0.0050053395	-0.0107401699	-0.0067384913	-0.0031198175	-0.0080441814	-0.0036881659	-0.0076722401	-0.0041015581	-0.0045630750	-0.0050724056	-0.0033929874	-0.0035080836	-0.0061128932	-0.0069433256	-0.0207799654	-0.0044418278	-0.0021651230	-0.0071315279	-0.0041421979	-0.0039915470	-0.0022740740	-0.0030349740	-0.0028677005	-0.0015515660	-0.0058834051	-0.0055819130	-0.0048629911	-0.0032814080	-0.0035886691	-0.0035114402	-0.0025195554	-0.0051160661	-0.0042345907	-0.0163484938	-0.0060550165	-0.0025191351	-0.0049539343	-0.0051347052	-0.0075917184	-0.0039144936	-0.0039501551	-0.0076083364	-0.0044106764	-0.0051226587	-0.0041596161	-0.0055595570	-0.0111870056	-0.0036242663	-0.0077745232
-0.0047308334	-0.0121331154	-0.0047951321	0.0043824910	-0.0138110150	-0.0070239654	-0.0071203979	-0.0134917459	-0.0005151024	-0.0005873955	0.0044934882	-0.0056938413	0.3314933828	-0.0098143671	0.0032851989	0.0007575317	-0.0026955561	-0.0109208878	-0.0039604764	-0.0069393043	0.0019427795	-0.0037821129	-0.0056779879	-0.0019926377	-0.0080485295	-0.0026404661	-0.0110783780	-0.0129362728	-0.0045336942	0.0009742624	-0.0011636415	0.0002528027	0.0041820000	-0.0124582878	-0.0058498749	0.0016433835	-0.0062866589	-0.0171828624	-0.0028874916	0.0003582180	-0.0056007888	-0.0019055674	-0.0051532588	-0.0052358753	-0.0023802332	-0.0021329910	-0.0011662003	-0.0000403278	-0.0036675025	-0.0012972615	-0.0303527838	-0.0020045039	-0.0059465062	-0.0132400511	-0.0001505448	-0.0006461572	-0.0004242003	0.0020227074	0.0005444705	0.0038185861	-0.0086210965	-0.0062362767	0.0025688213	-0.0032237797	-0.0019067336	0.0057184679	-0.0000886323	0.0037718399	0.0063964220	-0.0170704554	0.0023410889	-0.0081582999	-0.0008292759	-0.0022396975	-0.0041252823	0.0050801471	-0.0005330625	-0.0070520086	-0.0014902340	-0.0015748671	-0.0062661403	-0.0073505732	-0.0142752850	-0.0022403125	-0.0106492902
-0.0088396455	-0.0094298132	-0.0103015303	-0.0094904568	-0.0068648702	-0.0097672523	-0.0101346529	-0.0051619248	-0.0103552171	-0.0102267254	-0.0093456275	-0.0098493049	-0.0098143671	0.7579176218	-0.0099963571	-0.0112666635	-0.0094397975	-0.0078408737	-0.0099626072	-0.0097149802	-0.0076608333	-0.0078193980	-0.0093948777	-0.0085476989	-0.0076300687	-0.0097342591	-0.0076885029	0.0017131544	-0.0082459264	-0.0107690642	-0.0067231481	-0.0096376106	-0.0087123758	-0.0065179343	-0.0102624893	-0.0094934792	-0.0097812853	-0.0033396182	-0.0076277475	-0.0095293944	-0.0107279511	-0.0120429289	-0.0109870129	-0.0115208345	-0.0106559877	-0.0101270365	-0.0116602475	-0.0086606623	-0.0089499821	-0.0110203550	-0.0030144271	-0.0104117432	-0.0113751957	-0.0058295258	-0.0099639475	-0.0109218181	-0.0088054749	-0.0101088641	-0.0104244303	-0.0110708026	-0.0080793839	-0.0087550714	-0.0085627855	-0.0107154481	-0.0099683379	-0.0093516781	-0.0076851664	-0.0103997916	-0.0100298659	-0.0068204985	-0.0083139522	-0.0064318787	-0.0089147096	-0.0088226806	-0.0087819362	-0.0109239670	-0.0075069187	-0.0092591826	-0.0081992580	-0.0100967017	-0.0080752063	-0.0119328651	-0.0071577983	-0.0093333138	-0.0103147728
-0.0057216026	-0.0136815826	-0.0064595309	0.0049858336	-0.0163285211	-0.0075245667	-0.0079262959	-0.0145618086	-0.0012076362	-0.0039729968	0.0053601883	-0.0028980389	0.0032851989	-0.0099963571	0.3098068795	0.0036846312	0.0007401097	-0.0113481665	-0.0037582016	-0.0072199424	0.0055728290	-0.0035297153	-0.0038530644	-0.0009062998	-0.0072494099	-0.0024297777	-0.0100719716	-0.0134094721	-0.0029001090	0.0023047237	0.0001682125	0.0009738802	0.0048752301	-0.0123246321	-0.0082902558	0.0044271926	-0.0075150287	-0.0153001031	-0.0033726193	0.0035996440	-0.0071759420	-0.0019309024	-0.0068108999	-0.0051157432	-0.0028251624	-0.0052162325	0.0011900929	0.0009736952	-0.0026102580	-0.0017685692	-0.0335300068	0.0003529884	-0.0073012318	-0.0157515310	-0.0014331459	0.0045800833	0.0043870936	0.0018275545	0.0029272699	0.0050208871	-0.0069196164	-0.0102963633	0.0040232313	-0.0023258854	-0.0036360289	0.0028659905	0.0027007522	0.0042737816	0.0048133110	-0.0168944528	0.0030754430	-0.0053538035	0.0014224665	-0.0026237955	-0.0045514550	0.0037280361	0.0007114868	-0.0074931019	0.0013334249	-0.0022106046	-0.0049195070	-0.0082406139	-0.0160178234	-0.0010417221	-0.0122400367
-0.0048914227	-0.0104859202	-0.0048495247	0.0026203345	-0.0139457955	-0.0075614795	-0.0077179268	-0.0133122311	-0.0008075816	-0.0036265259	0.0028902068	-0.0021156349	0.0007575317	-0.0112666635	0.0036846312	0.3276862867	-0.0021260624	-0.0086943612	-0.0032955891	-0.0077450179	0.0018936497	-0.0038372497	-0.0044063926	-0.0022556251	-0.0079295225	-0.0032442546	-0.0090653409	-0.0133927173	-0.0039241656	0.0013226170	-0.0011846048	0.0004168215	0.0018411990	-0.0093892451	-0.0066683864	0.0013404418	-0.0054778840	-0.0149314877	-0.0031410031	0.0020801405	-0.0066692852	-0.0038679845	-0.0058352725	-0.0073872405	-0.0006835143	-0.0037793386	0.0000586886	0.0016627322	-0.0045721075	-0.0018300296	-0.0294985231	-0.0022215806	-0.0067217256	-0.0138077573	-0.0020358108	0.0000992176	0.0020699797	0.0007438335	0.0019066977	0.0034082917	-0.0064383745	-0.0110471549	0.0037056004	0.0002032514	-0.0041192925	0.0018158625	0.0007241310	0.0026410078	0.0035844889	-0.0179214874	0.0016553797	-0.0049424762	0.0003482412	-0.0029157227	-0.0049873494	0.0031987451	0.0006547991	-0.0083496487	0.0000246207	-0.0005979431	-0.0039055151	-0.0060199118	-0.0131616379	0.0002875495	-0.0107206779
-0.0052091960	-0.0050085986	-0.0036352275	-0.0025243134	-0.0089557983	-0.0039503714	-0.0065569453	-0.0090237829	-0.0024675000	-0.0049629790	-0.0019387078	-0.0056574873	-0.0026955561	-0.0094397975	0.0007401097	-0.0021260624	0.4017044737	-0.0081953107	-0.0043674358	-0.0072373860	-0.0020214066	-0.0032344654	-0.0042291403	-0.0058362647	-0.0069847882	-0.0032781412	-0.0064664841	-0.0127311296	-0.0061953469	-0.0031321724	-0.0041426415	-0.0024299084	-0.0022594287	-0.0113869063	-0.0029058489	-0.0015171280	-0.0052838037	-0.0120501822	-0.0050825041	-0.0014635878	-0.0063415565	-0.0031180613	-0.0056897988	-0.0071973092	-0.0043810816	-0.0053811227	-0.0031610103	-0.0034000082	-0.0012592532	-0.0037973476	-0.0231774066	-0.0027661937	-0.0075582808	-0.0107277636	-0.0044419377	-0.0029765425	-0.0014734405	-0.0037894656	-0.0009772531	-0.0032104246	-0.0054958114	-0.0026863564	0.0003900484	-0.0035019099	-0.0035496149	-0.0006994974	-0.0026395168	-0.0029191728	-0.0015060473	-0.0160755968	-0.0016093279	-0.0053557109	-0.0029469220	-0.0007933059	-0.0037007262	-0.0018774106	-0.0012373964	-0.0048243000	-0.0009039630	-0.0030035830	-0.0064192730	-0.0065796024	-0.0108417725	-0.0044948092	-0.0077640120
-0.0028718842	-0.0051347103	-0.0056975599	-0.0107855543	-0.0013873695	-0.0082330705	-0.0067345940	-0.0072848127	-0.0087511000	-0.0095520135	-0.0128151592	-0.0070702958	-0.0109208878	-0.0078408737	-0.0113481665	-0.0086943612	-0.0081953107	0.7012316431	-0.0092000594	-0.0029407916	-0.0093195196	-0.0091183160	-0.0067383851	-0.0091003744	-0.0066325484	-0.0103944831	-0.0040379485	-0.0086709169	-0.0063674063	-0.0091438738	-0.0099732608	-0.0108035761	-0.0097578635	-0.0038980121	-0.0063296523	-0.0086421606	-0.0077968215	-0.0088838312	-0.0098880153	-0.0093964121	-0.0062357781	-0.0094005928	-0.0091113507	-0.0098023092	-0.0106921190	-0.0081876237	-0.0123589721	-0.0097508360	-0.0071200117	-0.0092205125	-0.0018365915	-0.0097943046	-0.0093301456	-0.0021619377	-0.0119998090	-0.0081655322	-0.0093997014	-0.0072987457	-0.0100367604	-0.0115255605	-0.0074153695	-0.0071494377	-0.0118689789	-0.0095406049	-0.0097679985	-0.0095933053	-0.0100605002	-0.0117024972	-0.0101079703	-0.0059707145	-0.0089052448	-0.0066547270	-0.0094984159	-0.0080880861	-0.0096108910	-0.0117570427	-0.0091071584	-0.0071971034	-0.0089069199	-0.0095444617	-0.0086537989	-0.0041346910	-0.0040418493	-0.0105365982	-0.0076361311
-0.0058909976	-0.0042772372	-0.0023844844	-0.0019053364	-0.0080880008	-0.0044995015	-0.0053375589	-0.0102796286	-0.0007002428	-0.0033974322	-0.0057031841	-0.0043644558	-0.0039604764	-0.0099626072	-0.0037582016	-0.0032955891	-0.0043674358	-0.0092000594	0.4553375354	-0.0069100482	-0.0046481903	-0.0049418941	-0.0075180562	-0.0044610606	-0.0106486182	-0.0042946805	-0.0068745561	-0.0106822242	-0.0062274441	-0.0051586994	-0.0053583592	-0.0024112029	-0.0029883186	-0.0098016514	-0.0060925521	-0.0054623515	-0.0049087940	-0.0116045958	-0.0053101765	-0.0060655813	-0.0040717803	-0.0037383785	-0.0046617451	-0.0055937737	-0.0026281474	-0.0048720067	-0.0041044047	-0.0045913409	-0.0070078448	-0.0045037697	-0.0185191646	-0.0047290321	-0.0054140742	-0.0071071305	-0.0037214241	-0.0035997990	-0.0039384279	-0.0028249541	-0.0044731557	-0.0037619228	-0.0050900690	-0.0047794803	-0.0036806815	-0.0054926413	-0.0057411856	-0.0024552247	-0.0040973970	-0.0035948815	-0.0013136295	-0.0146855105	-0.0034883522	-0.0078106893	-0.0055345953	-0.0048898789	-0.0041461000	-0.0031972058	-0.0051007099	-0.0035243410	-0.0042173553	-0.0052822176	-0.0057667112	-0.0027555610	-0.0093692304	-0.0045121095	-0.0072080149
-0.0038047723	-0.0032551275	-0.0051722521	-0.0069320924	-0.0034393236	-0.0037739213	-0.0064671315	-0.0066201720	-0.0083623846	-0.0054798475	-0.0069816570	-0.0055621883	-0.0069393043	-0.0097149802	-0.0072199424	-0.0077450179	-0.0072373860	-0.0029407916	-0.0069100482	0.5560870673	-0.0075097083	-0.0054382095	-0.0072084995	-0.0059623194	-0.0073542975	-0.0067783961	-0.0036055429	-0.0101576522	-0.0081630669	-0.0086536725	-0.0072907399	-0.0064809722	-0.0070812967	-0.0064491028	-0.0050082828	-0.0078394253	-0.0038223838	-0.0082325461	-0.0086890513	-0.0081504867	-0.0047375126	-0.0078306387	-0.0062891378	-0.0091444749	-0.0073038636	-0.0070932883	-0.0047057117	-0.0074576829	-0.0060492560	-0.0065368497	-0.0128252494	-0.0073966452	-0.0056571812	-0.0085775172	-0.0080034866	-0.0071677263	-0.0084349508	-0.0054215031	-0.0073645775	-0.0070774468	-0.0041765851	-0.0027394712	-0.0085710966	-0.0063362897	-0.0075237117	-0.0079444059	-0.0072486111	-0.0078960152	-0.0079645608	-0.0111676936	-0.0069943607	-0.0031331318	-0.0058557364	-0.0071469123	-0.0035395063	-0.0069196675	-0.0072346569	-0.0049805994	-0.0074278471	-0.0053358380	-0.0059302520	-0.0014098279	-0.0066592003	-0.0066359836	-0.0058064126
-0.0066198718	-0.0126351378	-0.0072246291	0.0032219399	-0.0142143364	-0.0091875188	-0.0060245237	-0.0142888644	-0.0000715048	-0.0022050667	0.0028354817	-0.0031904510	0.0019427795	-0.0076608333	0.0055728290	0.0018936497	-0.0020214066	-0.0093195196	-0.0046481903	-0.0075097083	0.3096193013	-0.0049938512	-0.0034440649	0.0012285438	-0.0073437762	-0.0021915789	-0.0092503402	-0.0126597319	-0.0020942670	0.0031869244	-0.0005629307	0.0015233026	0.0064755932	-0.0102275480	-0.0085552755	0.0030850016	-0.0077930377	-0.0162762261	-0.0035495404	0.0038102929	-0.0079507471	-0.0025050199	-0.0063255126	-0.0049809671	-0.0035682300	-0.0045023124	0.0015451397	0.0008301243	-0.0028328243	-0.0029991539	-0.0323250740	-0.0004261326	-0.0080441999	-0.0124579714	-0.0013404662	0.0023874738	0.0049939435	0.0002969250	0.0019288194	0.0037807098	-0.0064706372	-0.0114143158	0.0024927072	-0.0019719070	-0.0032873409	0.0020619173	0.0045968481	0.0026652925	0.0056368509	-0.0178594372	0.0041746245	-0.0040793157	0.0017764455	-0.0028028656	-0.0050870522	0.0037869072	-0.0011997937	-0.0071823370	0.0011954139	-0.0026663605	-0.0047749578	-0.0084209683	-0.0147185882	-0.0007498500	-0.0098377122
-0.0061762380	-0.0066899030	-0.0052664559	-0.0028888028	-0.0087425722	-0.0047930140	-0.0073929726	-0.0107780460	-0.0064221705	-0.0049336143	-0.0020163133	-0.0062625965	-0.0037821129	-0.0078193980	-0.0035297153	-0.0038372497	-0.0032344654	-0.0091183160	-0.0049418941	-0.0054382095	-0.0049938512	0.4649969395	-0.0060265227	-0.0031632682	-0.0090893202	-0.0054816094	-0.0067944889	-0.0105993458	-0.0062247358	-0.0059809416	-0.0029887086	-0.0037354825	-0.0027080424	-0.0055428000	-0.0060432563	-0.0049377665	-0.0051930561	-0.0110013540	-0.0054874250	-0.0045494015	-0.0067642997	-0.0062847314	-0.0033131557	-0.0064294086	-0.0042530875	-0.0064640273	-0.0051998230	-0.0038391465	-0.0042842892	-0.0040724275	-0.0196039854	-0.0060057005	-0.0059110568	-0.0083823883	-0.0034825540	-0.0040895308	-0.0023106240	-0.0030623062	-0.0038093876	-0.0035352484	-0.0062189736	-0.0064330720	-0.0023740081	-0.0041627772	-0.0064527007	-0.0044396640	-0.0053494979	-0.0046942650	-0.0030870155	-0.0147568421	-0.0024529490	-0.0046129006	-0.0034687539	-0.0061313114	-0.0044212389	-0.0035644666	-0.0033286399	-0.0037764596	-0.0020200767	-0.0015079003	-0.0076881961	-0.0070919676	-0.0080045973	-0.0062259678	-0.0070300827
-0.0070589715	-0.0085730853	-0.0089955401	-0.0063279423	-0.0083215002	-0.0066980198	-0.0062483568	-0.0069118706	-0.0064355485	-0.0065656534	-0.0060609590	-0.0043203757	-0.0056779879	-0.0093948777	-0.0038530644	-0.0044063926	-0.0042291403	-0.0067383851	-0.0075180562	-0.0072084995	-0.0034440649	-0.0060265227	0.5435091680	-0.0056516827	-0.0064489178	-0.0051331127	-0.0064368736	-0.0122191872	-0.0004682267	-0.0011031890	-0.0061508955	-0.0046502781	-0.0046139611	-0.0058327988	-0.0063377028	-0.0034889097	-0.0098390985	-0.0113476827	-0.0077337967	-0.0033819661	-0.0069557725	-0.0068970186	-0.0098126116	-0.0057920607	-0.0084209695	-0.0063656777	-0.0047345917	-0.0063381385	-0.0066042774	-0.0075068725	-0.0142792170	-0.0059740275	-0.0091029652	-0.0107387035	-0.0048252940	-0.0053226169	-0.0036469528	-0.0056506135	-0.0052566457	-0.0055163083	-0.0067117614	-0.0069728878	-0.0066880807	-0.0036254807	-0.0075313927	-0.0042063272	-0.0024176612	-0.0043925965	-0.0061830783	-0.0140465388	-0.0038909258	-0.0075044555	-0.0046528215	-0.0053823521	-0.0055437129	-0.0059270634	-0.0056192433	-0.0086560737	-0.0067439159	-0.0062936841	-0.0066004495	-0.0067506877	-0.0112160972	-0.0046746253	-0.0096828262
-0.0065615521	-0.0080823361	-0.0058642670	-0.0020947351	-0.0103761150	-0.0064849880	-0.0070628203	-0.0109341419	-0.0033556874	-0.0026545763	0.0003426598	-0.0042594076	-0.0019926377	-0.0085476989	-0.0009062998	-0.0022556251	-0.0058362647	-0.0091003744	-0.0044610606	-0.0059623194	0.0012285438	-0.0031632682	-0.0056516827	0.4045652384	-0.0071323715	-0.0047031533	-0.0062913399	-0.0130238493	-0.0047419855	-0.0017476808	-0.0019589097	-0.0037737174	-0.0010042316	-0.0099134606	-0.0060186956	-0.0012555127	-0.0069008819	-0.0143621561	-0.0047558776	-0.0024477182	-0.0055694633	-0.0062106986	-0.0045284513	-0.0041904366	-0.0029734123	-0.0059651130	-0.0025212212	-0.0009581382	-0.0021698420	-0.0039165333	-0.0241012739	-0.0038578430	-0.0054787265	-0.0121525998	-0.0029482811	-0.0010296314	-0.0016156182	-0.0017819795	-0.0010490076	-0.0004966615	-0.0045781934	-0.0080538036	-0.0026302368	-0.0027875004	-0.0039753796	0.0000177856	-0.0013073453	-0.0014868741	0.0001841595	-0.0149260943	-0.0014193492	-0.0049225381	-0.0021692086	-0.0047546255	-0.0054689535	-0.0007389317	-0.0027418596	-0.0042245984	-0.0012591779	-0.0035983877	-0.0033333686	-0.0065564220	-0.0120258629	-0.0039829269	-0.0102424169
-0.0058962635	-0.0057421526	-0.0061931204	-0.0080646266	-0.0070548399	-0.0076629578	-0.0093430975	-0.0083959478	-0.0083432595	-0.0095129482	-0.0070987987	-0.0050159416	-0.0080485295	-0.0076300687	-0.0072494099	-0.0079295225	-0.0069847882	-0.0066325484	-0.0106486182	-0.0073542975	-0.0073437762	-0.0090893202	-0.0064489178	-0.0071323715	0.6377187062	-0.0062430146	-0.0071860136	-0.0081405741	-0.0082660845	-0.0068887630	-0.0084054270	-0.0085962829	-0.0065154809	-0.0088647619	-0.0072051047	-0.0078010024	-0.0087630522	-0.0095400032	-0.0086794056	-0.0084628915	-0.0071636357	-0.0084223259	-0.0107804204	-0.0086711347	-0.0069481721	-0.0058471662	-0.0061086823	-0.0075474633	-0.0076509134	-0.0086680306	-0.0159416978	-0.0069218049	-0.0054033788	-0.0084164815	-0.0075398514	-0.0067802310	-0.0059638659	-0.0060745344	-0.0082483627	-0.0079299233	-0.0076344973	-0.0065455596	-0.0068298425	-0.0069830100	-0.0061053486	-0.0074354031	-0.0050476278	-0.0097413198	-0.0085300049	-0.0109286251	-0.0080572506	-0.0056549548	-0.0070545772	-0.0070219938	-0.0073722249	-0.0069690520	-0.0069023018	-0.0067243115	-0.0061019020	-0.0087847214	-0.0062471290	-0.0066939749	-0.0062057865	-0.0067039605	-0.0080412653
-0.0049861032	-0.0063500858	-0.0041159755	-0.0021907611	-0.0065995336	-0.0035453056	-0.0066439996	-0.0119869727	-0.0043353000	-0.0036214587	-0.0017981582	-0.0046280699	-0.0026404661	-0.0097342591	-0.0024297777	-0.0032442546	-0.0032781412	-0.0103944831	-0.0042946805	-0.0067783961	-0.0021915789	-0.0054816094	-0.0051331127	-0.0047031533	-0.0062430146	0.4267815025	-0.0043793623	-0.0120426487	-0.0055522970	-0.0048010419	-0.0021820457	-0.0041273691	0.0007841617	-0.0080017164	-0.0063977202	-0.0032618442	-0.0050680021	-0.0104544111	-0.0052741256	-0.0041531454	-0.0054314555	-0.0052727243	-0.0047232477	-0.0046051584	-0.0057799750	-0.0040958227	-0.0025565193	-0.0021222011	-0.0049271662	-0.0038316608	-0.0228379060	-0.0029882686	-0.0050545010	-0.0120519092	-0.0044366573	-0.0033041763	-0.0024497586	-0.0039407637	-0.0040075771	-0.0027099698	-0.0065500295	-0.0045680555	-0.0009073881	-0.0053843460	-0.0036850661	-0.0035984205	-0.0035432893	-0.0038202257	-0.0003947589	-0.0134733111	-0.0009457880	-0.0047893494	-0.0021465589	-0.0060049994	-0.0067246842	-0.0010501540	-0.0020054101	-0.0057966797	-0.0037691440	-0.0027692530	-0.0071130893	-0.0043818441	-0.0100061874	-0.0064098753	-0.0075559571
-0.0016402940	0.0001623787	-0.0039573804	-0.0082763730	-0.0026242529	-0.0020244620	-0.0061433483	-0.0034184834	-0.0088996020	-0.0046711585	-0.0105081934	-0.0057638787	-0.0110783780	-0.0076885029	-0.0100719716	-0.0090653409	-0.0064664841	-0.0040379485	-0.0068745561	-0.0036055429	-0.0092503402	-0.0067944889	-0.0064368736	-0.0062913399	-0.0071860136	-0.0043793623	0.5889805055	-0.0104744834	-0.0059947801	-0.0089588312	-0.0070898224	-0.0079801174	-0.0097695711	-0.0026430892	-0.0069714449	-0.0082541791	-0.0046302800	-0.0066469878	-0.0086184039	-0.0077953297	-0.0067916712	-0.0088628322	-0.0053644486	-0.0068680267	-0.0074678247	-0.0079505640	-0.0087727946	-0.0091418063	-0.0054741159	-0.0059132819	-0.0093625146	-0.0042487505	-0.0059862787	-0.0069361923	-0.0085948809	-0.0077221615	-0.0069089346	-0.0084229437	-0.0094614682	-0.0088944863	-0.0062144742	-0.0039868149	-0.0103675271	-0.0065912336	-0.0073704912	-0.0092902743	-0.0055583418	-0.0097613035	-0.0116878852	-0.0099200734	-0.0086228033	-0.0043188281	-0.0085237919	-0.0081024022	-0.0048862507	-0.0109559922	-0.0091017451	-0.0055084819	-0.0083591346	-0.0057872671	-0.0091289646	-0.0039961079	-0.0062134756	-0.0110409019	-0.0017204503
-0.0100638205	-0.0080832261	-0.0101913820	-0.0132510276	-0.0055121058	-0.0107734202	-0.0075651144	-0.0058764638	-0.0134308410	-0.0114797884	-0.0130052118	-0.0117845714	-0.0129362728	0.0017131544	-0.0134094721	-0.0133927173	-0.0127311296	-0.0086709169	-0.0106822242	-0.0101576522	-0.0126597319	-0.0105993458	-0.0122191872	-0.0130238493	-0.0081405741	-0.0120426487	-0.0104744834	0.8963632213	-0.0095838474	-0.0137362093	-0.0136097813	-0.0121467869	-0.0136674075	-0.0091070189	-0.0106733033	-0.0133001684	-0.0126388649	0.0028116401	-0.0088329734	-0.0130804039	-0.0105505211	-0.0113353576	-0.0092755632	-0.0121178692	-0.0128115788	-0.0107710522	-0.0116677286	-0.0101492456	-0.0119100249	-0.0107315496	0.0057333158	-0.0115915918	-0.0106540829	-0.0031956616	-0.0108193021	-0.0115829620	-0.0116285462	-0.0145315916	-0.0139578943	-0.0138551694	-0.0099488275	-0.0134503019	-0.0133544378	-0.0133635762	-0.0130185132	-0.0128893701	-0.0121249231	-0.0151889641	-0.0136833734	-0.0018132954	-0.0139386736	-0.0104574834	-0.0095371893	-0.0101064200	-0.0111250871	-0.0125573056	-0.0124334171	-0.0107813317	-0.0119052628	-0.0122854848	-0.0088690949	-0.0113283914	-0.0022233783	-0.0132703515	-0.0112956409
-0.0085908425	-0.0095708413	-0.0090153446	-0.0032962640	-0.0106419931	-0.0044307097	-0.0091750774	-0.0126190351	-0.0043263649	-0.0074578686	-0.0046114810	-0.0053115422	-0.0045336942	-0.0082459264	-0.0029001090	-0.0039241656	-0.0061953469	-0.0063674063	-0.0062274441	-0.0081630669	-0.0020942670	-0.0062247358	-0.0004682267	-0.0047419855	-0.0082660845	-0.0055522970	-0.0059947801	-0.0095838474	0.5281635080	-0.0000415305	-0.0055633760	-0.0060055145	-0.0018605276	-0.0064260877	-0.0093404201	-0.0031855774	-0.0098459332	-0.0132040640	-0.0057396878	-0.0021010292	-0.0072469196	-0.0080800519	-0.0072454571	-0.0065906625	-0.0071122366	-0.0065815858	-0.0044251514	-0.0047266760	-0.0054851867	-0.0073843021	-0.0179802753	-0.0056078333	-0.0090259733	-0.0100629660	-0.0052609523	-0.0027414934	-0.0026357137	-0.0037317443	-0.0049006874	-0.0027815271	-0.0098911690	-0.0078475882	-0.0049151875	-0.0058246702	-0.0059653350	-0.0048126516	-0.0025061295	-0.0049923097	-0.0042869121	-0.0062115041	-0.0045418855	-0.0065438006	-0.0051204893	-0.0050071369	-0.0072251630	-0.0033096737	-0.0049586412	-0.0091031298	-0.0057235352	-0.0074159346	-0.0067279360	-0.0083655471	-0.0134853532	-0.0060572026	-0.0058727309
-0.0048001217	-0.0111118232	-0.0077507458	0.0011875687	-0.0142516492	-0.0092164521	-0.0059349054	-0.0104788347	-0.0027679722	-0.0043450823	-0.0002576146	-0.0033750312	0.0009742624	-0.0107690642	0.0023047237	0.0013226170	-0.0031321724	-0.0091438738	-0.0051586994	-0.0086536725	0.0031869244	-0.0059809416	-0.0011031890	-0.0017476808	-0.0068887630	-0.0048010419	-0.0089588312	-0.0137362093	-0.0000415305	0.3875549766	-0.0014434708	-0.0014220336	0.0023855675	-0.0119842358	-0.0082508257	-0.0000695942	-0.0066774378	-0.0128192208	-0.0048257470	0.0013763929	-0.0063977900	-0.0040787431	-0.0077281659	-0.0048956859	-0.0044007473	-0.0067346358	0.0002882221	0.0012595188	-0.0048636041	-0.0043402604	-0.0265310520	-0.0038110228	-0.0065707767	-0.0140859429	-0.0017139158	-0.0009306005	0.0021251999	-0.0018308382	0.0006125836	0.0022452222	-0.0066412346	-0.0115131761	0.0018636020	-0.0039438955	-0.0040968748	-0.0001508682	0.0027606604	-0.0000885128	0.0031998600	-0.0151424165	0.0000345498	-0.0072482103	0.0009050648	-0.0032010111	-0.0020233848	0.0011135245	-0.0028537658	-0.0084710672	-0.0033828195	-0.0045952817	-0.0053320120	-0.0097600165	-0.0139541188	-0.0024894935	-0.0110006324
-0.0065972953	-0.0104661847	-0.0071225353	-0.0002193418	-0.0126037979	-0.0066056308	-0.0106179613	-0.0123625825	-0.0040423449	-0.0030949909	-0.0000442914	-0.0053036383	-0.0011636415	-0.0067231481	0.0001682125	-0.0011846048	-0.0041426415	-0.0099732608	-0.0053583592	-0.0072907399	-0.0005629307	-0.0029887086	-0.0061508955	-0.0019589097	-0.0084054270	-0.0021820457	-0.0070898224	-0.0136097813	-0.0055633760	-0.0014434708	0.4429712683	-0.0025112569	-0.0009874444	-0.0105142429	-0.0076171060	-0.0009770754	-0.0059914101	-0.0149579586	-0.0045057550	-0.0023854294	-0.0085270844	-0.0044442784	-0.0061648326	-0.0074888528	-0.0040307658	-0.0078320394	-0.0021664517	-0.0017678842	-0.0037617149	-0.0039758074	-0.0256534306	-0.0030662158	-0.0076975431	-0.0135459860	-0.0024755041	-0.0020543337	0.0001477100	-0.0039193369	-0.0006538800	-0.0024588483	-0.0089250021	-0.0077643441	-0.0012523598	-0.0043509480	-0.0049892632	-0.0011577446	-0.0029290336	-0.0011853367	0.0013127758	-0.0142627902	0.0003354408	-0.0058388478	-0.0012553776	-0.0048077819	-0.0044288519	0.0001290381	-0.0006893994	-0.0078903440	0.0005680673	-0.0031872089	-0.0061334610	-0.0102291041	-0.0137371887	-0.0033188916	-0.0102944060
-0.0044552290	-0.0129212262	-0.0061343841	0.0011695489	-0.0123394254	-0.0080450617	-0.0076288151	-0.0147208948	-0.0011017342	-0.0037577323	0.0020915146	-0.0071814773	0.0002528027	-0.0096376106	0.0009738802	0.0004168215	-0.0024299084	-0.0108035761	-0.0024112029	-0.0064809722	0.0015233026	-0.0037354825	-0.0046502781	-0.0037737174	-0.0085962829	-0.0041273691	-0.0079801174	-0.0121467869	-0.0060055145	-0.0014220336	-0.0025112569	0.4022666567	0.0012627466	-0.0114810078	-0.0071176989	-0.0004553122	-0.0055228433	-0.0151874940	-0.0065935054	-0.0006843378	-0.0056765834	-0.0030900794	-0.0041605790	-0.0073626470	-0.0046927856	-0.0069019693	0.0006387556	-0.0024181999	-0.0043910020	-0.0031969280	-0.0276866038	-0.0038756703	-0.0067595457	-0.0113275389	-0.0026719011	-0.0005717480	-0.0016131135	-0.0006929131	-0.0004719035	0.0014378860	-0.0052926395	-0.0095080239	0.0012273665	-0.0044281549	-0.0038003709	0.0019203769	-0.0023055942	0.0007806624	0.0030390159	-0.0170023902	0.0013679950	-0.0044339655	-0.0024993482	-0.0030741520	-0.0034785224	0.0009774897	-0.0015506281	-0.0083762511	-0.0029404409	-0.0017022815	-0.0070100177	-0.0060763368	-0.0152348694	-0.0026930926	-0.0103377417
-0.0050988368	-0.0134853050	-0.0063739498	0.0056061369	-0.0158998084	-0.0074380265	-0.0062429197	-0.0151550691	0.0011587174	-0.0009593789	0.0053340778	-0.0031299702	0.0041820000	-0.0087123758	0.0048752301	0.0018411990	-0.0022594287	-0.0097578635	-0.0029883186	-0.0070812967	0.0064755932	-0.0027080424	-0.0046139611	-0.0010042316	-0.0065154809	0.0007841617	-0.0097695711	-0.0136674075	-0.0018605276	0.0023855675	-0.0009874444	0.0012627466	0.2767449365	-0.0101835468	-0.0089976478	0.0025390615	-0.0047077072	-0.0169009329	-0.0023751721	0.0035946728	-0.0052858242	-0.0022030509	-0.0048156200	-0.0041794094	-0.0036621317	-0.0022421977	0.0018769611	0.0015001349	-0.0034479341	-0.0012069080	-0.0324973911	-0.0006217657	-0.0059631274	-0.0139144137	-0.0023631122	0.0010548607	0.0024385957	0.0013530340	0.0015908958	0.0032230982	-0.0063651837	-0.0080869841	0.0066063862	-0.0023038815	-0.0026693550	0.0028084226	0.0035439513	0.0038613530	0.0072786431	-0.0190266111	0.0050984892	-0.0046330630	0.0010411509	-0.0024668783	-0.0036725326	0.0051877121	0.0031401912	-0.0074267148	0.0005761738	-0.0012784570	-0.0052058148	-0.0074032865	-0.0148375786	-0.0016993721	-0.0106113346
