1.0000000000	0.9205355786	0.9231970457	0.9277289530	0.9184763870	0.9219983301	0.9218883211	0.9177835540	0.9251961538	0.9236833327	0.9269982976	0.9250076905	0.9266721611	0.9200790451	0.9275833550	0.9272384874	0.9253439851	0.9212269707	0.9236585501	0.9227092457	0.9270948346	0.9241318695	0.9234218184	0.9247348655	0.9213442559	0.9247102990	0.9219805355	0.9178626567	0.9237333303	0.9265308857	0.9253158164	0.9265009881	0.9281765532	0.9201886217	0.9219345724	0.9264858591	0.9212507447	0.9160468248	0.9233331340	0.9265503372	0.9220646092	0.9242285506	0.9230406414	0.9226063690	0.9238354145	0.9230634068	0.9262315490	0.9270889271	0.9242696869	0.9250743299	0.9056320687	0.9248953762	0.9225987325	0.9178717340	0.9248251348	0.9264682808	0.9276267967	0.9258922287	0.9264192918	0.9271592406	0.9226673890	0.9216501485	0.9268441987	0.9250215227	0.9244931628	0.9273246503	0.9271964866	0.9270605424	0.9273956842	0.9140428178	0.9270776885	0.9238908152	0.9269568011	0.9245861697	0.9240781258	0.9269074520	0.9266489634	0.9217355189	0.9259721959	0.9246928647	0.9227825130	0.9221141024	0.9178381622	0.9255037033	0.9205894664
0.9205355786	1.0000000000	0.9204325577	0.9221532215	0.9164736767	0.9204830596	0.9176017186	0.9145054028	0.9205888180	0.9204515770	0.9217356630	0.9202363859	0.9215030377	0.9158275993	0.9218455279	0.9217160674	0.9216567764	0.9165328957	0.9199825801	0.9188304040	0.9215395632	0.9198860431	0.9191478954	0.9208604904	0.9173564859	0.9206785830	0.9184400055	0.9140476446	0.9194673320	0.9206447950	0.9204458136	0.9200042649	0.9218792438	0.9161978259	0.9185095986	0.9213346022	0.9175790973	0.9137266951	0.9195424723	0.9211490927	0.9191942187	0.9198026179	0.9194419009	0.9189409172	0.9200267422	0.9190135361	0.9205368033	0.9211872753	0.9203490605	0.9200328658	0.9040253042	0.9208457937	0.9186404999	0.9145372456	0.9206068286	0.9214690336	0.9220892477	0.9214632702	0.9212478630	0.9212732941	0.9189869524	0.9186134839	0.9212841725	0.9200760193	0.9208246852	0.9219219650	0.9222834023	0.9211946236	0.9216577130	0.9105736098	0.9219657668	0.9206289457	0.9211364132	0.9204322696	0.9200952546	0.9216129746	0.9217890465	0.9182020490	0.9216230605	0.9202940200	0.9187281756	0.9200220594	0.9156174513	0.9209453565	0.9181349054
0.9231970457	0.9204325577	1.0000000000	0.9282475151	0.9185854594	0.9216077155	0.9216062026	0.9178128033	0.9258945341	0.9243756614	0.9272675926	0.9238799368	0.9266800858	0.9190406241	0.9274505086	0.9271513160	0.9254785605	0.9197604730	0.9244504416	0.9220350717	0.9268470083	0.9243056361	0.9225362716	0.9247331365	0.9212565081	0.9252442782	0.9207465911	0.9178298053	0.9229300561	0.9256061478	0.9247386117	0.9260783866	0.9272771743	0.9192353550	0.9216953912	0.9256129919	0.9213795568	0.9155252369	0.9233123858	0.9261855138	0.9221549505	0.9244307019	0.9234256366	0.9229164400	0.9248888204	0.9226957017	0.9258200421	0.9262866615	0.9243042673	0.9254436199	0.9062071122	0.9253260465	0.9230636950	0.9181352656	0.9245137670	0.9257220642	0.9270078072	0.9260167182	0.9263888899	0.9263319042	0.9222198608	0.9215174462	0.9274918610	0.9246231275	0.9242075862	0.9277273680	0.9264937838	0.9269676075	0.9282937664	0.9139037757	0.9272899258	0.9229757310	0.9257294846	0.9243260962	0.9238602692	0.9276914188	0.9260951005	0.9210403085	0.9256606840	0.9251654637	0.9224179778	0.9225597575	0.9181292140	0.9251323962	0.9200622592
0.9277289530	0.9221532215	0.9282475151	1.0000000000	0.9202614567	0.9260811242	0.9259729884	0.9208779247	0.9318207524	0.9300008861	0.9342070171	0.9286291243	0.9337303117	0.9244124031	0.9351338442	0.9336573326	0.9306174981	0.9236159009	0.9293431378	0.9262714606	0.9343561451	0.9295377968	0.9281410362	0.9303582171	0.9251424821	0.9301273208	0.9244760887	0.9217611661	0.9293212369	0.9325225187	0.9313580233	0.9325486701	0.9353359955	0.9227408003	0.9255251720	0.9331699649	0.9259062770	0.9193711552	0.9294067514	0.9322072606	0.9265400351	0.9298562247	0.9275901270	0.9272291939	0.9294727423	0.9283883582	0.9321442234	0.9318620328	0.9289187353	0.9304214704	0.9076772120	0.9304966828	0.9266261980	0.9209813777	0.9304778797	0.9318671478	0.9337178483	0.9327280560	0.9323714455	0.9340410311	0.9259974828	0.9243827216	0.9355852627	0.9295776363	0.9290901965	0.9339508339	0.9329901467	0.9341374240	0.9358596727	0.9182666712	0.9342096106	0.9273828607	0.9318170783	0.9294526425	0.9283973635	0.9350852875	0.9330722752	0.9251828980	0.9320873098	0.9297831016	0.9275599412	0.9259123286	0.9200311368	0.9307290920	0.9230877572
0.9184763870	0.9164736767	0.9185854594	0.9202614567	1.0000000000	0.9179554475	0.9163228917	0.9133971726	0.9189059766	0.9190365897	0.9191838446	0.9189153421	0.9193814573	0.9147535173	0.9198176027	0.9200309207	0.9193909669	0.9151582522	0.9180667532	0.9173814126	0.9200303443	0.9185592359	0.9175311890	0.9186997188	0.9159515845	0.9196703478	0.9163946461	0.9128247227	0.9175274428	0.9190599315	0.9181256840	0.9191177816	0.9201822820	0.9147669892	0.9175744145	0.9191650415	0.9156890616	0.9113229962	0.9167952746	0.9191786575	0.9174658464	0.9183949789	0.9175061903	0.9167327417	0.9185287619	0.9179164004	0.9192108606	0.9195502529	0.9177887410	0.9180134417	0.9033298777	0.9191338471	0.9172858842	0.9139043520	0.9181733041	0.9193563865	0.9203141919	0.9189700944	0.9191520739	0.9196300760	0.9173980544	0.9166002555	0.9195011919	0.9186385547	0.9187143435	0.9205205217	0.9199364729	0.9194426214	0.9197825180	0.9095351168	0.9203745635	0.9179084037	0.9194125076	0.9181305828	0.9182160253	0.9202999995	0.9198006007	0.9173936598	0.9193924077	0.9187786054	0.9170541234	0.9177617251	0.9141820039	0.9188027396	0.9156232867
0.9219983301	0.9204830596	0.9216077155	0.9260811242	0.9179554475	1.0000000000	0.9203889000	0.9166737388	0.9240955601	0.9229644204	0.9253108455	0.9231100183	0.9252358492	0.9185976346	0.9262431479	0.9257507372	0.9245371808	0.9188412824	0.9229809901	0.9215635534	0.9251419778	0.9233043170	0.9224117101	0.9239051517	0.9196017633	0.9241557876	0.9207316783	0.9163754828	0.9232645495	0.9241670983	0.9243278972	0.9243039071	0.9262118814	0.9179223799	0.9210137969	0.9251672647	0.9202407805	0.9148754853	0.9223524191	0.9248082768	0.9218169990	0.9220546673	0.9216001510	0.9224120703	0.9229610344	0.9219674238	0.9243746528	0.9247869522	0.9236586942	0.9230018825	0.9050972970	0.9236989660	0.9211836011	0.9163749064	0.9231767297	0.9246406339	0.9255276935	0.9245351636	0.9246763670	0.9252448545	0.9213202658	0.9208982406	0.9256506701	0.9229146390	0.9233879584	0.9256236542	0.9252296536	0.9256024737	0.9258781084	0.9129511573	0.9256724990	0.9225801455	0.9244484964	0.9234505633	0.9226892179	0.9259765905	0.9255789157	0.9209436995	0.9251662561	0.9232787419	0.9213270378	0.9213735773	0.9168613376	0.9234404774	0.9195578894
0.9218883211	0.9176017186	0.9216062026	0.9259729884	0.9163228917	0.9203889000	1.0000000000	0.9161968893	0.9246095835	0.9230957539	0.9254936174	0.9238470854	0.9254317329	0.9181027744	0.9261420722	0.9255270451	0.9239933317	0.9186357451	0.9226805008	0.9206009932	0.9264539443	0.9228108977	0.9221982481	0.9236638813	0.9193963701	0.9235726034	0.9196264739	0.9167583888	0.9219192994	0.9255343935	0.9233167804	0.9245361002	0.9268426137	0.9179557356	0.9198047071	0.9251696421	0.9189521558	0.9140993711	0.9219408401	0.9252122193	0.9199521782	0.9227519669	0.9208704322	0.9207296611	0.9228981412	0.9212413072	0.9249330545	0.9255853996	0.9225657370	0.9233566919	0.9041595194	0.9236635931	0.9209720122	0.9165971576	0.9233060460	0.9245840805	0.9266975921	0.9243280413	0.9251078297	0.9258477785	0.9208425518	0.9196341104	0.9263599288	0.9233687230	0.9228930983	0.9256392874	0.9254106964	0.9256003844	0.9264555292	0.9130278826	0.9257536909	0.9219793829	0.9252117870	0.9235513508	0.9218471128	0.9258350269	0.9245500764	0.9198308586	0.9243627658	0.9234972469	0.9218763621	0.9202786029	0.9166952796	0.9239285655	0.9189424301
0.9177835540	0.9145054028	0.9178128033	0.9208779247	0.9133971726	0.9166737388	0.9161968893	1.0000000000	0.9190267919	0.9189340732	0.9202829975	0.9181082497	0.9200483549	0.9146370245	0.9210115635	0.9206178511	0.9196124976	0.9144122518	0.9176838471	0.9168601849	0.9204841402	0.9180714359	0.9173789631	0.9192323292	0.9157098819	0.9184549183	0.9159649124	0.9124997388	0.9174514379	0.9201811293	0.9190095737	0.9190616605	0.9206696497	0.9136338323	0.9162605749	0.9194772018	0.9143295470	0.9110415260	0.9170814996	0.9192353550	0.9168496667	0.9180466533	0.9165184152	0.9168538452	0.9185324361	0.9167952025	0.9197041357	0.9200188896	0.9183369126	0.9186003722	0.9021242460	0.9187543991	0.9167290675	0.9128531795	0.9180766950	0.9201938809	0.9206445069	0.9193066051	0.9202925791	0.9202848706	0.9159911359	0.9158062748	0.9204013633	0.9189321280	0.9190066200	0.9210234506	0.9214193243	0.9194533557	0.9213121970	0.9088430042	0.9203265111	0.9175461018	0.9194421171	0.9182918861	0.9174461068	0.9207327590	0.9198355413	0.9161273683	0.9200773160	0.9185171631	0.9171144230	0.9165811642	0.9124078126	0.9187950311	0.9146421395
0.9251961538	0.9205888180	0.9258945341	0.9318207524	0.9189059766	0.9240955601	0.9246095835	0.9190267919	1.0000000000	0.9272850989	0.9318191675	0.9260742802	0.9306306819	0.9220785854	0.9315776089	0.9310145965	0.9287319290	0.9221104282	0.9276104430	0.9237869299	0.9315423801	0.9264597797	0.9260363138	0.9282630042	0.9231572062	0.9277897568	0.9222901023	0.9196904477	0.9269418883	0.9293231821	0.9282974405	0.9295560956	0.9321947252	0.9202889770	0.9238956421	0.9301171628	0.9232949515	0.9173759374	0.9264602840	0.9293919106	0.9247749211	0.9269721462	0.9248233337	0.9250080508	0.9276306869	0.9256836656	0.9289505061	0.9286203352	0.9262817627	0.9280445713	0.9066225814	0.9288158586	0.9244083687	0.9191900403	0.9281310943	0.9294843412	0.9308682061	0.9297895133	0.9303256538	0.9308993285	0.9240789183	0.9228431007	0.9315830841	0.9277873074	0.9275090792	0.9318295416	0.9297121397	0.9314187551	0.9324854168	0.9164138094	0.9311674708	0.9256582346	0.9294741832	0.9266066024	0.9265434932	0.9318490651	0.9304155629	0.9228766005	0.9300660126	0.9276208892	0.9249991895	0.9237482431	0.9189383237	0.9288464046	0.9209745337
0.9236833327	0.9204515770	0.9243756614	0.9300008861	0.9190365897	0.9229644204	0.9230957539	0.9189340732	0.9272850989	1.0000000000	0.9296144500	0.9252840457	0.9295450730	0.9203902688	0.9290574892	0.9287793330	0.9266044411	0.9205185045	0.9253338271	0.9231958210	0.9297679006	0.9253565925	0.9244759446	0.9270740864	0.9214086620	0.9263643954	0.9221031519	0.9188523769	0.9245817031	0.9276976865	0.9271795566	0.9275203898	0.9303077153	0.9195112779	0.9223156774	0.9280994677	0.9225333899	0.9158461143	0.9247193763	0.9272935279	0.9234958060	0.9259039716	0.9245581452	0.9239493858	0.9260551889	0.9240421766	0.9274244292	0.9277162735	0.9249978928	0.9265778574	0.9053364062	0.9264163381	0.9231299741	0.9186193914	0.9257544834	0.9277957364	0.9286838046	0.9277342121	0.9279079786	0.9289878241	0.9230136254	0.9216855934	0.9291275146	0.9260527395	0.9264715947	0.9293125918	0.9281781381	0.9286454780	0.9303242130	0.9153796389	0.9292491944	0.9245174411	0.9275105200	0.9251819614	0.9248769334	0.9303097324	0.9282334668	0.9227363337	0.9273895606	0.9263231871	0.9236673393	0.9235267123	0.9180289308	0.9263611535	0.9206096383
0.9269982976	0.9217356630	0.9272675926	0.9342070171	0.9191838446	0.9253108455	0.9254936174	0.9202829975	0.9318191675	0.9296144500	1.0000000000	0.9288073576	0.9336444370	0.9241822993	0.9347868874	0.9336048856	0.9305248514	0.9229715526	0.9277164176	0.9258807019	0.9337805253	0.9293941440	0.9278139631	0.9307806744	0.9252066000	0.9302424447	0.9236313180	0.9217911357	0.9288869646	0.9316771717	0.9310818122	0.9323133792	0.9350213138	0.9222269930	0.9247743448	0.9334715349	0.9244768091	0.9191286600	0.9287188893	0.9322829052	0.9261935106	0.9295994652	0.9270333823	0.9270101847	0.9295302323	0.9274829277	0.9323156846	0.9324105646	0.9285325874	0.9299928174	0.9067592461	0.9302524586	0.9258854567	0.9205128131	0.9302479200	0.9324835437	0.9341405939	0.9320923528	0.9324753308	0.9337470976	0.9261103014	0.9234595687	0.9340259742	0.9302535393	0.9295246130	0.9342682532	0.9326813725	0.9336040211	0.9352658982	0.9175890392	0.9340224441	0.9271710556	0.9322140326	0.9295231001	0.9280331165	0.9350306793	0.9325505432	0.9246650563	0.9319223324	0.9296488143	0.9269899407	0.9254008266	0.9193622939	0.9305747769	0.9227673120
0.9250076905	0.9202363859	0.9238799368	0.9286291243	0.9189153421	0.9231100183	0.9238470854	0.9181082497	0.9260742802	0.9252840457	0.9288073576	1.0000000000	0.9275353026	0.9209917519	0.9295235323	0.9289845822	0.9259780314	0.9211630690	0.9249285878	0.9232711054	0.9292695824	0.9250222431	0.9252970133	0.9264122317	0.9227223575	0.9261052585	0.9217912798	0.9187479873	0.9253013359	0.9278715251	0.9263161269	0.9263674933	0.9293095660	0.9197750256	0.9221659010	0.9285728591	0.9219522228	0.9166658862	0.9246574918	0.9279875136	0.9224248939	0.9261508614	0.9229430237	0.9241318695	0.9255526923	0.9243003050	0.9276138290	0.9277231175	0.9249790897	0.9255125646	0.9057716151	0.9261040337	0.9241956992	0.9187710409	0.9261712494	0.9273541877	0.9293940719	0.9273753682	0.9280266327	0.9295165442	0.9228690360	0.9215221289	0.9282983771	0.9264928473	0.9260368181	0.9287978479	0.9283830991	0.9281419728	0.9292703028	0.9145418563	0.9278808906	0.9251307392	0.9272699700	0.9256772538	0.9242532612	0.9288205413	0.9278022922	0.9215929467	0.9270445489	0.9256251670	0.9246989163	0.9227922387	0.9175000666	0.9267676895	0.9206588433
0.9266721611	0.9215030377	0.9266800858	0.9337303117	0.9193814573	0.9252358492	0.9254317329	0.9200483549	0.9306306819	0.9295450730	0.9336444370	0.9275353026	1.0000000000	0.9234054647	0.9337334095	0.9324408945	0.9298278400	0.9227712023	0.9278927056	0.9254417468	0.9332127582	0.9283465735	0.9273623285	0.9298966406	0.9243738604	0.9294107137	0.9228354642	0.9210040711	0.9282588258	0.9317599485	0.9302686682	0.9312073103	0.9342281976	0.9215488567	0.9251743970	0.9321414137	0.9241743026	0.9175899037	0.9282797901	0.9315341672	0.9258437441	0.9292377396	0.9266402463	0.9266823191	0.9287715524	0.9277355809	0.9306286647	0.9311687675	0.9280636625	0.9294434931	0.9064534256	0.9300840952	0.9255428945	0.9200829354	0.9303093722	0.9314397195	0.9321109397	0.9317764463	0.9318754327	0.9335771493	0.9251019222	0.9240949117	0.9331090890	0.9289605920	0.9293074047	0.9342376352	0.9317355261	0.9333179402	0.9352202952	0.9173902738	0.9329084505	0.9257390663	0.9313331686	0.9286971325	0.9277206681	0.9343186830	0.9312828109	0.9249394663	0.9305776586	0.9294395307	0.9264388874	0.9250591289	0.9193875809	0.9294929143	0.9224235971
0.9200790451	0.9158275993	0.9190406241	0.9244124031	0.9147535173	0.9185976346	0.9181027744	0.9146370245	0.9220785854	0.9203902688	0.9241822993	0.9209917519	0.9234054647	1.0000000000	0.9243411531	0.9235942882	0.9222656078	0.9174445939	0.9202384031	0.9184232916	0.9248282326	0.9213828707	0.9200618989	0.9222225984	0.9182312983	0.9215685243	0.9173149173	0.9164248319	0.9212742306	0.9226727202	0.9224142316	0.9228122665	0.9250604257	0.9166434089	0.9181323119	0.9236790822	0.9173868158	0.9133468149	0.9205419183	0.9231876802	0.9188110245	0.9202286054	0.9188551146	0.9188850842	0.9208900278	0.9197347538	0.9218784513	0.9233156277	0.9209297953	0.9209488865	0.9033121552	0.9215187429	0.9181521236	0.9146159881	0.9213312162	0.9226791319	0.9245785332	0.9223398116	0.9229837278	0.9236320385	0.9190194436	0.9177202286	0.9240109101	0.9212506727	0.9213035519	0.9243370466	0.9240460669	0.9238998926	0.9248594991	0.9118292390	0.9247920673	0.9205036637	0.9225813702	0.9214419456	0.9206130243	0.9242248764	0.9239188398	0.9180600532	0.9230178759	0.9212904402	0.9200026800	0.9180660327	0.9145994183	0.9218782352	0.9165366419
0.9275833550	0.9218455279	0.9274505086	0.9351338442	0.9198176027	0.9262431479	0.9261420722	0.9210115635	0.9315776089	0.9290574892	0.9347868874	0.9295235323	0.9337334095	0.9243411531	1.0000000000	0.9345010226	0.9318667876	0.9238212942	0.9290171454	0.9264735399	0.9355398759	0.9295793653	0.9290187303	0.9309664721	0.9262136825	0.9303563440	0.9243757335	0.9218965340	0.9297848306	0.9330891332	0.9317602367	0.9325862043	0.9352746874	0.9229381248	0.9254422511	0.9340544310	0.9251107114	0.9195549357	0.9295375086	0.9334824854	0.9266081153	0.9301176671	0.9270874863	0.9277388948	0.9297423975	0.9279616503	0.9326905219	0.9325391605	0.9295732417	0.9303275990	0.9070152132	0.9315112577	0.9264723872	0.9205641794	0.9306932148	0.9335779417	0.9347664273	0.9325020586	0.9332427999	0.9348273753	0.9262151233	0.9242473537	0.9344946109	0.9303279592	0.9297422534	0.9341981559	0.9337731770	0.9344412273	0.9355155255	0.9188125374	0.9341269778	0.9278648972	0.9327159529	0.9298418883	0.9286613994	0.9348636127	0.9329936768	0.9256247348	0.9321823339	0.9301441067	0.9279177764	0.9257191825	0.9199626243	0.9312066619	0.9232405594
0.9272384874	0.9217160674	0.9271513160	0.9336573326	0.9200309207	0.9257507372	0.9255270451	0.9206178511	0.9310145965	0.9287793330	0.9336048856	0.9289845822	0.9324408945	0.9235942882	0.9345010226	1.0000000000	0.9301974902	0.9240817279	0.9285711301	0.9256719226	0.9334204568	0.9289443104	0.9283526972	0.9300552062	0.9249571887	0.9297472244	0.9241846047	0.9217968991	0.9289764414	0.9323512016	0.9310411802	0.9318226255	0.9339356329	0.9227648626	0.9255039915	0.9328701239	0.9252126515	0.9190488369	0.9291236243	0.9327562247	0.9262837078	0.9287480666	0.9269031295	0.9265329749	0.9298083164	0.9277876676	0.9315971324	0.9321695103	0.9285902214	0.9301834419	0.9073890419	0.9299524735	0.9260795393	0.9204514329	0.9298431850	0.9318867434	0.9340544310	0.9318507221	0.9328353994	0.9338057402	0.9259319241	0.9233079912	0.9339710778	0.9303141991	0.9289716145	0.9334543168	0.9326359857	0.9333508637	0.9345781802	0.9177227501	0.9333406336	0.9274053379	0.9319538150	0.9292222505	0.9279898910	0.9342439749	0.9322489732	0.9248085650	0.9316286870	0.9301610367	0.9275815539	0.9258502279	0.9206845625	0.9307453736	0.9231505782
0.9253439851	0.9216567764	0.9254785605	0.9306174981	0.9193909669	0.9245371808	0.9239933317	0.9196124976	0.9287319290	0.9266044411	0.9305248514	0.9259780314	0.9298278400	0.9222656078	0.9318667876	0.9301974902	1.0000000000	0.9221561032	0.9264378788	0.9239890812	0.9307123061	0.9271642116	0.9262566198	0.9273420125	0.9234731847	0.9277880278	0.9232767968	0.9199026850	0.9266534301	0.9294149642	0.9279137420	0.9293148972	0.9308599212	0.9205929965	0.9246793207	0.9298900847	0.9233780886	0.9179914687	0.9263154786	0.9299604703	0.9244262353	0.9272067167	0.9249159804	0.9244429492	0.9268403804	0.9255454880	0.9289137644	0.9288958258	0.9274569204	0.9273071440	0.9065159585	0.9279535095	0.9238449962	0.9193136652	0.9275321328	0.9291615907	0.9306114465	0.9287251570	0.9299259619	0.9298642214	0.9246126093	0.9238583240	0.9312659529	0.9275508638	0.9271808534	0.9308056732	0.9298602591	0.9299617670	0.9314553527	0.9163289433	0.9306010724	0.9255261086	0.9290995621	0.9281418287	0.9264642464	0.9306616602	0.9301253756	0.9240359089	0.9293697936	0.9276122441	0.9252668996	0.9235851388	0.9187995698	0.9277065477	0.9218535966
0.9212269707	0.9165328957	0.9197604730	0.9236159009	0.9151582522	0.9188412824	0.9186357451	0.9144122518	0.9221104282	0.9205185045	0.9229715526	0.9211630690	0.9227712023	0.9174445939	0.9238212942	0.9240817279	0.9221561032	1.0000000000	0.9202473364	0.9198860431	0.9239215053	0.9207359288	0.9208058101	0.9217188771	0.9183433965	0.9209711477	0.9181225141	0.9147472496	0.9210187678	0.9230990678	0.9219672797	0.9221912599	0.9245701042	0.9168242357	0.9189956695	0.9237211551	0.9176195132	0.9127253760	0.9202404924	0.9229127659	0.9193370791	0.9208980245	0.9194259795	0.9193758379	0.9201851637	0.9198308586	0.9215013807	0.9228557082	0.9211464992	0.9211068038	0.9038697644	0.9216495722	0.9183823715	0.9150179854	0.9207334073	0.9231569180	0.9242380602	0.9232507174	0.9227961290	0.9231290375	0.9192164078	0.9175881026	0.9229956868	0.9210936200	0.9210704223	0.9239415332	0.9233174287	0.9230322124	0.9245325701	0.9113160081	0.9240006080	0.9203461788	0.9226760341	0.9213991523	0.9200084434	0.9233175728	0.9234561827	0.9180589005	0.9225506081	0.9210248914	0.9197364108	0.9192178487	0.9151488146	0.9211131435	0.9167912402
0.9236585501	0.9199825801	0.9244504416	0.9293431378	0.9180667532	0.9229809901	0.9226805008	0.9176838471	0.9276104430	0.9253338271	0.9277164176	0.9249285878	0.9278927056	0.9202384031	0.9290171454	0.9285711301	0.9264378788	0.9202473364	1.0000000000	0.9226393645	0.9284797802	0.9253094767	0.9236797306	0.9262781605	0.9207908252	0.9260742081	0.9213193292	0.9188026676	0.9247327042	0.9272459798	0.9265330470	0.9277705215	0.9291971076	0.9192947181	0.9219492691	0.9274219797	0.9216510130	0.9158184499	0.9246755745	0.9270825874	0.9234296710	0.9257258825	0.9234904749	0.9233989809	0.9256678883	0.9240404476	0.9273554124	0.9270109771	0.9242784761	0.9259427305	0.9060311843	0.9260437341	0.9232443776	0.9182535594	0.9264217413	0.9276437266	0.9285689688	0.9275251446	0.9275966108	0.9285243025	0.9229085874	0.9216634043	0.9286165889	0.9255794200	0.9251307392	0.9291052534	0.9279765631	0.9283622068	0.9302144202	0.9150962236	0.9286183900	0.9230771669	0.9266461538	0.9255617696	0.9250714482	0.9292969586	0.9273101697	0.9224062348	0.9267901668	0.9257843090	0.9237699279	0.9230636229	0.9177174189	0.9264022178	0.9203773732
0.9227092457	0.9188304040	0.9220350717	0.9262714606	0.9173814126	0.9215635534	0.9206009932	0.9168601849	0.9237869299	0.9231958210	0.9258807019	0.9232711054	0.9254417468	0.9184232916	0.9264735399	0.9256719226	0.9239890812	0.9198860431	0.9226393645	1.0000000000	0.9260664275	0.9234763546	0.9222666164	0.9241441888	0.9199540513	0.9237297281	0.9206146813	0.9163763473	0.9226981512	0.9245551194	0.9243659357	0.9249622317	0.9266592655	0.9183147235	0.9209590445	0.9250329775	0.9202391956	0.9146727576	0.9223344084	0.9247869522	0.9218129646	0.9227899334	0.9212808585	0.9212356158	0.9228838048	0.9218822695	0.9256358293	0.9246902712	0.9230118964	0.9237911804	0.9047813185	0.9237006950	0.9213575118	0.9163970955	0.9232834967	0.9246600853	0.9256556410	0.9250341301	0.9251128006	0.9259510154	0.9215156451	0.9206767819	0.9253787816	0.9235199403	0.9232255745	0.9258113970	0.9252610641	0.9256478604	0.9264981064	0.9134519970	0.9258236442	0.9227086694	0.9246956023	0.9233958110	0.9234097873	0.9266317453	0.9251877248	0.9206970259	0.9243175952	0.9238030674	0.9217137621	0.9218729761	0.9165708621	0.9240675355	0.9192194336
0.9270948346	0.9215395632	0.9268470083	0.9343561451	0.9200303443	0.9251419778	0.9264539443	0.9204841402	0.9315423801	0.9297679006	0.9337805253	0.9292695824	0.9332127582	0.9248282326	0.9355398759	0.9334204568	0.9307123061	0.9239215053	0.9284797802	0.9260664275	1.0000000000	0.9286339512	0.9288607411	0.9313306471	0.9252748963	0.9301332282	0.9241328781	0.9222399607	0.9297177590	0.9332703201	0.9310717263	0.9324002625	0.9356062991	0.9231148452	0.9251757658	0.9335156249	0.9245582172	0.9187105252	0.9289920746	0.9332768040	0.9260949564	0.9294922659	0.9268659555	0.9275630390	0.9293181391	0.9279418386	0.9322628054	0.9320164920	0.9293690011	0.9298422485	0.9067882072	0.9310061676	0.9257710532	0.9207375858	0.9303224119	0.9324704319	0.9347023815	0.9318331437	0.9329263171	0.9339591908	0.9262636079	0.9233944422	0.9334107310	0.9299584531	0.9295058819	0.9336945065	0.9340970081	0.9337881618	0.9355638661	0.9181812287	0.9342881370	0.9277028736	0.9324316010	0.9298069476	0.9282420398	0.9348174334	0.9316616825	0.9254507521	0.9318755047	0.9297336804	0.9278129545	0.9253949191	0.9199092408	0.9307962356	0.9234994082
0.9241318695	0.9198860431	0.9243056361	0.9295377968	0.9185592359	0.9233043170	0.9228108977	0.9180714359	0.9264597797	0.9253565925	0.9293941440	0.9250222431	0.9283465735	0.9213828707	0.9295793653	0.9289443104	0.9271642116	0.9207359288	0.9253094767	0.9234763546	0.9286339512	1.0000000000	0.9247808286	0.9270403705	0.9219270800	0.9264038747	0.9217050449	0.9189314796	0.9252297977	0.9274904922	0.9274083637	0.9276702383	0.9299829475	0.9204589253	0.9230232791	0.9279651804	0.9221583365	0.9169647907	0.9252179106	0.9278440769	0.9232223326	0.9251606368	0.9243931678	0.9238848357	0.9256910860	0.9238809454	0.9274373968	0.9277030176	0.9257686037	0.9265975971	0.9059039572	0.9263068334	0.9233943702	0.9182300736	0.9266904599	0.9278784412	0.9295872179	0.9278458780	0.9282474430	0.9288784635	0.9229910040	0.9216436647	0.9296714356	0.9264146811	0.9256889247	0.9289107386	0.9280442831	0.9285191154	0.9299843163	0.9148472446	0.9295295839	0.9244642738	0.9278690036	0.9255937565	0.9252518427	0.9294806670	0.9281810198	0.9231756490	0.9281568135	0.9266326818	0.9234798846	0.9227145048	0.9185319318	0.9259427305	0.9209777756
0.9234218184	0.9191478954	0.9225362716	0.9281410362	0.9175311890	0.9224117101	0.9221982481	0.9173789631	0.9260363138	0.9244759446	0.9278139631	0.9252970133	0.9273623285	0.9200618989	0.9290187303	0.9283526972	0.9262566198	0.9208058101	0.9236797306	0.9222666164	0.9288607411	0.9247808286	1.0000000000	0.9260431578	0.9218608009	0.9259580756	0.9214128404	0.9180612059	0.9262430038	0.9282522699	0.9261215401	0.9268597599	0.9288054845	0.9198896453	0.9219437939	0.9280563862	0.9203836409	0.9157020292	0.9242967749	0.9279214506	0.9223315988	0.9245023122	0.9222925517	0.9229856009	0.9237544387	0.9233737660	0.9271387085	0.9266523494	0.9247170710	0.9247448074	0.9051913125	0.9257826520	0.9221476022	0.9171987127	0.9255518998	0.9269284884	0.9289542523	0.9268398761	0.9276585674	0.9279446483	0.9223542922	0.9208429840	0.9275286027	0.9259298349	0.9247306150	0.9283318048	0.9287240764	0.9276132527	0.9283289231	0.9140837379	0.9285245906	0.9233118815	0.9272374788	0.9252234579	0.9241810025	0.9283217909	0.9271776115	0.9213547021	0.9261070595	0.9251978828	0.9232278799	0.9223155333	0.9170541954	0.9261839289	0.9198216371
0.9247348655	0.9208604904	0.9247331365	0.9303582171	0.9186997188	0.9239051517	0.9236638813	0.9192323292	0.9282630042	0.9270740864	0.9307806744	0.9264122317	0.9298966406	0.9222225984	0.9309664721	0.9300552062	0.9273420125	0.9217188771	0.9262781605	0.9241441888	0.9313306471	0.9270403705	0.9260431578	1.0000000000	0.9231278849	0.9271879856	0.9228539792	0.9196328857	0.9266896674	0.9292383880	0.9286813552	0.9285847461	0.9310062396	0.9206579068	0.9234092830	0.9299861174	0.9226596084	0.9170451901	0.9262442285	0.9294743993	0.9245160723	0.9262294598	0.9254516166	0.9256158736	0.9272035468	0.9255812931	0.9288396326	0.9292997682	0.9272763098	0.9273743596	0.9062330475	0.9278031568	0.9245940223	0.9185614692	0.9278548113	0.9296227349	0.9305521555	0.9291344306	0.9296090468	0.9307592058	0.9245613871	0.9223184150	0.9299070147	0.9277457389	0.9272283294	0.9308672696	0.9300760265	0.9303266624	0.9319520860	0.9163111488	0.9304329972	0.9255231548	0.9291745583	0.9268164623	0.9258629074	0.9311715052	0.9294669789	0.9240669592	0.9293390314	0.9274241410	0.9259718357	0.9236748317	0.9186466235	0.9279342742	0.9210914587
0.9213442559	0.9173564859	0.9212565081	0.9251424821	0.9159515845	0.9196017633	0.9193963701	0.9157098819	0.9231572062	0.9214086620	0.9252066000	0.9227223575	0.9243738604	0.9182312983	0.9262136825	0.9249571887	0.9234731847	0.9183433965	0.9207908252	0.9199540513	0.9252748963	0.9219270800	0.9218608009	0.9231278849	1.0000000000	0.9230381919	0.9187755076	0.9165620009	0.9219005683	0.9244977015	0.9230090147	0.9235940721	0.9259337252	0.9170821479	0.9195146639	0.9243799119	0.9186039023	0.9144202486	0.9217418587	0.9239942683	0.9202210409	0.9220383137	0.9196117052	0.9204299642	0.9221128777	0.9216058424	0.9243933119	0.9239454235	0.9220027967	0.9223346966	0.9034438490	0.9232041058	0.9205793804	0.9154490879	0.9227295617	0.9241882788	0.9256822247	0.9242711277	0.9240428970	0.9249286599	0.9199823640	0.9189466806	0.9251722357	0.9227890688	0.9227618368	0.9251204371	0.9254356232	0.9244680200	0.9257398588	0.9127189643	0.9251489659	0.9217891906	0.9239219376	0.9223937715	0.9218881770	0.9257628403	0.9244813478	0.9195117102	0.9241133546	0.9221061057	0.9212533383	0.9198887087	0.9158884032	0.9232311938	0.9175247772
0.9247102990	0.9206785830	0.9252442782	0.9301273208	0.9196703478	0.9241557876	0.9235726034	0.9184549183	0.9277897568	0.9263643954	0.9302424447	0.9261052585	0.9294107137	0.9215685243	0.9303563440	0.9297472244	0.9277880278	0.9209711477	0.9260742081	0.9237297281	0.9301332282	0.9264038747	0.9259580756	0.9271879856	0.9230381919	1.0000000000	0.9229057777	0.9192988245	0.9261535990	0.9281219449	0.9282387979	0.9282604827	0.9315276114	0.9207592706	0.9235123758	0.9291859410	0.9229953986	0.9176658365	0.9261205315	0.9284673168	0.9241276911	0.9261376056	0.9248391831	0.9249302448	0.9259178038	0.9254372801	0.9286385619	0.9288295467	0.9261058348	0.9270083115	0.9061864360	0.9275824905	0.9240945515	0.9185554897	0.9271075141	0.9285519668	0.9301032586	0.9280885893	0.9288340853	0.9296176919	0.9236092010	0.9231812684	0.9305295342	0.9265284363	0.9270569403	0.9295285033	0.9288796162	0.9294933465	0.9313410933	0.9161763572	0.9307576929	0.9250981760	0.9288041877	0.9261574893	0.9253585377	0.9308210183	0.9294032213	0.9230273135	0.9282489559	0.9274639805	0.9243633422	0.9241024041	0.9185033309	0.9268348331	0.9214436746
0.9219805355	0.9184400055	0.9207465911	0.9244760887	0.9163946461	0.9207316783	0.9196264739	0.9159649124	0.9222901023	0.9221031519	0.9236313180	0.9217912798	0.9228354642	0.9173149173	0.9243757335	0.9241846047	0.9232767968	0.9181225141	0.9213193292	0.9206146813	0.9241328781	0.9217050449	0.9214128404	0.9228539792	0.9187755076	0.9229057777	1.0000000000	0.9152090422	0.9217315566	0.9233757111	0.9230424424	0.9230430908	0.9246268737	0.9181215775	0.9191564684	0.9239813727	0.9187417917	0.9139738731	0.9206962334	0.9236967327	0.9195302971	0.9212941143	0.9202629696	0.9202612406	0.9215502255	0.9202724792	0.9230452521	0.9229626193	0.9217918562	0.9225560113	0.9044311198	0.9231603040	0.9196787047	0.9153083168	0.9217572758	0.9234319764	0.9250308162	0.9230122566	0.9234978232	0.9240148725	0.9198803518	0.9189206012	0.9239031345	0.9221653246	0.9220352158	0.9239938360	0.9247528041	0.9238205017	0.9241311491	0.9123175433	0.9241817230	0.9213488667	0.9231098742	0.9215981338	0.9219384627	0.9239707104	0.9231190236	0.9192143186	0.9229376205	0.9222568186	0.9201032514	0.9200858171	0.9154469266	0.9215814199	0.9188144826
0.9178626567	0.9140476446	0.9178298053	0.9217611661	0.9128247227	0.9163754828	0.9167583888	0.9124997388	0.9196904477	0.9188523769	0.9217911357	0.9187479873	0.9210040711	0.9164248319	0.9218965340	0.9217968991	0.9199026850	0.9147472496	0.9188026676	0.9163763473	0.9222399607	0.9189314796	0.9180612059	0.9196328857	0.9165620009	0.9192988245	0.9152090422	1.0000000000	0.9189934362	0.9203170015	0.9199474234	0.9207171978	0.9221687106	0.9137668228	0.9163937095	0.9210488816	0.9149362892	0.9120238979	0.9186685964	0.9205811094	0.9169551370	0.9191558201	0.9176561108	0.9169817927	0.9182063716	0.9175892553	0.9210392279	0.9211237338	0.9183926736	0.9194467278	0.9023047846	0.9198606842	0.9164164029	0.9131903385	0.9192649645	0.9207720942	0.9222212296	0.9199048462	0.9206281532	0.9215255870	0.9166317380	0.9144547569	0.9216246455	0.9190875958	0.9189082099	0.9219744119	0.9211121349	0.9210027023	0.9224977289	0.9101276666	0.9213375560	0.9180924723	0.9209815218	0.9197503150	0.9185631982	0.9224408873	0.9210194882	0.9159028838	0.9206797357	0.9190826969	0.9178734631	0.9162366568	0.9129100931	0.9194071044	0.9138395858
0.9237333303	0.9194673320	0.9229300561	0.9293212369	0.9175274428	0.9232645495	0.9219192994	0.9174514379	0.9269418883	0.9245817031	0.9288869646	0.9253013359	0.9282588258	0.9212742306	0.9297848306	0.9289764414	0.9266534301	0.9210187678	0.9247327042	0.9226981512	0.9297177590	0.9252297977	0.9262430038	0.9266896674	0.9219005683	0.9261535990	0.9217315566	0.9189934362	1.0000000000	0.9292636029	0.9263695104	0.9268966456	0.9304356628	0.9201517360	0.9218468246	0.9285815763	0.9211052188	0.9160628182	0.9252385148	0.9288142016	0.9229173045	0.9248344283	0.9234744815	0.9238877174	0.9248663431	0.9236606393	0.9278983249	0.9276815490	0.9254997410	0.9254045728	0.9052343940	0.9265036536	0.9222290102	0.9178658266	0.9261400550	0.9279834792	0.9296534971	0.9276623136	0.9277298895	0.9294478877	0.9223090495	0.9215343041	0.9285214928	0.9259181640	0.9257285481	0.9286417318	0.9290380377	0.9284061527	0.9297725113	0.9153861227	0.9288284660	0.9241059342	0.9278100728	0.9263036636	0.9244586544	0.9294145320	0.9277795989	0.9218355139	0.9270992292	0.9251761260	0.9238200695	0.9222421940	0.9167544985	0.9262859411	0.9209702832
0.9265308857	0.9206447950	0.9256061478	0.9325225187	0.9190599315	0.9241670983	0.9255343935	0.9201811293	0.9293231821	0.9276976865	0.9316771717	0.9278715251	0.9317599485	0.9226727202	0.9330891332	0.9323512016	0.9294149642	0.9230990678	0.9272459798	0.9245551194	0.9332703201	0.9274904922	0.9282522699	0.9292383880	0.9244977015	0.9281219449	0.9233757111	0.9203170015	0.9292636029	1.0000000000	0.9298933987	0.9302203997	0.9331667950	0.9215656426	0.9241302846	0.9313238031	0.9234994802	0.9180681940	0.9276183677	0.9317590120	0.9254059416	0.9278507048	0.9250984641	0.9260726232	0.9274296163	0.9260768017	0.9309245434	0.9312312284	0.9275340779	0.9282737386	0.9063252619	0.9289652027	0.9250461612	0.9191762801	0.9290700246	0.9304987720	0.9330262401	0.9302002278	0.9315688917	0.9325805850	0.9251419058	0.9223627932	0.9324243247	0.9285818644	0.9278778649	0.9315996539	0.9324188495	0.9317898462	0.9336793776	0.9168975750	0.9320519369	0.9259179479	0.9311753234	0.9285070123	0.9276759297	0.9326777703	0.9301241509	0.9242695428	0.9293263519	0.9280942806	0.9265585500	0.9237771321	0.9190251349	0.9292353622	0.9220579813
0.9253158164	0.9204458136	0.9247386117	0.9313580233	0.9181256840	0.9243278972	0.9233167804	0.9190095737	0.9282974405	0.9271795566	0.9310818122	0.9263161269	0.9302686682	0.9224142316	0.9317602367	0.9310411802	0.9279137420	0.9219672797	0.9265330470	0.9243659357	0.9310717263	0.9274083637	0.9261215401	0.9286813552	0.9230090147	0.9282387979	0.9230424424	0.9199474234	0.9263695104	0.9298933987	1.0000000000	0.9291978281	0.9315844529	0.9209563069	0.9237056659	0.9303943104	0.9233669220	0.9172473415	0.9267614938	0.9296932645	0.9240704172	0.9269712096	0.9249438609	0.9247461762	0.9269214283	0.9247568385	0.9296806571	0.9296114242	0.9269401593	0.9278162685	0.9060620185	0.9282171131	0.9242049927	0.9186046947	0.9279233957	0.9294334071	0.9314103261	0.9287965512	0.9302754402	0.9303038970	0.9237251174	0.9224133671	0.9309467325	0.9272984988	0.9270983647	0.9308808136	0.9298931825	0.9308171280	0.9323980292	0.9164877971	0.9314454829	0.9254162437	0.9296673292	0.9272053479	0.9265945713	0.9318842939	0.9302493608	0.9232010080	0.9302630489	0.9276723996	0.9254623509	0.9230152103	0.9182443380	0.9283091835	0.9213693988
0.9265009881	0.9200042649	0.9260783866	0.9325486701	0.9191177816	0.9243039071	0.9245361002	0.9190616605	0.9295560956	0.9275203898	0.9323133792	0.9263674933	0.9312073103	0.9228122665	0.9325862043	0.9318226255	0.9293148972	0.9221912599	0.9277705215	0.9249622317	0.9324002625	0.9276702383	0.9268597599	0.9285847461	0.9235940721	0.9282604827	0.9230430908	0.9207171978	0.9268966456	0.9302203997	0.9291978281	1.0000000000	0.9325305875	0.9209180523	0.9242570074	0.9311152399	0.9238384403	0.9176011423	0.9267801529	0.9304912796	0.9252907456	0.9283725089	0.9259267371	0.9253503968	0.9272367584	0.9257933143	0.9308623707	0.9298711375	0.9273806994	0.9284974306	0.9062358572	0.9284426783	0.9250259173	0.9200178089	0.9287679503	0.9304681540	0.9315583735	0.9301331562	0.9308404697	0.9320339983	0.9250278624	0.9225062299	0.9320646164	0.9277531592	0.9276289579	0.9325123607	0.9305984069	0.9317054844	0.9334630339	0.9168856880	0.9320590691	0.9261315540	0.9298823762	0.9280545131	0.9274133346	0.9325936967	0.9304145543	0.9234991920	0.9293027940	0.9285797752	0.9257828681	0.9244167977	0.9185681692	0.9288724840	0.9215090892
0.9281765532	0.9218792438	0.9272771743	0.9353359955	0.9201822820	0.9262118814	0.9268426137	0.9206696497	0.9321947252	0.9303077153	0.9350213138	0.9293095660	0.9342281976	0.9250604257	0.9352746874	0.9339356329	0.9308599212	0.9245701042	0.9291971076	0.9266592655	0.9356062991	0.9299829475	0.9288054845	0.9310062396	0.9259337252	0.9315276114	0.9246268737	0.9221687106	0.9304356628	0.9331667950	0.9315844529	0.9325305875	1.0000000000	0.9235807442	0.9254301479	0.9335489806	0.9259134092	0.9191964520	0.9298817278	0.9337922683	0.9272247993	0.9300982156	0.9279439279	0.9281858467	0.9293782946	0.9292189365	0.9328222156	0.9325034274	0.9297004688	0.9306781579	0.9074555372	0.9315086642	0.9270023320	0.9212736543	0.9304354467	0.9326154536	0.9342250998	0.9326563737	0.9330154337	0.9342441190	0.9267302274	0.9252049430	0.9354540732	0.9302984218	0.9300075140	0.9342266847	0.9340535665	0.9344735024	0.9364631729	0.9181184797	0.9349871656	0.9281931230	0.9324542944	0.9300998005	0.9293364379	0.9353161838	0.9335772213	0.9258453290	0.9323622961	0.9304514401	0.9281666113	0.9261463947	0.9205893943	0.9307752713	0.9237658935
0.9201886217	0.9161978259	0.9192353550	0.9227408003	0.9147669892	0.9179223799	0.9179557356	0.9136338323	0.9202889770	0.9195112779	0.9222269930	0.9197750256	0.9215488567	0.9166434089	0.9229381248	0.9227648626	0.9205929965	0.9168242357	0.9192947181	0.9183147235	0.9231148452	0.9204589253	0.9198896453	0.9206579068	0.9170821479	0.9207592706	0.9181215775	0.9137668228	0.9201517360	0.9215656426	0.9209563069	0.9209180523	0.9235807442	1.0000000000	0.9183502405	0.9218129646	0.9169820088	0.9127245836	0.9193249039	0.9215951801	0.9184840235	0.9202795394	0.9192453689	0.9182933990	0.9203254305	0.9184972793	0.9211781259	0.9216983450	0.9202490654	0.9203172897	0.9034205792	0.9211568733	0.9181729439	0.9139316561	0.9204215352	0.9215227773	0.9230292586	0.9210644428	0.9217278104	0.9218571267	0.9192457291	0.9180178363	0.9218360182	0.9210614170	0.9206213812	0.9230660003	0.9233088557	0.9223507621	0.9230700347	0.9100991377	0.9227190435	0.9195190585	0.9221621548	0.9208374368	0.9194130119	0.9230575713	0.9218060485	0.9182459950	0.9218863039	0.9198653669	0.9185539768	0.9190221091	0.9157634095	0.9208926213	0.9172812014
0.9219345724	0.9185095986	0.9216953912	0.9255251720	0.9175744145	0.9210137969	0.9198047071	0.9162605749	0.9238956421	0.9223156774	0.9247743448	0.9221659010	0.9251743970	0.9181323119	0.9254422511	0.9255039915	0.9246793207	0.9189956695	0.9219492691	0.9209590445	0.9251757658	0.9230232791	0.9219437939	0.9234092830	0.9195146639	0.9235123758	0.9191564684	0.9163937095	0.9218468246	0.9241302846	0.9237056659	0.9242570074	0.9254301479	0.9183502405	1.0000000000	0.9247414214	0.9192106444	0.9140338124	0.9213804933	0.9245219078	0.9215959005	0.9231019495	0.9213238679	0.9217237039	0.9229501559	0.9220589899	0.9245624677	0.9239896576	0.9224174735	0.9231752888	0.9051953469	0.9233644725	0.9205978233	0.9159039644	0.9234540214	0.9241182535	0.9260990628	0.9237591935	0.9245607387	0.9249226083	0.9211397992	0.9205794525	0.9256925268	0.9227536239	0.9231805479	0.9260346568	0.9245397023	0.9252217289	0.9257381297	0.9123512592	0.9260332159	0.9218772266	0.9249348555	0.9225607661	0.9228423083	0.9254202061	0.9253432646	0.9200325776	0.9244647780	0.9233864455	0.9213577999	0.9204454534	0.9159340782	0.9240229412	0.9191578373
0.9264858591	0.9213346022	0.9256129919	0.9331699649	0.9191650415	0.9251672647	0.9251696421	0.9194772018	0.9301171628	0.9280994677	0.9334715349	0.9285728591	0.9321414137	0.9236790822	0.9340544310	0.9328701239	0.9298900847	0.9237211551	0.9274219797	0.9250329775	0.9335156249	0.9279651804	0.9280563862	0.9299861174	0.9243799119	0.9291859410	0.9239813727	0.9210488816	0.9285815763	0.9313238031	0.9303943104	0.9311152399	0.9335489806	0.9218129646	0.9247414214	1.0000000000	0.9245110294	0.9180482382	0.9288261607	0.9320214629	0.9260775941	0.9289269482	0.9257846692	0.9263357945	0.9285408722	0.9271292710	0.9322115831	0.9309573948	0.9280465164	0.9288912151	0.9063822476	0.9295697116	0.9249195825	0.9199910091	0.9294643134	0.9314891407	0.9331644897	0.9311444892	0.9318428695	0.9329702630	0.9247723996	0.9230707551	0.9324975920	0.9293489012	0.9288306273	0.9328371284	0.9326155976	0.9325050124	0.9340010475	0.9173441666	0.9333335014	0.9269003918	0.9309487497	0.9290646935	0.9273639135	0.9332753631	0.9308955102	0.9240209240	0.9308250526	0.9289739919	0.9262162760	0.9246914238	0.9193112158	0.9300068657	0.9227660873
