0.5065174256	-0.0036227923	-0.0043880887	-0.0030981261	-0.0048164250	-0.0054173219	-0.0055931873	-0.0055685129	-0.0049821443	-0.0051007930	-0.0048537224	-0.0038198742	-0.0062051051	-0.0050757901	-0.0047288219	-0.0048275638	-0.0044407969	-0.0045005870	-0.0051849924	-0.0060954158	-0.0067834853	-0.0042375676	-0.0055020143	-0.0044259728	-0.0050370869	-0.0056874612	-0.0062007292	-0.0074738340	-0.0070281545	-0.0062300928	-0.0050510923	-0.0047709364	-0.0051617266	-0.0038446358	-0.0051360661	-0.0040921027	-0.0073140077	-0.0060762308	-0.0061617186	-0.0069429221	-0.0058168718	-0.0049955351	-0.0043299595	-0.0048537970	-0.0046736200	-0.0059007804	-0.0045126648	-0.0062331271	-0.0057771534	-0.0063427290	-0.0067214727	-0.0067330094	-0.0063925023	-0.0068892252	-0.0055795176	-0.0069916600	-0.0073533384	-0.0048106559	-0.0065242167	-0.0054646436	-0.0064189887	-0.0072647723	-0.0060809345	-0.0058742840	-0.0072854330	-0.0046085573	-0.0050565609	-0.0045036685	-0.0049215888	-0.0058809615	-0.0051724394	-0.0053737296	-0.0044458339	-0.0033171161	-0.0039624726	-0.0042131417	-0.0038025004	-0.0027504932	-0.0035887813	-0.0067977457	-0.0042347896	-0.0048650486	-0.0055958020	-0.0062394875	-0.0068077083	-0.0049450754	-0.0050687573	-0.0043578403	-0.0053041578	-0.0071577318	-0.0059778204	-0.0050995567	-0.0043098743	-0.0046970608	-0.0048107821	-0.0033515507
-0.0036227923	0.4993085048	-0.0028739155	-0.0033990173	-0.0051096976	-0.0057352420	-0.0050401215	-0.0029457975	-0.0038296181	-0.0056022646	-0.0047741813	-0.0052914928	-0.0045483605	-0.0049296247	-0.0046502681	-0.0054288451	-0.0044975594	-0.0039816972	-0.0034517756	-0.0052389426	-0.0037259388	-0.0049938160	-0.0050774183	-0.0044482483	-0.0040626457	-0.0056634403	-0.0059946066	-0.0066830111	-0.0068119993	-0.0039110403	-0.0042403294	-0.0025015033	-0.0064773212	-0.0042325923	-0.0046459281	-0.0057605401	-0.0074225508	-0.0074121403	-0.0063035952	-0.0076569161	-0.0038207899	-0.0035144392	-0.0046786066	-0.0051262485	-0.0029252131	-0.0052847576	-0.0061259591	-0.0063158140	-0.0071582717	-0.0071130574	-0.0068535052	-0.0080561680	-0.0066451337	-0.0064698035	-0.0063345665	-0.0063941680	-0.0075201630	-0.0071858761	-0.0068844321	-0.0063089451	-0.0070185883	-0.0068150635	-0.0059712297	-0.0059392074	-0.0055572274	-0.0048366322	-0.0046090770	-0.0052249896	-0.0056733053	-0.0027070850	-0.0044073673	-0.0053225831	-0.0053691328	-0.0048892737	-0.0039161301	-0.0044875781	-0.0050238682	-0.0039430243	-0.0027982634	-0.0065667035	-0.0058742133	-0.0050445560	-0.0045891998	-0.0074471097	-0.0069915856	-0.0049327310	-0.0042933193	-0.0049081484	-0.0039826605	-0.0071712735	-0.0071912475	-0.0052227408	-0.0048543379	-0.0050322891	-0.0027663937	-0.0042376555
-0.0043880887	-0.0028739155	0.5162761451	-0.0036578604	-0.0048031341	-0.0065493801	-0.0040584809	-0.0048073295	-0.0043288556	-0.0059453669	-0.0048943828	-0.0043268557	-0.0053195695	-0.0050208438	-0.0034413801	-0.0045287823	-0.0041223206	-0.0035629857	-0.0045053108	-0.0065015746	-0.0044057109	-0.0046809106	-0.0061480381	-0.0052476377	-0.0054430489	-0.0063334245	-0.0076433337	-0.0077088455	-0.0066460584	-0.0050666855	-0.0052528370	-0.0050214921	-0.0067904302	-0.0043702203	-0.0041187008	-0.0047867440	-0.0070889105	-0.0067452887	-0.0063603112	-0.0062924605	-0.0041150363	-0.0050454367	-0.0043751951	-0.0045141320	-0.0048640035	-0.0063753919	-0.0063101118	-0.0066754944	-0.0065484794	-0.0062329869	-0.0069095962	-0.0069640664	-0.0065942097	-0.0061861458	-0.0077786206	-0.0072216004	-0.0072911909	-0.0061429138	-0.0064103037	-0.0072313327	-0.0061500383	-0.0065075689	-0.0066725098	-0.0053685129	-0.0059534176	-0.0053146915	-0.0047466501	-0.0038112875	-0.0044362754	-0.0041193399	-0.0044480120	-0.0051746150	-0.0036057056	-0.0030675509	-0.0051413342	-0.0039205641	-0.0044675144	-0.0049569484	-0.0040238892	-0.0075611615	-0.0074141102	-0.0060664849	-0.0049919408	-0.0055754585	-0.0071411778	-0.0066490123	-0.0040532866	-0.0057013333	-0.0052446735	-0.0061011227	-0.0070874236	-0.0049686648	-0.0048542820	-0.0050180074	-0.0035896238	-0.0047982004
-0.0030981261	-0.0033990173	-0.0036578604	0.5006806140	-0.0048054482	-0.0061257629	-0.0038268701	-0.0038230477	-0.0016392042	-0.0054458473	-0.0049652870	-0.0038835665	-0.0025390216	-0.0050147167	-0.0043830517	-0.0045067406	-0.0050831118	-0.0029235752	-0.0037210462	-0.0053780033	-0.0046945824	-0.0047523505	-0.0066789169	-0.0044516109	-0.0038325569	-0.0061940357	-0.0063941594	-0.0071352338	-0.0072717935	-0.0041941308	-0.0039202896	-0.0040273692	-0.0050229044	-0.0046995589	-0.0049780181	-0.0045153609	-0.0075168451	-0.0076608339	-0.0074511661	-0.0087783844	-0.0036932637	-0.0032401255	-0.0041440581	-0.0040802142	-0.0044041800	-0.0060262762	-0.0070665649	-0.0073831896	-0.0069596266	-0.0078033975	-0.0073550214	-0.0075357574	-0.0071934452	-0.0077754442	-0.0061746463	-0.0073220617	-0.0085085326	-0.0066874598	-0.0067804190	-0.0069353927	-0.0078240606	-0.0071252404	-0.0064881384	-0.0052684526	-0.0051127433	-0.0044004048	-0.0031371279	-0.0029835580	-0.0039656267	-0.0035662871	-0.0030720163	-0.0061658514	-0.0034779627	-0.0031711987	-0.0018454870	-0.0050754699	-0.0050159692	-0.0053553345	-0.0034223087	-0.0063393355	-0.0051966652	-0.0047530500	-0.0054612391	-0.0071608138	-0.0077214752	-0.0054066094	-0.0055734029	-0.0053428688	-0.0059178433	-0.0069842049	-0.0063930418	-0.0051295496	-0.0067746329	-0.0044522386	-0.0029351810	-0.0032067413
-0.0048164250	-0.0051096976	-0.0048031341	-0.0048054482	0.5489362763	-0.0043906421	-0.0044205757	-0.0044757027	-0.0027583922	-0.0052543402	-0.0055176558	-0.0039241124	-0.0047801911	-0.0041248771	-0.0045631974	-0.0049633580	-0.0051759836	-0.0057832512	-0.0054242820	-0.0046618480	-0.0063703933	-0.0062928747	-0.0055962344	-0.0051634822	-0.0050082654	-0.0075191094	-0.0071821387	-0.0088107806	-0.0072380695	-0.0068277022	-0.0055414214	-0.0043917763	-0.0048601091	-0.0050566019	-0.0060336372	-0.0045525625	-0.0075280186	-0.0070089752	-0.0075004798	-0.0075937236	-0.0059233912	-0.0028954439	-0.0056218410	-0.0038620711	-0.0056274621	-0.0059963808	-0.0078211043	-0.0085060759	-0.0068665270	-0.0079420161	-0.0068879339	-0.0082122525	-0.0071558404	-0.0065588652	-0.0075018413	-0.0075303659	-0.0082764075	-0.0070024856	-0.0073092548	-0.0068256133	-0.0069293198	-0.0067384602	-0.0061070485	-0.0058821635	-0.0063513985	-0.0042108483	-0.0040944279	-0.0053881229	-0.0047680717	-0.0057016424	-0.0034400661	-0.0060964726	-0.0041167599	-0.0042856350	-0.0032840966	-0.0061138515	-0.0035134631	-0.0067639896	-0.0044434063	-0.0072697935	-0.0049871430	-0.0051074659	-0.0067200504	-0.0064988343	-0.0082436891	-0.0051419454	-0.0050038701	-0.0052011271	-0.0053002218	-0.0078246332	-0.0076939468	-0.0061305410	-0.0058104552	-0.0051152838	-0.0046740780	-0.0038313090
-0.0054173219	-0.0057352420	-0.0065493801	-0.0061257629	-0.0043906421	0.5112551376	-0.0067051879	-0.0048227557	-0.0059684556	-0.0049371980	-0.0064546494	-0.0047711444	-0.0040338003	-0.0051225073	-0.0062857935	-0.0051916578	-0.0056182755	-0.0066756609	-0.0071466153	-0.0057623787	-0.0068248109	-0.0065929142	-0.0065142673	-0.0050205304	-0.0063041352	-0.0042282277	-0.0057543776	-0.0040716034	-0.0044785498	-0.0051272908	-0.0054647435	-0.0045698061	-0.0044280485	-0.0056478422	-0.0064441975	-0.0065964953	-0.0056897563	-0.0065458418	-0.0038054023	-0.0039565115	-0.0056926182	-0.0059056435	-0.0056897746	-0.0056222933	-0.0054901554	-0.0051297175	-0.0062561798	-0.0025867060	-0.0041108042	-0.0053836502	-0.0055553043	-0.0050092001	-0.0035823079	-0.0063991799	-0.0034899201	-0.0045037416	-0.0072082879	-0.0044870673	-0.0055193567	-0.0031081938	-0.0059958059	-0.0048033174	-0.0050141280	-0.0062715963	-0.0068857554	-0.0052536322	-0.0052868574	-0.0041055282	-0.0050880654	-0.0054768476	-0.0058211618	-0.0055611885	-0.0066421291	-0.0059850414	-0.0056718994	-0.0047269884	-0.0059259852	-0.0051751380	-0.0054453342	-0.0049089127	-0.0070696356	-0.0057964998	-0.0054914139	-0.0031319247	-0.0048298584	-0.0058048669	-0.0062092360	-0.0046760303	-0.0056861839	-0.0031478958	-0.0038600626	-0.0058815368	-0.0071283352	-0.0046257329	-0.0064454300	-0.0049152988
-0.0055931873	-0.0050401215	-0.0040584809	-0.0038268701	-0.0044205757	-0.0067051879	0.5447474287	-0.0053569597	-0.0046787191	-0.0059048752	-0.0053452681	-0.0055707624	-0.0056123262	-0.0064359645	-0.0035458148	-0.0053984203	-0.0045693078	-0.0052616630	-0.0043083416	-0.0071009154	-0.0057496793	-0.0054553289	-0.0055597822	-0.0052808460	-0.0048576573	-0.0069385767	-0.0062671419	-0.0077472924	-0.0073707852	-0.0049308226	-0.0047312200	-0.0037776101	-0.0066898409	-0.0051424233	-0.0037063606	-0.0038107886	-0.0077105578	-0.0073658556	-0.0084950963	-0.0064413656	-0.0053873271	-0.0036625894	-0.0037354648	-0.0041671749	-0.0041152550	-0.0066070350	-0.0063961417	-0.0073537207	-0.0070987944	-0.0065036109	-0.0065751715	-0.0073702700	-0.0071355440	-0.0072470591	-0.0058165915	-0.0065501596	-0.0064391066	-0.0072044305	-0.0074145676	-0.0065417709	-0.0074239081	-0.0065873294	-0.0058178396	-0.0073773814	-0.0067166547	-0.0055367177	-0.0053801713	-0.0039584409	-0.0062200642	-0.0037181667	-0.0048429111	-0.0071296250	-0.0048272814	-0.0036010992	-0.0047579930	-0.0042253398	-0.0041854287	-0.0046111920	-0.0053562223	-0.0059382161	-0.0063932103	-0.0055200423	-0.0062598071	-0.0063927909	-0.0066859633	-0.0051482549	-0.0065689549	-0.0052295893	-0.0052140074	-0.0067366032	-0.0079481194	-0.0055996272	-0.0052213478	-0.0060813447	-0.0063416169	-0.0051095883
-0.0055685129	-0.0029457975	-0.0048073295	-0.0038230477	-0.0044757027	-0.0048227557	-0.0053569597	0.5224103461	-0.0033319789	-0.0051295215	-0.0059260462	-0.0050666331	-0.0044445807	-0.0039359155	-0.0038227004	-0.0042824688	-0.0045619194	-0.0035095059	-0.0043518614	-0.0069000733	-0.0052900354	-0.0044154438	-0.0045306778	-0.0043969268	-0.0039904656	-0.0074343815	-0.0060197674	-0.0092552531	-0.0073191664	-0.0052981784	-0.0047126925	-0.0038090989	-0.0046636752	-0.0038562054	-0.0040425581	-0.0041342480	-0.0082125280	-0.0058890108	-0.0072184938	-0.0077398917	-0.0038143842	-0.0060343322	-0.0028991970	-0.0044764255	-0.0037231386	-0.0065145208	-0.0079985597	-0.0080006677	-0.0070908022	-0.0075308757	-0.0072001825	-0.0082297344	-0.0079990316	-0.0074126047	-0.0056175136	-0.0078439340	-0.0064992474	-0.0067770928	-0.0068498601	-0.0069581372	-0.0070545529	-0.0072944960	-0.0056314658	-0.0061188723	-0.0056671572	-0.0057985169	-0.0062370572	-0.0043087246	-0.0043098747	-0.0036204293	-0.0038306446	-0.0072718087	-0.0046585087	-0.0038658954	-0.0029104899	-0.0042944453	-0.0043865815	-0.0038039228	-0.0036375860	-0.0062931094	-0.0043560712	-0.0047944491	-0.0054842475	-0.0075354586	-0.0078401986	-0.0065858970	-0.0053066495	-0.0056095194	-0.0050907196	-0.0075112360	-0.0084764819	-0.0030442668	-0.0066439163	-0.0058360949	-0.0045552551	-0.0039834948
-0.0049821443	-0.0038296181	-0.0043288556	-0.0016392042	-0.0027583922	-0.0059684556	-0.0046787191	-0.0033319789	0.4865918455	-0.0059404628	-0.0048741886	-0.0050745703	-0.0037851075	-0.0027500169	-0.0029858941	-0.0035818388	-0.0034754891	-0.0044813634	-0.0046332475	-0.0064297833	-0.0064083695	-0.0036827842	-0.0057488305	-0.0040222000	-0.0045796492	-0.0053738196	-0.0077777739	-0.0073572341	-0.0063573725	-0.0037536498	-0.0029809221	-0.0025271143	-0.0041290129	-0.0044517187	-0.0037764387	-0.0043406188	-0.0075764428	-0.0072982024	-0.0052260694	-0.0067779983	-0.0028238364	-0.0050760564	-0.0037640336	-0.0037470802	-0.0042955606	-0.0053732495	-0.0080072906	-0.0069151500	-0.0064368601	-0.0063851159	-0.0065051236	-0.0074321559	-0.0069173274	-0.0074211562	-0.0071158171	-0.0074528268	-0.0070725643	-0.0059318851	-0.0071689874	-0.0057985834	-0.0072469763	-0.0052988701	-0.0054969167	-0.0065940655	-0.0060115828	-0.0039193254	-0.0042723435	-0.0040591039	-0.0034509998	-0.0027243519	-0.0027442408	-0.0063325853	-0.0037673473	-0.0035909866	-0.0029484575	-0.0042789156	-0.0054066219	-0.0040064037	-0.0043460372	-0.0072732355	-0.0038640099	-0.0050343773	-0.0062288569	-0.0076694570	-0.0074176009	-0.0058439974	-0.0043721860	-0.0064684603	-0.0054491364	-0.0069481963	-0.0069565096	-0.0046622954	-0.0050792864	-0.0051596395	-0.0042475332	-0.0021047233
-0.0051007930	-0.0056022646	-0.0059453669	-0.0054458473	-0.0052543402	-0.0049371980	-0.0059048752	-0.0051295215	-0.0059404628	0.5398367294	-0.0012837854	-0.0043603946	-0.0052954481	-0.0059260789	-0.0042651090	-0.0055568192	-0.0048728026	-0.0070923586	-0.0059713647	-0.0050318880	-0.0065242477	-0.0050683756	-0.0058742187	-0.0053336552	-0.0060660965	-0.0066917668	-0.0061458876	-0.0064280702	-0.0070032803	-0.0059172196	-0.0062110209	-0.0048839463	-0.0050840109	-0.0044441534	-0.0060796679	-0.0057940015	-0.0062531115	-0.0056127346	-0.0068574338	-0.0070939394	-0.0038617376	-0.0053968188	-0.0066682545	-0.0039822759	-0.0056318468	-0.0066382503	-0.0065651705	-0.0066006572	-0.0067930914	-0.0068677482	-0.0054389268	-0.0070111100	-0.0070396566	-0.0067263071	-0.0069713376	-0.0070301011	-0.0067723052	-0.0064227034	-0.0065579330	-0.0054911105	-0.0069349162	-0.0052226226	-0.0069830126	-0.0051519697	-0.0054741620	-0.0044634900	-0.0047811178	-0.0062198343	-0.0058708618	-0.0055643938	-0.0051246146	-0.0052102582	-0.0044744235	-0.0072405259	-0.0043669479	-0.0056613678	-0.0043270421	-0.0057192021	-0.0046321882	-0.0065078805	-0.0064632629	-0.0039577303	-0.0067300464	-0.0059528825	-0.0061511212	-0.0049822867	-0.0055188599	-0.0036045325	-0.0051797554	-0.0061641453	-0.0065745446	-0.0055189568	-0.0054732162	-0.0050241372	-0.0048983628	-0.0049611578
-0.0048537224	-0.0047741813	-0.0048943828	-0.0049652870	-0.0055176558	-0.0064546494	-0.0053452681	-0.0059260462	-0.0048741886	-0.0012837854	0.5494479860	-0.0057669662	-0.0039381189	-0.0060773547	-0.0057719701	-0.0051558594	-0.0052944596	-0.0072503649	-0.0070255383	-0.0052672668	-0.0069797739	-0.0042760749	-0.0048061971	-0.0064426305	-0.0049310492	-0.0075318220	-0.0063944805	-0.0063866339	-0.0065201081	-0.0057305169	-0.0057672907	-0.0050269308	-0.0050500606	-0.0049441241	-0.0060487007	-0.0057997484	-0.0069140369	-0.0071898954	-0.0074892449	-0.0078175496	-0.0058275686	-0.0057636286	-0.0049476606	-0.0061040172	-0.0049426759	-0.0062819232	-0.0064873830	-0.0047452675	-0.0068996355	-0.0067564260	-0.0081400941	-0.0067251492	-0.0069727343	-0.0063019794	-0.0052024898	-0.0067740776	-0.0065962398	-0.0059823393	-0.0068923133	-0.0067869472	-0.0078740933	-0.0055708569	-0.0063121224	-0.0059291103	-0.0060300535	-0.0048065692	-0.0048000106	-0.0049901777	-0.0037232910	-0.0051985909	-0.0064771825	-0.0061294841	-0.0072691709	-0.0055318150	-0.0065378878	-0.0060190014	-0.0039449317	-0.0065083326	-0.0049632074	-0.0070020371	-0.0053220689	-0.0051123436	-0.0047426143	-0.0070394431	-0.0075743701	-0.0062175499	-0.0047413147	-0.0055552327	-0.0044448443	-0.0078436862	-0.0050821435	-0.0053001920	-0.0038704268	-0.0031184894	-0.0048905891	-0.0053602655
-0.0038198742	-0.0052914928	-0.0043268557	-0.0038835665	-0.0039241124	-0.0047711444	-0.0055707624	-0.0050666331	-0.0050745703	-0.0043603946	-0.0057669662	0.5430568208	-0.0027484999	-0.0055026880	-0.0050739090	-0.0055759824	-0.0039862682	-0.0055792934	-0.0054758361	-0.0058041310	-0.0059302069	-0.0049419543	-0.0049904823	-0.0056067319	-0.0049241733	-0.0064122741	-0.0062945749	-0.0060435180	-0.0079237100	-0.0053838403	-0.0060223652	-0.0051575800	-0.0057895402	-0.0043101809	-0.0065864150	-0.0052580383	-0.0078404340	-0.0084724249	-0.0069800012	-0.0079116749	-0.0040491101	-0.0043196643	-0.0049834038	-0.0050582548	-0.0046444971	-0.0069076678	-0.0080361036	-0.0066067049	-0.0063839792	-0.0070661849	-0.0066735242	-0.0077549029	-0.0068700491	-0.0062702298	-0.0075695825	-0.0078810732	-0.0076556784	-0.0079687457	-0.0072264329	-0.0055665113	-0.0069331542	-0.0064110551	-0.0066576001	-0.0062020377	-0.0073885974	-0.0010646323	-0.0022984177	-0.0045363342	-0.0042817710	-0.0051991399	-0.0042044215	-0.0052683457	-0.0050013877	-0.0053727774	-0.0063817141	-0.0049445766	-0.0048816139	-0.0060340271	-0.0051907651	-0.0058706484	-0.0063837789	-0.0058211210	-0.0058312145	-0.0073605511	-0.0067014677	-0.0058425992	-0.0055577539	-0.0061229960	-0.0047457851	-0.0071459596	-0.0070736912	-0.0047316677	-0.0060033110	-0.0061352259	-0.0058812706	-0.0037200089
-0.0062051051	-0.0045483605	-0.0053195695	-0.0025390216	-0.0047801911	-0.0040338003	-0.0056123262	-0.0044445807	-0.0037851075	-0.0052954481	-0.0039381189	-0.0027484999	0.5326443289	-0.0040838181	-0.0050262797	-0.0046615238	-0.0039525755	-0.0054209438	-0.0031751284	-0.0054903801	-0.0061081113	-0.0056981249	-0.0054506728	-0.0055002094	-0.0042454362	-0.0067577334	-0.0065651440	-0.0075406899	-0.0053633346	-0.0062097758	-0.0045993423	-0.0050943722	-0.0045848152	-0.0047505049	-0.0038203485	-0.0046531704	-0.0070914601	-0.0069978276	-0.0072213631	-0.0077296081	-0.0060414447	-0.0047580051	-0.0051086873	-0.0043797039	-0.0044805326	-0.0068136981	-0.0078071764	-0.0071702323	-0.0076054465	-0.0080444034	-0.0066403939	-0.0089464761	-0.0084367761	-0.0073535545	-0.0071740112	-0.0073213833	-0.0076128514	-0.0078825518	-0.0080110343	-0.0070726184	-0.0072703381	-0.0083995010	-0.0076930972	-0.0056242434	-0.0061672066	0.0009662022	-0.0005815017	-0.0039492763	-0.0033120320	-0.0047088641	-0.0044603799	-0.0070702958	-0.0044151232	-0.0055000531	-0.0042919822	-0.0047344170	-0.0056240819	-0.0033090013	-0.0040852190	-0.0067331748	-0.0057489689	-0.0060124852	-0.0049902318	-0.0081428976	-0.0076968323	-0.0059968508	-0.0060196534	-0.0059443322	-0.0044477286	-0.0074320186	-0.0075400033	-0.0066735658	-0.0060822679	-0.0057099653	-0.0040996918	-0.0034394441
-0.0050757901	-0.0049296247	-0.0050208438	-0.0050147167	-0.0041248771	-0.0051225073	-0.0064359645	-0.0039359155	-0.0027500169	-0.0059260789	-0.0060773547	-0.0055026880	-0.0040838181	0.5285608760	0.0305792895	-0.0061570081	-0.0044449795	-0.0034795084	-0.0036751661	-0.0053512895	-0.0053595948	-0.0053081201	-0.0046361695	-0.0050396805	-0.0050754418	-0.0067821800	-0.0082422160	-0.0083713056	-0.0091342372	-0.0045771802	-0.0028049461	-0.0040385629	-0.0042512260	-0.0053122136	-0.0040666261	-0.0042148782	-0.0074901410	-0.0075115570	-0.0073420420	-0.0080618475	-0.0057402757	-0.0040429247	-0.0055039500	-0.0042653181	-0.0039466318	-0.0068170744	-0.0085706043	-0.0081607640	-0.0076217051	-0.0066370276	-0.0074367503	-0.0087838282	-0.0075427972	-0.0087097306	-0.0086544093	-0.0080809133	-0.0077695753	-0.0065465434	-0.0076233687	-0.0085485157	-0.0080267524	-0.0076893176	-0.0068913079	-0.0071382602	-0.0055811445	-0.0059755416	-0.0050489944	-0.0053770925	-0.0048656946	-0.0051037529	-0.0046567977	-0.0083878035	-0.0049779686	-0.0031560054	-0.0054800095	-0.0030524542	-0.0068655731	-0.0048621039	-0.0051268050	-0.0084660045	-0.0059371028	-0.0052221417	-0.0050842733	-0.0074406861	-0.0091638083	-0.0057164931	-0.0054429845	-0.0056464807	-0.0064028284	-0.0072772507	-0.0087945285	-0.0048005336	-0.0060782312	-0.0053115166	-0.0044869518	-0.0038739485
-0.0047288219	-0.0046502681	-0.0034413801	-0.0043830517	-0.0045631974	-0.0062857935	-0.0035458148	-0.0038227004	-0.0029858941	-0.0042651090	-0.0057719701	-0.0050739090	-0.0050262797	0.0305792895	0.5079950086	-0.0053258713	-0.0046955531	-0.0056332410	-0.0047433332	-0.0045526704	-0.0061554719	-0.0038773138	-0.0050753102	-0.0036467423	-0.0039646365	-0.0069703095	-0.0084603191	-0.0083424551	-0.0084363530	-0.0059775790	-0.0055973059	-0.0042768956	-0.0027483536	-0.0047006469	-0.0045952820	-0.0049823056	-0.0072167093	-0.0082602711	-0.0085433933	-0.0077091464	-0.0048285879	-0.0037388335	-0.0045323138	-0.0044675417	-0.0046314779	-0.0065468714	-0.0067950823	-0.0077553453	-0.0059873553	-0.0079632059	-0.0066868406	-0.0082035342	-0.0077216758	-0.0058000051	-0.0072573042	-0.0083316159	-0.0077786192	-0.0068643628	-0.0073083814	-0.0077992172	-0.0080222425	-0.0072762455	-0.0062015561	-0.0071091771	-0.0059471556	-0.0042342569	-0.0042476503	-0.0033105707	-0.0040739198	-0.0039171828	-0.0053425703	-0.0066458746	-0.0041152137	-0.0037089811	-0.0036430943	-0.0054264390	-0.0047298880	-0.0039251825	-0.0051590851	-0.0072912831	-0.0055229301	-0.0053643724	-0.0062679885	-0.0074176753	-0.0075231374	-0.0053528180	-0.0061953158	-0.0059393940	-0.0055098693	-0.0078987588	-0.0080528544	-0.0061112987	-0.0059944819	-0.0062093549	-0.0057047296	-0.0051519193
-0.0048275638	-0.0054288451	-0.0045287823	-0.0045067406	-0.0049633580	-0.0051916578	-0.0053984203	-0.0042824688	-0.0035818388	-0.0055568192	-0.0051558594	-0.0055759824	-0.0046615238	-0.0061570081	-0.0053258713	0.5182295949	-0.0030732666	-0.0045168537	-0.0034086302	-0.0057830864	-0.0054174823	-0.0043985481	-0.0057021028	-0.0059592181	-0.0035294907	-0.0063794372	-0.0080869360	-0.0073650494	-0.0070804716	-0.0039220261	-0.0042015612	-0.0054271694	-0.0047611784	-0.0051934241	-0.0047581831	-0.0037841889	-0.0061669135	-0.0057209983	-0.0064196628	-0.0062758078	-0.0046021804	-0.0039681151	-0.0045469935	-0.0050936547	-0.0044840344	-0.0057296987	-0.0070303358	-0.0047581458	-0.0075499325	-0.0072470868	-0.0063355677	-0.0073122822	-0.0074917489	-0.0060450168	-0.0067742779	-0.0062808781	-0.0066403067	-0.0064709730	-0.0072900374	-0.0065586248	-0.0070904804	-0.0055121151	-0.0054781507	-0.0065982141	-0.0061944143	-0.0053430691	-0.0041511726	-0.0056020745	-0.0038654181	-0.0041136922	-0.0036788060	-0.0057346291	-0.0044003936	-0.0050417561	-0.0039669080	-0.0049371701	-0.0049345117	-0.0039241521	-0.0047139935	-0.0066433715	-0.0043606421	-0.0054162465	-0.0052621441	-0.0056037621	-0.0082849214	-0.0056271745	-0.0054776905	-0.0070043018	-0.0050723487	-0.0070902054	-0.0066082525	-0.0049169742	-0.0058300019	-0.0055470114	-0.0050854428	-0.0044336644
-0.0044407969	-0.0044975594	-0.0041223206	-0.0050831118	-0.0051759836	-0.0056182755	-0.0045693078	-0.0045619194	-0.0034754891	-0.0048728026	-0.0052944596	-0.0039862682	-0.0039525755	-0.0044449795	-0.0046955531	-0.0030732666	0.5187134146	-0.0045507551	-0.0045058634	-0.0055146695	-0.0054809458	-0.0042913673	-0.0041977490	-0.0056070616	-0.0048643456	-0.0068936973	-0.0065050984	-0.0080356305	-0.0068848121	-0.0033182724	-0.0047278230	-0.0043940332	-0.0053553168	-0.0033165416	-0.0059946265	-0.0053325716	-0.0074984066	-0.0072029864	-0.0063593624	-0.0069158518	-0.0058768600	-0.0057625474	-0.0054334800	-0.0051113885	-0.0036291864	-0.0050551052	-0.0058511046	-0.0079993740	-0.0074753536	-0.0068438120	-0.0071712909	-0.0080154156	-0.0057193802	-0.0073533028	-0.0077154818	-0.0062176295	-0.0068937895	-0.0060459100	-0.0073482284	-0.0063697037	-0.0064239826	-0.0068555178	-0.0054871374	-0.0063792102	-0.0066925689	-0.0033663423	-0.0048147189	-0.0050486986	-0.0042401254	-0.0053415164	-0.0033709182	-0.0061082595	-0.0051678306	-0.0045322079	-0.0048241932	-0.0053435235	-0.0057973158	-0.0042361273	-0.0047035649	-0.0065389270	-0.0051831253	-0.0057483331	-0.0052484851	-0.0080526327	-0.0067843751	-0.0060702730	-0.0044726252	-0.0042238979	-0.0045581466	-0.0061765294	-0.0064220469	-0.0056833630	-0.0051020880	-0.0044739776	-0.0049351634	-0.0028048648
-0.0045005870	-0.0039816972	-0.0035629857	-0.0029235752	-0.0057832512	-0.0066756609	-0.0052616630	-0.0035095059	-0.0044813634	-0.0070923586	-0.0072503649	-0.0055792934	-0.0054209438	-0.0034795084	-0.0056332410	-0.0045168537	-0.0045507551	0.5406074686	0.0169569447	-0.0053585744	-0.0053453236	-0.0048548038	-0.0054470466	-0.0046110870	-0.0051876202	-0.0082032322	-0.0076978607	-0.0079607975	-0.0069655992	-0.0047262551	-0.0045326007	-0.0036099869	-0.0064742026	-0.0047003298	-0.0052225551	-0.0049859640	-0.0082406935	-0.0074607931	-0.0072271774	-0.0083945019	-0.0059441630	-0.0046468738	-0.0039708044	-0.0054740548	-0.0036333060	-0.0061769695	-0.0079783544	-0.0071135752	-0.0068021015	-0.0077427397	-0.0075752154	-0.0077792198	-0.0071095946	-0.0074776386	-0.0065354905	-0.0072477095	-0.0079681114	-0.0075218576	-0.0078548030	-0.0064863147	-0.0083179096	-0.0085588535	-0.0070033614	-0.0072634392	-0.0071183532	-0.0049770054	-0.0042564034	-0.0042177688	-0.0041190102	-0.0051675652	-0.0037100409	-0.0083380918	-0.0045164365	-0.0049301366	-0.0055606816	-0.0040560717	-0.0047531945	-0.0040807902	-0.0055049901	-0.0084593751	-0.0054874987	-0.0051916223	-0.0062664597	-0.0085675560	-0.0089410849	-0.0065333658	-0.0056630636	-0.0048079870	-0.0046203597	-0.0082525362	-0.0079680931	-0.0036753103	-0.0068260172	-0.0065634835	-0.0054977377	-0.0033432474
-0.0051849924	-0.0034517756	-0.0045053108	-0.0037210462	-0.0054242820	-0.0071466153	-0.0043083416	-0.0043518614	-0.0046332475	-0.0059713647	-0.0070255383	-0.0054758361	-0.0031751284	-0.0036751661	-0.0047433332	-0.0034086302	-0.0045058634	0.0169569447	0.5358097732	-0.0064152685	-0.0057381799	-0.0046508711	-0.0047559847	-0.0052055132	-0.0046809583	-0.0070611269	-0.0079608386	-0.0076559749	-0.0076213855	-0.0035093055	-0.0048438701	-0.0033758570	-0.0053762434	-0.0046504709	-0.0038175932	-0.0032627803	-0.0075144106	-0.0079418860	-0.0091702000	-0.0090065985	-0.0054837792	-0.0037781141	-0.0042485264	-0.0054150406	-0.0052703858	-0.0067048011	-0.0073666847	-0.0070484990	-0.0072922601	-0.0073109254	-0.0081257304	-0.0081488732	-0.0088691958	-0.0081283796	-0.0074571864	-0.0094504702	-0.0073783003	-0.0073350583	-0.0074382543	-0.0081137095	-0.0065910866	-0.0087055666	-0.0062606613	-0.0069464689	-0.0066950448	-0.0049109137	-0.0049656618	-0.0042790649	-0.0039620143	-0.0051059302	-0.0031463888	-0.0065440271	-0.0036814100	-0.0046071901	-0.0056042569	-0.0058147405	-0.0057007377	-0.0038302984	-0.0055354589	-0.0083074704	-0.0063375131	-0.0047600781	-0.0064318763	-0.0070209648	-0.0065559480	-0.0079555656	-0.0047882460	-0.0059712926	-0.0058429167	-0.0078222892	-0.0069451957	-0.0055862675	-0.0050217670	-0.0058459505	-0.0051416799	-0.0042569501
-0.0060954158	-0.0052389426	-0.0065015746	-0.0053780033	-0.0046618480	-0.0057623787	-0.0071009154	-0.0069000733	-0.0064297833	-0.0050318880	-0.0052672668	-0.0058041310	-0.0054903801	-0.0053512895	-0.0045526704	-0.0057830864	-0.0055146695	-0.0053585744	-0.0064152685	0.5166764351	0.0588758594	-0.0072759706	-0.0054192985	-0.0040619885	-0.0050864380	-0.0075662274	-0.0078686157	-0.0071631670	-0.0076632853	-0.0065232227	-0.0055459600	-0.0057430584	-0.0058892678	-0.0049251110	-0.0062456721	-0.0057243130	-0.0074919109	-0.0077698051	-0.0070109123	-0.0064394261	-0.0054120098	-0.0059279511	-0.0058028026	-0.0057027637	-0.0047974782	-0.0063597647	-0.0066289593	-0.0075824604	-0.0060253014	-0.0071481415	-0.0067993774	-0.0060757630	-0.0065490732	-0.0070282058	-0.0077239666	-0.0081891939	-0.0080039435	-0.0065513811	-0.0068182366	-0.0060220789	-0.0068816095	-0.0069539817	-0.0070677810	-0.0046326246	-0.0054948190	-0.0052766921	-0.0052411187	-0.0062656244	-0.0051717269	-0.0057936715	-0.0056567518	-0.0073800593	-0.0064960367	-0.0060488843	-0.0053951926	-0.0057499932	-0.0060690360	-0.0054049840	-0.0045258678	-0.0070216679	-0.0065783690	-0.0061692204	-0.0058703428	-0.0072486422	-0.0076063355	-0.0049798719	-0.0057300816	-0.0050604548	-0.0059883973	-0.0060626792	-0.0065289502	-0.0058764752	-0.0064178167	-0.0054229016	-0.0052197939	-0.0050631766
-0.0067834853	-0.0037259388	-0.0044057109	-0.0046945824	-0.0063703933	-0.0068248109	-0.0057496793	-0.0052900354	-0.0064083695	-0.0065242477	-0.0069797739	-0.0059302069	-0.0061081113	-0.0053595948	-0.0061554719	-0.0054174823	-0.0054809458	-0.0053453236	-0.0057381799	0.0588758594	0.5405075971	-0.0064342975	-0.0050323143	-0.0065768098	-0.0056130516	-0.0052405045	-0.0064392880	-0.0072827600	-0.0073490689	-0.0055946383	-0.0054230870	-0.0056131960	-0.0053806894	-0.0050688205	-0.0062625168	-0.0059067547	-0.0088303687	-0.0077635815	-0.0076346941	-0.0079680720	-0.0064931267	-0.0054987044	-0.0049170531	-0.0059274562	-0.0057845273	-0.0077828441	-0.0073056910	-0.0085802155	-0.0078246208	-0.0068687519	-0.0071491705	-0.0092782149	-0.0070680898	-0.0077436113	-0.0079284066	-0.0078266938	-0.0079930291	-0.0077895343	-0.0075267697	-0.0078704613	-0.0080067021	-0.0070802806	-0.0063296081	-0.0055307460	-0.0066932637	-0.0067807851	-0.0059813519	-0.0062676187	-0.0051908726	-0.0051128607	-0.0054841250	-0.0064932048	-0.0054433027	-0.0061952902	-0.0067456696	-0.0066725048	-0.0057393483	-0.0054159671	-0.0045775567	-0.0075141324	-0.0068122685	-0.0062887313	-0.0054802246	-0.0077185913	-0.0080006609	-0.0061621095	-0.0057742116	-0.0049468531	-0.0055300155	-0.0073601794	-0.0070170711	-0.0056811645	-0.0066019515	-0.0066511076	-0.0050393985	-0.0051998968
-0.0042375676	-0.0049938160	-0.0046809106	-0.0047523505	-0.0062928747	-0.0065929142	-0.0054553289	-0.0044154438	-0.0036827842	-0.0050683756	-0.0042760749	-0.0049419543	-0.0056981249	-0.0053081201	-0.0038773138	-0.0043985481	-0.0042913673	-0.0048548038	-0.0046508711	-0.0072759706	-0.0064342975	0.5298312737	0.0015869520	-0.0058073736	-0.0047310349	-0.0045423073	-0.0064793065	-0.0083078266	-0.0066599964	-0.0048823743	-0.0040493479	-0.0048161543	-0.0057049091	-0.0046152687	-0.0054100279	-0.0057479617	-0.0066853272	-0.0070878171	-0.0071838593	-0.0060061540	-0.0045275372	-0.0042396002	-0.0055536751	-0.0051681707	-0.0045274640	-0.0056585882	-0.0071873173	-0.0067984773	-0.0076795360	-0.0067233157	-0.0065710331	-0.0073958612	-0.0065432888	-0.0069487509	-0.0080919648	-0.0068910775	-0.0077340200	-0.0072801223	-0.0068820543	-0.0066479089	-0.0065761011	-0.0071160844	-0.0075352105	-0.0071768607	-0.0064782011	-0.0042850944	-0.0026218663	-0.0054024341	-0.0049973822	-0.0051983101	-0.0055532666	-0.0048433150	-0.0054570398	-0.0046041960	-0.0054645130	-0.0053773714	-0.0034867109	-0.0055695404	-0.0051971070	-0.0068605339	-0.0044547211	-0.0052963649	-0.0060563853	-0.0059531603	-0.0070453880	-0.0049948973	-0.0048909591	-0.0051548110	-0.0052315051	-0.0066125085	-0.0066471080	-0.0053640419	-0.0055560399	-0.0054826926	-0.0041056620	-0.0048242190
-0.0055020143	-0.0050774183	-0.0061480381	-0.0066789169	-0.0055962344	-0.0065142673	-0.0055597822	-0.0045306778	-0.0057488305	-0.0058742187	-0.0048061971	-0.0049904823	-0.0054506728	-0.0046361695	-0.0050753102	-0.0057021028	-0.0041977490	-0.0054470466	-0.0047559847	-0.0054192985	-0.0050323143	0.0015869520	0.5418693861	-0.0055503605	-0.0043655985	-0.0061658215	-0.0071617485	-0.0062940212	-0.0071345046	-0.0049941361	-0.0046137987	-0.0056228076	-0.0057013967	-0.0043997482	-0.0072200444	-0.0059058910	-0.0083780076	-0.0073577724	-0.0068077286	-0.0081986068	-0.0045248577	-0.0034998493	-0.0053608571	-0.0049078121	-0.0031028760	-0.0061467172	-0.0071484301	-0.0070046444	-0.0075821278	-0.0066115764	-0.0068064122	-0.0070143884	-0.0064990172	-0.0074597008	-0.0055577496	-0.0069193728	-0.0064294678	-0.0064763864	-0.0072428552	-0.0069165901	-0.0064386140	-0.0053674796	-0.0075197629	-0.0055708275	-0.0061480756	-0.0053768050	-0.0041363369	-0.0049660963	-0.0054470227	-0.0053181235	-0.0053682782	-0.0067692423	-0.0056349731	-0.0049279518	-0.0044567929	-0.0055927970	-0.0054944844	-0.0051215547	-0.0058032082	-0.0073816292	-0.0057526939	-0.0059914795	-0.0049653161	-0.0079380112	-0.0073096939	-0.0056062495	-0.0042139030	-0.0052983676	-0.0052445061	-0.0081780571	-0.0061240977	-0.0033799333	-0.0064073173	-0.0044199276	-0.0045351479	-0.0034241731
-0.0044259728	-0.0044482483	-0.0052476377	-0.0044516109	-0.0051634822	-0.0050205304	-0.0052808460	-0.0043969268	-0.0040222000	-0.0053336552	-0.0064426305	-0.0056067319	-0.0055002094	-0.0050396805	-0.0036467423	-0.0059592181	-0.0056070616	-0.0046110870	-0.0052055132	-0.0040619885	-0.0065768098	-0.0058073736	-0.0055503605	0.4918177351	0.0479781319	-0.0069235674	-0.0060956989	-0.0079240010	-0.0075529654	-0.0035704168	-0.0037225135	-0.0039880281	-0.0052106413	-0.0035481221	-0.0025798338	-0.0014244484	-0.0068450811	-0.0074285929	-0.0067912615	-0.0075029557	-0.0043109278	-0.0057393177	-0.0051772069	-0.0032884516	-0.0040536422	-0.0065226708	-0.0073361716	-0.0079100694	-0.0068220843	-0.0072975483	-0.0073491084	-0.0077853712	-0.0074887782	-0.0086155806	-0.0073600321	-0.0073096805	-0.0075735341	-0.0066650494	-0.0072921002	-0.0063683927	-0.0074366549	-0.0071420115	-0.0071845073	-0.0064125701	-0.0062592808	-0.0039967598	-0.0054298055	-0.0048769666	-0.0052667424	-0.0045746170	-0.0043285404	-0.0061947802	-0.0043278732	-0.0040717257	-0.0053480577	-0.0048925253	-0.0056585020	-0.0055770035	-0.0047056499	-0.0078170424	-0.0067685145	-0.0047696842	-0.0063621171	-0.0073781921	-0.0073716091	-0.0060024544	-0.0054455511	-0.0041330730	-0.0062546282	-0.0072717509	-0.0070736839	-0.0047944152	-0.0062872879	-0.0066367394	-0.0060095102	-0.0049546765
-0.0050370869	-0.0040626457	-0.0054430489	-0.0038325569	-0.0050082654	-0.0063041352	-0.0048576573	-0.0039904656	-0.0045796492	-0.0060660965	-0.0049310492	-0.0049241733	-0.0042454362	-0.0050754418	-0.0039646365	-0.0035294907	-0.0048643456	-0.0051876202	-0.0046809583	-0.0050864380	-0.0056130516	-0.0047310349	-0.0043655985	0.0479781319	0.4865859062	-0.0077857367	-0.0068932685	-0.0077811808	-0.0068120604	-0.0049105212	-0.0054088227	-0.0041118759	-0.0055368534	-0.0044382856	-0.0037784030	-0.0025514960	-0.0080965227	-0.0076586399	-0.0075200874	-0.0088726925	-0.0046294473	-0.0051583313	-0.0032299193	-0.0050235064	-0.0043574836	-0.0060230793	-0.0068960480	-0.0077037006	-0.0067735843	-0.0074173460	-0.0069205745	-0.0088298655	-0.0073927231	-0.0084435355	-0.0079843052	-0.0085558287	-0.0068251073	-0.0057548220	-0.0084087714	-0.0068278325	-0.0073666610	-0.0079115186	-0.0080299143	-0.0053210379	-0.0047294287	-0.0053645255	-0.0031982295	-0.0039304469	-0.0041676215	-0.0045923435	-0.0040445074	-0.0072225474	-0.0045751927	-0.0040483619	-0.0033591633	-0.0046190333	-0.0049714177	-0.0032370479	-0.0036798022	-0.0080118789	-0.0055734657	-0.0058314192	-0.0057587239	-0.0078104993	-0.0081950480	-0.0054669047	-0.0048161597	-0.0063191012	-0.0059304424	-0.0074191881	-0.0087608998	-0.0048733220	-0.0057712933	-0.0069295952	-0.0034545140	-0.0035796409
-0.0056874612	-0.0056634403	-0.0063334245	-0.0061940357	-0.0075191094	-0.0042282277	-0.0069385767	-0.0074343815	-0.0053738196	-0.0066917668	-0.0075318220	-0.0064122741	-0.0067577334	-0.0067821800	-0.0069703095	-0.0063794372	-0.0068936973	-0.0082032322	-0.0070611269	-0.0075662274	-0.0052405045	-0.0045423073	-0.0061658215	-0.0069235674	-0.0077857367	0.5000216462	0.0134596691	-0.0019125737	-0.0036578183	-0.0076940949	-0.0085621574	-0.0061150356	-0.0051357799	-0.0060216611	-0.0084089348	-0.0066578892	-0.0046735554	-0.0027536050	-0.0022081573	-0.0019989821	-0.0063607526	-0.0076552170	-0.0065253210	-0.0061129247	-0.0075486587	-0.0042946933	-0.0046089960	-0.0027430986	-0.0038309621	-0.0048049822	-0.0037015273	-0.0027212726	-0.0029169119	-0.0019397419	-0.0041338730	-0.0024340754	-0.0030505596	-0.0020110332	-0.0039236345	-0.0040859490	-0.0048737600	-0.0025769591	-0.0030524114	-0.0068746808	-0.0070275670	-0.0065216724	-0.0059074939	-0.0068131958	-0.0060912991	-0.0056312649	-0.0057356298	-0.0033309927	-0.0057627959	-0.0078940456	-0.0068048482	-0.0066560767	-0.0071847169	-0.0066556986	-0.0055506248	-0.0063408570	-0.0072352109	-0.0059594354	-0.0070633919	-0.0032206731	-0.0009904101	-0.0057196368	-0.0064298206	-0.0065038814	-0.0053562054	-0.0042542626	-0.0011560257	-0.0047849067	-0.0047483578	-0.0054060353	-0.0066535431	-0.0062282777
-0.0062007292	-0.0059946066	-0.0076433337	-0.0063941594	-0.0071821387	-0.0057543776	-0.0062671419	-0.0060197674	-0.0077777739	-0.0061458876	-0.0063944805	-0.0062945749	-0.0065651440	-0.0082422160	-0.0084603191	-0.0080869360	-0.0065050984	-0.0076978607	-0.0079608386	-0.0078686157	-0.0064392880	-0.0064793065	-0.0071617485	-0.0060956989	-0.0068932685	0.0134596691	0.4740335474	-0.0004823762	-0.0021668160	-0.0075269194	-0.0075135928	-0.0052606121	-0.0069298905	-0.0067259389	-0.0059193844	-0.0065867748	-0.0021874257	-0.0019356604	-0.0013464033	-0.0027399726	-0.0057461299	-0.0062426548	-0.0077140315	-0.0058742367	-0.0058162727	-0.0054718354	-0.0017832815	-0.0014167241	-0.0018091763	-0.0017052228	-0.0051186404	-0.0008779354	-0.0017473365	-0.0013470160	-0.0043717080	-0.0016969210	-0.0025836277	-0.0017182619	-0.0017786716	-0.0030387052	-0.0027139626	-0.0024492799	-0.0021214498	-0.0064748490	-0.0067312239	-0.0071943357	-0.0071021186	-0.0072452218	-0.0051902542	-0.0057263745	-0.0058064574	-0.0029943431	-0.0069200091	-0.0078234170	-0.0063555898	-0.0069759673	-0.0060306363	-0.0061410428	-0.0052058820	-0.0030690729	-0.0072777165	-0.0064148406	-0.0064260180	-0.0025638257	-0.0015661299	-0.0049449977	-0.0057615417	-0.0068112321	-0.0059820387	-0.0006516779	-0.0007362489	-0.0068715941	-0.0064035904	-0.0058782330	-0.0044940736	-0.0067325033
-0.0074738340	-0.0066830111	-0.0077088455	-0.0071352338	-0.0088107806	-0.0040716034	-0.0077472924	-0.0092552531	-0.0073572341	-0.0064280702	-0.0063866339	-0.0060435180	-0.0075406899	-0.0083713056	-0.0083424551	-0.0073650494	-0.0080356305	-0.0079607975	-0.0076559749	-0.0071631670	-0.0072827600	-0.0083078266	-0.0062940212	-0.0079240010	-0.0077811808	-0.0019125737	-0.0004823762	0.4559228030	0.0018960182	-0.0078893170	-0.0076353564	-0.0073762694	-0.0070736005	-0.0082618624	-0.0073397265	-0.0075084214	-0.0003957221	0.0021549697	0.0010360874	-0.0003274636	-0.0040421178	-0.0068214764	-0.0082810133	-0.0071165136	-0.0068556265	-0.0031950077	0.0015041689	-0.0004452690	0.0011428309	0.0001175522	-0.0008101842	0.0026476656	-0.0003110173	-0.0008028793	-0.0014122548	0.0001345995	0.0005204941	-0.0001712338	-0.0024573439	0.0011346851	-0.0001690274	0.0011672772	-0.0009923335	-0.0080460829	-0.0077694403	-0.0080727314	-0.0073320989	-0.0087088090	-0.0090068018	-0.0069465098	-0.0071318665	-0.0027204351	-0.0098922131	-0.0083207205	-0.0088063319	-0.0077180353	-0.0073154339	-0.0077630536	-0.0070675702	0.0002436198	-0.0071750756	-0.0054238100	-0.0063626866	0.0002404187	-0.0016118905	-0.0064051651	-0.0067233099	-0.0062594044	-0.0068946842	0.0192667976	0.0003593306	-0.0081522372	-0.0061678877	-0.0046088787	-0.0070456948	-0.0088283025
-0.0070281545	-0.0068119993	-0.0066460584	-0.0072717935	-0.0072380695	-0.0044785498	-0.0073707852	-0.0073191664	-0.0063573725	-0.0070032803	-0.0065201081	-0.0079237100	-0.0053633346	-0.0091342372	-0.0084363530	-0.0070804716	-0.0068848121	-0.0069655992	-0.0076213855	-0.0076632853	-0.0073490689	-0.0066599964	-0.0071345046	-0.0075529654	-0.0068120604	-0.0036578183	-0.0021668160	0.0018960182	0.4747696914	-0.0092846901	-0.0077455078	-0.0082791528	-0.0065806566	-0.0075596810	-0.0076697690	-0.0082444205	-0.0002497090	-0.0003202484	-0.0016756945	0.0001152052	-0.0054137472	-0.0071438832	-0.0072898944	-0.0073522677	-0.0072551340	-0.0022902986	0.0022582519	0.0006416283	-0.0035508207	0.0003200606	-0.0015466846	0.0002703758	-0.0006243242	0.0009986926	0.0003712765	0.0005018997	-0.0010058439	-0.0012546154	-0.0018245344	0.0003818237	-0.0008338104	-0.0001525929	-0.0018973613	-0.0060430386	-0.0066702595	-0.0070641256	-0.0067007411	-0.0069710142	-0.0075851707	-0.0082406855	-0.0079221852	-0.0018204859	-0.0085207023	-0.0085875292	-0.0085156889	-0.0066188783	-0.0061287377	-0.0085062252	-0.0064571504	-0.0020392625	-0.0066677181	-0.0069959684	-0.0070605774	0.0003269372	0.0003148820	-0.0069199732	-0.0061482724	-0.0066311345	-0.0062548540	-0.0008250918	-0.0001785434	-0.0066550972	-0.0049598159	-0.0059334159	-0.0069285432	-0.0071187586
