1.0000000000	0.9254270015	0.9246797674	0.9253999409	0.9247299257	0.9249973744	0.9245289830	0.9247836136	0.9255923999	0.9247490601	0.9246361731	0.9249900055	0.9232721163	0.9239226255	0.9246336342	0.9252264305	0.9253305862	0.9250623325	0.9240627590	0.9248153186	0.9225246964	0.9251503261	0.9244477391	0.9254847764	0.9251829600	0.9232362625	0.9243860011	0.9245260107	0.9245253915	0.9236681188	0.9246687450	0.9244700935	0.9252525004	0.9249547709	0.9239664056	0.9254185180	0.9246489913	0.9249274006	0.9248074542	0.9247374185	0.9251749718	0.9248600894	0.9236156075	0.9249766919	0.9250389872	0.9246977253	0.9254991427	0.9249993560	0.9244651396	0.9248971818	0.9246858360	0.9248127178	0.9249838131	0.9245303454	0.9250953998	0.9246026104	0.9241208435	0.9256182841	0.9247362419	0.9251059887	0.9247168598	0.9249230659	0.9245107155	0.9241072822	0.9234692816	0.9248849828	0.9249238709	0.9247519086	0.9250740361	0.9250836962	0.9241989294	0.9251201073	0.9244279235	0.9252461222	0.9241332902	0.9251446292	0.9251209743	0.9251181258	0.9258046746	0.9246759901	0.9248311710	0.9250592363	0.9244209261	0.9250149608	0.9249212701	0.9248240498	0.9252640182	0.9252737402	0.9252112591	0.9249584863	0.9252152842	0.9253725705	0.9255375974	0.9255172864	0.9254050186	0.9254979662
0.9254270015	1.0000000000	0.9254937554	0.9253887326	0.9244586376	0.9250267882	0.9250165089	0.9256429297	0.9257384781	0.9248883267	0.9250350241	0.9244489775	0.9240274005	0.9240828223	0.9245695431	0.9252272355	0.9251928058	0.9252537388	0.9242677886	0.9249905009	0.9237652153	0.9250217105	0.9249148300	0.9254486749	0.9256795267	0.9232033809	0.9246019292	0.9247441681	0.9249071515	0.9245019224	0.9250427026	0.9253295335	0.9248342053	0.9250118027	0.9243029613	0.9251687794	0.9245369712	0.9244895376	0.9247935214	0.9246746897	0.9260381272	0.9253160341	0.9235080459	0.9249180501	0.9258445535	0.9250118646	0.9249358222	0.9252102064	0.9241804761	0.9246660203	0.9246550598	0.9243725017	0.9247754396	0.9246569795	0.9252373910	0.9248706784	0.9241818384	0.9248560644	0.9249417669	0.9252027756	0.9244866891	0.9250796711	0.9245386432	0.9243489707	0.9242078464	0.9250434457	0.9252794991	0.9246014958	0.9245894826	0.9259389253	0.9246257699	0.9250963905	0.9241659240	0.9247790312	0.9242287147	0.9252047571	0.9250845012	0.9252487230	0.9261572066	0.9246153667	0.9244927576	0.9251987505	0.9251245659	0.9245382097	0.9249760727	0.9246541929	0.9255911614	0.9249648025	0.9255792721	0.9250345906	0.9250189239	0.9252506426	0.9253625389	0.9254098487	0.9260680364	0.9252739879
0.9246797674	0.9254937554	1.0000000000	0.9247868955	0.9239525347	0.9241678436	0.9243967139	0.9244819210	0.9249492597	0.9242255566	0.9241750887	0.9242100137	0.9232800426	0.9234241392	0.9242151534	0.9246310953	0.9248662818	0.9250312467	0.9236957987	0.9239466519	0.9229710430	0.9246120847	0.9239742699	0.9245452690	0.9243362144	0.9224611007	0.9233240084	0.9239181670	0.9243009797	0.9236679950	0.9242713182	0.9240725430	0.9240472161	0.9241854300	0.9239105504	0.9249251094	0.9239445465	0.9240498169	0.9241935420	0.9243554726	0.9254426063	0.9241960189	0.9229730864	0.9246815632	0.9246032916	0.9240943401	0.9244271184	0.9243494041	0.9237273799	0.9242498307	0.9239519155	0.9239693160	0.9242007252	0.9238245383	0.9241677817	0.9239137704	0.9238911063	0.9244854506	0.9240230039	0.9240800357	0.9241568212	0.9244825402	0.9237777858	0.9237447804	0.9233121191	0.9242282193	0.9245896064	0.9242666740	0.9243015990	0.9251929297	0.9238184697	0.9245993284	0.9240734718	0.9245908449	0.9230675821	0.9246733893	0.9243751644	0.9244294096	0.9251059268	0.9236095389	0.9233324920	0.9241405352	0.9242044406	0.9245860768	0.9242829599	0.9238690614	0.9249111765	0.9243555346	0.9244244557	0.9247266437	0.9243541723	0.9246968584	0.9245678712	0.9249593532	0.9251728045	0.9245943745
0.9253999409	0.9253887326	0.9247868955	1.0000000000	0.9242201692	0.9244918288	0.9247069520	0.9249124150	0.9257441132	0.9245167221	0.9243363382	0.9245592638	0.9241770703	0.9238338268	0.9242317490	0.9248364346	0.9245841571	0.9252567731	0.9240237470	0.9246388358	0.9232443745	0.9248404596	0.9239757561	0.9253147337	0.9252385675	0.9230005806	0.9239610802	0.9243469272	0.9243141076	0.9237540690	0.9247629930	0.9246400124	0.9248892555	0.9245460740	0.9237536355	0.9250381822	0.9241259832	0.9240270290	0.9239421315	0.9239653529	0.9255749993	0.9251672313	0.9233234511	0.9248341434	0.9248607706	0.9243303935	0.9242162061	0.9242705132	0.9240685798	0.9243285977	0.9241655525	0.9241615274	0.9243513238	0.9239545782	0.9247161786	0.9242964593	0.9235339300	0.9248158759	0.9244354162	0.9245210568	0.9242100756	0.9245366616	0.9239389115	0.9239774900	0.9240039314	0.9248182290	0.9252437691	0.9248608944	0.9248362488	0.9254865722	0.9245532572	0.9246301665	0.9243364001	0.9246208160	0.9242518123	0.9245792651	0.9246392074	0.9243122499	0.9253837168	0.9244566561	0.9241510004	0.9247942025	0.9242573235	0.9245396339	0.9245160410	0.9243744832	0.9244255704	0.9248021288	0.9246711600	0.9244344874	0.9247158071	0.9250836342	0.9243359047	0.9250253640	0.9255440994	0.9251757149
0.9247299257	0.9244586376	0.9239525347	0.9242201692	1.0000000000	0.9246437897	0.9239275794	0.9243299601	0.9250317421	0.9241927370	0.9237662680	0.9241431360	0.9231610251	0.9235034016	0.9239870262	0.9243794371	0.9239874597	0.9238663368	0.9231287009	0.9245282400	0.9220996517	0.9237182771	0.9240281436	0.9245290450	0.9243461222	0.9220359321	0.9231845561	0.9234068005	0.9238297399	0.9228601375	0.9239992252	0.9238872670	0.9244863795	0.9239329049	0.9230858496	0.9247175409	0.9235722608	0.9237130755	0.9236081147	0.9238977322	0.9245474363	0.9246925237	0.9223272215	0.9246477528	0.9242047502	0.9240591674	0.9238013168	0.9236329461	0.9233408517	0.9237366065	0.9239130273	0.9235732516	0.9239215728	0.9238078188	0.9239022526	0.9235902806	0.9233693366	0.9242122430	0.9239098073	0.9242968928	0.9239441750	0.9243709536	0.9236572822	0.9233064840	0.9230593463	0.9241591124	0.9245674377	0.9237036631	0.9240711187	0.9244825402	0.9240813981	0.9241564497	0.9237357396	0.9242028306	0.9234146029	0.9237366065	0.9244862556	0.9235623530	0.9246335723	0.9234972092	0.9237930810	0.9239889459	0.9237026104	0.9241684629	0.9237760519	0.9239822581	0.9244055071	0.9242434526	0.9243149745	0.9239798431	0.9238935833	0.9242008490	0.9242887188	0.9245397578	0.9244469341	0.9245521425
0.9249973744	0.9250267882	0.9241678436	0.9244918288	0.9246437897	1.0000000000	0.9241494523	0.9253349209	0.9252523765	0.9249002160	0.9244042686	0.9246757424	0.9240109288	0.9239504293	0.9241281505	0.9253736232	0.9249101858	0.9243907692	0.9234730589	0.9249616444	0.9229294921	0.9244330631	0.9247019361	0.9252881684	0.9247548810	0.9234442644	0.9243729352	0.9251756530	0.9253238985	0.9240315494	0.9247074473	0.9247052181	0.9253193161	0.9245034085	0.9236767881	0.9249473400	0.9251205408	0.9246741943	0.9252803661	0.9255603234	0.9253736852	0.9247636741	0.9232608462	0.9246889321	0.9248826297	0.9250584313	0.9248721646	0.9257399023	0.9247979799	0.9250270359	0.9248968102	0.9247917256	0.9254491702	0.9245757355	0.9257320380	0.9253300289	0.9241945947	0.9255380928	0.9251489638	0.9258329118	0.9247278203	0.9255100413	0.9246906041	0.9239604609	0.9239731553	0.9248958195	0.9248623806	0.9249987987	0.9247591537	0.9251818453	0.9239751988	0.9251969547	0.9237308476	0.9244315150	0.9236769739	0.9252544200	0.9247089954	0.9245440305	0.9251114380	0.9248948906	0.9239691303	0.9249198459	0.9248751369	0.9256956888	0.9256055897	0.9247818797	0.9247857809	0.9252227769	0.9250400399	0.9260628967	0.9256547572	0.9250579359	0.9245097248	0.9254398198	0.9248684491	0.9251657452
0.9245289830	0.9250165089	0.9243967139	0.9247069520	0.9239275794	0.9241494523	1.0000000000	0.9244796298	0.9247756873	0.9243212288	0.9240122911	0.9239211393	0.9231844942	0.9230011379	0.9242206646	0.9244617338	0.9246804486	0.9243793752	0.9235809302	0.9239152566	0.9225110113	0.9244051974	0.9241272836	0.9249675272	0.9247582248	0.9223357051	0.9238743250	0.9238544474	0.9241038764	0.9234481037	0.9242781918	0.9245106536	0.9241822719	0.9240706852	0.9240483308	0.9251680363	0.9239381684	0.9238768638	0.9237050254	0.9245540622	0.9249040553	0.9247995899	0.9231233754	0.9245737539	0.9247589060	0.9242644447	0.9242667978	0.9239652910	0.9235003054	0.9240566905	0.9240651740	0.9238376042	0.9241817146	0.9239895651	0.9245532572	0.9242432668	0.9239899986	0.9243876730	0.9241590505	0.9244790106	0.9238328980	0.9245398197	0.9240249236	0.9233715659	0.9232844392	0.9242785633	0.9244445190	0.9243976427	0.9240550804	0.9251058030	0.9238808270	0.9242536081	0.9237935145	0.9245232861	0.9230744557	0.9245302834	0.9248525347	0.9244977115	0.9247812605	0.9242458057	0.9238029269	0.9244512068	0.9238992183	0.9244486679	0.9246139425	0.9241713114	0.9241068487	0.9246135709	0.9249491358	0.9245853956	0.9239787284	0.9246628622	0.9246901706	0.9245450213	0.9243038282	0.9244229076
0.9247836136	0.9256429297	0.9244819210	0.9249124150	0.9243299601	0.9253349209	0.9244796298	1.0000000000	0.9255135710	0.9248686349	0.9242690271	0.9242020256	0.9237186486	0.9241750887	0.9246592087	0.9252164607	0.9249005257	0.9252029613	0.9240347075	0.9241648094	0.9228546882	0.9249885193	0.9247328980	0.9253389459	0.9253975258	0.9224626488	0.9241126076	0.9239324714	0.9244508972	0.9235979592	0.9247200798	0.9248055346	0.9250930467	0.9247738916	0.9241921177	0.9254943746	0.9241059818	0.9247572960	0.9244707747	0.9244652635	0.9255879414	0.9245079290	0.9238013168	0.9247388427	0.9252176373	0.9245925168	0.9240591055	0.9241527962	0.9239456612	0.9245160410	0.9242506976	0.9239664056	0.9241571927	0.9241288936	0.9250765130	0.9244294096	0.9244498445	0.9249147681	0.9246882510	0.9247330219	0.9243457506	0.9244957300	0.9244530645	0.9238819416	0.9240151396	0.9244003055	0.9244976496	0.9244843360	0.9250056103	0.9254164126	0.9245141833	0.9243690340	0.9241145273	0.9249280198	0.9241193573	0.9249570621	0.9249428196	0.9251079084	0.9256270153	0.9243323751	0.9246730797	0.9250584313	0.9244125664	0.9244894138	0.9243998101	0.9242363313	0.9249850516	0.9246498582	0.9251827123	0.9246038489	0.9243150984	0.9255478767	0.9244355401	0.9249170593	0.9253328774	0.9252052525
0.9255923999	0.9257384781	0.9249492597	0.9257441132	0.9250317421	0.9252523765	0.9247756873	0.9255135710	1.0000000000	0.9246288042	0.9248841159	0.9246242837	0.9244253846	0.9248948287	0.9252532434	0.9255173483	0.9255559887	0.9252684148	0.9243441406	0.9246809440	0.9228239121	0.9256651604	0.9249272767	0.9257577364	0.9252686625	0.9232209054	0.9239496862	0.9246119609	0.9249784258	0.9242275381	0.9253793822	0.9251013444	0.9254696051	0.9250418357	0.9245965419	0.9255428609	0.9243678574	0.9246673207	0.9248732173	0.9247102958	0.9260349691	0.9248595940	0.9236447116	0.9253956681	0.9252967139	0.9250862350	0.9244874322	0.9248755085	0.9245422967	0.9247142590	0.9248952621	0.9243539865	0.9247655938	0.9243505187	0.9248761896	0.9248063396	0.9245680569	0.9253917669	0.9246351823	0.9252451934	0.9246793340	0.9256633026	0.9245034085	0.9239191578	0.9240400949	0.9252524384	0.9255027343	0.9251397991	0.9254463218	0.9258603441	0.9246990257	0.9252070483	0.9247074473	0.9254409344	0.9243977047	0.9253505876	0.9248149470	0.9250777515	0.9257604610	0.9243803660	0.9252198046	0.9251793684	0.9244674927	0.9244647062	0.9248921659	0.9247324026	0.9254200661	0.9246979730	0.9251015302	0.9251487161	0.9250799188	0.9254627316	0.9251789349	0.9253775864	0.9257631857	0.9260451246
0.9247490601	0.9248883267	0.9242255566	0.9245167221	0.9241927370	0.9249002160	0.9243212288	0.9248686349	0.9246288042	1.0000000000	0.9253920765	0.9244671831	0.9234378862	0.9236071239	0.9244255084	0.9249873428	0.9250111215	0.9240651740	0.9238136397	0.9250056103	0.9227274968	0.9248302422	0.9244792583	0.9248882648	0.9245554864	0.9228993352	0.9242093326	0.9247911064	0.9244740567	0.9236699146	0.9244284188	0.9244141764	0.9249322926	0.9246234168	0.9237108462	0.9250529820	0.9249270910	0.9250048672	0.9244976496	0.9246992115	0.9255639150	0.9245026035	0.9227517090	0.9248864690	0.9247462736	0.9246269464	0.9247219375	0.9246474432	0.9240269051	0.9245878726	0.9250314325	0.9243492183	0.9244799394	0.9244413609	0.9247656557	0.9245594495	0.9241850584	0.9250575643	0.9246704169	0.9250379345	0.9245276826	0.9252160273	0.9239980487	0.9242097660	0.9239335241	0.9247520325	0.9247259006	0.9239320998	0.9243988812	0.9249438104	0.9240804692	0.9250438792	0.9241391729	0.9238420008	0.9233585619	0.9247083762	0.9249591675	0.9242678505	0.9252790037	0.9242352786	0.9240741530	0.9249623256	0.9239714214	0.9248974914	0.9251653117	0.9247846044	0.9248963768	0.9253058786	0.9250418976	0.9251238847	0.9249292583	0.9250360149	0.9248220682	0.9250017710	0.9253029063	0.9247211325
0.9246361731	0.9250350241	0.9241750887	0.9243363382	0.9237662680	0.9244042686	0.9240122911	0.9242690271	0.9248841159	0.9253920765	1.0000000000	0.9240195362	0.9236809370	0.9232891454	0.9237056446	0.9245583968	0.9243671762	0.9239218205	0.9231441818	0.9246136948	0.9223318658	0.9245793890	0.9245650227	0.9243412921	0.9246790243	0.9222130341	0.9238470166	0.9245673758	0.9244980212	0.9232088922	0.9239319760	0.9240075230	0.9246603853	0.9242145342	0.9233946015	0.9246287422	0.9241325471	0.9240295059	0.9240937209	0.9243323132	0.9248914848	0.9243546676	0.9229985990	0.9240370606	0.9247372946	0.9242292101	0.9241999821	0.9249026311	0.9239831250	0.9245788936	0.9237538832	0.9244337443	0.9242420902	0.9244503399	0.9248119127	0.9243038902	0.9242425856	0.9244424755	0.9241620847	0.9243461841	0.9238725911	0.9247756873	0.9239657864	0.9236211806	0.9236866340	0.9244949869	0.9248271460	0.9240991082	0.9246496105	0.9248605229	0.9235612384	0.9244010485	0.9232569450	0.9242118714	0.9228906040	0.9241366341	0.9248461566	0.9239943332	0.9251098899	0.9239570551	0.9241301940	0.9246021150	0.9243126833	0.9243019705	0.9244033397	0.9241343429	0.9248865309	0.9245081147	0.9249397853	0.9243247585	0.9248830012	0.9248749511	0.9250727976	0.9252063052	0.9247782262	0.9244779579
0.9249900055	0.9244489775	0.9242100137	0.9245592638	0.9241431360	0.9246757424	0.9239211393	0.9242020256	0.9246242837	0.9244671831	0.9240195362	1.0000000000	0.9238301733	0.9233177541	0.9238640456	0.9243151603	0.9246429847	0.9242008490	0.9235725704	0.9242566423	0.9225045093	0.9244617338	0.9242430191	0.9242898954	0.9245233480	0.9223846868	0.9236586445	0.9240796642	0.9237006907	0.9233755909	0.9239615756	0.9238507320	0.9244258181	0.9244753571	0.9229628690	0.9245825471	0.9238655318	0.9236296022	0.9240646167	0.9238162405	0.9251227081	0.9247512275	0.9227518947	0.9244895995	0.9247524040	0.9239459708	0.9238423104	0.9240939067	0.9237879413	0.9241544681	0.9241160134	0.9240016402	0.9241940374	0.9242619678	0.9240389803	0.9237671349	0.9239255359	0.9240580528	0.9239707403	0.9248629999	0.9239971817	0.9244671831	0.9237895513	0.9235135571	0.9228920282	0.9250300083	0.9249710568	0.9243242631	0.9244214834	0.9248327811	0.9239996587	0.9245608119	0.9238078188	0.9239543924	0.9228389596	0.9242188688	0.9244881134	0.9239035530	0.9246401362	0.9240890766	0.9235396889	0.9243172657	0.9240580528	0.9242510692	0.9244864414	0.9241162611	0.9242300151	0.9240964455	0.9247270153	0.9243807375	0.9242619058	0.9246561125	0.9243262446	0.9244900949	0.9244146098	0.9247779166
0.9232721163	0.9240274005	0.9232800426	0.9241770703	0.9231610251	0.9240109288	0.9231844942	0.9237186486	0.9244253846	0.9234378862	0.9236809370	0.9238301733	1.0000000000	0.9232749029	0.9231020117	0.9238356226	0.9239023764	0.9235471817	0.9231039314	0.9234558441	0.9219467000	0.9233343497	0.9234563395	0.9236213664	0.9241332282	0.9216929983	0.9228808820	0.9231652978	0.9238644172	0.9224659308	0.9236180225	0.9231768776	0.9238789073	0.9234807375	0.9232409067	0.9241272836	0.9233030163	0.9232659859	0.9229763684	0.9232683390	0.9238656556	0.9236644653	0.9220859665	0.9237958056	0.9239031814	0.9232982482	0.9231104953	0.9234855676	0.9226198113	0.9231174927	0.9232544061	0.9228373495	0.9229571720	0.9230813292	0.9234244488	0.9232582454	0.9229154354	0.9234660616	0.9230437415	0.9232448079	0.9231926681	0.9233113141	0.9227888632	0.9228794577	0.9226948630	0.9247080047	0.9246868267	0.9234866822	0.9240553901	0.9241259832	0.9229619402	0.9232284601	0.9230346387	0.9232742217	0.9225589403	0.9235271803	0.9233440098	0.9240531608	0.9242939823	0.9231387944	0.9231313636	0.9232073441	0.9234417874	0.9231225704	0.9235423516	0.9231412095	0.9236178367	0.9234592499	0.9237987780	0.9235317627	0.9234037663	0.9233370124	0.9237383404	0.9237364827	0.9242095183	0.9241169423
0.9239226255	0.9240828223	0.9234241392	0.9238338268	0.9235034016	0.9239504293	0.9230011379	0.9241750887	0.9248948287	0.9236071239	0.9232891454	0.9233177541	0.9232749029	1.0000000000	0.9296965834	0.9236813705	0.9240896958	0.9240571239	0.9230820723	0.9239620709	0.9220794026	0.9237079358	0.9241054864	0.9241235062	0.9240838750	0.9219806342	0.9225777651	0.9231696944	0.9229243524	0.9230166189	0.9242646924	0.9236002504	0.9241687725	0.9236434112	0.9233949112	0.9241596697	0.9233654974	0.9233243800	0.9232148368	0.9235125044	0.9242699559	0.9239719168	0.9223669147	0.9241748410	0.9243197426	0.9233534222	0.9230374872	0.9233718136	0.9228971679	0.9233503880	0.9233921865	0.9230239259	0.9232960808	0.9228675064	0.9230111076	0.9232459226	0.9231846180	0.9239590367	0.9234518810	0.9231093807	0.9232161372	0.9237006288	0.9231687656	0.9227580252	0.9231446153	0.9234020943	0.9239201486	0.9233671074	0.9239526585	0.9242684698	0.9232861111	0.9230442369	0.9231642451	0.9239716691	0.9225643276	0.9244542411	0.9232817764	0.9238837993	0.9241664813	0.9227263202	0.9233096421	0.9236621741	0.9235661923	0.9235073028	0.9231934112	0.9235201210	0.9237829874	0.9238552524	0.9234877349	0.9238056515	0.9231187311	0.9242482207	0.9237433562	0.9242319347	0.9245314600	0.9242103853
0.9246336342	0.9245695431	0.9242151534	0.9242317490	0.9239870262	0.9241281505	0.9242206646	0.9246592087	0.9252532434	0.9244255084	0.9237056446	0.9238640456	0.9231020117	0.9296965834	1.0000000000	0.9242998651	0.9243082867	0.9237893656	0.9233131718	0.9243572684	0.9222908104	0.9245487367	0.9241925512	0.9248495005	0.9245170937	0.9221212012	0.9230207677	0.9234790656	0.9234822856	0.9230029956	0.9238916636	0.9239288179	0.9244881753	0.9240662267	0.9236578395	0.9246141902	0.9238460258	0.9237681257	0.9234102682	0.9237826159	0.9247643553	0.9243302078	0.9228999545	0.9243549153	0.9245489844	0.9239725361	0.9240841227	0.9238795885	0.9237777239	0.9235390078	0.9238128966	0.9235464386	0.9238502985	0.9239966244	0.9238260244	0.9233707609	0.9232163230	0.9242614724	0.9238055896	0.9237780335	0.9236893587	0.9240911201	0.9235898472	0.9231350171	0.9232352717	0.9243764029	0.9241928608	0.9244308339	0.9245327604	0.9247875148	0.9236437828	0.9241587408	0.9236414297	0.9243906453	0.9235440855	0.9240435626	0.9242571996	0.9240958263	0.9247385331	0.9237350584	0.9239065873	0.9240732241	0.9235595045	0.9241602270	0.9240147681	0.9239591605	0.9240736576	0.9239888839	0.9242622774	0.9238974225	0.9237782193	0.9242511930	0.9240528512	0.9242835792	0.9242764579	0.9242465487
0.9252264305	0.9252272355	0.9246310953	0.9248364346	0.9243794371	0.9253736232	0.9244617338	0.9252164607	0.9255173483	0.9249873428	0.9245583968	0.9243151603	0.9238356226	0.9236813705	0.9242998651	1.0000000000	0.9253191923	0.9249893863	0.9243519430	0.9248766231	0.9232193573	0.9249936590	0.9246327673	0.9249147062	0.9255819967	0.9230525966	0.9237499201	0.9245099105	0.9244936865	0.9240771872	0.9250033810	0.9243295266	0.9252092776	0.9246201348	0.9244040828	0.9257423793	0.9248408311	0.9247465832	0.9246976015	0.9249214559	0.9256568626	0.9252188758	0.9232848107	0.9248543305	0.9252664951	0.9248089404	0.9245117063	0.9253914573	0.9237538832	0.9245237815	0.9247636122	0.9244652016	0.9244824783	0.9246955580	0.9247620022	0.9250529201	0.9245165364	0.9251718137	0.9246834829	0.9247355607	0.9246349965	0.9253839026	0.9245972850	0.9239326572	0.9239516678	0.9247538283	0.9251854369	0.9243330562	0.9251116857	0.9257795955	0.9245920214	0.9250061676	0.9244269327	0.9245903495	0.9239499958	0.9248314187	0.9247953791	0.9252241393	0.9254960465	0.9242767056	0.9249581148	0.9249189170	0.9246855883	0.9250986817	0.9244567180	0.9246245314	0.9249072134	0.9244188207	0.9252803661	0.9249015164	0.9250141558	0.9253230315	0.9248656007	0.9251719995	0.9251911339	0.9251440099
0.9253305862	0.9251928058	0.9248662818	0.9245841571	0.9239874597	0.9249101858	0.9246804486	0.9249005257	0.9255559887	0.9250111215	0.9243671762	0.9246429847	0.9239023764	0.9240896958	0.9243082867	0.9253191923	1.0000000000	0.9247134540	0.9241770703	0.9247968653	0.9230127796	0.9248867786	0.9250529820	0.9248553832	0.9246475671	0.9226647061	0.9241799188	0.9241059199	0.9245748066	0.9241401018	0.9247719100	0.9246561125	0.9246242218	0.9247531471	0.9235994454	0.9250575024	0.9242142865	0.9243816045	0.9246089266	0.9247519086	0.9250832008	0.9244086652	0.9230731553	0.9247063327	0.9251054933	0.9248511724	0.9248157520	0.9240894481	0.9236879963	0.9244704032	0.9244387601	0.9239817008	0.9248451039	0.9242318728	0.9242833315	0.9246829875	0.9240056653	0.9250551493	0.9242501403	0.9246783432	0.9245371570	0.9247671419	0.9244512687	0.9235910857	0.9233901430	0.9250921797	0.9246203206	0.9243386294	0.9249433769	0.9249880859	0.9245201899	0.9246593945	0.9239809577	0.9244148575	0.9236884298	0.9244645823	0.9244618577	0.9248958195	0.9251560851	0.9241905077	0.9244483583	0.9247133301	0.9243912027	0.9241294509	0.9247837994	0.9244349208	0.9252023421	0.9251740429	0.9252393725	0.9248966864	0.9246554933	0.9250684010	0.9248984203	0.9253307720	0.9249722953	0.9255624907
0.9250623325	0.9252537388	0.9250312467	0.9252567731	0.9238663368	0.9243907692	0.9243793752	0.9252029613	0.9252684148	0.9240651740	0.9239218205	0.9242008490	0.9235471817	0.9240571239	0.9237893656	0.9249893863	0.9247134540	1.0000000000	0.9277919322	0.9246453997	0.9230817627	0.9246424274	0.9245487987	0.9252489707	0.9249729145	0.9221201485	0.9236065047	0.9240207128	0.9244452621	0.9238436108	0.9248130274	0.9245243388	0.9245608119	0.9245289830	0.9238643552	0.9249757630	0.9239923517	0.9240880858	0.9240786115	0.9239864070	0.9249813981	0.9245856433	0.9235739947	0.9246416843	0.9251528031	0.9244653873	0.9242154630	0.9244644585	0.9237859598	0.9242624631	0.9239468377	0.9241917462	0.9244812398	0.9242087133	0.9246336961	0.9244525072	0.9237517778	0.9245201279	0.9242409756	0.9246420558	0.9239965625	0.9239845493	0.9239733411	0.9235852648	0.9233974500	0.9245865102	0.9248412646	0.9244601238	0.9247540140	0.9249173689	0.9242458676	0.9238462116	0.9241210293	0.9245289211	0.9233000439	0.9249825127	0.9246742562	0.9246632338	0.9250239397	0.9235872464	0.9243236438	0.9248827535	0.9241504431	0.9239070207	0.9241170042	0.9242280955	0.9247236714	0.9248219444	0.9249884574	0.9243603027	0.9242439479	0.9253002436	0.9243894069	0.9247600826	0.9250121742	0.9252980763
0.9240627590	0.9242677886	0.9236957987	0.9240237470	0.9231287009	0.9234730589	0.9235809302	0.9240347075	0.9243441406	0.9238136397	0.9231441818	0.9235725704	0.9231039314	0.9230820723	0.9233131718	0.9243519430	0.9241770703	0.9277919322	1.0000000000	0.9235380789	0.9220709191	0.9242558992	0.9238006357	0.9240236232	0.9242781299	0.9219435419	0.9228641625	0.9233199834	0.9233010347	0.9229977321	0.9238725292	0.9239208297	0.9240625732	0.9238313499	0.9233424617	0.9244941200	0.9234141075	0.9231965074	0.9226111420	0.9233089610	0.9242020256	0.9242003536	0.9226166532	0.9236993284	0.9239446704	0.9234731209	0.9233787491	0.9235393174	0.9228910375	0.9234631511	0.9231325401	0.9233513168	0.9229571720	0.9230319140	0.9236815563	0.9229228663	0.9232540346	0.9236406866	0.9234717586	0.9232845630	0.9237458951	0.9232689582	0.9232526723	0.9227782743	0.9227805654	0.9238891247	0.9239443608	0.9239249786	0.9240384230	0.9243973331	0.9236940030	0.9238563671	0.9236671280	0.9237538832	0.9225330561	0.9235931911	0.9235129379	0.9239550736	0.9241738502	0.9229502985	0.9234279784	0.9240274624	0.9231584243	0.9233235750	0.9241170042	0.9230666533	0.9241232585	0.9236528236	0.9238476977	0.9239420696	0.9238825608	0.9241851204	0.9241874115	0.9239727838	0.9240459157	0.9242566423
0.9248153186	0.9249905009	0.9239466519	0.9246388358	0.9245282400	0.9249616444	0.9239152566	0.9241648094	0.9246809440	0.9250056103	0.9246136948	0.9242566423	0.9234558441	0.9239620709	0.9243572684	0.9248766231	0.9247968653	0.9246453997	0.9235380789	1.0000000000	0.9339359465	0.9241764510	0.9245182702	0.9252735544	0.9250471611	0.9224179399	0.9237989018	0.9245836617	0.9242830838	0.9234471129	0.9244432806	0.9241444364	0.9246479386	0.9246499202	0.9238791550	0.9248237402	0.9242799876	0.9242079083	0.9243684766	0.9248615756	0.9252057479	0.9244476152	0.9230709879	0.9245273111	0.9250246828	0.9246738847	0.9247756873	0.9244787629	0.9241989294	0.9246319623	0.9242857465	0.9247933356	0.9247969891	0.9243921934	0.9246611284	0.9242193642	0.9240608394	0.9248218825	0.9245896683	0.9246973538	0.9243596215	0.9248542686	0.9239013237	0.9242762721	0.9240017641	0.9247389046	0.9248577983	0.9240592913	0.9245849002	0.9250088303	0.9239899366	0.9243881065	0.9236466313	0.9242587477	0.9233756529	0.9245250819	0.9244334347	0.9244800013	0.9251300151	0.9244388840	0.9239260313	0.9245209330	0.9243941131	0.9246777859	0.9245167221	0.9249978698	0.9247435489	0.9250230109	0.9248825058	0.9252877350	0.9248751369	0.9247168598	0.9245779647	0.9251389941	0.9249796642	0.9247650984
0.9225246964	0.9237652153	0.9229710430	0.9232443745	0.9220996517	0.9229294921	0.9225110113	0.9228546882	0.9228239121	0.9227274968	0.9223318658	0.9225045093	0.9219467000	0.9220794026	0.9222908104	0.9232193573	0.9230127796	0.9230817627	0.9220709191	0.9339359465	1.0000000000	0.9225823475	0.9228258317	0.9228188343	0.9233550942	0.9216984476	0.9225115686	0.9227709673	0.9227268775	0.9219709122	0.9227957987	0.9225648230	0.9231194742	0.9228101031	0.9221543923	0.9231454203	0.9222716140	0.9225273592	0.9224070413	0.9228234786	0.9229311021	0.9229798361	0.9216515094	0.9224970165	0.9229967413	0.9224185591	0.9225796847	0.9224545368	0.9220291824	0.9230065253	0.9226200590	0.9222110526	0.9230085688	0.9225541102	0.9226541171	0.9226236506	0.9223971335	0.9227752400	0.9225178848	0.9225984476	0.9223996723	0.9230011998	0.9226099035	0.9224188687	0.9221078256	0.9226887944	0.9229592774	0.9222877142	0.9227291068	0.9234139837	0.9222425098	0.9229630548	0.9223361386	0.9226473055	0.9215234510	0.9226302765	0.9228711599	0.9227017365	0.9234962804	0.9223164468	0.9223319277	0.9226551079	0.9226168390	0.9227650226	0.9226567179	0.9228459569	0.9231534085	0.9231179261	0.9228657106	0.9228567936	0.9232337236	0.9232920558	0.9228691784	0.9229028649	0.9232092018	0.9231385468
0.9251503261	0.9250217105	0.9246120847	0.9248404596	0.9237182771	0.9244330631	0.9244051974	0.9249885193	0.9256651604	0.9248302422	0.9245793890	0.9244617338	0.9233343497	0.9237079358	0.9245487367	0.9249936590	0.9248867786	0.9246424274	0.9242558992	0.9241764510	0.9225823475	1.0000000000	0.9259049911	0.9246901087	0.9249505601	0.9233342878	0.9238593394	0.9239686349	0.9244033397	0.9239804004	0.9250435696	0.9240828842	0.9246257699	0.9246225499	0.9238885674	0.9249330976	0.9245323889	0.9242995555	0.9244308958	0.9248214490	0.9254794510	0.9248685730	0.9230038626	0.9245720201	0.9248266506	0.9247462116	0.9243627797	0.9245502229	0.9235570276	0.9246359254	0.9245438448	0.9242804830	0.9244933150	0.9243733686	0.9240675271	0.9244913334	0.9240077088	0.9244237126	0.9243517572	0.9246706027	0.9243344805	0.9244982069	0.9238869574	0.9234149125	0.9236904114	0.9247017504	0.9254522664	0.9241134126	0.9247623737	0.9249817077	0.9240698183	0.9249984271	0.9239161235	0.9246066355	0.9233745382	0.9246075643	0.9251985648	0.9243113210	0.9251658071	0.9242226462	0.9246092982	0.9244042686	0.9241940993	0.9249538420	0.9246592707	0.9246130755	0.9251304486	0.9247683803	0.9250931705	0.9247403289	0.9247363038	0.9250228870	0.9248007665	0.9250484615	0.9252302078	0.9248951383
0.9244477391	0.9249148300	0.9239742699	0.9239757561	0.9240281436	0.9247019361	0.9241272836	0.9247328980	0.9249272767	0.9244792583	0.9245650227	0.9242430191	0.9234563395	0.9241054864	0.9241925512	0.9246327673	0.9250529820	0.9245487987	0.9238006357	0.9245182702	0.9228258317	0.9259049911	1.0000000000	0.9247356846	0.9248751369	0.9229137016	0.9237974156	0.9246411270	0.9242933631	0.9237678780	0.9247047227	0.9240261620	0.9246712219	0.9245276826	0.9232153322	0.9247968653	0.9237926475	0.9242001059	0.9243712013	0.9241669148	0.9253260039	0.9248672107	0.9230267744	0.9247703000	0.9254536907	0.9243060575	0.9243574542	0.9245793271	0.9238387807	0.9243129310	0.9243219100	0.9243084725	0.9246856502	0.9241636947	0.9246814394	0.9244339920	0.9241512481	0.9246491152	0.9241461703	0.9244336824	0.9243100825	0.9249051699	0.9237216210	0.9238276964	0.9237421796	0.9245621742	0.9250247447	0.9241848727	0.9242698321	0.9248347007	0.9239249167	0.9244014820	0.9236816801	0.9243350378	0.9235691027	0.9244059405	0.9244601857	0.9242755291	0.9248921040	0.9238410719	0.9243137980	0.9244978973	0.9246065116	0.9241364483	0.9244905903	0.9241288317	0.9252757218	0.9247885675	0.9248225636	0.9244613004	0.9247864621	0.9253794441	0.9245226049	0.9251755291	0.9251880996	0.9251425857
0.9254847764	0.9254486749	0.9245452690	0.9253147337	0.9245290450	0.9252881684	0.9249675272	0.9253389459	0.9257577364	0.9248882648	0.9243412921	0.9242898954	0.9236213664	0.9241235062	0.9248495005	0.9249147062	0.9248553832	0.9252489707	0.9240236232	0.9252735544	0.9228188343	0.9246901087	0.9247356846	1.0000000000	0.9347314812	0.9228592706	0.9245341227	0.9242358359	0.9246745039	0.9243845768	0.9252197427	0.9248437416	0.9251575093	0.9250854300	0.9247672038	0.9258600344	0.9247504224	0.9246467621	0.9245530714	0.9247697427	0.9255288042	0.9246896752	0.9232543442	0.9254028513	0.9252326848	0.9246060781	0.9246400124	0.9244715178	0.9243150364	0.9246633576	0.9243300220	0.9243132406	0.9245269396	0.9240072134	0.9246725843	0.9248100550	0.9241002848	0.9249705614	0.9248176097	0.9251021494	0.9244076125	0.9249791688	0.9241295128	0.9241352717	0.9239588509	0.9253819830	0.9250373153	0.9245885537	0.9248234925	0.9252870538	0.9246103509	0.9250356433	0.9245577157	0.9249137154	0.9238127727	0.9248886363	0.9247462116	0.9246309096	0.9255398886	0.9243153460	0.9239611421	0.9251341640	0.9243258112	0.9248239879	0.9250579978	0.9246899229	0.9250897647	0.9251729283	0.9248008284	0.9249468446	0.9247880102	0.9253678643	0.9249006495	0.9248495005	0.9250314944	0.9250319279
0.9251829600	0.9256795267	0.9243362144	0.9252385675	0.9243461222	0.9247548810	0.9247582248	0.9253975258	0.9252686625	0.9245554864	0.9246790243	0.9245233480	0.9241332282	0.9240838750	0.9245170937	0.9255819967	0.9246475671	0.9249729145	0.9242781299	0.9250471611	0.9233550942	0.9249505601	0.9248751369	0.9347314812	1.0000000000	0.9225463078	0.9239042341	0.9242188688	0.9247306068	0.9239959433	0.9245203756	0.9246663919	0.9247437347	0.9248629999	0.9241952759	0.9257910514	0.9243337993	0.9241143415	0.9242276001	0.9240955167	0.9255044062	0.9249176785	0.9236900398	0.9248860355	0.9251643209	0.9247436728	0.9245598830	0.9245247722	0.9240875285	0.9244108325	0.9243046332	0.9239192816	0.9244007389	0.9237901086	0.9244615481	0.9241670386	0.9243090917	0.9250638186	0.9241807857	0.9247743250	0.9242362075	0.9244307720	0.9237199490	0.9242028925	0.9240428195	0.9246172244	0.9253943677	0.9247682565	0.9249672795	0.9255461429	0.9244154149	0.9243978285	0.9243532434	0.9250020187	0.9240727287	0.9249551424	0.9248011999	0.9253063740	0.9257463424	0.9241784945	0.9243285977	0.9247408243	0.9244425994	0.9243003605	0.9244651396	0.9247392142	0.9252152222	0.9244454479	0.9246814394	0.9247686280	0.9241504431	0.9253051975	0.9248094977	0.9247634264	0.9254658277	0.9254713390
0.9232362625	0.9232033809	0.9224611007	0.9230005806	0.9220359321	0.9234442644	0.9223357051	0.9224626488	0.9232209054	0.9228993352	0.9222130341	0.9223846868	0.9216929983	0.9219806342	0.9221212012	0.9230525966	0.9226647061	0.9221201485	0.9219435419	0.9224179399	0.9216984476	0.9233342878	0.9229137016	0.9228592706	0.9225463078	1.0000000000	0.9264169149	0.9239874597	0.9237242837	0.9217798774	0.9221605228	0.9226318865	0.9234968996	0.9228260175	0.9214669765	0.9230859116	0.9233098898	0.9238135778	0.9234967138	0.9242880377	0.9232681532	0.9225848244	0.9211089952	0.9226102751	0.9225793132	0.9235224741	0.9233454960	0.9239399022	0.9232268500	0.9233840745	0.9234754121	0.9239865928	0.9240152635	0.9236342465	0.9238147543	0.9238540140	0.9233087133	0.9242341021	0.9233832695	0.9236231002	0.9231044268	0.9240204031	0.9234664950	0.9223390490	0.9221436795	0.9226390696	0.9228029199	0.9224679743	0.9225404251	0.9233245038	0.9224294577	0.9236810609	0.9224210360	0.9221601512	0.9216067385	0.9225728731	0.9227118301	0.9226985784	0.9233757148	0.9228190820	0.9222958262	0.9229789073	0.9224867372	0.9238655937	0.9244115756	0.9229619402	0.9232125457	0.9228748753	0.9233687174	0.9238960602	0.9244743663	0.9235903426	0.9235268707	0.9234700247	0.9230259693	0.9229404526
0.9243860011	0.9246019292	0.9233240084	0.9239610802	0.9231845561	0.9243729352	0.9238743250	0.9241126076	0.9239496862	0.9242093326	0.9238470166	0.9236586445	0.9228808820	0.9225777651	0.9230207677	0.9237499201	0.9241799188	0.9236065047	0.9228641625	0.9237989018	0.9225115686	0.9238593394	0.9237974156	0.9245341227	0.9239042341	0.9264169149	1.0000000000	0.9257335242	0.9251905766	0.9227416154	0.9235184491	0.9239589748	0.9241709398	0.9237524590	0.9233427094	0.9243055002	0.9252695913	0.9252038283	0.9253059406	0.9254362901	0.9247938929	0.9241241874	0.9221358771	0.9242721233	0.9244182634	0.9244148575	0.9250410307	0.9255496106	0.9246904183	0.9252916362	0.9243384436	0.9253668116	0.9253972162	0.9252271116	0.9248490670	0.9254390767	0.9246583418	0.9255961153	0.9251822169	0.9250506289	0.9251596147	0.9256229283	0.9248075781	0.9237037869	0.9234079771	0.9237693642	0.9238657176	0.9233918150	0.9242305105	0.9247026173	0.9234907691	0.9250283363	0.9230394687	0.9234469890	0.9226457574	0.9237880032	0.9239992871	0.9239397165	0.9246361731	0.9245940030	0.9235185110	0.9239556309	0.9239452277	0.9251859942	0.9256311642	0.9242773868	0.9245292307	0.9241643140	0.9243554726	0.9257549498	0.9257766851	0.9243073579	0.9243121260	0.9245652704	0.9249215178	0.9239284463
0.9245260107	0.9247441681	0.9239181670	0.9243469272	0.9234068005	0.9251756530	0.9238544474	0.9239324714	0.9246119609	0.9247911064	0.9245673758	0.9240796642	0.9231652978	0.9231696944	0.9234790656	0.9245099105	0.9241059199	0.9240207128	0.9233199834	0.9245836617	0.9227709673	0.9239686349	0.9246411270	0.9242358359	0.9242188688	0.9239874597	0.9257335242	1.0000000000	0.9268313707	0.9231495073	0.9240655456	0.9238463354	0.9249259763	0.9239304898	0.9235453859	0.9247166121	0.9262617959	0.9267555760	0.9266034293	0.9264039728	0.9257496863	0.9243754121	0.9223498237	0.9242724329	0.9245600069	0.9254832283	0.9262855127	0.9262586997	0.9257550737	0.9261232105	0.9259829531	0.9269020876	0.9262881135	0.9260315633	0.9258968791	0.9261337994	0.9261261209	0.9265537664	0.9257399643	0.9267106193	0.9261900881	0.9268952760	0.9258056035	0.9237266368	0.9236947460	0.9239651052	0.9245806275	0.9232812810	0.9237037250	0.9249492597	0.9237650295	0.9258218894	0.9228252744	0.9237707884	0.9227333795	0.9241903220	0.9243682909	0.9239238021	0.9248897509	0.9259308752	0.9242394894	0.9250528581	0.9245546195	0.9264090506	0.9261289694	0.9245641557	0.9246453378	0.9247395239	0.9248062158	0.9304698875	0.9266631238	0.9244188826	0.9249896340	0.9258270910	0.9248736507	0.9239189720
0.9245253915	0.9249071515	0.9243009797	0.9243141076	0.9238297399	0.9253238985	0.9241038764	0.9244508972	0.9249784258	0.9244740567	0.9244980212	0.9237006907	0.9238644172	0.9229243524	0.9234822856	0.9244936865	0.9245748066	0.9244452621	0.9233010347	0.9242830838	0.9227268775	0.9244033397	0.9242933631	0.9246745039	0.9247306068	0.9237242837	0.9251905766	0.9268313707	1.0000000000	0.9228414984	0.9240069657	0.9235373358	0.9248421315	0.9242245039	0.9232959570	0.9243046952	0.9261795611	0.9260549705	0.9258233137	0.9264941338	0.9253030921	0.9243842053	0.9227583967	0.9242069175	0.9244977115	0.9257331526	0.9267697565	0.9262874323	0.9248123462	0.9263871296	0.9258473401	0.9263053902	0.9261842054	0.9263540623	0.9262739948	0.9262900950	0.9258984891	0.9261941132	0.9259100069	0.9265807033	0.9256784740	0.9265014408	0.9252289693	0.9243140456	0.9240218274	0.9245401293	0.9248145755	0.9241885881	0.9241747172	0.9244575849	0.9233813498	0.9260425857	0.9231804691	0.9237514682	0.9227806893	0.9245846525	0.9248560025	0.9236858909	0.9249633164	0.9255184629	0.9241166327	0.9245065666	0.9241335379	0.9264787767	0.9265525280	0.9244757286	0.9250698872	0.9246958057	0.9248214490	0.9264468241	0.9263499134	0.9248304280	0.9251927439	0.9251489019	0.9247236714	0.9243565254
0.9236681188	0.9245019224	0.9236679950	0.9237540690	0.9228601375	0.9240315494	0.9234481037	0.9235979592	0.9242275381	0.9236699146	0.9232088922	0.9233755909	0.9224659308	0.9230166189	0.9230029956	0.9240771872	0.9241401018	0.9238436108	0.9229977321	0.9234471129	0.9219709122	0.9239804004	0.9237678780	0.9243845768	0.9239959433	0.9217798774	0.9227416154	0.9231495073	0.9228414984	1.0000000000	0.9342196813	0.9266355058	0.9236654561	0.9231800976	0.9233071033	0.9243411063	0.9231365033	0.9230376729	0.9229475739	0.9232661716	0.9241795472	0.9238442300	0.9223272835	0.9233045644	0.9239666533	0.9236040896	0.9227596971	0.9234800563	0.9227600687	0.9232513099	0.9228976633	0.9226951106	0.9236630411	0.9224745382	0.9235214833	0.9232632612	0.9228997687	0.9231880858	0.9228608806	0.9231959501	0.9233062982	0.9235802490	0.9229486885	0.9229959363	0.9226330011	0.9239232447	0.9237229833	0.9234292788	0.9242162061	0.9242719375	0.9236162886	0.9229586582	0.9227706576	0.9238806412	0.9230644240	0.9236364758	0.9238306687	0.9239187243	0.9243516334	0.9227519567	0.9232916842	0.9231145203	0.9235021631	0.9233108806	0.9236540002	0.9237759900	0.9238430535	0.9235450144	0.9237361730	0.9229523420	0.9232114930	0.9240822650	0.9233993077	0.9237854644	0.9241422072	0.9237873221
0.9246687450	0.9250427026	0.9242713182	0.9247629930	0.9239992252	0.9247074473	0.9242781918	0.9247200798	0.9253793822	0.9244284188	0.9239319760	0.9239615756	0.9236180225	0.9242646924	0.9238916636	0.9250033810	0.9247719100	0.9248130274	0.9238725292	0.9244432806	0.9227957987	0.9250435696	0.9247047227	0.9252197427	0.9245203756	0.9221605228	0.9235184491	0.9240655456	0.9240069657	0.9342196813	1.0000000000	0.9278690892	0.9245904114	0.9243485372	0.9242004775	0.9248241737	0.9238157451	0.9236274968	0.9242775106	0.9239140800	0.9251684079	0.9245120779	0.9232483995	0.9244469960	0.9249519224	0.9246023627	0.9238294302	0.9244282950	0.9235717035	0.9243570827	0.9235630342	0.9237501059	0.9241970097	0.9235076124	0.9242368886	0.9244517641	0.9230932805	0.9248587271	0.9244115137	0.9239945809	0.9242184973	0.9246463905	0.9237449662	0.9236994522	0.9232942850	0.9242376317	0.9248714834	0.9246610045	0.9252269878	0.9251046264	0.9242820311	0.9243034567	0.9240996036	0.9245889872	0.9237498582	0.9243204238	0.9242246897	0.9244152910	0.9249521082	0.9236785220	0.9238967414	0.9242995555	0.9235235268	0.9242328636	0.9247373565	0.9240687037	0.9249489500	0.9247912302	0.9249411477	0.9244019155	0.9243134264	0.9249030645	0.9245722058	0.9244980212	0.9246988399	0.9250303179
0.9244700935	0.9253295335	0.9240725430	0.9246400124	0.9238872670	0.9247052181	0.9245106536	0.9248055346	0.9251013444	0.9244141764	0.9240075230	0.9238507320	0.9231768776	0.9236002504	0.9239288179	0.9243295266	0.9246561125	0.9245243388	0.9239208297	0.9241444364	0.9225648230	0.9240828842	0.9240261620	0.9248437416	0.9246663919	0.9226318865	0.9239589748	0.9238463354	0.9235373358	0.9266355058	0.9278690892	1.0000000000	0.9242089610	0.9242701417	0.9238237333	0.9250368199	0.9236614311	0.9237773523	0.9238684422	0.9239476427	0.9251017779	0.9241845011	0.9229844804	0.9243118783	0.9248870263	0.9239734649	0.9236421728	0.9242876042	0.9235837167	0.9237747515	0.9236979042	0.9237115893	0.9239655387	0.9234624081	0.9240490119	0.9234375766	0.9230765611	0.9240829461	0.9236476221	0.9241697013	0.9236666326	0.9246975395	0.9238766161	0.9234760313	0.9235128759	0.9245006839	0.9247075093	0.9240432530	0.9244727563	0.9252039521	0.9244692885	0.9237003192	0.9241756460	0.9246353062	0.9238608256	0.9242702655	0.9246558029	0.9247338269	0.9250101927	0.9235779578	0.9236195706	0.9244465625	0.9239652910	0.9236427301	0.9235740566	0.9235321961	0.9245660135	0.9239451038	0.9242741048	0.9241371294	0.9241269120	0.9247943264	0.9241050529	0.9245178368	0.9253814876	0.9252337994
