1.0000000000	0.9188341852	0.9178829236	0.9185599482	0.9179890757	0.9182624142	0.9177936505	0.9179340743	0.9189465627	0.9180842532	0.9179097504	0.9183180574	0.9162134985	0.9169353201	0.9179338817	0.9185221468	0.9187644226	0.9182825664	0.9171677766	0.9181387412	0.9153090233	0.9182525948	0.9177728565	0.9188515136	0.9185362020	0.9163504566	0.9176482208	0.9179075041	0.9178386400	0.9166877174	0.9179769459	0.9175842343	0.9187371465	0.9182076053	0.9171687393	0.9186266944	0.9179204683	0.9181273815	0.9181224397	0.9181104383	0.9185998676	0.9181479188	0.9166010757	0.9183217798	0.9183158112	0.9179550608	0.9189341762	0.9183312141	0.9175958507	0.9180483130	0.9179802190	0.9182008023	0.9183332679	0.9178956310	0.9184966035	0.9181730770	0.9174005539	0.9188886732	0.9180560144	0.9185611676	0.9178746445	0.9181907904	0.9177459655	0.9172758541	0.9164578923	0.9182144083	0.9180800816	0.9179250250	0.9183470664	0.9182952097	0.9172605795	0.9184650916	0.9176285821	0.9184555931	0.9172342661	0.9182215322	0.9184590588	0.9185715646	0.9192127132	0.9180454891	0.9181087054	0.9183233201	0.9177003342	0.9183916708	0.9182460486	0.9179136012	0.9186070556	0.9185104662	0.9185795870	0.9182541351	0.9184448110	0.9185976213	0.9189411717	0.9188491390	0.9187230272	0.9189825672
0.9188341852	1.0000000000	0.9186507616	0.9185507064	0.9175906522	0.9184314618	0.9182720411	0.9188339927	0.9190853178	0.9181973367	0.9181622307	0.9176399417	0.9170724707	0.9170088693	0.9176559865	0.9185136751	0.9184460946	0.9184853722	0.9174237226	0.9183732514	0.9168584336	0.9182832724	0.9181064592	0.9187967047	0.9190818521	0.9162662537	0.9178326714	0.9180281607	0.9182432247	0.9175160120	0.9184347991	0.9185832452	0.9180787980	0.9181931009	0.9175570224	0.9183289037	0.9177546297	0.9178194505	0.9180043503	0.9180869487	0.9194107055	0.9185937064	0.9163407655	0.9181565830	0.9191769655	0.9184099618	0.9183977678	0.9185522467	0.9172026900	0.9178855549	0.9178492938	0.9177123999	0.9181972083	0.9179272071	0.9185215050	0.9181933576	0.9175228792	0.9181191666	0.9183959066	0.9185999318	0.9177399969	0.9182043964	0.9178170759	0.9174564539	0.9172929899	0.9184362110	0.9184063678	0.9179336250	0.9178002610	0.9192340206	0.9175961075	0.9185504497	0.9172147556	0.9180841249	0.9172460750	0.9184379439	0.9182697306	0.9186334332	0.9195137129	0.9178511550	0.9175869299	0.9186570511	0.9182224949	0.9177886446	0.9184023887	0.9177102820	0.9188608195	0.9182154993	0.9189678702	0.9184393558	0.9182124829	0.9184166364	0.9186989600	0.9186347810	0.9191774147	0.9186188004
0.9178829236	0.9186507616	1.0000000000	0.9179460116	0.9169366679	0.9174455434	0.9174832807	0.9176590029	0.9182022143	0.9172889466	0.9172823362	0.9171555184	0.9162531611	0.9162958402	0.9173750107	0.9177925595	0.9181068442	0.9180886174	0.9166924666	0.9171258677	0.9158076945	0.9175963000	0.9171383826	0.9178109147	0.9176032955	0.9152112787	0.9163208700	0.9171690602	0.9173757808	0.9168205680	0.9173719943	0.9168764679	0.9170958319	0.9171183587	0.9169697843	0.9180047996	0.9171540423	0.9171994810	0.9173892584	0.9176184418	0.9189673567	0.9173297645	0.9158522347	0.9178798430	0.9177995550	0.9172431869	0.9175820523	0.9175152419	0.9166462577	0.9175017643	0.9172044228	0.9171586632	0.9174323226	0.9169605425	0.9172988943	0.9172581407	0.9171684825	0.9177547580	0.9172255377	0.9172412616	0.9173861137	0.9176885253	0.9168310292	0.9167328994	0.9163012954	0.9174330927	0.9178070640	0.9174079987	0.9175719120	0.9184347349	0.9167214756	0.9177806864	0.9170301767	0.9176990506	0.9161185777	0.9177885804	0.9174223106	0.9176047716	0.9182003531	0.9167671710	0.9163245282	0.9173811719	0.9174603046	0.9177109879	0.9174687121	0.9169174142	0.9180594801	0.9173603779	0.9174816121	0.9179265653	0.9174455434	0.9178840788	0.9176358985	0.9180266204	0.9184183051	0.9176916700
0.9185599482	0.9185507064	0.9179460116	1.0000000000	0.9173042212	0.9177940998	0.9178455714	0.9179351653	0.9189511194	0.9176467447	0.9174837942	0.9176293522	0.9170331290	0.9166108951	0.9172015348	0.9179956861	0.9178002610	0.9183718395	0.9170307543	0.9176731223	0.9161572777	0.9178710505	0.9170249782	0.9184846020	0.9184786334	0.9158757242	0.9172870854	0.9177269685	0.9174858479	0.9167478531	0.9178775325	0.9176500179	0.9180451040	0.9176346791	0.9166479264	0.9182203769	0.9172656496	0.9171502557	0.9171688034	0.9172045512	0.9187852808	0.9182809620	0.9161235195	0.9179325340	0.9181659531	0.9174853344	0.9173499167	0.9176215865	0.9171670706	0.9175817955	0.9171830512	0.9174053032	0.9174708942	0.9171770184	0.9178462773	0.9174675569	0.9167399591	0.9180768726	0.9176258224	0.9176361552	0.9174353390	0.9176878193	0.9170018096	0.9170091902	0.9168952724	0.9180423443	0.9185034707	0.9179635966	0.9179773309	0.9187999778	0.9175221090	0.9177641924	0.9173684644	0.9177363387	0.9171152139	0.9175903314	0.9177200372	0.9173678868	0.9185378706	0.9175032404	0.9172187347	0.9180150682	0.9173804017	0.9178553266	0.9177261342	0.9173300212	0.9175574075	0.9179901667	0.9177748461	0.9175527224	0.9177871685	0.9182000322	0.9175897537	0.9181151233	0.9187098705	0.9184305633
0.9179890757	0.9175906522	0.9169366679	0.9173042212	1.0000000000	0.9178166266	0.9171207975	0.9173666032	0.9180538323	0.9173156451	0.9168645306	0.9172411332	0.9160335405	0.9164107207	0.9171374199	0.9174919449	0.9170828035	0.9171169468	0.9161405269	0.9176649716	0.9148548925	0.9167568382	0.9171414632	0.9177440401	0.9175356508	0.9149586700	0.9162646492	0.9165117385	0.9169005993	0.9158664824	0.9171218244	0.9168516948	0.9177942281	0.9168651082	0.9160286629	0.9177846655	0.9166488249	0.9168034964	0.9167292412	0.9171897258	0.9177895431	0.9178380624	0.9151135340	0.9176358343	0.9172704630	0.9171247124	0.9169089425	0.9166905413	0.9163622013	0.9168834634	0.9170512916	0.9167706367	0.9170269678	0.9168669694	0.9167872591	0.9168468814	0.9164668773	0.9172768809	0.9171768900	0.9176304432	0.9171775318	0.9175121613	0.9168202471	0.9163871028	0.9159178899	0.9173203943	0.9176627895	0.9168314143	0.9170451304	0.9177663744	0.9170519976	0.9172970332	0.9167225024	0.9172320840	0.9164041744	0.9165970324	0.9177615610	0.9168266650	0.9176984730	0.9165171295	0.9168588829	0.9170484678	0.9168142784	0.9172578839	0.9169265276	0.9171336975	0.9174364300	0.9172770735	0.9174321942	0.9169702977	0.9168974545	0.9173354764	0.9175194777	0.9175294896	0.9176122164	0.9176362194
0.9182624142	0.9184314618	0.9174455434	0.9177940998	0.9178166266	1.0000000000	0.9174185241	0.9186900391	0.9186945317	0.9182433530	0.9177484685	0.9179881130	0.9171066781	0.9170215126	0.9171817676	0.9188622315	0.9183461679	0.9177711237	0.9165509519	0.9184043782	0.9159391973	0.9177202297	0.9179537772	0.9187930465	0.9183294813	0.9165321474	0.9176042582	0.9186561526	0.9187854734	0.9171250975	0.9180307921	0.9177826117	0.9188006196	0.9177795953	0.9167363651	0.9182511829	0.9185746452	0.9180342577	0.9187073033	0.9191920475	0.9188548509	0.9180977950	0.9161404628	0.9179914503	0.9183157470	0.9185514766	0.9183977036	0.9192237520	0.9179862518	0.9185787527	0.9183185067	0.9183401350	0.9188276390	0.9181085129	0.9191299864	0.9188440688	0.9175999582	0.9189557403	0.9185089259	0.9193000609	0.9180614697	0.9188072301	0.9180205876	0.9171837572	0.9172186064	0.9183493768	0.9182991246	0.9183237694	0.9180741129	0.9185976855	0.9170977573	0.9188951553	0.9169103545	0.9177763864	0.9168364202	0.9186682824	0.9180494040	0.9179235489	0.9185646975	0.9182415560	0.9172578839	0.9183152977	0.9182339829	0.9190461044	0.9192610400	0.9182027277	0.9181649263	0.9185473691	0.9183702992	0.9195602427	0.9191930744	0.9184442976	0.9179373474	0.9186742511	0.9181071009	0.9185175901
0.9177936505	0.9182720411	0.9174832807	0.9178455714	0.9171207975	0.9174185241	1.0000000000	0.9175898821	0.9179233564	0.9174981061	0.9173002421	0.9170151588	0.9160864882	0.9158123795	0.9173428570	0.9175937970	0.9179025624	0.9176384014	0.9168101068	0.9172576272	0.9154860933	0.9175948239	0.9173875898	0.9182425187	0.9179735444	0.9153128741	0.9171954377	0.9171357512	0.9174034420	0.9165188623	0.9176069537	0.9174900837	0.9174501643	0.9171696378	0.9171804840	0.9184950632	0.9172024974	0.9171903034	0.9169503380	0.9178942191	0.9180234757	0.9181368158	0.9162512358	0.9177864625	0.9180536398	0.9175768538	0.9175414269	0.9174612673	0.9164853609	0.9173015899	0.9174812270	0.9173005630	0.9175503478	0.9174280867	0.9178263818	0.9176101627	0.9173993345	0.9176711328	0.9175625418	0.9178066147	0.9170424349	0.9177726640	0.9171861318	0.9163043760	0.9160650524	0.9175875717	0.9176324328	0.9175662000	0.9172935675	0.9182694739	0.9170102170	0.9175870582	0.9169072739	0.9177220909	0.9160024778	0.9176826208	0.9181664666	0.9178064863	0.9179820802	0.9174660166	0.9170223469	0.9176500179	0.9171157274	0.9178807415	0.9179972264	0.9172087228	0.9174018375	0.9177408954	0.9182294904	0.9179249608	0.9174693539	0.9178519251	0.9181039562	0.9177016820	0.9174671076	0.9176976387
0.9179340743	0.9188339927	0.9176590029	0.9179351653	0.9173666032	0.9186900391	0.9175898821	1.0000000000	0.9187100630	0.9180021682	0.9175300031	0.9173481197	0.9166643562	0.9171506408	0.9176520716	0.9184046350	0.9181491382	0.9183180574	0.9170634856	0.9173461943	0.9157965915	0.9182052949	0.9180197533	0.9185679064	0.9186621854	0.9152737249	0.9173169928	0.9170805573	0.9176642656	0.9166253995	0.9180155175	0.9178693818	0.9184259424	0.9180003712	0.9173083287	0.9186624421	0.9172570496	0.9179428668	0.9177116297	0.9177989774	0.9188789822	0.9177365954	0.9166339995	0.9179117400	0.9183658066	0.9178259968	0.9172495407	0.9173352197	0.9167868740	0.9178503206	0.9175936687	0.9171515393	0.9174411151	0.9173603137	0.9183716469	0.9178774042	0.9176860865	0.9182699232	0.9178632848	0.9179897817	0.9174832165	0.9177324879	0.9176287104	0.9170351185	0.9170839588	0.9175476523	0.9177492386	0.9177013611	0.9181497158	0.9187164167	0.9176129866	0.9176113179	0.9170765782	0.9182516963	0.9171181662	0.9181082562	0.9180610846	0.9183814021	0.9187608286	0.9175205687	0.9177320387	0.9183350649	0.9176567567	0.9178609743	0.9177731132	0.9173144899	0.9182153710	0.9178846564	0.9183720962	0.9180189190	0.9176295447	0.9187803390	0.9175422613	0.9180270697	0.9186591690	0.9184005275
0.9189465627	0.9190853178	0.9182022143	0.9189511194	0.9180538323	0.9186945317	0.9179233564	0.9187100630	1.0000000000	0.9179209176	0.9181996471	0.9178143162	0.9174262897	0.9180549234	0.9185371005	0.9187259152	0.9189043971	0.9184966035	0.9175751209	0.9179725817	0.9157547467	0.9189307747	0.9182212755	0.9191393566	0.9185808064	0.9162194671	0.9172307362	0.9179607086	0.9181753874	0.9173839958	0.9185960810	0.9183173515	0.9188196166	0.9181306547	0.9179136653	0.9188453524	0.9177048909	0.9179718757	0.9181823188	0.9182434814	0.9193666145	0.9180902219	0.9164826654	0.9186678974	0.9185942840	0.9184341573	0.9178308744	0.9182538784	0.9176839686	0.9179749563	0.9181922023	0.9176920551	0.9180437562	0.9176296089	0.9181426561	0.9181081920	0.9179875996	0.9187834838	0.9179364489	0.9185517333	0.9179640459	0.9189358448	0.9178417848	0.9169967394	0.9170256842	0.9186108422	0.9188343778	0.9184833185	0.9187467092	0.9192478191	0.9178414639	0.9185947974	0.9178306818	0.9187610211	0.9174693539	0.9185812557	0.9180460667	0.9185150229	0.9189672284	0.9175859030	0.9183711335	0.9184364678	0.9176898730	0.9177599565	0.9182896261	0.9178944116	0.9185761855	0.9180222563	0.9184126573	0.9183707484	0.9183606723	0.9185385124	0.9185431975	0.9187465167	0.9191719595	0.9193763056
0.9180842532	0.9181973367	0.9172889466	0.9176467447	0.9173156451	0.9182433530	0.9174981061	0.9180021682	0.9179209176	1.0000000000	0.9186359362	0.9176951999	0.9164924848	0.9165134713	0.9174898270	0.9181896352	0.9184297290	0.9171577005	0.9169044500	0.9182529157	0.9155450097	0.9180575547	0.9176577835	0.9181979785	0.9178318371	0.9158220706	0.9175100434	0.9182366784	0.9177811998	0.9167887994	0.9177140044	0.9174606897	0.9182241635	0.9176078522	0.9168266008	0.9183109977	0.9182920008	0.9184541170	0.9178498714	0.9181762218	0.9189273732	0.9177623953	0.9157161110	0.9183253097	0.9179115474	0.9179200832	0.9181223756	0.9180637801	0.9172783571	0.9178953743	0.9185490378	0.9177174700	0.9176837118	0.9177057253	0.9180723159	0.9179907444	0.9175364210	0.9185517975	0.9180917622	0.9183552171	0.9177740759	0.9185879945	0.9172736720	0.9172526854	0.9169617619	0.9180323324	0.9178262535	0.9171689318	0.9176290955	0.9183739574	0.9171035334	0.9184439767	0.9173584525	0.9170304976	0.9164540415	0.9179944026	0.9182552903	0.9176272985	0.9185152796	0.9175027270	0.9172990869	0.9182970709	0.9171420408	0.9182215322	0.9184516140	0.9178903042	0.9181505502	0.9185763781	0.9182242277	0.9183063127	0.9184172782	0.9182426471	0.9180057623	0.9183234485	0.9184905065	0.9178356236
0.9179097504	0.9181622307	0.9172823362	0.9174837942	0.9168645306	0.9177484685	0.9173002421	0.9175300031	0.9181996471	0.9186359362	1.0000000000	0.9174159569	0.9167613307	0.9163107297	0.9168538769	0.9178473684	0.9176868566	0.9170427558	0.9161876343	0.9180306637	0.9151847727	0.9178688042	0.9178229162	0.9174773121	0.9180294443	0.9152427264	0.9173103824	0.9178792654	0.9178419774	0.9163239506	0.9171893407	0.9172141780	0.9179563444	0.9173858569	0.9164586624	0.9178448654	0.9174972717	0.9173175704	0.9174767986	0.9177380715	0.9182001606	0.9174087047	0.9160294972	0.9172818227	0.9180316264	0.9176454611	0.9175468821	0.9183416111	0.9171594333	0.9179415190	0.9170506498	0.9178945400	0.9175158837	0.9177952550	0.9182256396	0.9177423073	0.9177214491	0.9178217610	0.9175688956	0.9178424908	0.9171607169	0.9180374025	0.9172193123	0.9168144068	0.9166891935	0.9178813191	0.9180582607	0.9172965839	0.9180506876	0.9182137023	0.9165918339	0.9177390984	0.9164087953	0.9174714718	0.9158174497	0.9172890108	0.9181874531	0.9173611480	0.9185607826	0.9171933198	0.9173400973	0.9177794670	0.9176199821	0.9177362745	0.9177839595	0.9173425361	0.9183355783	0.9178716281	0.9181602412	0.9175335329	0.9182853903	0.9181248785	0.9185064229	0.9183531634	0.9181196159	0.9178050102
0.9183180574	0.9176399417	0.9171555184	0.9176293522	0.9172411332	0.9179881130	0.9170151588	0.9173481197	0.9178143162	0.9176951999	0.9174159569	1.0000000000	0.9167173039	0.9162922462	0.9168727456	0.9175111986	0.9178878654	0.9172981884	0.9167044039	0.9175580493	0.9153715337	0.9177030939	0.9175588836	0.9175332762	0.9177776058	0.9154380874	0.9170235021	0.9172952361	0.9169706828	0.9164782370	0.9171456990	0.9168565724	0.9176183776	0.9176152328	0.9159576809	0.9176904506	0.9169575261	0.9169004067	0.9172680884	0.9170224752	0.9184113096	0.9180847666	0.9155072082	0.9177381357	0.9179317638	0.9171928706	0.9172497332	0.9174667225	0.9167806486	0.9174604330	0.9172875988	0.9173117943	0.9173669883	0.9173580674	0.9172822078	0.9170760006	0.9172359989	0.9173396480	0.9172234840	0.9181459293	0.9171043677	0.9177498804	0.9170814558	0.9165963264	0.9160264808	0.9183539335	0.9181179472	0.9173641002	0.9177840879	0.9181710874	0.9170450663	0.9178786236	0.9168751202	0.9172118034	0.9158385004	0.9174013241	0.9177157372	0.9171747721	0.9179509534	0.9170924304	0.9168642739	0.9176182492	0.9172152691	0.9174880300	0.9178689325	0.9172711690	0.9175125464	0.9171747721	0.9179854175	0.9176398134	0.9175267941	0.9178613594	0.9176321761	0.9176724805	0.9175601030	0.9180515861
0.9162134985	0.9170724707	0.9162531611	0.9170331290	0.9160335405	0.9171066781	0.9160864882	0.9166643562	0.9174262897	0.9164924848	0.9167613307	0.9167173039	1.0000000000	0.9161672254	0.9159969584	0.9166868831	0.9169025888	0.9164274072	0.9158798317	0.9165893309	0.9147696627	0.9162609910	0.9164026341	0.9165762384	0.9170893498	0.9144827183	0.9158619899	0.9162557925	0.9168280769	0.9153517666	0.9166937502	0.9159574241	0.9167973994	0.9162742760	0.9161799970	0.9170887080	0.9162935298	0.9164087953	0.9160205763	0.9162750462	0.9170206782	0.9167558755	0.9146203823	0.9166761010	0.9169435350	0.9163273521	0.9161752478	0.9165202101	0.9156276081	0.9161572135	0.9163661162	0.9159125630	0.9158782914	0.9160584419	0.9163830595	0.9163442312	0.9159082630	0.9164689952	0.9161678672	0.9163399312	0.9161145986	0.9164071266	0.9157701497	0.9156775394	0.9155258843	0.9177197163	0.9177295357	0.9164978116	0.9170168917	0.9170381991	0.9157943452	0.9162568193	0.9157329901	0.9161572135	0.9153823158	0.9164571221	0.9163208700	0.9172117392	0.9172824645	0.9160274435	0.9160805195	0.9163903759	0.9165213653	0.9161425807	0.9167257756	0.9159329077	0.9166376577	0.9165179638	0.9167471472	0.9164545550	0.9165309922	0.9163418566	0.9168799978	0.9167112069	0.9171883780	0.9171429393
0.9169353201	0.9170088693	0.9162958402	0.9166108951	0.9164107207	0.9170215126	0.9158123795	0.9171506408	0.9180549234	0.9165134713	0.9163107297	0.9162922462	0.9161672254	1.0000000000	0.9229802151	0.9167190368	0.9170795304	0.9170125275	0.9160053017	0.9170427558	0.9148241507	0.9166679502	0.9170663095	0.9172331108	0.9172707839	0.9147468150	0.9154248665	0.9162609910	0.9158962615	0.9159257197	0.9171756706	0.9164673266	0.9172789347	0.9165695638	0.9164285624	0.9172683451	0.9164969131	0.9163432685	0.9163693894	0.9167821248	0.9172879839	0.9171239423	0.9151109027	0.9172230989	0.9173322674	0.9164407565	0.9160609449	0.9164377400	0.9158436989	0.9163516118	0.9165888817	0.9161544538	0.9164115550	0.9158313123	0.9159855987	0.9165526205	0.9162112522	0.9169980230	0.9166492741	0.9161919985	0.9163278655	0.9168366769	0.9161321837	0.9156725976	0.9159753301	0.9163691968	0.9170264543	0.9161807030	0.9169544455	0.9173911196	0.9161187702	0.9161375105	0.9160168539	0.9170284439	0.9152460637	0.9174411793	0.9162550865	0.9168998933	0.9171442871	0.9156672065	0.9162014970	0.9167458636	0.9164883131	0.9166662174	0.9163070073	0.9164873504	0.9167994531	0.9168902664	0.9166070443	0.9168865440	0.9161653642	0.9172061556	0.9169591305	0.9172200825	0.9177455163	0.9173586450
0.9179338817	0.9176559865	0.9173750107	0.9172015348	0.9171374199	0.9171817676	0.9173428570	0.9176520716	0.9185371005	0.9174898270	0.9168538769	0.9168727456	0.9159969584	0.9229802151	1.0000000000	0.9174303330	0.9174302688	0.9169489261	0.9163665655	0.9175235210	0.9152802711	0.9177308193	0.9174389972	0.9181111442	0.9178596266	0.9149708640	0.9160871300	0.9167070995	0.9167327069	0.9161380881	0.9171534005	0.9170118857	0.9177087417	0.9171527587	0.9168207605	0.9178036625	0.9170337708	0.9170209349	0.9165978026	0.9170200364	0.9178580863	0.9176264000	0.9158659690	0.9174466345	0.9177692625	0.9170774767	0.9173924674	0.9171089886	0.9167408576	0.9167747442	0.9170222827	0.9167656307	0.9171869019	0.9171761840	0.9169746619	0.9166288010	0.9164089878	0.9174640270	0.9171908810	0.9168746709	0.9169733141	0.9173120511	0.9166434980	0.9161688941	0.9162358328	0.9175397583	0.9173069809	0.9176684372	0.9177988490	0.9179518519	0.9167268666	0.9174300121	0.9166196876	0.9175917433	0.9164625773	0.9172612854	0.9175736448	0.9174236584	0.9179748280	0.9166628159	0.9170792737	0.9173142973	0.9166526756	0.9174513196	0.9173893868	0.9170747812	0.9172771377	0.9171949243	0.9174893135	0.9171254826	0.9169502096	0.9174376494	0.9172496690	0.9173758450	0.9174861688	0.9174638345
0.9185221468	0.9185136751	0.9177925595	0.9179956861	0.9174919449	0.9188622315	0.9175937970	0.9184046350	0.9187259152	0.9181896352	0.9178473684	0.9175111986	0.9166868831	0.9167190368	0.9174303330	1.0000000000	0.9186317004	0.9181525397	0.9174936777	0.9184066245	0.9161473299	0.9182291053	0.9178850415	0.9182506695	0.9189366792	0.9159142958	0.9170341558	0.9178615520	0.9179142429	0.9172458183	0.9181409875	0.9172626974	0.9185904333	0.9178421699	0.9174796225	0.9189642762	0.9181250711	0.9180814293	0.9180074309	0.9184617543	0.9190498910	0.9184898647	0.9162270403	0.9180242458	0.9186817600	0.9181157651	0.9178690609	0.9187897092	0.9168841052	0.9179399787	0.9182238426	0.9178496147	0.9179634683	0.9180191115	0.9180433712	0.9185703452	0.9179219444	0.9184518707	0.9179879847	0.9180921472	0.9177914684	0.9186649451	0.9178192580	0.9170301767	0.9170573245	0.9181619098	0.9185755437	0.9174130047	0.9181839233	0.9191172148	0.9176854447	0.9184849871	0.9174328360	0.9177547580	0.9171591766	0.9180775144	0.9182077337	0.9185470482	0.9188219912	0.9175022777	0.9182365501	0.9182199919	0.9181095398	0.9184899931	0.9179035892	0.9178933206	0.9180757816	0.9177208073	0.9185658527	0.9182614515	0.9182844918	0.9186610302	0.9182541993	0.9183120888	0.9185094393	0.9184044424
0.9187644226	0.9184460946	0.9181068442	0.9178002610	0.9170828035	0.9183461679	0.9179025624	0.9181491382	0.9189043971	0.9184297290	0.9176868566	0.9178878654	0.9169025888	0.9170795304	0.9174302688	0.9186317004	1.0000000000	0.9180713532	0.9173952913	0.9181266114	0.9160349524	0.9180583249	0.9183673469	0.9182824381	0.9181965023	0.9156202917	0.9175070911	0.9175534284	0.9178761848	0.9173656405	0.9180754607	0.9179135370	0.9180395846	0.9177199088	0.9166766786	0.9183416753	0.9175685747	0.9176366044	0.9181566472	0.9181528606	0.9185303617	0.9178442878	0.9161191553	0.9179331758	0.9183850604	0.9181685845	0.9181462502	0.9174739748	0.9168724888	0.9177930729	0.9178163699	0.9173578107	0.9181662098	0.9175873791	0.9174835374	0.9181764785	0.9175547762	0.9185243289	0.9175927060	0.9180474144	0.9180401622	0.9179920279	0.9177158655	0.9167844352	0.9164347236	0.9184023887	0.9178525669	0.9176889104	0.9182554829	0.9183924409	0.9176896163	0.9180268130	0.9171691243	0.9176321119	0.9167635128	0.9177480834	0.9176535477	0.9182855187	0.9185098886	0.9173495958	0.9177586088	0.9180615338	0.9176408403	0.9174022226	0.9181408591	0.9177188178	0.9185478184	0.9184419872	0.9184891587	0.9181480472	0.9179954936	0.9182001606	0.9183565649	0.9185458930	0.9183375037	0.9189708224
0.9182825664	0.9184853722	0.9180886174	0.9183718395	0.9171169468	0.9177711237	0.9176384014	0.9183180574	0.9184966035	0.9171577005	0.9170427558	0.9172981884	0.9164274072	0.9170125275	0.9169489261	0.9181525397	0.9180713532	1.0000000000	0.9211563111	0.9178683549	0.9160014510	0.9179137937	0.9177453237	0.9184531543	0.9182957231	0.9149451282	0.9168740291	0.9172173870	0.9176136925	0.9169681156	0.9180703264	0.9174134539	0.9177533461	0.9175631836	0.9169019470	0.9181029293	0.9171114916	0.9173542167	0.9174063942	0.9173924674	0.9182448933	0.9177252999	0.9165450474	0.9178176535	0.9184796603	0.9176138209	0.9174164062	0.9178608460	0.9168031755	0.9175136374	0.9172535198	0.9173723152	0.9178590490	0.9176045791	0.9179498623	0.9178258042	0.9169104186	0.9177197805	0.9174262256	0.9179229071	0.9171967213	0.9172285541	0.9170073290	0.9166192384	0.9163304969	0.9179746996	0.9180649995	0.9176134358	0.9180240533	0.9182176172	0.9172695004	0.9170750379	0.9170955752	0.9177967953	0.9162401970	0.9182213396	0.9176638163	0.9177701610	0.9181791098	0.9166549219	0.9174831524	0.9181915606	0.9172410049	0.9171781094	0.9174775046	0.9173804659	0.9179084668	0.9180920831	0.9182450217	0.9174646688	0.9173737271	0.9183973185	0.9174572882	0.9177227327	0.9181041487	0.9185766348
0.9171677766	0.9174237226	0.9166924666	0.9170307543	0.9161405269	0.9165509519	0.9168101068	0.9170634856	0.9175751209	0.9169044500	0.9161876343	0.9167044039	0.9158798317	0.9160053017	0.9163665655	0.9174936777	0.9173952913	0.9211563111	1.0000000000	0.9165814369	0.9148734402	0.9173827763	0.9168457904	0.9173070451	0.9174554912	0.9146437435	0.9158780989	0.9163270954	0.9163770909	0.9159638420	0.9170123991	0.9168142784	0.9171154065	0.9169158739	0.9162669596	0.9176135000	0.9163949968	0.9162595790	0.9157206677	0.9164290117	0.9172879839	0.9172358705	0.9154980306	0.9167028636	0.9171136737	0.9163168909	0.9165469086	0.9167443875	0.9157190632	0.9165677668	0.9163480819	0.9165635310	0.9161758896	0.9161582403	0.9167316159	0.9163702237	0.9163320372	0.9167745516	0.9166936860	0.9164888907	0.9168053576	0.9163068148	0.9162056045	0.9157865795	0.9156124618	0.9170918528	0.9170516125	0.9170507140	0.9172960063	0.9175736448	0.9166536383	0.9170954468	0.9166499159	0.9166721219	0.9155455231	0.9165788697	0.9166205219	0.9171112990	0.9173687853	0.9160608807	0.9163842789	0.9171287557	0.9163161850	0.9164881848	0.9174070360	0.9160294972	0.9172354855	0.9167794934	0.9169801813	0.9169925678	0.9169859574	0.9171437736	0.9173778346	0.9168513098	0.9171661079	0.9173211645
0.9181387412	0.9183732514	0.9171258677	0.9176731223	0.9176649716	0.9184043782	0.9172576272	0.9173461943	0.9179725817	0.9182529157	0.9180306637	0.9175580493	0.9165893309	0.9170427558	0.9175235210	0.9184066245	0.9181266114	0.9178683549	0.9165814369	1.0000000000	0.9274147298	0.9173860495	0.9179695011	0.9187970898	0.9184336439	0.9153315502	0.9171433885	0.9179997936	0.9176661268	0.9166353473	0.9178806773	0.9173236675	0.9179748280	0.9179829787	0.9171258677	0.9182378978	0.9177131700	0.9175009941	0.9177410879	0.9183939812	0.9186825302	0.9177523192	0.9159586435	0.9177310760	0.9184992349	0.9180357980	0.9184003350	0.9180683368	0.9174024151	0.9180435637	0.9176301865	0.9182842351	0.9183470022	0.9178544281	0.9180922756	0.9177527043	0.9174144166	0.9182438023	0.9180012055	0.9181989411	0.9177562983	0.9181154442	0.9171166259	0.9174284718	0.9171727184	0.9181332860	0.9183002157	0.9171837572	0.9180138488	0.9184933946	0.9170496872	0.9178415281	0.9168642097	0.9175093374	0.9165534548	0.9176521358	0.9178682266	0.9177292790	0.9187321406	0.9178275371	0.9171679691	0.9178795863	0.9177946774	0.9181082562	0.9180622398	0.9182473321	0.9181207069	0.9183145918	0.9183575275	0.9187534480	0.9184661185	0.9180873980	0.9180900293	0.9183336529	0.9183966126	0.9180922756
0.9153090233	0.9168584336	0.9158076945	0.9161572777	0.9148548925	0.9159391973	0.9154860933	0.9157965915	0.9157547467	0.9155450097	0.9151847727	0.9153715337	0.9147696627	0.9148241507	0.9152802711	0.9161473299	0.9160349524	0.9160014510	0.9148734402	0.9274147298	1.0000000000	0.9156382618	0.9157787497	0.9159563331	0.9164725251	0.9144111586	0.9154633739	0.9156950602	0.9156866528	0.9147570195	0.9157705348	0.9153615218	0.9160183300	0.9156458991	0.9149375551	0.9161162031	0.9152522249	0.9155763290	0.9154534262	0.9158113527	0.9158460093	0.9159320092	0.9143075095	0.9152664085	0.9158917048	0.9153452203	0.9155493097	0.9154807023	0.9149501984	0.9160368778	0.9157571214	0.9151494101	0.9162011761	0.9155327515	0.9156236290	0.9156652812	0.9153494561	0.9156574513	0.9155062455	0.9155328798	0.9153305233	0.9161372538	0.9155290291	0.9151576250	0.9149547551	0.9154461739	0.9158748257	0.9150715609	0.9157001304	0.9162819775	0.9147959119	0.9160258390	0.9151273325	0.9155889081	0.9141735037	0.9155677932	0.9157956930	0.9155952618	0.9166266189	0.9150626400	0.9150525639	0.9157236199	0.9156177887	0.9158306064	0.9157908795	0.9157777870	0.9160842419	0.9159626226	0.9158598720	0.9157311930	0.9162535462	0.9163826103	0.9156989110	0.9157691228	0.9160803270	0.9160247479
0.9182525948	0.9182832724	0.9175963000	0.9178710505	0.9167568382	0.9177202297	0.9175948239	0.9182052949	0.9189307747	0.9180575547	0.9178688042	0.9177030939	0.9162609910	0.9166679502	0.9177308193	0.9182291053	0.9180583249	0.9179137937	0.9173827763	0.9173860495	0.9156382618	1.0000000000	0.9191379446	0.9178937057	0.9182512471	0.9161626687	0.9170118215	0.9172524929	0.9177125924	0.9170177260	0.9183635604	0.9170560409	0.9178551982	0.9177371730	0.9169863424	0.9182986112	0.9177523192	0.9175921284	0.9177523834	0.9181843725	0.9187268137	0.9181626800	0.9159128197	0.9177141327	0.9180472861	0.9179913861	0.9175864164	0.9177005909	0.9165383086	0.9180495965	0.9177436551	0.9173909913	0.9177122715	0.9176579119	0.9172684735	0.9178276654	0.9173028734	0.9175672269	0.9176779999	0.9180266846	0.9175165255	0.9175203762	0.9170270320	0.9163878729	0.9167043398	0.9179733518	0.9187397137	0.9172819511	0.9179567295	0.9182343680	0.9170834453	0.9183914141	0.9170217051	0.9178238147	0.9161982881	0.9178273445	0.9185351751	0.9174121062	0.9183935320	0.9172612213	0.9179667414	0.9176353209	0.9173651913	0.9182224949	0.9179198907	0.9176330104	0.9184150320	0.9179120609	0.9181775695	0.9178233654	0.9179288116	0.9183963559	0.9181549785	0.9181891218	0.9184420513	0.9180651920
0.9177728565	0.9181064592	0.9171383826	0.9170249782	0.9171414632	0.9179537772	0.9173875898	0.9180197533	0.9182212755	0.9176577835	0.9178229162	0.9175588836	0.9164026341	0.9170663095	0.9174389972	0.9178850415	0.9183673469	0.9177453237	0.9168457904	0.9179695011	0.9157787497	0.9191379446	1.0000000000	0.9181626800	0.9180871413	0.9156797215	0.9170512916	0.9179636608	0.9174565822	0.9168140859	0.9179917712	0.9170201648	0.9181325158	0.9177457088	0.9162014970	0.9180708398	0.9171266378	0.9175209538	0.9177260058	0.9175189001	0.9186433168	0.9181022875	0.9158430571	0.9179837488	0.9186413914	0.9175220449	0.9176765880	0.9177914043	0.9170592498	0.9177199088	0.9176131791	0.9176690790	0.9180737920	0.9174900837	0.9181299487	0.9179935682	0.9176108686	0.9180487622	0.9174366226	0.9177966028	0.9176396850	0.9180839323	0.9169412246	0.9169085575	0.9167874516	0.9178623863	0.9183995006	0.9174447733	0.9174877733	0.9183070828	0.9169564350	0.9178345326	0.9168092083	0.9175991239	0.9166504294	0.9175914866	0.9178137386	0.9176207522	0.9181361099	0.9171098229	0.9175827582	0.9179392086	0.9178726549	0.9174673001	0.9177393551	0.9174107584	0.9186190571	0.9179629548	0.9181882874	0.9177695192	0.9182163978	0.9186999869	0.9178653385	0.9183765887	0.9186410705	0.9183689514
0.9188515136	0.9187967047	0.9178109147	0.9184846020	0.9177440401	0.9187930465	0.9182425187	0.9185679064	0.9191393566	0.9181979785	0.9174773121	0.9175332762	0.9165762384	0.9172331108	0.9181111442	0.9182506695	0.9182824381	0.9184531543	0.9173070451	0.9187970898	0.9159563331	0.9178937057	0.9181626800	1.0000000000	0.9286456837	0.9157811885	0.9178616803	0.9175591403	0.9180758458	0.9174215405	0.9184636797	0.9181135830	0.9185462781	0.9183636887	0.9180921472	0.9192344699	0.9181743606	0.9178981340	0.9178808698	0.9183395574	0.9191086790	0.9180499816	0.9162343567	0.9187109615	0.9186530078	0.9179386310	0.9180622398	0.9178670714	0.9174409226	0.9181118502	0.9177671446	0.9176315343	0.9177631013	0.9173126287	0.9180031951	0.9182980978	0.9174488166	0.9183240261	0.9183135007	0.9184908274	0.9177954475	0.9181571606	0.9173656405	0.9174010032	0.9171752855	0.9188754524	0.9184455170	0.9178355594	0.9179510817	0.9187390719	0.9178285639	0.9185281154	0.9178564176	0.9182032411	0.9170312036	0.9181339920	0.9180291876	0.9178572520	0.9189099165	0.9176324328	0.9172615422	0.9184171499	0.9175878925	0.9181267397	0.9186021139	0.9178743236	0.9185037274	0.9185258692	0.9182049098	0.9183027828	0.9182973276	0.9186869585	0.9182461127	0.9180538323	0.9183511738	0.9182714635
0.9185362020	0.9190818521	0.9176032955	0.9184786334	0.9175356508	0.9183294813	0.9179735444	0.9186621854	0.9185808064	0.9178318371	0.9180294443	0.9177776058	0.9170893498	0.9172707839	0.9178596266	0.9189366792	0.9181965023	0.9182957231	0.9174554912	0.9184336439	0.9164725251	0.9182512471	0.9180871413	0.9286456837	1.0000000000	0.9153631904	0.9171831154	0.9176493119	0.9181581875	0.9172592317	0.9179251534	0.9177500088	0.9179791280	0.9181225681	0.9174147375	0.9192467281	0.9176598372	0.9175472672	0.9175837851	0.9176191477	0.9190785790	0.9182120337	0.9167224382	0.9183156828	0.9185297199	0.9181255845	0.9179093012	0.9180663473	0.9171491005	0.9179287474	0.9176018836	0.9174412435	0.9179134728	0.9172508243	0.9178063580	0.9176495686	0.9176857014	0.9185147020	0.9174995180	0.9180991427	0.9176240253	0.9177166999	0.9170933289	0.9174294345	0.9172603227	0.9179743145	0.9189095956	0.9180067249	0.9183022052	0.9188791748	0.9176309567	0.9179277205	0.9176264641	0.9183488634	0.9172335601	0.9182788440	0.9181487531	0.9187377242	0.9191317834	0.9173868196	0.9176014985	0.9180679517	0.9178141236	0.9177517416	0.9180395846	0.9180634592	0.9184661827	0.9179668056	0.9181431054	0.9181771845	0.9175389239	0.9186462048	0.9181596636	0.9178734251	0.9189021508	0.9187171869
0.9163504566	0.9162662537	0.9152112787	0.9158757242	0.9149586700	0.9165321474	0.9153128741	0.9152737249	0.9162194671	0.9158220706	0.9152427264	0.9154380874	0.9144827183	0.9147468150	0.9149708640	0.9159142958	0.9156202917	0.9149451282	0.9146437435	0.9153315502	0.9144111586	0.9161626687	0.9156797215	0.9157811885	0.9153631904	1.0000000000	0.9194303443	0.9171430035	0.9168142143	0.9146500330	0.9150157251	0.9154274337	0.9165241250	0.9156763841	0.9143657841	0.9160162763	0.9162634940	0.9169826842	0.9166225757	0.9174066510	0.9163383267	0.9157349154	0.9137593563	0.9153197412	0.9154929605	0.9163933282	0.9165277191	0.9170011678	0.9162142045	0.9164019923	0.9165625041	0.9168871858	0.9170996184	0.9168801903	0.9168491277	0.9170032215	0.9164363281	0.9172531347	0.9164941534	0.9167529875	0.9160355300	0.9171707288	0.9162648417	0.9150114893	0.9147690851	0.9155898708	0.9157668124	0.9153698009	0.9155511708	0.9163114357	0.9151833608	0.9167746158	0.9152158354	0.9151239310	0.9144292571	0.9153886695	0.9155837096	0.9156688752	0.9163475043	0.9159071720	0.9151594220	0.9160664001	0.9155534171	0.9169052843	0.9174339270	0.9158167437	0.9161436075	0.9157349796	0.9163614312	0.9169041933	0.9175857105	0.9165038445	0.9165178997	0.9164025058	0.9159022302	0.9158986361
0.9176482208	0.9178326714	0.9163208700	0.9172870854	0.9162646492	0.9176042582	0.9171954377	0.9173169928	0.9172307362	0.9175100434	0.9173103824	0.9170235021	0.9158619899	0.9154248665	0.9160871300	0.9170341558	0.9175070911	0.9168740291	0.9158780989	0.9171433885	0.9154633739	0.9170118215	0.9170512916	0.9178616803	0.9171831154	0.9194303443	1.0000000000	0.9191641938	0.9185494229	0.9158791257	0.9168183217	0.9170410872	0.9174456718	0.9168949515	0.9164977474	0.9175932194	0.9186877287	0.9187436928	0.9187313063	0.9189978418	0.9181076786	0.9173332943	0.9150930609	0.9175825015	0.9175645956	0.9175807045	0.9184725364	0.9189494508	0.9180717383	0.9187186630	0.9176652925	0.9188361106	0.9186932481	0.9186477451	0.9182458560	0.9188398330	0.9181123636	0.9190743432	0.9185208632	0.9184505871	0.9186202123	0.9189879582	0.9181126203	0.9167845636	0.9165071176	0.9171773393	0.9171871586	0.9166711592	0.9175699224	0.9182801276	0.9166446533	0.9184478274	0.9161375105	0.9165351638	0.9156285708	0.9169766514	0.9173010764	0.9171549408	0.9178722057	0.9179603235	0.9167893770	0.9171839497	0.9171566736	0.9185951825	0.9191591237	0.9174164062	0.9177193954	0.9175185792	0.9175992522	0.9190651656	0.9192148953	0.9175667135	0.9176704910	0.9179179653	0.9183788350	0.9172735436
0.9179075041	0.9180281607	0.9171690602	0.9177269685	0.9165117385	0.9186561526	0.9171357512	0.9170805573	0.9179607086	0.9182366784	0.9178792654	0.9172952361	0.9162557925	0.9162609910	0.9167070995	0.9178615520	0.9175534284	0.9172173870	0.9163270954	0.9179997936	0.9156950602	0.9172524929	0.9179636608	0.9175591403	0.9176493119	0.9171430035	0.9191641938	1.0000000000	0.9204341044	0.9162745969	0.9172678317	0.9170133618	0.9182658799	0.9171200916	0.9168734515	0.9179604519	0.9197095873	0.9202984941	0.9200423556	0.9200145661	0.9190761402	0.9177024521	0.9153354009	0.9175369344	0.9178744519	0.9188961180	0.9197978335	0.9198126588	0.9190336537	0.9196192232	0.9195457382	0.9204653596	0.9198835125	0.9195504875	0.9193646250	0.9195732710	0.9195332875	0.9200790018	0.9192142535	0.9202705762	0.9197151067	0.9203065807	0.9190365417	0.9169627246	0.9169328813	0.9171965930	0.9178467908	0.9164637326	0.9169282604	0.9183624052	0.9168687665	0.9191906356	0.9159320092	0.9170034141	0.9157669408	0.9175084389	0.9178021863	0.9173310480	0.9181222472	0.9194207816	0.9174771195	0.9183259515	0.9177847297	0.9199977512	0.9196562545	0.9178858116	0.9181183323	0.9181262263	0.9181363024	0.9242115541	0.9201696226	0.9176555373	0.9184948065	0.9192116863	0.9182104292	0.9173968957
0.9178386400	0.9182432247	0.9173757808	0.9174858479	0.9169005993	0.9187854734	0.9174034420	0.9176642656	0.9181753874	0.9177811998	0.9178419774	0.9169706828	0.9168280769	0.9158962615	0.9167327069	0.9179142429	0.9178761848	0.9176136925	0.9163770909	0.9176661268	0.9156866528	0.9177125924	0.9174565822	0.9180758458	0.9181581875	0.9168142143	0.9185494229	0.9204341044	1.0000000000	0.9158786765	0.9172643018	0.9166553070	0.9181274457	0.9174079345	0.9163496864	0.9176284537	0.9195607561	0.9194385592	0.9192826683	0.9198749767	0.9187206525	0.9176212656	0.9158408108	0.9175236493	0.9177606625	0.9190928268	0.9204178671	0.9199762512	0.9180720592	0.9199982004	0.9193024355	0.9198837050	0.9196399530	0.9198554021	0.9196692829	0.9199119438	0.9192851072	0.9196190307	0.9193325355	0.9200623153	0.9190982820	0.9199486542	0.9186547407	0.9175937970	0.9171528229	0.9178259968	0.9180513294	0.9172711690	0.9174737180	0.9178110431	0.9164969773	0.9194683383	0.9163057238	0.9169160664	0.9157463393	0.9180142339	0.9181785964	0.9169976380	0.9183814663	0.9189767269	0.9173250794	0.9178716281	0.9175434807	0.9198983378	0.9200566675	0.9178107863	0.9183423813	0.9179940817	0.9181313606	0.9198261364	0.9198348006	0.9181194875	0.9186436377	0.9183423813	0.9181019024	0.9175765329
0.9166877174	0.9175160120	0.9168205680	0.9167478531	0.9158664824	0.9171250975	0.9165188623	0.9166253995	0.9173839958	0.9167887994	0.9163239506	0.9164782370	0.9153517666	0.9159257197	0.9161380881	0.9172458183	0.9173656405	0.9169681156	0.9159638420	0.9166353473	0.9147570195	0.9170177260	0.9168140859	0.9174215405	0.9172592317	0.9146500330	0.9158791257	0.9162745969	0.9158786765	1.0000000000	0.9279192412	0.9196001620	0.9167278935	0.9162470000	0.9163458998	0.9175923209	0.9161997642	0.9160785942	0.9160374554	0.9165356773	0.9172493481	0.9168561874	0.9152336130	0.9162303776	0.9171021214	0.9165768160	0.9157774019	0.9164920355	0.9158051915	0.9165032027	0.9160284703	0.9158279108	0.9168161396	0.9155104172	0.9165944011	0.9164667490	0.9162041925	0.9163635491	0.9159901554	0.9163792729	0.9164504475	0.9166962532	0.9161875060	0.9159142958	0.9155663813	0.9171914586	0.9168266008	0.9163544998	0.9173497883	0.9174482390	0.9166236025	0.9161748627	0.9155349977	0.9170343484	0.9160432957	0.9165394638	0.9169047067	0.9171501915	0.9174755792	0.9156909528	0.9164267654	0.9162919895	0.9166282234	0.9163908893	0.9167409860	0.9168622844	0.9169353843	0.9167130039	0.9167749367	0.9159800793	0.9163622655	0.9170939707	0.9163998744	0.9167148651	0.9170794662	0.9168980963
0.9179769459	0.9184347991	0.9173719943	0.9178775325	0.9171218244	0.9180307921	0.9176069537	0.9180155175	0.9185960810	0.9177140044	0.9171893407	0.9171456990	0.9166937502	0.9171756706	0.9171534005	0.9181409875	0.9180754607	0.9180703264	0.9170123991	0.9178806773	0.9157705348	0.9183635604	0.9179917712	0.9184636797	0.9179251534	0.9150157251	0.9168183217	0.9172678317	0.9172643018	0.9279192412	1.0000000000	0.9211444380	0.9178859400	0.9175543269	0.9173709674	0.9181828964	0.9171838855	0.9169048351	0.9175751851	0.9173185331	0.9186639824	0.9177810073	0.9162331373	0.9176145910	0.9184195887	0.9178674564	0.9170330006	0.9176300582	0.9167034413	0.9176634313	0.9168221083	0.9170536021	0.9175658791	0.9167711501	0.9176388507	0.9178118132	0.9163278014	0.9182424545	0.9178033416	0.9173695555	0.9174241718	0.9178608460	0.9170421140	0.9167618442	0.9162745328	0.9176128582	0.9182119695	0.9177908267	0.9186245123	0.9185014169	0.9172231631	0.9177165715	0.9173086496	0.9179725175	0.9168973903	0.9175667135	0.9173780913	0.9176901939	0.9182123546	0.9168401426	0.9172052571	0.9176502746	0.9168424530	0.9175034971	0.9181187815	0.9173886808	0.9181804576	0.9180427936	0.9181015174	0.9177140685	0.9175737090	0.9181225039	0.9177876819	0.9177014253	0.9179947876	0.9182634411
0.9175842343	0.9185832452	0.9168764679	0.9176500179	0.9168516948	0.9177826117	0.9174900837	0.9178693818	0.9183173515	0.9174606897	0.9172141780	0.9168565724	0.9159574241	0.9164673266	0.9170118857	0.9172626974	0.9179135370	0.9174134539	0.9168142784	0.9173236675	0.9153615218	0.9170560409	0.9170201648	0.9181135830	0.9177500088	0.9154274337	0.9170410872	0.9170133618	0.9166553070	0.9196001620	0.9211444380	1.0000000000	0.9173632017	0.9173315615	0.9167872591	0.9182322501	0.9168660068	0.9169924395	0.9170032857	0.9170691976	0.9180925965	0.9173464510	0.9157241333	0.9173095481	0.9181318741	0.9168572142	0.9168178083	0.9174816121	0.9165339444	0.9168239053	0.9167434890	0.9168599739	0.9170952543	0.9165531340	0.9170894140	0.9166619174	0.9161663911	0.9172130870	0.9167648606	0.9172041661	0.9166056966	0.9178082834	0.9167787874	0.9164489714	0.9165129579	0.9176098418	0.9179130877	0.9170936498	0.9176436641	0.9182724903	0.9175137016	0.9168812814	0.9169622753	0.9177076506	0.9167937412	0.9173372734	0.9177401252	0.9178988400	0.9179927981	0.9165696280	0.9166368234	0.9174825747	0.9169540604	0.9166415085	0.9166404174	0.9165151400	0.9175180658	0.9170528319	0.9173758450	0.9171630915	0.9171362005	0.9178988400	0.9171890840	0.9175900746	0.9184962184	0.9183529708
