1.0000000000	0.9280091255	0.9301215221	0.9286241918	0.9275013770	0.9305906591	0.9297829012	0.9313734946	0.9305432177	0.9289780692	0.9302735645	0.9296652904	0.9308342404	0.9286608179	0.9312691549	0.9291101005	0.9295019101	0.9290322506	0.9259063425	0.9258148036	0.9263787189	0.9305030911	0.9290152700	0.9290682497	0.9295700419	0.9303805689	0.9217901211	0.9276303779	0.9298151384	0.9296656562	0.9295709301	0.9304550749	0.9301289414	0.9295051495	0.9288803127	0.9257622418	0.9270844882	0.9298419940	0.9269539721	0.9299328537	0.9286284239	0.9273040876	0.9276649663	0.9283005662	0.9251598196	0.9283913214	0.9281778873	0.9299784142	0.9299598138	0.9277800169	0.9275245230	0.9296744861	0.9302528220	0.9253592511	0.9127995039	0.9278525897	0.9288339686	0.9266451327	0.9292550894	0.9291892044	0.9253386653	0.9316019762	0.9288432165	0.9268776374	0.9304606132	0.9305672519	0.9292819450	0.9295999801	0.9288603017	0.9287005788	0.9267813439	0.9253070029	0.9277304333	0.9295734902	0.9304964033	0.9255080019	0.9305598327	0.9294754725	0.9287108717	0.9103349541	0.9169324448	0.9269162489	0.9289073773	0.9253768065	0.9288740430	0.9282075121	0.9276665860	0.9252854243	0.9298374484	0.9290049248	0.9301836453	0.9280153953	0.9290084254	0.9276934938	0.9263138266	0.9299088717	0.9269492175	0.9273323539	0.9268253892	0.9269938375	0.9297323249	0.9290184571	0.9281547413	0.9280967458
0.9280091255	1.0000000000	0.9272488090	0.9264782518	0.9258631855	0.9287069008	0.9277943329	0.9289354869	0.9286386646	0.9264426708	0.9285362058	0.9272002181	0.9277603716	0.9267045390	0.9280932974	0.9273736823	0.9274328796	0.9268060573	0.9235045951	0.9243178913	0.9249603880	0.9285689654	0.9271604572	0.9264970089	0.9273669423	0.9277411965	0.9204146337	0.9254329211	0.9279923015	0.9276771924	0.9269494265	0.9283760127	0.9276229064	0.9273105142	0.9264637268	0.9242998134	0.9254680320	0.9275114087	0.9247855654	0.9273835572	0.9268594028	0.9260355002	0.9247795046	0.9265186920	0.9234844273	0.9263682693	0.9265390688	0.9279863975	0.9269536586	0.9260406728	0.9258238425	0.9274378431	0.9271036111	0.9239553407	0.9130338896	0.9261181569	0.9267386048	0.9250736099	0.9273749885	0.9271517317	0.9237258664	0.9292509096	0.9262411493	0.9249522895	0.9276254143	0.9282847350	0.9268347416	0.9278523807	0.9269065307	0.9271821402	0.9252074177	0.9247185831	0.9255065389	0.9272891969	0.9286178698	0.9245618906	0.9279412550	0.9266810273	0.9258963631	0.9102076774	0.9165426729	0.9249807648	0.9262431347	0.9243150176	0.9270995880	0.9273080062	0.9262220264	0.9238349085	0.9281240194	0.9268382945	0.9274591082	0.9260410385	0.9269873587	0.9255683486	0.9238933743	0.9276378494	0.9252940975	0.9249525508	0.9252125903	0.9259786541	0.9269317144	0.9276288627	0.9266095517	0.9253287381
0.9301215221	0.9272488090	1.0000000000	0.9294370701	0.9274307374	0.9311049909	0.9303515711	0.9321134343	0.9313787717	0.9290881040	0.9311561419	0.9306897740	0.9304561721	0.9290021034	0.9312784550	0.9295982037	0.9306458333	0.9297322727	0.9261497148	0.9269517254	0.9265393300	0.9303002634	0.9290821477	0.9290527842	0.9295532179	0.9306005340	0.9224795890	0.9284932055	0.9302978077	0.9301693293	0.9296964304	0.9309968892	0.9303114967	0.9306438478	0.9292484539	0.9262366559	0.9270210589	0.9305155784	0.9268220975	0.9308149086	0.9284665589	0.9282910570	0.9273253527	0.9284481152	0.9250790438	0.9287501624	0.9288537706	0.9301054819	0.9302275338	0.9274467776	0.9279807547	0.9306347044	0.9301223058	0.9257573828	0.9137182371	0.9287050721	0.9289918628	0.9273099394	0.9296772553	0.9296600656	0.9254388774	0.9328708771	0.9295906799	0.9273179857	0.9305477633	0.9305068529	0.9302036041	0.9296702017	0.9295426638	0.9291284919	0.9264580318	0.9259277120	0.9274542491	0.9298904281	0.9304507383	0.9267980111	0.9315639395	0.9298212514	0.9293054567	0.9111302769	0.9172907633	0.9265275219	0.9287612912	0.9262772528	0.9292517978	0.9291416062	0.9288320354	0.9258938029	0.9299283603	0.9294883256	0.9297058873	0.9283752812	0.9297848344	0.9275707104	0.9261359736	0.9306549767	0.9269006267	0.9271292127	0.9277705600	0.9271378337	0.9297002445	0.9301143119	0.9284340605	0.9287122301
0.9286241918	0.9264782518	0.9294370701	1.0000000000	0.9263787712	0.9293971002	0.9287571636	0.9298515032	0.9289483922	0.9277265147	0.9291786502	0.9282523933	0.9291464131	0.9279929808	0.9293971002	0.9280244865	0.9285212105	0.9278148665	0.9247119476	0.9255506364	0.9255580034	0.9291006436	0.9281100168	0.9277602671	0.9279736489	0.9288806262	0.9211166412	0.9262759989	0.9288830297	0.9293344023	0.9283561583	0.9294427129	0.9285906485	0.9286566380	0.9273847589	0.9252838569	0.9256757710	0.9291149074	0.9261400489	0.9290356468	0.9270992222	0.9267206837	0.9259418191	0.9274429635	0.9237176634	0.9280316445	0.9270225741	0.9285330186	0.9284240288	0.9266839532	0.9263084973	0.9289255597	0.9283408496	0.9248527566	0.9130420403	0.9273182991	0.9280024899	0.9257827232	0.9282441903	0.9283557403	0.9246914140	0.9304203298	0.9282354649	0.9263036382	0.9288622349	0.9292702414	0.9279396875	0.9285601355	0.9275944311	0.9275300090	0.9256610370	0.9248160783	0.9263312253	0.9282226641	0.9292484016	0.9253302533	0.9293607354	0.9288642725	0.9271124933	0.9109958944	0.9172621312	0.9255259230	0.9274280205	0.9253449351	0.9281859335	0.9283285190	0.9270907058	0.9243301174	0.9287800484	0.9280528573	0.9282131549	0.9267474348	0.9280320102	0.9261787126	0.9258619837	0.9293161676	0.9264724000	0.9257267653	0.9266433563	0.9259304812	0.9284679173	0.9285763324	0.9268826010	0.9271344376
0.9275013770	0.9258631855	0.9274307374	0.9263787712	1.0000000000	0.9278294437	0.9277002861	0.9287477067	0.9279531676	0.9260945929	0.9275730616	0.9272215354	0.9277773000	0.9264701533	0.9277498174	0.9264582930	0.9278504475	0.9267856805	0.9235669795	0.9241024195	0.9242190899	0.9278292348	0.9262381711	0.9264238614	0.9269736175	0.9274526816	0.9199793013	0.9251194317	0.9279183180	0.9277820023	0.9269757596	0.9281350437	0.9274780743	0.9271184496	0.9263832645	0.9239026222	0.9246937129	0.9273149553	0.9241229531	0.9274967269	0.9258806886	0.9260330968	0.9248214077	0.9257754084	0.9232762702	0.9264583452	0.9260384261	0.9272343362	0.9276437535	0.9260307456	0.9248255875	0.9276124568	0.9275492886	0.9239812558	0.9119454541	0.9257027833	0.9263918855	0.9245973149	0.9270733071	0.9272563327	0.9233810280	0.9288023061	0.9273126563	0.9245503960	0.9275541477	0.9277480410	0.9278694659	0.9268959243	0.9265985795	0.9269849553	0.9243873292	0.9241332982	0.9246481002	0.9267296181	0.9272667301	0.9247342053	0.9279838896	0.9274174141	0.9269044408	0.9100997325	0.9153942564	0.9240827219	0.9263797116	0.9238170918	0.9264227642	0.9269989056	0.9258091608	0.9234322835	0.9271743552	0.9268917967	0.9272012108	0.9257207567	0.9268956108	0.9254415943	0.9241461513	0.9276881122	0.9249275238	0.9249608060	0.9251940944	0.9245896867	0.9271111348	0.9273674125	0.9262920913	0.9256752485
0.9305906591	0.9287069008	0.9311049909	0.9293971002	0.9278294437	1.0000000000	0.9313416232	0.9325510134	0.9318725699	0.9299734506	0.9309379010	0.9304450955	0.9307503820	0.9296604836	0.9320416452	0.9306633887	0.9307515315	0.9307113526	0.9260242668	0.9264324301	0.9272931155	0.9315934597	0.9297029092	0.9293479346	0.9308850780	0.9307677807	0.9220080485	0.9277523776	0.9312694684	0.9310144447	0.9305597282	0.9318190154	0.9307416566	0.9310675289	0.9300550101	0.9264523889	0.9278717126	0.9305518909	0.9274874790	0.9301262245	0.9291401955	0.9287284271	0.9276521654	0.9291829868	0.9254092004	0.9292156420	0.9291849723	0.9305841281	0.9302548596	0.9283271083	0.9285059018	0.9307430150	0.9312947043	0.9260823146	0.9138953064	0.9288491205	0.9300277888	0.9275852354	0.9297753252	0.9298119512	0.9252181286	0.9328411479	0.9300735060	0.9278176356	0.9310552505	0.9318092450	0.9298945557	0.9307038288	0.9296879662	0.9293476733	0.9276753637	0.9263359276	0.9281935095	0.9296905786	0.9308494447	0.9274598396	0.9319066357	0.9304940521	0.9295131435	0.9110760955	0.9173227914	0.9265096008	0.9297243832	0.9261894235	0.9296617898	0.9290619277	0.9287095132	0.9262177943	0.9306972978	0.9296670669	0.9300227729	0.9286229901	0.9301751811	0.9282861457	0.9271687647	0.9307445825	0.9275509606	0.9272872637	0.9286500547	0.9280653968	0.9298390681	0.9299111184	0.9294372791	0.9290816775
0.9297829012	0.9277943329	0.9303515711	0.9287571636	0.9277002861	0.9313416232	1.0000000000	0.9314419921	0.9309830957	0.9297613227	0.9308046679	0.9300860455	0.9306127601	0.9298294544	0.9312967942	0.9305665204	0.9301784727	0.9295256308	0.9262971072	0.9267891811	0.9270563264	0.9316777884	0.9303889286	0.9299970668	0.9303524594	0.9313473182	0.9227754708	0.9280741223	0.9313564094	0.9305058602	0.9311201429	0.9313133569	0.9306996490	0.9310602141	0.9295441267	0.9261031617	0.9270977070	0.9305980784	0.9270290528	0.9305959362	0.9291117725	0.9289626037	0.9271653163	0.9293284460	0.9259044093	0.9292034159	0.9293644973	0.9310716042	0.9307745207	0.9280703604	0.9285173964	0.9305211690	0.9300792010	0.9257733185	0.9137048093	0.9287338609	0.9293621461	0.9270659924	0.9298578775	0.9299301368	0.9257297434	0.9322705970	0.9298017106	0.9275895198	0.9317139964	0.9312911514	0.9299071998	0.9304865806	0.9305472408	0.9308020555	0.9275961553	0.9262452246	0.9283214132	0.9302401256	0.9314163382	0.9273229492	0.9308171553	0.9301779502	0.9294182607	0.9110197719	0.9175963633	0.9267021878	0.9297961723	0.9260470993	0.9306350701	0.9294963196	0.9286748204	0.9264232344	0.9303099293	0.9295480453	0.9294649706	0.9297488354	0.9303051747	0.9276657500	0.9266873493	0.9300623248	0.9275221196	0.9272287456	0.9280837882	0.9268586713	0.9297226590	0.9302039176	0.9287047586	0.9286199075
0.9313734946	0.9289354869	0.9321134343	0.9298515032	0.9287477067	0.9325510134	0.9314419921	1.0000000000	0.9333641006	0.9306505356	0.9324358060	0.9309660628	0.9318812953	0.9301182305	0.9323856999	0.9302471269	0.9316184866	0.9306891471	0.9267201612	0.9271587330	0.9275529460	0.9320629102	0.9306303678	0.9301823913	0.9313749053	0.9316310785	0.9224843958	0.9287933194	0.9320447801	0.9308743671	0.9308767183	0.9321665185	0.9314575098	0.9320214251	0.9309033649	0.9269414848	0.9282905868	0.9312807017	0.9273084242	0.9316968590	0.9298948170	0.9290592107	0.9285248679	0.9292729061	0.9258976693	0.9302480151	0.9299312340	0.9315043765	0.9312418813	0.9291813149	0.9288966664	0.9312681621	0.9315479515	0.9268608657	0.9132044279	0.9292630834	0.9304167770	0.9282287771	0.9300387086	0.9309748405	0.9264913661	0.9338395596	0.9301680230	0.9283703699	0.9318441468	0.9322746201	0.9307011119	0.9311102679	0.9302061120	0.9297915222	0.9278445957	0.9272123919	0.9286276402	0.9309447977	0.9321353263	0.9270496387	0.9328971058	0.9308459441	0.9300752824	0.9104842796	0.9176313173	0.9271553369	0.9304135898	0.9268246055	0.9304381465	0.9308234773	0.9290440588	0.9268951928	0.9314191073	0.9302138448	0.9316287273	0.9294896318	0.9303746126	0.9281259003	0.9268561634	0.9314506130	0.9283348410	0.9279673791	0.9285598220	0.9285997397	0.9307288035	0.9308473548	0.9300317074	0.9294543642
0.9305432177	0.9286386646	0.9313787717	0.9289483922	0.9279531676	0.9318725699	0.9309830957	0.9333641006	1.0000000000	0.9293190935	0.9309351841	0.9303254470	0.9313013920	0.9298216172	0.9316026554	0.9296343072	0.9310032635	0.9294755770	0.9256488109	0.9266230317	0.9275435936	0.9320341214	0.9295879630	0.9294892138	0.9304029312	0.9309630846	0.9218101322	0.9279254238	0.9310953772	0.9303281117	0.9299288828	0.9316060516	0.9310441739	0.9303295746	0.9296455928	0.9267042255	0.9274653257	0.9311764665	0.9265082423	0.9297379155	0.9287107149	0.9280544247	0.9278607404	0.9285757577	0.9254316672	0.9293096888	0.9293214447	0.9307219590	0.9303983333	0.9282182230	0.9275645974	0.9313765773	0.9296880706	0.9256327707	0.9132695814	0.9283709446	0.9291450024	0.9271276453	0.9296590206	0.9305080024	0.9253769633	0.9327291276	0.9301283666	0.9277976768	0.9306083190	0.9312096441	0.9296666489	0.9308712322	0.9294294418	0.9291741046	0.9275521623	0.9262549428	0.9279661252	0.9298418895	0.9304935296	0.9267184370	0.9317320221	0.9303529818	0.9291401955	0.9104102438	0.9173509010	0.9268452435	0.9294651274	0.9260962126	0.9296131989	0.9291933842	0.9282061536	0.9262824776	0.9307059710	0.9299342644	0.9303699103	0.9288563308	0.9304328694	0.9276473586	0.9267806647	0.9308225368	0.9270885636	0.9268210003	0.9283032309	0.9281175406	0.9301314493	0.9299324357	0.9287409144	0.9293801195
0.9289780692	0.9264426708	0.9290881040	0.9277265147	0.9260945929	0.9299734506	0.9297613227	0.9306505356	0.9293190935	1.0000000000	0.9293148614	0.9288580027	0.9294959016	0.9280856169	0.9298239161	0.9287530883	0.9292487674	0.9280057293	0.9248564140	0.9252661447	0.9262643475	0.9304976050	0.9284145719	0.9282613800	0.9289399802	0.9296813306	0.9212735427	0.9269527704	0.9296040032	0.9293608921	0.9292645986	0.9301614920	0.9291273947	0.9290624501	0.9280880726	0.9257758786	0.9263384355	0.9292670020	0.9258337174	0.9295149200	0.9275327260	0.9274571227	0.9263271499	0.9280700992	0.9245087541	0.9278849836	0.9275448998	0.9294251575	0.9292920289	0.9280976340	0.9269352150	0.9289878919	0.9290046636	0.9254120741	0.9125835619	0.9273740480	0.9283466491	0.9267557423	0.9283317061	0.9283423125	0.9247621059	0.9308444289	0.9281915241	0.9257819394	0.9297442375	0.9298869275	0.9287964021	0.9295672205	0.9283017157	0.9280544247	0.9263774127	0.9252330716	0.9266693237	0.9291799042	0.9301866234	0.9254828705	0.9297502461	0.9286054870	0.9282205219	0.9102943572	0.9167073071	0.9253497942	0.9277618345	0.9245712953	0.9286644752	0.9292170005	0.9271808340	0.9263290831	0.9294650751	0.9286533464	0.9290007972	0.9270969233	0.9287771225	0.9269597717	0.9259700854	0.9291281262	0.9264441337	0.9263184767	0.9263996182	0.9263118412	0.9289249327	0.9292891553	0.9271357438	0.9275765100
0.9302735645	0.9285362058	0.9311561419	0.9291786502	0.9275730616	0.9309379010	0.9308046679	0.9324358060	0.9309351841	0.9293148614	1.0000000000	0.9308082731	0.9317891294	0.9303530341	0.9316432523	0.9300660345	0.9308227458	0.9300922631	0.9264914184	0.9266553734	0.9263914675	0.9316665550	0.9302227270	0.9299609632	0.9301413242	0.9313715092	0.9228197251	0.9287164100	0.9312265725	0.9307700796	0.9308822566	0.9317753881	0.9318601348	0.9314163904	0.9300607051	0.9266696894	0.9284800389	0.9304646886	0.9277334115	0.9304813558	0.9292444308	0.9292092677	0.9274014261	0.9285973362	0.9256831380	0.9295622046	0.9295921429	0.9306857509	0.9313873404	0.9285623822	0.9289530946	0.9308292769	0.9306445793	0.9260939660	0.9131448648	0.9287835490	0.9293931293	0.9281816492	0.9299950291	0.9301159838	0.9266582470	0.9329594902	0.9296546318	0.9278522762	0.9316062083	0.9314263176	0.9300480088	0.9309420286	0.9300954502	0.9298288274	0.9276298554	0.9260636620	0.9282984763	0.9304517833	0.9316761687	0.9271293695	0.9312375969	0.9294872806	0.9296043167	0.9105970313	0.9172647436	0.9267110178	0.9297254804	0.9259668982	0.9302371997	0.9301666123	0.9288113451	0.9262297592	0.9304612925	0.9297740190	0.9298717232	0.9293997648	0.9300139952	0.9276042538	0.9262691021	0.9306132826	0.9278436030	0.9277318440	0.9277041002	0.9272498539	0.9304257637	0.9310176840	0.9288991744	0.9286747159
0.9296652904	0.9272002181	0.9306897740	0.9282523933	0.9272215354	0.9304450955	0.9300860455	0.9309660628	0.9303254470	0.9288580027	0.9308082731	1.0000000000	0.9307076952	0.9296989905	0.9309563969	0.9292127161	0.9299764287	0.9289879441	0.9262132487	0.9264017604	0.9263316955	0.9306074831	0.9296614763	0.9288905012	0.9302353710	0.9297544259	0.9217142566	0.9273217998	0.9301735614	0.9301695382	0.9294259934	0.9306802649	0.9307048215	0.9302968150	0.9293094798	0.9260888979	0.9273769739	0.9297890143	0.9265738139	0.9298560488	0.9286164068	0.9283060000	0.9271907612	0.9284427859	0.9253669316	0.9291882117	0.9291302684	0.9308859662	0.9305260803	0.9278208750	0.9280173284	0.9299734506	0.9297845732	0.9257210180	0.9126654349	0.9282914750	0.9292880058	0.9269835969	0.9293361787	0.9297343626	0.9253393968	0.9320377266	0.9291887864	0.9271852751	0.9303233048	0.9305477111	0.9295224960	0.9304771237	0.9292816315	0.9287987010	0.9267676549	0.9259147545	0.9280552084	0.9300805072	0.9307361182	0.9270220516	0.9307137560	0.9296032717	0.9289563339	0.9108897260	0.9171909691	0.9263009735	0.9289443691	0.9257132852	0.9292016395	0.9294241648	0.9282573046	0.9252329671	0.9298397473	0.9291582212	0.9294233288	0.9293216014	0.9295081277	0.9272534591	0.9264951280	0.9300880832	0.9275521623	0.9270114452	0.9272962504	0.9269758641	0.9292361756	0.9296558857	0.9281510840	0.9282425184
0.9308342404	0.9277603716	0.9304561721	0.9291464131	0.9277773000	0.9307503820	0.9306127601	0.9318812953	0.9313013920	0.9294959016	0.9317891294	0.9307076952	1.0000000000	0.9300519274	0.9317817624	0.9298817549	0.9306688747	0.9298588702	0.9256882061	0.9270194914	0.9265172290	0.9315270000	0.9294827350	0.9294651796	0.9311661736	0.9309034171	0.9218124311	0.9287610822	0.9308399878	0.9310086973	0.9303239841	0.9317566310	0.9307842911	0.9302258096	0.9300957637	0.9264968000	0.9274840306	0.9305186610	0.9270434734	0.9300499420	0.9294668516	0.9288489115	0.9276627196	0.9290217488	0.9250891277	0.9294630897	0.9300505167	0.9306039824	0.9303457716	0.9289603571	0.9277417189	0.9305478156	0.9307869558	0.9255393508	0.9132628936	0.9284975943	0.9296888021	0.9268427878	0.9297958065	0.9298692153	0.9254232552	0.9325927597	0.9295779836	0.9272127054	0.9319508900	0.9313455940	0.9298776273	0.9305565933	0.9296954899	0.9291559223	0.9272846513	0.9257934863	0.9279328953	0.9298260060	0.9314936656	0.9266278386	0.9312349323	0.9298784633	0.9295838876	0.9108141228	0.9171966642	0.9260617288	0.9292452668	0.9260441734	0.9296580279	0.9296212974	0.9281634145	0.9256596785	0.9303100338	0.9298908983	0.9298093911	0.9286065842	0.9298250133	0.9268845342	0.9268985367	0.9312070839	0.9277706122	0.9277885334	0.9280735476	0.9271900297	0.9299680168	0.9303050702	0.9286244008	0.9286527194
0.9286608179	0.9267045390	0.9290021034	0.9279929808	0.9264701533	0.9296604836	0.9298294544	0.9301182305	0.9298216172	0.9280856169	0.9303530341	0.9296989905	0.9300519274	1.0000000000	0.9295652873	0.9284152511	0.9293925546	0.9285586203	0.9250339535	0.9256684562	0.9253136384	0.9296868167	0.9289275452	0.9284356802	0.9289736281	0.9294724421	0.9213552589	0.9266957090	0.9304179264	0.9295056198	0.9290308399	0.9301621190	0.9296113180	0.9293629821	0.9279907863	0.9255455684	0.9265116907	0.9287787944	0.9259404084	0.9294126179	0.9283593977	0.9278134558	0.9264960162	0.9280225533	0.9241664236	0.9282290906	0.9282411599	0.9289462500	0.9295000815	0.9272994898	0.9271103511	0.9294208209	0.9290592107	0.9250048512	0.9128054080	0.9272999600	0.9279014941	0.9267670279	0.9285953508	0.9291227969	0.9253885624	0.9311224940	0.9285430503	0.9270642159	0.9297228157	0.9295624659	0.9288563830	0.9294918785	0.9282625295	0.9283040668	0.9264707281	0.9255002691	0.9272256630	0.9285828112	0.9299505658	0.9259370122	0.9297594418	0.9284092425	0.9282628430	0.9108394109	0.9171062747	0.9261887965	0.9280126261	0.9257018429	0.9290350198	0.9279959589	0.9272103020	0.9249880796	0.9288162564	0.9278973142	0.9281964877	0.9276441715	0.9291795385	0.9267773208	0.9251789424	0.9295701464	0.9264161287	0.9262617351	0.9270982818	0.9267671324	0.9282954459	0.9294060869	0.9269598762	0.9267727229
0.9312691549	0.9280932974	0.9312784550	0.9293971002	0.9277498174	0.9320416452	0.9312967942	0.9323856999	0.9316026554	0.9298239161	0.9316432523	0.9309563969	0.9317817624	0.9295652873	1.0000000000	0.9300649373	0.9311557239	0.9303902348	0.9268929462	0.9272412330	0.9269931061	0.9320834438	0.9302924784	0.9295198313	0.9306495429	0.9314928819	0.9228555151	0.9288584730	0.9312969509	0.9314935611	0.9309000732	0.9320249780	0.9309233760	0.9311327347	0.9304574261	0.9268958721	0.9274229001	0.9303516756	0.9276572858	0.9306869526	0.9296103253	0.9289480787	0.9276799615	0.9292686740	0.9258805841	0.9299785709	0.9296357702	0.9313990963	0.9308117215	0.9286931595	0.9282603350	0.9309854469	0.9315568860	0.9269173461	0.9131443946	0.9291319926	0.9298953917	0.9275903558	0.9301630072	0.9304604565	0.9259631886	0.9333759609	0.9298289842	0.9276301689	0.9317082491	0.9315931462	0.9302989572	0.9303761278	0.9300564208	0.9294350324	0.9280070355	0.9259167922	0.9282114829	0.9304526715	0.9315159233	0.9272494882	0.9321329751	0.9302486943	0.9300077254	0.9108152722	0.9174242575	0.9264488883	0.9297965903	0.9263816971	0.9302816630	0.9297500371	0.9292478792	0.9261382725	0.9311298088	0.9301012498	0.9306663668	0.9293240571	0.9305586832	0.9278278241	0.9270857944	0.9319825524	0.9276317364	0.9284159303	0.9285500516	0.9276143900	0.9305852776	0.9302910677	0.9292413481	0.9289803159
0.9291101005	0.9273736823	0.9295982037	0.9280244865	0.9264582930	0.9306633887	0.9305665204	0.9302471269	0.9296343072	0.9287530883	0.9300660345	0.9292127161	0.9298817549	0.9284152511	0.9300649373	1.0000000000	0.9292871698	0.9290841854	0.9250024478	0.9261669568	0.9260412997	0.9307791708	0.9286499502	0.9295470526	0.9299830120	0.9300607051	0.9215076671	0.9272042412	0.9302251826	0.9301468625	0.9310031590	0.9310158031	0.9300656165	0.9297884395	0.9285525072	0.9260473083	0.9273994407	0.9295672727	0.9262875980	0.9295765206	0.9290981357	0.9280151863	0.9266247037	0.9283325421	0.9249155067	0.9279691556	0.9287280614	0.9300325433	0.9298121602	0.9274934875	0.9268450868	0.9295690491	0.9290664733	0.9251960276	0.9133526039	0.9279959589	0.9292992914	0.9266980080	0.9292744213	0.9295950688	0.9250284152	0.9309434393	0.9285835427	0.9261336224	0.9304860059	0.9297962768	0.9292656436	0.9299075133	0.9282014513	0.9291462563	0.9266670247	0.9254652106	0.9279151831	0.9292154853	0.9301685978	0.9263969536	0.9302475971	0.9292879013	0.9279393741	0.9102344285	0.9163717166	0.9257538299	0.9282955504	0.9255202802	0.9293498155	0.9298946080	0.9278020134	0.9259952690	0.9292377430	0.9288986519	0.9283453429	0.9277760983	0.9301359426	0.9268489531	0.9262909419	0.9291176243	0.9268162980	0.9267656694	0.9271690781	0.9269589357	0.9287681358	0.9298209902	0.9283603904	0.9276480378
0.9295019101	0.9274328796	0.9306458333	0.9285212105	0.9278504475	0.9307515315	0.9301784727	0.9316184866	0.9310032635	0.9292487674	0.9308227458	0.9299764287	0.9306688747	0.9293925546	0.9311557239	0.9292871698	1.0000000000	0.9297003490	0.9262375441	0.9260525854	0.9266248604	0.9311419304	0.9291485552	0.9288311994	0.9298624753	0.9303214762	0.9216580898	0.9278250026	0.9302784236	0.9306669938	0.9295794465	0.9312153392	0.9300783128	0.9306792199	0.9293631388	0.9265721419	0.9270501611	0.9300228252	0.9265225583	0.9299982162	0.9290240999	0.9283147255	0.9270984385	0.9281359320	0.9247613222	0.9288620259	0.9293718120	0.9300324911	0.9299429376	0.9282075643	0.9274295879	0.9305875242	0.9300000972	0.9256718524	0.9134616460	0.9288192345	0.9289371588	0.9270086238	0.9295073962	0.9297912609	0.9252273243	0.9326903594	0.9287968723	0.9278225470	0.9310171093	0.9306553947	0.9296825323	0.9299162387	0.9288980771	0.9291546683	0.9266398034	0.9260871214	0.9275509606	0.9289205439	0.9305986531	0.9263720311	0.9315429879	0.9294947521	0.9290866933	0.9108342906	0.9172756635	0.9262079194	0.9286930028	0.9256679860	0.9296446524	0.9290876338	0.9279913088	0.9256774429	0.9304982320	0.9296134602	0.9296382258	0.9281634145	0.9293520622	0.9273563359	0.9267041732	0.9306233665	0.9272355902	0.9275255157	0.9277704032	0.9276042538	0.9296205659	0.9297645098	0.9282557372	0.9280692110
0.9290322506	0.9268060573	0.9297322727	0.9278148665	0.9267856805	0.9307113526	0.9295256308	0.9306891471	0.9294755770	0.9280057293	0.9300922631	0.9289879441	0.9298588702	0.9285586203	0.9303902348	0.9290841854	0.9297003490	1.0000000000	0.9251004655	0.9260695660	0.9253984373	0.9300916884	0.9283224582	0.9281400073	0.9298207289	0.9293054045	0.9216395416	0.9273163660	0.9294600593	0.9298768436	0.9290083210	0.9305838146	0.9294226496	0.9293572870	0.9279979443	0.9253963996	0.9263273066	0.9294996635	0.9262779843	0.9289819356	0.9281311251	0.9273899837	0.9263200964	0.9277086980	0.9244173720	0.9279509732	0.9280926182	0.9299031767	0.9290474549	0.9279805457	0.9273612995	0.9288517852	0.9295244814	0.9255999065	0.9130018091	0.9278722351	0.9284323885	0.9265766875	0.9285917457	0.9287319277	0.9248883899	0.9315381288	0.9285705851	0.9268866241	0.9301367786	0.9300259601	0.9287521478	0.9295263101	0.9282476387	0.9282864592	0.9262344093	0.9250169206	0.9266665545	0.9291731642	0.9300212577	0.9259660100	0.9300067327	0.9291695068	0.9278279808	0.9100916863	0.9164659724	0.9259495518	0.9281682736	0.9259341908	0.9288285870	0.9287971858	0.9274150629	0.9249728753	0.9287204854	0.9281268408	0.9285309287	0.9270999015	0.9290809460	0.9268098714	0.9253172435	0.9297304962	0.9265844203	0.9266608594	0.9264748034	0.9267855760	0.9286319768	0.9298365602	0.9282339497	0.9277279777
0.9259063425	0.9235045951	0.9261497148	0.9247119476	0.9235669795	0.9260242668	0.9262971072	0.9267201612	0.9256488109	0.9248564140	0.9264914184	0.9262132487	0.9256882061	0.9250339535	0.9268929462	0.9250024478	0.9262375441	0.9251004655	1.0000000000	0.9227266187	0.9234768513	0.9264695264	0.9248926743	0.9254336526	0.9260667969	0.9261877516	0.9195185763	0.9238291089	0.9262557788	0.9269091431	0.9261561936	0.9270405475	0.9263507661	0.9262031648	0.9248773655	0.9221156277	0.9235448785	0.9259648605	0.9236456131	0.9259062903	0.9246364489	0.9241609376	0.9238516802	0.9255425902	0.9222411280	0.9252368857	0.9253830241	0.9266635764	0.9265684845	0.9244503406	0.9251007268	0.9259688314	0.9255560180	0.9223367945	0.9127367015	0.9245777741	0.9252332283	0.9243897849	0.9257976139	0.9253249240	0.9213441823	0.9271060145	0.9254402881	0.9237139016	0.9268046989	0.9262710875	0.9251293588	0.9257720645	0.9258726424	0.9248547943	0.9234725669	0.9225462055	0.9239406589	0.9261596943	0.9264522844	0.9228602697	0.9260535258	0.9255063822	0.9250431492	0.9096758947	0.9155709600	0.9227601098	0.9245922991	0.9221419085	0.9254523052	0.9251166103	0.9247094397	0.9226249436	0.9256893555	0.9248656097	0.9256286431	0.9251628499	0.9256495946	0.9231513447	0.9230134093	0.9260736414	0.9242979325	0.9230143498	0.9240775494	0.9236424260	0.9252460814	0.9260214976	0.9246842038	0.9249130511
0.9258148036	0.9243178913	0.9269517254	0.9255506364	0.9241024195	0.9264324301	0.9267891811	0.9271587330	0.9266230317	0.9252661447	0.9266553734	0.9264017604	0.9270194914	0.9256684562	0.9272412330	0.9261669568	0.9260525854	0.9260695660	0.9227266187	1.0000000000	0.9226853948	0.9268877213	0.9262214517	0.9258877944	0.9261291813	0.9264823272	0.9197704128	0.9243530544	0.9266228750	0.9267276327	0.9260918238	0.9267449269	0.9264011334	0.9266001470	0.9251240818	0.9228559853	0.9235611799	0.9269248698	0.9238225257	0.9264532249	0.9252919554	0.9253500032	0.9242037289	0.9254248227	0.9223019449	0.9251606033	0.9258105192	0.9267725662	0.9263433991	0.9249735545	0.9241963096	0.9262752151	0.9270787409	0.9227024277	0.9122801564	0.9255422767	0.9254707489	0.9238818274	0.9256355398	0.9259142842	0.9222492264	0.9278829460	0.9258823083	0.9242936481	0.9266245469	0.9261232250	0.9256321960	0.9259601582	0.9252235102	0.9258717542	0.9239802109	0.9231830071	0.9244974163	0.9264548969	0.9267045390	0.9234143101	0.9273093647	0.9261265689	0.9247555749	0.9097790328	0.9158440093	0.9229147646	0.9249413174	0.9226121428	0.9264402151	0.9253415912	0.9248878152	0.9235362575	0.9259865436	0.9257802675	0.9257539344	0.9250993161	0.9266302942	0.9243870157	0.9232190584	0.9268332264	0.9236589364	0.9239528328	0.9241624005	0.9241076443	0.9265252230	0.9263819061	0.9255060687	0.9254052296
0.9263787189	0.9249603880	0.9265393300	0.9255580034	0.9242190899	0.9272931155	0.9270563264	0.9275529460	0.9275435936	0.9262643475	0.9263914675	0.9263316955	0.9265172290	0.9253136384	0.9269931061	0.9260412997	0.9266248604	0.9253984373	0.9234768513	0.9226853948	1.0000000000	0.9269568458	0.9256188727	0.9260751043	0.9264367667	0.9264459102	0.9198895911	0.9241728502	0.9263123636	0.9261759435	0.9261163282	0.9268778987	0.9263707772	0.9263302848	0.9255389851	0.9229734916	0.9236636387	0.9267536523	0.9237085722	0.9267819186	0.9250285720	0.9248775223	0.9238897692	0.9245559866	0.9222116077	0.9252152027	0.9248469048	0.9266700029	0.9259819980	0.9249949241	0.9245192560	0.9270601406	0.9262948605	0.9228841994	0.9116955507	0.9246869207	0.9255353800	0.9241003818	0.9260487712	0.9256900870	0.9219371477	0.9277103700	0.9254763917	0.9240756162	0.9266731900	0.9269368869	0.9253286859	0.9257124493	0.9255577422	0.9256034594	0.9238791105	0.9232888098	0.9245067687	0.9263879669	0.9267097116	0.9233596062	0.9271573745	0.9260276629	0.9252342211	0.9097386449	0.9157323548	0.9231482620	0.9252830732	0.9235346901	0.9254494316	0.9260926598	0.9246822183	0.9227527950	0.9268097147	0.9255539803	0.9266505665	0.9247750112	0.9260288646	0.9237217388	0.9237963493	0.9265059956	0.9237712179	0.9234241328	0.9242819967	0.9237685010	0.9257837681	0.9261244789	0.9255036130	0.9252667195
0.9305030911	0.9285689654	0.9303002634	0.9291006436	0.9278292348	0.9315934597	0.9316777884	0.9320629102	0.9320341214	0.9304976050	0.9316665550	0.9306074831	0.9315270000	0.9296868167	0.9320834438	0.9307791708	0.9311419304	0.9300916884	0.9264695264	0.9268877213	0.9269568458	1.0000000000	0.9297568293	0.9294534760	0.9311880133	0.9315572517	0.9230241724	0.9287146858	0.9311023785	0.9308496537	0.9307122930	0.9323691895	0.9309892088	0.9319745584	0.9292966790	0.9269909639	0.9284978556	0.9307140695	0.9271617634	0.9315738144	0.9291191917	0.9288613466	0.9275332484	0.9294767265	0.9256637539	0.9293980929	0.9297876036	0.9311809076	0.9310876967	0.9285554331	0.9278207183	0.9306876319	0.9304538210	0.9264689516	0.9133371906	0.9290974042	0.9296673803	0.9279666476	0.9304121269	0.9298446586	0.9259858643	0.9323502233	0.9302162482	0.9276127180	0.9314161814	0.9313209329	0.9304239350	0.9309953740	0.9294548345	0.9295719228	0.9279563547	0.9259722798	0.9291936455	0.9309875891	0.9324065470	0.9269108151	0.9320495869	0.9294740618	0.9294986185	0.9108817320	0.9175990802	0.9264928813	0.9297303395	0.9262505540	0.9301913780	0.9296500339	0.9292525815	0.9264920976	0.9305438969	0.9302955088	0.9303754486	0.9290169419	0.9301600291	0.9278455885	0.9266641511	0.9305481290	0.9276671607	0.9271222637	0.9283348933	0.9285345861	0.9297716678	0.9308321505	0.9292493944	0.9288237801
0.9290152700	0.9271604572	0.9290821477	0.9281100168	0.9262381711	0.9297029092	0.9303889286	0.9306303678	0.9295879630	0.9284145719	0.9302227270	0.9296614763	0.9294827350	0.9289275452	0.9302924784	0.9286499502	0.9291485552	0.9283224582	0.9248926743	0.9262214517	0.9256188727	0.9297568293	1.0000000000	0.9284193787	0.9287174027	0.9290180914	0.9210153318	0.9270101390	0.9298330595	0.9303349040	0.9291714922	0.9309206591	0.9296454883	0.9297602777	0.9276675787	0.9250053215	0.9260603703	0.9292231135	0.9256065421	0.9288552336	0.9281430900	0.9276240036	0.9268235082	0.9274730062	0.9245170094	0.9279589672	0.9284279997	0.9292318390	0.9288625483	0.9271495373	0.9267725140	0.9292772427	0.9290602557	0.9249461242	0.9130744865	0.9273787504	0.9282598126	0.9261921927	0.9290316237	0.9285451402	0.9243949052	0.9314452837	0.9279490922	0.9270425851	0.9301483255	0.9299743910	0.9283821780	0.9292058716	0.9280513421	0.9286993771	0.9259079100	0.9257695566	0.9270444661	0.9290922316	0.9309391027	0.9263841527	0.9297691599	0.9286900246	0.9278154935	0.9103119126	0.9169556953	0.9253983850	0.9277685223	0.9251551172	0.9283086647	0.9282106992	0.9278267268	0.9251900713	0.9293903601	0.9280886473	0.9289728966	0.9278323696	0.9288396114	0.9262473146	0.9257072767	0.9290845511	0.9268996339	0.9261120961	0.9275251500	0.9265531236	0.9286897111	0.9289580059	0.9276288627	0.9275131851
0.9290682497	0.9264970089	0.9290527842	0.9277602671	0.9264238614	0.9293479346	0.9299970668	0.9301823913	0.9294892138	0.9282613800	0.9299609632	0.9288905012	0.9294651796	0.9284356802	0.9295198313	0.9295470526	0.9288311994	0.9281400073	0.9254336526	0.9258877944	0.9260751043	0.9294534760	0.9284193787	1.0000000000	0.9292722791	0.9293680501	0.9213722919	0.9273352276	0.9292325182	0.9302368862	0.9291280217	0.9302297282	0.9292091110	0.9291836661	0.9276610999	0.9257565468	0.9268937299	0.9290722206	0.9260304843	0.9284396510	0.9282358829	0.9274757231	0.9269638470	0.9278573443	0.9248264235	0.9277869659	0.9279045767	0.9299224563	0.9291920258	0.9269165101	0.9268712631	0.9292468342	0.9288905534	0.9248249083	0.9136379316	0.9271993299	0.9281779918	0.9263530128	0.9287183432	0.9282244405	0.9244764125	0.9308224846	0.9280077148	0.9260454796	0.9295981514	0.9296875482	0.9282279411	0.9286705360	0.9284365161	0.9284133702	0.9261256807	0.9247794523	0.9266438265	0.9291927573	0.9301933112	0.9259090072	0.9297801321	0.9284335902	0.9279106898	0.9108040911	0.9165925699	0.9256648511	0.9272051817	0.9254766529	0.9295035821	0.9279381724	0.9268535510	0.9253520409	0.9286294167	0.9282325390	0.9286720512	0.9277085413	0.9289524676	0.9264265261	0.9255703863	0.9294921920	0.9265792477	0.9262151297	0.9266270026	0.9264190546	0.9284217821	0.9283569421	0.9273347051	0.9274703415
0.9295700419	0.9273669423	0.9295532179	0.9279736489	0.9269736175	0.9308850780	0.9303524594	0.9313749053	0.9304029312	0.9289399802	0.9301413242	0.9302353710	0.9311661736	0.9289736281	0.9306495429	0.9299830120	0.9298624753	0.9298207289	0.9260667969	0.9261291813	0.9264367667	0.9311880133	0.9287174027	0.9292722791	1.0000000000	0.9307279675	0.9217208922	0.9270385620	0.9305147947	0.9302315569	0.9295751622	0.9307706021	0.9307357003	0.9304151573	0.9292824675	0.9259978292	0.9268382422	0.9301541773	0.9263643506	0.9294579694	0.9288369467	0.9280837882	0.9275833023	0.9287263372	0.9250439852	0.9290247269	0.9288934271	0.9305698121	0.9302641598	0.9276609431	0.9273034606	0.9298381799	0.9298997805	0.9259403039	0.9131905821	0.9277997667	0.9286000531	0.9271954635	0.9301040712	0.9296263655	0.9249965960	0.9321561734	0.9287310395	0.9273899315	0.9305184520	0.9308918703	0.9288380962	0.9298964889	0.9287094610	0.9285367805	0.9271151580	0.9256667320	0.9271442602	0.9299518198	0.9308415030	0.9263979463	0.9304199641	0.9294212911	0.9291433304	0.9109143349	0.9169578897	0.9263144013	0.9289860109	0.9255722672	0.9296126764	0.9290639131	0.9280768914	0.9257955240	0.9299173360	0.9286143692	0.9292070733	0.9283930978	0.9300064192	0.9271383562	0.9264732360	0.9306697630	0.9268085130	0.9266855729	0.9267928385	0.9267521894	0.9292899390	0.9296055707	0.9281698411	0.9282446606
0.9303805689	0.9277411965	0.9306005340	0.9288806262	0.9274526816	0.9307677807	0.9313473182	0.9316310785	0.9309630846	0.9296813306	0.9313715092	0.9297544259	0.9309034171	0.9294724421	0.9314928819	0.9300607051	0.9303214762	0.9293054045	0.9261877516	0.9264823272	0.9264459102	0.9315572517	0.9290180914	0.9293680501	0.9307279675	1.0000000000	0.9235227775	0.9276779238	0.9312105846	0.9313836830	0.9306210154	0.9330532758	0.9306215378	0.9306224261	0.9296749041	0.9262683184	0.9271075820	0.9305385676	0.9271887757	0.9304184489	0.9289249850	0.9287045496	0.9272770753	0.9292426021	0.9255740437	0.9289817266	0.9297433493	0.9309683095	0.9308764570	0.9279533766	0.9284686488	0.9307137037	0.9307966217	0.9260944884	0.9130466381	0.9285785269	0.9294321065	0.9271722130	0.9297351463	0.9304028267	0.9259751535	0.9326922926	0.9299407432	0.9272052339	0.9311278234	0.9309753107	0.9296276194	0.9308089001	0.9297373407	0.9292599485	0.9274301626	0.9263282471	0.9279873902	0.9303740379	0.9316925747	0.9264910004	0.9311292341	0.9298204155	0.9288775436	0.9106364265	0.9175120868	0.9262191528	0.9287355851	0.9262000299	0.9295196223	0.9291398298	0.9286865762	0.9270280079	0.9298108018	0.9296831071	0.9296802857	0.9283655630	0.9305502712	0.9274654825	0.9265747543	0.9308337702	0.9274598919	0.9278394754	0.9279605346	0.9275822573	0.9297353553	0.9302094037	0.9284174455	0.9290941648
0.9217901211	0.9204146337	0.9224795890	0.9211166412	0.9199793013	0.9220080485	0.9227754708	0.9224843958	0.9218101322	0.9212735427	0.9228197251	0.9217142566	0.9218124311	0.9213552589	0.9228555151	0.9215076671	0.9216580898	0.9216395416	0.9195185763	0.9197704128	0.9198895911	0.9230241724	0.9210153318	0.9213722919	0.9217208922	0.9235227775	1.0000000000	0.9212010221	0.9226331988	0.9227009648	0.9224410298	0.9231231829	0.9225312102	0.9219038655	0.9210374328	0.9191963091	0.9200175993	0.9220964003	0.9200535461	0.9221623899	0.9210344547	0.9211086994	0.9204762344	0.9214413118	0.9189060178	0.9215899581	0.9215389115	0.9224037768	0.9220958256	0.9205131217	0.9201068393	0.9219266980	0.9219615476	0.9195847748	0.9113854574	0.9210316855	0.9215164970	0.9208370086	0.9213837865	0.9219807227	0.9192580143	0.9235768544	0.9217842693	0.9201906977	0.9225237910	0.9223604107	0.9213505566	0.9217595036	0.9217702145	0.9215220876	0.9207536726	0.9198214594	0.9209316824	0.9222239383	0.9228742200	0.9200264293	0.9221559111	0.9221767059	0.9208421811	0.9085097138	0.9138947317	0.9194186254	0.9206850707	0.9198068299	0.9221752952	0.9221429535	0.9210499724	0.9194558784	0.9220479662	0.9214641443	0.9214880740	0.9212662802	0.9227118847	0.9200088216	0.9190567540	0.9225131323	0.9204560143	0.9199467507	0.9208456818	0.9203033450	0.9209440652	0.9225366440	0.9210546225	0.9214362437
0.9276303779	0.9254329211	0.9284932055	0.9262759989	0.9251194317	0.9277523776	0.9280741223	0.9287933194	0.9279254238	0.9269527704	0.9287164100	0.9273217998	0.9287610822	0.9266957090	0.9288584730	0.9272042412	0.9278250026	0.9273163660	0.9238291089	0.9243530544	0.9241728502	0.9287146858	0.9270101390	0.9273352276	0.9270385620	0.9276779238	0.9212010221	1.0000000000	0.9280036394	0.9288345433	0.9284996843	0.9291486075	0.9278721828	0.9282674408	0.9261136113	0.9245294444	0.9251296201	0.9272494882	0.9244806968	0.9272396133	0.9257288030	0.9262963757	0.9252833344	0.9261991939	0.9231742294	0.9263070866	0.9267678639	0.9274961522	0.9276485081	0.9253349557	0.9255187650	0.9272040322	0.9273856994	0.9236637432	0.9121745626	0.9258613568	0.9264519187	0.9248930922	0.9268537077	0.9273553432	0.9234267452	0.9299781529	0.9269847986	0.9250712588	0.9291849723	0.9277454808	0.9269655190	0.9276817902	0.9267585114	0.9267925250	0.9248772610	0.9237841232	0.9248842100	0.9276557183	0.9288093596	0.9247462747	0.9284397555	0.9275264562	0.9264790878	0.9102362572	0.9157228456	0.9247366087	0.9261943871	0.9239707539	0.9270413312	0.9270820326	0.9258647007	0.9238484408	0.9274225866	0.9266467002	0.9266942461	0.9260106823	0.9270016225	0.9248472705	0.9243162194	0.9282193202	0.9252505748	0.9253986985	0.9256644854	0.9245798118	0.9263482582	0.9275154318	0.9261778244	0.9262647655
0.9298151384	0.9279923015	0.9302978077	0.9288830297	0.9279183180	0.9312694684	0.9313564094	0.9320447801	0.9310953772	0.9296040032	0.9312265725	0.9301735614	0.9308399878	0.9304179264	0.9312969509	0.9302251826	0.9302784236	0.9294600593	0.9262557788	0.9266228750	0.9263123636	0.9311023785	0.9298330595	0.9292325182	0.9305147947	0.9312105846	0.9226331988	0.9280036394	1.0000000000	0.9309863873	0.9307514270	0.9317798815	0.9305213257	0.9312248483	0.9290818865	0.9262549428	0.9277711347	0.9307107778	0.9267864642	0.9301958714	0.9292759887	0.9286753951	0.9272560715	0.9289837643	0.9253048607	0.9289019958	0.9293594292	0.9308326730	0.9307011119	0.9282997825	0.9278530600	0.9304232035	0.9307437465	0.9263308595	0.9136417457	0.9286979664	0.9298366124	0.9277079666	0.9299482147	0.9302451415	0.9258101535	0.9323213301	0.9298295589	0.9278798633	0.9314465377	0.9312744842	0.9300603394	0.9304218450	0.9292008557	0.9298367692	0.9275836680	0.9266185384	0.9280656581	0.9305074799	0.9318559027	0.9270879889	0.9315193195	0.9298399563	0.9291589526	0.9110210781	0.9174923370	0.9264872908	0.9289326655	0.9261924017	0.9307070160	0.9298029645	0.9284058987	0.9266840054	0.9302338036	0.9295570843	0.9297355643	0.9287848029	0.9300061580	0.9277439656	0.9267400678	0.9308035707	0.9274676246	0.9273888865	0.9283684889	0.9282763230	0.9297888575	0.9302252871	0.9284235063	0.9291751496
