0.4417509157	-0.0029492106	-0.0022332327	-0.0033638241	-0.0033287746	-0.0021546045	-0.0043893674	-0.0014294721	-0.0017690027	-0.0030317168	-0.0035108889	-0.0038498450	-0.0017402593	-0.0048764006	-0.0004358132	-0.0048578803	-0.0043419754	-0.0038875018	-0.0064385677	-0.0064400133	-0.0046491612	-0.0029107877	-0.0041310528	-0.0027318566	-0.0038726989	-0.0024753889	-0.0093854404	-0.0040466260	-0.0045895449	-0.0049004326	-0.0027870696	-0.0030574143	-0.0023087232	-0.0048523353	-0.0035010467	-0.0055151856	-0.0034745907	-0.0027743889	-0.0023112847	-0.0021514212	-0.0039750714	-0.0064033084	-0.0008807232	-0.0050337265	-0.0055051230	-0.0043748529	-0.0059034506	-0.0032208716	-0.0028371318	-0.0050697447	-0.0044161010	-0.0032272307	-0.0013809992	-0.0070862434	-0.0150157061	-0.0049445575	-0.0043341000	-0.0060973252	-0.0035915451	-0.0041584229	-0.0058784668	-0.0024265794	-0.0036357198	-0.0058528716	-0.0027465625	-0.0016655376	-0.0032217784	-0.0040274559	-0.0044682663	-0.0041854853	-0.0061954975	-0.0074643925	-0.0042860577	-0.0032222162	-0.0027579924	-0.0085076890	-0.0018257362	-0.0019510909	-0.0039566216	-0.0178344333	-0.0116531842	-0.0024983826	-0.0020588909	-0.0068389881	-0.0035554765	-0.0059074151	-0.0056224127	-0.0072240398	-0.0026353156	-0.0035444427	-0.0004164228	-0.0051555120	-0.0045622414	-0.0014022555	-0.0055898706	-0.0033399219	-0.0052076754	-0.0029649704	-0.0069469197	-0.0052050993	0.0000360369	-0.0051962340	-0.0043912286	-0.0048485655
-0.0029492106	0.5192457008	-0.0059498816	-0.0045677186	-0.0030390372	-0.0012843538	-0.0054799016	-0.0037815943	-0.0025061491	-0.0053736049	-0.0030408800	-0.0066970583	-0.0061698157	-0.0049180371	-0.0062258694	-0.0045683717	-0.0058805239	-0.0053179891	-0.0075641387	-0.0050427090	-0.0040270527	-0.0033473319	-0.0046214868	-0.0054886225	-0.0049410488	-0.0052254988	-0.0065661033	-0.0054581094	-0.0049380920	-0.0044881497	-0.0073203676	-0.0052903383	-0.0051541650	-0.0064701113	-0.0054685317	-0.0063970423	-0.0037144147	-0.0051502066	-0.0056452613	-0.0047013533	-0.0022894096	-0.0051060254	-0.0066953904	-0.0049591310	-0.0031450017	-0.0059648673	-0.0060050131	-0.0042404555	-0.0064170916	-0.0033540112	-0.0035890487	-0.0057682211	-0.0069105412	-0.0051052981	-0.0047818658	-0.0058555274	-0.0048801545	-0.0053291412	-0.0040011251	-0.0055952027	-0.0046331683	-0.0053870347	-0.0074292336	-0.0059016011	-0.0066535008	-0.0041990801	-0.0043336358	-0.0035894119	-0.0044515278	-0.0036568144	-0.0041999366	-0.0029184430	-0.0052416779	-0.0053461818	-0.0030943938	-0.0054109602	-0.0061349709	-0.0066370827	-0.0078419686	-0.0081670753	-0.0054489339	-0.0039963653	-0.0058274450	-0.0047152493	-0.0056127462	-0.0029479210	-0.0042575472	-0.0053968381	-0.0026402937	-0.0048443568	-0.0038973798	-0.0065016865	-0.0061019153	-0.0038004006	-0.0074879013	-0.0048188774	-0.0046664676	-0.0061931745	-0.0070648690	-0.0018837399	-0.0056797846	-0.0039760639	-0.0035029698	-0.0079924194
-0.0022332327	-0.0059498816	0.4269119131	-0.0019611150	-0.0053499305	-0.0008663041	-0.0037479981	-0.0005052839	-0.0002356133	-0.0040098082	-0.0019801806	-0.0010034473	-0.0029572987	-0.0049371779	-0.0015762033	-0.0034476541	-0.0015603434	-0.0022559603	-0.0055939296	-0.0037002807	-0.0049454451	-0.0041991803	-0.0041381937	-0.0045701585	-0.0050886222	-0.0015519654	-0.0069467311	-0.0026570018	-0.0033930806	-0.0033873706	-0.0041020928	-0.0029248810	-0.0032304021	-0.0018557145	-0.0037788220	-0.0063341838	-0.0064184310	-0.0020646219	-0.0051903703	-0.0008136695	-0.0058449628	-0.0033488968	-0.0051332668	-0.0052231570	-0.0076112731	-0.0045181340	-0.0050576194	-0.0040462763	-0.0029036285	-0.0069175482	-0.0044402230	-0.0008904685	-0.0030926275	-0.0056393871	-0.0139785833	-0.0038439141	-0.0050073464	-0.0045653088	-0.0034693052	-0.0037246726	-0.0062067893	0.0010348594	-0.0029844277	-0.0053219364	-0.0030042689	-0.0030656256	0.0002242327	-0.0043508645	-0.0032425037	-0.0041411131	-0.0080976403	-0.0064806152	-0.0055771351	-0.0034420569	-0.0038755896	-0.0050621558	0.0004469742	-0.0036165874	-0.0028082873	-0.0155612248	-0.0123121921	-0.0051503698	-0.0046946237	-0.0049745311	-0.0045928064	-0.0049023413	-0.0022634863	-0.0061815086	-0.0030138823	-0.0032267258	-0.0028629158	-0.0047907343	-0.0035783068	-0.0041778542	-0.0073659375	-0.0025338109	-0.0066105548	-0.0057107705	-0.0031064791	-0.0062866821	-0.0023289725	-0.0023909936	-0.0045229629	-0.0034805344
-0.0033638241	-0.0045677186	-0.0019611150	0.4751220784	-0.0033816340	-0.0030526620	-0.0048400797	-0.0038550952	-0.0044423017	-0.0043830949	-0.0036940228	-0.0058186899	-0.0045419925	-0.0045219510	-0.0038205538	-0.0049706491	-0.0055912372	-0.0048176407	-0.0058145145	-0.0041949675	-0.0050492475	-0.0047809916	-0.0037258673	-0.0048191593	-0.0061867651	-0.0040072394	-0.0083089078	-0.0053383162	-0.0043457774	-0.0020184047	-0.0047276957	-0.0046744481	-0.0053723320	-0.0046442804	-0.0057773988	-0.0046196568	-0.0064162579	-0.0025227357	-0.0020788380	-0.0024342303	-0.0060749847	-0.0062343340	-0.0053865295	-0.0041167415	-0.0061985769	-0.0022069285	-0.0070238624	-0.0052562794	-0.0038186887	-0.0053244979	-0.0057242437	-0.0024678327	-0.0054395081	-0.0051311077	-0.0101996533	-0.0048245435	-0.0040183426	-0.0053524838	-0.0038055768	-0.0020242584	-0.0049544222	-0.0038182132	-0.0029627880	-0.0041045402	-0.0050134065	-0.0037770012	-0.0046900441	-0.0047660536	-0.0046879174	-0.0048768165	-0.0060850192	-0.0048277099	-0.0054357970	-0.0048048256	-0.0049738842	-0.0058482864	-0.0039612983	-0.0025193365	-0.0067109721	-0.0097323601	-0.0065218510	-0.0044699741	-0.0056358032	-0.0032030496	-0.0040766532	-0.0029219853	-0.0047551025	-0.0077406089	-0.0029871152	-0.0042780906	-0.0033922085	-0.0054525182	-0.0052503341	-0.0053873108	-0.0013155123	-0.0007531393	-0.0031064888	-0.0060961036	-0.0042130570	-0.0059542864	-0.0010251479	-0.0035802043	-0.0056774998	-0.0046660731
-0.0033287746	-0.0030390372	-0.0053499305	-0.0033816340	0.5424406861	-0.0048472243	-0.0054652913	-0.0042028114	-0.0025523871	-0.0068539959	-0.0061209462	-0.0053790281	-0.0059525449	-0.0049758651	-0.0064538623	-0.0051333645	-0.0046262255	-0.0049044717	-0.0063405142	-0.0056456710	-0.0047718329	-0.0052240982	-0.0068212857	-0.0043524917	-0.0058353444	-0.0061849749	-0.0082186382	-0.0054292783	-0.0048986877	-0.0046743466	-0.0059856435	-0.0052027246	-0.0046674434	-0.0061708493	-0.0056641020	-0.0057178495	-0.0061326936	-0.0051139819	-0.0066568832	-0.0042598145	-0.0063593204	-0.0040999184	-0.0050428338	-0.0063696874	-0.0050813932	-0.0048461031	-0.0062153043	-0.0065811150	-0.0032099737	-0.0041379986	-0.0066827903	-0.0042546587	-0.0054222397	-0.0039074275	-0.0098408895	-0.0067104676	-0.0053314301	-0.0054408026	-0.0045023058	-0.0039866116	-0.0058746185	-0.0056038156	-0.0026108136	-0.0070132864	-0.0062090110	-0.0049670546	0.0030346265	-0.0080123874	-0.0043096974	-0.0034938763	-0.0066362973	-0.0044773003	-0.0077688381	-0.0060267717	-0.0080568804	-0.0029286477	-0.0051192088	-0.0024013376	-0.0017444189	-0.0089757911	-0.0091963252	-0.0055726024	-0.0052702792	-0.0051552905	-0.0070994958	-0.0047804117	-0.0056079790	-0.0061503121	-0.0049845387	-0.0043724416	-0.0040913935	-0.0064267977	-0.0057834138	-0.0036666619	-0.0058028214	-0.0049478983	-0.0054782497	-0.0048125634	-0.0056303199	-0.0071081716	-0.0046636209	-0.0031464524	-0.0041281181	-0.0048092853
-0.0021546045	-0.0012843538	-0.0008663041	-0.0030526620	-0.0048472243	0.3974014529	-0.0012268619	0.0009140222	0.0018493879	-0.0019417982	-0.0032009380	-0.0030795215	-0.0034824087	-0.0033075320	-0.0000218080	-0.0007123848	-0.0018146680	0.0003006715	-0.0073561361	-0.0063468961	-0.0048287494	-0.0015829206	-0.0026277004	-0.0048478182	-0.0014299961	-0.0029863635	-0.0107926398	-0.0059004621	-0.0024225902	-0.0014986332	-0.0014970207	-0.0005901357	-0.0033291649	-0.0010840150	-0.0026816449	-0.0071826913	-0.0044855281	-0.0023014788	-0.0042038806	-0.0038549201	-0.0040387065	-0.0040611940	-0.0054677576	-0.0039762018	-0.0062792317	-0.0044322434	-0.0050808398	-0.0036238255	-0.0039723232	-0.0055539447	-0.0040574490	-0.0017510549	0.0000672300	-0.0073591555	-0.0143312453	-0.0046173739	-0.0028946850	-0.0050245587	-0.0040414460	-0.0041878058	-0.0089129548	-0.0004877927	-0.0031674681	-0.0046308389	-0.0030848508	0.0006130617	-0.0025143380	-0.0018479820	-0.0034476705	-0.0048524152	-0.0052651425	-0.0067877088	-0.0034237347	-0.0052813257	-0.0043520048	-0.0044830355	0.0004865675	-0.0013366874	-0.0028017002	-0.0175069722	-0.0128341152	-0.0058755614	-0.0024900615	-0.0069813259	-0.0045977080	-0.0059005241	-0.0040117683	-0.0054175012	-0.0025509537	-0.0032590046	-0.0027962453	-0.0047235065	-0.0031847246	-0.0034044104	-0.0053228097	-0.0032021766	-0.0052657316	-0.0058416054	-0.0019406200	-0.0037180108	-0.0040085701	-0.0042322889	-0.0030888904	-0.0032241584
-0.0043893674	-0.0054799016	-0.0037479981	-0.0048400797	-0.0054652913	-0.0012268619	0.3826026152	-0.0028931886	-0.0021955845	-0.0025509390	-0.0030469787	-0.0045697502	-0.0035140068	-0.0031059899	-0.0022372257	-0.0003925823	-0.0043789808	-0.0035332297	-0.0059172774	-0.0059346367	-0.0051130773	-0.0004890516	-0.0010761356	-0.0025343539	-0.0029539056	-0.0002791415	-0.0078612045	-0.0047777919	-0.0007943629	-0.0021408557	0.0000499743	-0.0023091326	-0.0017417457	0.0004950458	-0.0036574231	-0.0075233602	-0.0061006344	-0.0010010321	-0.0049610567	-0.0024101274	-0.0032198348	-0.0024837723	-0.0048167283	-0.0030737308	-0.0042903977	-0.0045528044	-0.0035052644	-0.0005930571	-0.0012283574	-0.0053212164	-0.0028130617	-0.0028808351	-0.0040678561	-0.0078944255	-0.0144836769	-0.0040519871	-0.0044381482	-0.0058633400	-0.0017682619	-0.0038017872	-0.0051948967	-0.0019017625	-0.0032303230	-0.0057416888	0.0005889795	-0.0015763180	-0.0029591398	-0.0026148430	0.0010363062	0.0020244650	-0.0048875074	-0.0068303040	-0.0040888580	-0.0025760820	-0.0001670023	-0.0031865231	-0.0039427440	-0.0012659621	-0.0030363987	-0.0170734180	-0.0129023603	-0.0064390417	-0.0017445743	-0.0068002081	0.0001485754	-0.0033373585	-0.0041376247	-0.0054391016	-0.0029985981	-0.0033913438	-0.0047626832	0.0006166892	-0.0009674618	-0.0049602251	-0.0040305033	-0.0045551670	-0.0051010722	-0.0060195991	-0.0039973863	-0.0074116897	-0.0038322035	-0.0030127288	-0.0044474125	-0.0047077290
-0.0014294721	-0.0037815943	-0.0005052839	-0.0038550952	-0.0042028114	0.0009140222	-0.0028931886	0.4146842509	0.0051138347	-0.0024733026	-0.0006875436	-0.0036114941	-0.0018618502	-0.0036753496	-0.0009139709	-0.0044403921	-0.0007835193	-0.0019259779	-0.0075681944	-0.0068994542	-0.0056028011	-0.0013727405	-0.0024214508	-0.0033494404	-0.0018106784	-0.0021745405	-0.0122075535	-0.0043868132	-0.0012769664	-0.0042897800	-0.0033030765	-0.0015678579	-0.0029652573	-0.0008845304	-0.0018635132	-0.0078137909	-0.0058605830	-0.0024268530	-0.0071897848	-0.0005285720	-0.0034966799	-0.0054341410	-0.0046731690	-0.0054653699	-0.0086271304	-0.0028703131	-0.0046006139	-0.0024735765	-0.0030278744	-0.0040128628	-0.0031291147	-0.0025208384	-0.0017741695	-0.0055086018	-0.0201578494	-0.0049543089	-0.0029679909	-0.0051326138	-0.0046061806	-0.0010648045	-0.0066393420	0.0017807368	-0.0045665375	-0.0053902390	-0.0017403942	-0.0003128546	-0.0015423184	-0.0019650348	-0.0032958102	-0.0053974633	-0.0070120371	-0.0064115452	-0.0052184880	-0.0034439749	-0.0015650026	-0.0070073952	0.0023277713	-0.0022067204	-0.0036595289	-0.0232160281	-0.0151250487	-0.0069152174	-0.0008840737	-0.0056484914	-0.0043329885	-0.0021443438	-0.0057386764	-0.0065821160	-0.0017924169	-0.0042165113	-0.0006346781	-0.0044532637	-0.0043999326	-0.0061898516	-0.0084091690	-0.0024698907	-0.0053765530	-0.0063014629	-0.0057796950	-0.0038568066	-0.0030159545	-0.0035273713	-0.0018289310	-0.0033031755
-0.0017690027	-0.0025061491	-0.0002356133	-0.0044423017	-0.0025523871	0.0018493879	-0.0021955845	0.0051138347	0.4229151940	-0.0039208390	-0.0030554369	-0.0032125982	-0.0016520802	-0.0027698472	-0.0003609715	-0.0036209943	-0.0008745684	-0.0032585700	-0.0092637118	-0.0059736607	-0.0026112474	0.0002316598	-0.0037464905	-0.0037380569	-0.0026330343	-0.0019875632	-0.0122455095	-0.0045432959	-0.0024648366	-0.0038008501	-0.0039673702	-0.0004014421	-0.0004540906	-0.0033353208	-0.0036903431	-0.0046834494	-0.0052618636	0.0003276248	-0.0070790318	-0.0052598612	-0.0051354614	-0.0059142008	-0.0042916608	-0.0060787332	-0.0080285249	-0.0040812947	-0.0035683893	-0.0025917458	-0.0031184964	-0.0051671403	-0.0064805634	0.0010612915	-0.0053597155	-0.0079875057	-0.0176691018	-0.0058508432	-0.0054293726	-0.0066823004	-0.0043873771	-0.0005531896	-0.0081538759	-0.0003051329	-0.0013050046	-0.0042736528	-0.0029801656	-0.0014804570	-0.0038141988	-0.0004074709	-0.0037493677	-0.0049259994	-0.0052109278	-0.0063196486	-0.0044254065	-0.0046471853	-0.0048742037	-0.0056420628	-0.0005238408	-0.0017494436	-0.0044767135	-0.0201707688	-0.0139479256	-0.0055874552	-0.0033734362	-0.0068120737	-0.0045873695	-0.0052795861	-0.0057800950	-0.0062460705	-0.0026262348	-0.0018111876	-0.0017985363	-0.0045059358	-0.0009799113	-0.0049417434	-0.0063199663	-0.0018791743	-0.0071065593	-0.0076352522	-0.0038858415	-0.0034445316	-0.0010714153	-0.0045306781	-0.0048637263	-0.0011051690
-0.0030317168	-0.0053736049	-0.0040098082	-0.0043830949	-0.0068539959	-0.0019417982	-0.0025509390	-0.0024733026	-0.0039208390	0.4594469502	-0.0052262127	-0.0053387096	-0.0043982263	-0.0052680296	-0.0039721709	-0.0031661157	-0.0036006762	-0.0054879819	-0.0076620310	-0.0053259942	-0.0028148756	-0.0008747901	-0.0042681617	-0.0039277240	-0.0041557017	-0.0028691306	-0.0091055916	-0.0039001978	-0.0036536779	-0.0040874960	-0.0027477818	-0.0024249696	-0.0044662624	-0.0044540025	-0.0042526748	-0.0039969274	-0.0056609925	-0.0029264364	-0.0057748101	0.0007751662	-0.0060422885	-0.0041583043	-0.0057046801	-0.0029521764	-0.0056536916	-0.0050203284	-0.0065811165	-0.0032888587	-0.0029743922	-0.0016606343	-0.0045479941	-0.0044197386	-0.0046304056	-0.0048209116	-0.0147831815	-0.0061515248	-0.0037546442	-0.0032990626	-0.0045817150	-0.0049709238	-0.0052697730	-0.0039594664	-0.0040995960	-0.0078197211	-0.0037155393	-0.0028313391	-0.0035890359	-0.0032456660	-0.0027734838	-0.0055276726	-0.0049275083	-0.0059275992	-0.0053958715	-0.0029428064	-0.0021133488	-0.0067222327	-0.0025977039	-0.0044982206	-0.0042911614	-0.0152650565	-0.0104625245	-0.0068676428	-0.0051082405	-0.0082705533	-0.0040716451	0.0005936928	-0.0052508139	-0.0012422316	-0.0016922233	-0.0032920962	-0.0009492721	-0.0056151132	-0.0038063726	-0.0023237691	-0.0033503546	-0.0040526822	-0.0053525332	-0.0046761680	-0.0064998515	-0.0054932582	-0.0020411039	-0.0023994024	-0.0060428682	-0.0040982614
-0.0035108889	-0.0030408800	-0.0019801806	-0.0036940228	-0.0061209462	-0.0032009380	-0.0030469787	-0.0006875436	-0.0030554369	-0.0052262127	0.4047479060	-0.0018118661	-0.0001435081	-0.0018017471	-0.0017356338	-0.0031874235	-0.0026172776	-0.0027460240	-0.0043314056	-0.0071889479	-0.0081264375	-0.0009595434	-0.0020111366	-0.0029531689	-0.0042186417	-0.0005728931	-0.0077969557	-0.0027836780	-0.0023809749	-0.0030037250	-0.0001366774	-0.0011142516	0.0030671192	-0.0004136190	-0.0030097856	-0.0063668243	-0.0023661958	-0.0033608672	-0.0042901882	-0.0032112256	-0.0042886417	-0.0024804121	-0.0066148936	-0.0059124900	-0.0053534835	-0.0038063556	-0.0035224829	-0.0029530432	-0.0002244791	-0.0049666718	-0.0010246655	-0.0024401392	-0.0031334398	-0.0070585745	-0.0178555745	-0.0048978724	-0.0051438043	-0.0031167881	-0.0030994403	-0.0034562319	-0.0021045333	-0.0004436694	-0.0046746522	-0.0050349421	-0.0017348840	-0.0014794406	-0.0025942161	-0.0019160202	-0.0010143673	-0.0017639074	-0.0043739557	-0.0077374617	-0.0055747094	-0.0028269470	-0.0004980569	-0.0056754829	-0.0027902898	-0.0056274172	-0.0034154149	-0.0199948891	-0.0151047883	-0.0066912459	-0.0018805684	-0.0072504852	-0.0023577803	-0.0015705533	-0.0034629749	-0.0064161903	-0.0034198421	-0.0037982297	-0.0038910507	-0.0028742783	-0.0041749038	-0.0059193763	-0.0085158322	-0.0041563477	-0.0051122277	-0.0042567984	-0.0068712759	-0.0070097273	-0.0023552413	-0.0004788752	-0.0044166312	-0.0050004077
-0.0038498450	-0.0066970583	-0.0010034473	-0.0058186899	-0.0053790281	-0.0030795215	-0.0045697502	-0.0036114941	-0.0032125982	-0.0053387096	-0.0018118661	0.4419772668	-0.0019684484	-0.0012311629	-0.0025829375	-0.0037949386	-0.0027538108	-0.0044061527	-0.0051925047	-0.0056188243	-0.0046826168	-0.0032801830	-0.0010447200	-0.0037644146	-0.0026764779	-0.0045777081	-0.0109897758	-0.0059384355	-0.0042131986	-0.0032019210	-0.0048254719	-0.0038859647	-0.0011436947	-0.0021819271	-0.0027989628	-0.0054051772	-0.0048630154	-0.0039470204	-0.0057915250	-0.0036287444	-0.0046528983	-0.0038431943	-0.0053148962	-0.0052811012	-0.0055188581	-0.0031364220	-0.0030932862	-0.0004275039	-0.0001725645	-0.0045883110	-0.0038955060	-0.0029492769	-0.0036919300	-0.0066928620	-0.0170382099	-0.0042850562	-0.0032349518	-0.0054931656	-0.0035706820	-0.0025193778	-0.0050761783	-0.0020849810	-0.0040738974	-0.0064025479	-0.0039300064	-0.0030188863	-0.0027524748	-0.0016869338	-0.0033050140	-0.0043318874	-0.0064137194	-0.0070328738	-0.0040743257	-0.0023272551	-0.0028255434	-0.0037412287	-0.0018933570	-0.0028501909	-0.0039805515	-0.0155264153	-0.0124795085	-0.0061795528	-0.0018205096	-0.0060802466	-0.0045675208	-0.0018529701	-0.0052041897	-0.0079171783	-0.0034359256	-0.0039933657	-0.0045821257	-0.0003149675	-0.0035458679	-0.0043385459	-0.0061416195	-0.0033265448	-0.0018796450	-0.0049685707	-0.0053141749	-0.0061046132	-0.0039543343	-0.0033915307	-0.0048685946	-0.0042250988
-0.0017402593	-0.0061698157	-0.0029572987	-0.0045419925	-0.0059525449	-0.0034824087	-0.0035140068	-0.0018618502	-0.0016520802	-0.0043982263	-0.0001435081	-0.0019684484	0.4753068660	-0.0022730145	-0.0004484323	-0.0045293102	-0.0030631923	-0.0039514679	-0.0088928479	-0.0038863630	-0.0071174636	-0.0015144488	-0.0046853333	-0.0026983259	-0.0009592893	-0.0023136480	-0.0117712294	-0.0027339587	-0.0031516897	-0.0015103066	-0.0028395373	-0.0009750553	-0.0020706876	-0.0045282295	-0.0016457917	-0.0067483712	-0.0058243301	-0.0039089508	-0.0063809737	-0.0043373880	-0.0034894965	-0.0039370080	-0.0053944515	-0.0043439871	-0.0084126089	-0.0037224764	-0.0025329109	-0.0028661450	-0.0038808313	-0.0034096971	-0.0066701698	-0.0024229107	-0.0025491872	-0.0089419997	-0.0165044854	-0.0055106233	-0.0033910501	-0.0075578915	-0.0038949978	-0.0043478300	-0.0079223574	-0.0010268159	-0.0040517118	-0.0072431180	-0.0007391376	-0.0017623490	-0.0040093698	-0.0031482734	-0.0033024400	-0.0045195378	-0.0062988160	-0.0083369255	-0.0055895599	-0.0044541032	-0.0016813091	-0.0066815449	-0.0026581267	-0.0035826502	-0.0036969217	-0.0191393826	-0.0146055368	-0.0080878387	-0.0039111687	-0.0079453402	-0.0042076334	-0.0043818276	-0.0064744067	-0.0087853957	-0.0030227483	-0.0032216005	-0.0041218875	-0.0037181175	-0.0038618960	-0.0070426396	-0.0050915136	-0.0021998545	-0.0054242492	-0.0050329201	-0.0044732947	-0.0066776940	-0.0030865998	-0.0036237329	-0.0050688672	-0.0044728183
-0.0048764006	-0.0049180371	-0.0049371779	-0.0045219510	-0.0049758651	-0.0033075320	-0.0031059899	-0.0036753496	-0.0027698472	-0.0052680296	-0.0018017471	-0.0012311629	-0.0022730145	0.4600476583	-0.0053818883	-0.0049034305	-0.0037999185	-0.0028239767	-0.0068306679	-0.0053239299	-0.0075210403	-0.0040372372	-0.0015762249	-0.0032508750	-0.0045874055	-0.0043687527	-0.0089993297	-0.0055720335	-0.0005493524	-0.0042332452	-0.0043823277	-0.0036943763	-0.0021202284	-0.0040052186	-0.0058840997	-0.0055125305	-0.0052021614	-0.0052574148	-0.0059610383	-0.0033934385	-0.0030447807	-0.0025628461	-0.0051983277	-0.0033408901	-0.0071853382	-0.0015737094	-0.0045954305	-0.0047901238	-0.0025188434	-0.0050063081	-0.0046734784	-0.0033162568	-0.0042967435	-0.0061119957	-0.0128378252	-0.0055800969	-0.0057575548	-0.0028580143	-0.0039375909	-0.0017239251	-0.0024631664	-0.0026691198	-0.0039822874	-0.0027170741	-0.0041583655	-0.0039417888	-0.0032487656	-0.0033740625	-0.0045017059	-0.0033971373	-0.0048755516	-0.0060826654	-0.0026889611	-0.0053412622	-0.0033309063	-0.0038296600	-0.0036535379	-0.0048946940	-0.0026572136	-0.0112315461	-0.0085695242	-0.0035250179	-0.0032173009	-0.0042593147	-0.0033020993	-0.0048403152	-0.0056468943	-0.0060365747	-0.0049588907	-0.0062555519	-0.0055222569	-0.0046073631	-0.0025202818	-0.0046477711	-0.0074951384	-0.0033400757	-0.0052131905	-0.0050890523	-0.0037685026	-0.0044714239	-0.0051242808	-0.0025575449	-0.0065831200	-0.0077123746
-0.0004358132	-0.0062258694	-0.0015762033	-0.0038205538	-0.0064538623	-0.0000218080	-0.0022372257	-0.0009139709	-0.0003609715	-0.0039721709	-0.0017356338	-0.0025829375	-0.0004484323	-0.0053818883	0.4179115745	-0.0041732561	-0.0020044047	-0.0024049729	-0.0058142942	-0.0056053401	-0.0061833053	-0.0006924311	-0.0017502134	-0.0052500146	-0.0041220900	-0.0015926029	-0.0098575339	-0.0030408072	-0.0027388511	-0.0008334497	-0.0023457762	-0.0016786483	-0.0032176343	-0.0024835636	-0.0017960493	-0.0056338238	-0.0072604594	-0.0044692074	-0.0048947384	-0.0021942704	-0.0031260770	-0.0040106852	-0.0060693044	-0.0049157162	-0.0066793425	-0.0031030753	-0.0047550829	-0.0017740146	-0.0026744422	-0.0053002617	-0.0058930492	-0.0016168837	-0.0009806870	-0.0035423658	-0.0177641471	-0.0042334114	-0.0041211106	-0.0064693785	-0.0038147175	-0.0027915427	-0.0061418277	0.0002509090	-0.0036072065	-0.0073604422	-0.0012309348	-0.0009014849	-0.0026834949	-0.0039152577	-0.0031408995	-0.0041560873	-0.0045269961	-0.0089234050	-0.0049919249	-0.0035464704	-0.0028946546	-0.0046459046	-0.0000231856	-0.0036554099	-0.0024950403	-0.0199918152	-0.0145810967	-0.0075910703	-0.0028357649	-0.0072747672	-0.0028887010	-0.0041407554	-0.0039681461	-0.0081204659	-0.0022886835	-0.0029963151	-0.0020139452	-0.0034611975	-0.0029153921	-0.0059733993	-0.0055756928	0.0004425890	-0.0062789220	-0.0007510098	-0.0042809498	-0.0063716068	-0.0015979350	-0.0036553152	-0.0035923953	-0.0047787287
-0.0048578803	-0.0045683717	-0.0034476541	-0.0049706491	-0.0051333645	-0.0007123848	-0.0003925823	-0.0044403921	-0.0036209943	-0.0031661157	-0.0031874235	-0.0037949386	-0.0045293102	-0.0049034305	-0.0041732561	0.4323421886	-0.0046821893	-0.0033300227	-0.0076782676	-0.0053047761	-0.0060038718	-0.0008092244	-0.0037332126	-0.0003428397	-0.0013692247	-0.0025586831	-0.0092661469	-0.0048886780	-0.0022483999	-0.0017871905	0.0028844801	0.0000663863	-0.0017372593	-0.0027332223	-0.0045365608	-0.0056152304	-0.0031031316	-0.0027886562	-0.0056373002	-0.0026977879	-0.0014323925	-0.0034443985	-0.0043488546	-0.0037928677	-0.0070450333	-0.0048920540	-0.0028538197	-0.0023464352	-0.0031012640	-0.0048703547	-0.0067883206	-0.0032670358	-0.0049205452	-0.0072397106	-0.0129546341	-0.0042772143	-0.0018324090	-0.0052157722	-0.0032472445	-0.0026193790	-0.0063933758	-0.0042610215	-0.0044956976	-0.0081044029	-0.0011389505	-0.0039302793	-0.0026919791	-0.0022469481	-0.0055386839	-0.0019499474	-0.0052223807	-0.0055282834	-0.0028448024	-0.0040953102	-0.0037710558	-0.0043622154	-0.0015082370	-0.0021197386	-0.0048055362	-0.0175457864	-0.0133956585	-0.0071846874	-0.0040997892	-0.0065685637	-0.0023047609	-0.0000844461	-0.0050713872	-0.0045488819	-0.0041370350	-0.0043908876	-0.0062250034	-0.0051748626	0.0006426789	-0.0051475836	-0.0057464955	-0.0057823066	-0.0052466358	-0.0046953711	-0.0046673425	-0.0049408923	-0.0037178373	-0.0019934902	-0.0034433740	-0.0055734462
-0.0043419754	-0.0058805239	-0.0015603434	-0.0055912372	-0.0046262255	-0.0018146680	-0.0043789808	-0.0007835193	-0.0008745684	-0.0036006762	-0.0026172776	-0.0027538108	-0.0030631923	-0.0037999185	-0.0020044047	-0.0046821893	0.4493636895	-0.0017133798	-0.0058757854	-0.0066779986	-0.0049331817	-0.0009597879	-0.0042815418	-0.0053116257	-0.0035197970	-0.0036175823	-0.0115585306	-0.0047688924	-0.0040562378	-0.0000268153	-0.0043378230	-0.0014994780	-0.0033719740	-0.0017476094	-0.0031866524	-0.0041842392	-0.0060991427	-0.0032187187	-0.0055895139	-0.0035085756	-0.0035542018	-0.0048968917	-0.0056555657	-0.0051020930	-0.0081542626	-0.0043537064	-0.0031800221	-0.0037559506	-0.0037396761	-0.0052544392	-0.0046070801	-0.0015657690	-0.0032394056	-0.0065886416	-0.0136140246	-0.0024258743	-0.0043254351	-0.0057356819	-0.0026590699	-0.0024811432	-0.0067122708	-0.0003762009	-0.0056170436	-0.0022746869	-0.0025473100	-0.0026915394	-0.0035609941	-0.0035994709	-0.0039482336	-0.0046712667	-0.0071757274	-0.0059314624	-0.0050757960	-0.0062434824	-0.0037152392	-0.0067049745	-0.0002334494	-0.0045690868	-0.0033452867	-0.0159266727	-0.0127379785	-0.0065114410	-0.0053564084	-0.0072052544	-0.0033793360	-0.0045129917	-0.0042019217	-0.0067860238	-0.0017219078	-0.0031121092	-0.0027453208	-0.0055208992	-0.0046639737	-0.0049350572	-0.0043778966	-0.0017704845	-0.0059510584	-0.0037828661	-0.0044093278	-0.0040235092	-0.0030337024	-0.0034487764	-0.0040213190	-0.0049266023
-0.0038875018	-0.0053179891	-0.0022559603	-0.0048176407	-0.0049044717	0.0003006715	-0.0035332297	-0.0019259779	-0.0032585700	-0.0054879819	-0.0027460240	-0.0044061527	-0.0039514679	-0.0028239767	-0.0024049729	-0.0033300227	-0.0017133798	0.4552131121	-0.0061385094	-0.0045692786	-0.0064850861	-0.0025437093	-0.0050127874	-0.0052738670	-0.0016624847	-0.0043848792	-0.0086291259	-0.0039037934	-0.0041925155	-0.0020907857	-0.0045406186	-0.0017440353	-0.0030419871	-0.0038380325	-0.0061871099	-0.0063544640	-0.0058652020	-0.0027939281	-0.0038623576	-0.0048086074	-0.0045232009	-0.0054134274	-0.0056814263	-0.0057233680	-0.0064112603	-0.0053145580	-0.0051023969	-0.0020611744	-0.0049116548	-0.0018989119	-0.0027638385	-0.0047845750	-0.0034180123	-0.0046906139	-0.0122984780	-0.0049661349	-0.0037605342	-0.0037533663	-0.0044812272	-0.0039725573	-0.0057977974	-0.0012729842	-0.0036324123	-0.0032655753	-0.0030618616	-0.0033975518	-0.0027911411	-0.0025269340	-0.0048591076	-0.0044275334	-0.0053632534	-0.0068338215	-0.0054650863	-0.0031238560	-0.0032039396	-0.0058509537	-0.0031221294	-0.0029363810	-0.0052749784	-0.0160166474	-0.0129810592	-0.0039892846	-0.0039909660	-0.0033830170	-0.0042967384	-0.0030755687	-0.0048081155	-0.0075981717	-0.0056737600	-0.0058274512	-0.0052712511	-0.0059254197	-0.0038655476	-0.0033216160	-0.0074096825	-0.0032555226	-0.0059837212	-0.0041312072	-0.0061315890	-0.0041220230	-0.0031413735	0.0006450635	-0.0016293819	-0.0035032332
-0.0064385677	-0.0075641387	-0.0055939296	-0.0058145145	-0.0063405142	-0.0073561361	-0.0059172774	-0.0075681944	-0.0092637118	-0.0076620310	-0.0043314056	-0.0051925047	-0.0088928479	-0.0068306679	-0.0058142942	-0.0076782676	-0.0058757854	-0.0061385094	0.6008741257	-0.0069048192	-0.0042091665	-0.0069559706	-0.0068755607	-0.0051690230	-0.0045272447	-0.0073189915	-0.0052374529	-0.0056097878	-0.0064790721	-0.0020175104	-0.0041699884	-0.0045542060	-0.0048513225	-0.0050905207	-0.0080290281	-0.0083388597	-0.0067177411	-0.0065591839	-0.0041666436	-0.0057544575	-0.0069547660	-0.0069544400	-0.0040791859	-0.0020219099	-0.0049563148	-0.0049416844	-0.0049379894	-0.0041821208	-0.0036112371	-0.0045259972	0.0020942609	-0.0068403369	-0.0077173075	-0.0054447734	-0.0004512356	-0.0060388107	-0.0058709799	-0.0016945159	-0.0050780820	-0.0063479072	-0.0090721444	-0.0081274838	-0.0062170267	-0.0060241207	-0.0046826351	-0.0061952541	-0.0074774937	-0.0070934697	-0.0033915991	-0.0073918615	-0.0061892640	-0.0060851237	-0.0070694891	-0.0051769567	-0.0056743103	-0.0062166302	-0.0082607937	-0.0062386512	-0.0068463642	-0.0041600517	-0.0029585268	-0.0058025446	-0.0077154027	-0.0068075640	-0.0072298583	-0.0067775134	-0.0047277609	-0.0052118961	-0.0078454490	-0.0075044635	-0.0061137331	-0.0034758606	-0.0062134816	-0.0080117631	-0.0058002195	-0.0068176208	-0.0039867293	-0.0074955504	-0.0050070385	-0.0064189922	-0.0071058128	-0.0047348214	-0.0047163196	-0.0044392975
-0.0064400133	-0.0050427090	-0.0037002807	-0.0041949675	-0.0056456710	-0.0063468961	-0.0059346367	-0.0068994542	-0.0059736607	-0.0053259942	-0.0071889479	-0.0056188243	-0.0038863630	-0.0053239299	-0.0056053401	-0.0053047761	-0.0066779986	-0.0045692786	-0.0069048192	0.5588476260	-0.0079040298	-0.0055803581	-0.0031849424	-0.0031740418	-0.0059409135	-0.0064883930	-0.0062566940	-0.0040653624	-0.0067729409	-0.0038888485	-0.0065320243	-0.0077795802	-0.0055688896	-0.0053175271	-0.0072123634	-0.0054801548	-0.0078910270	-0.0028196463	-0.0048078272	-0.0051273137	-0.0059209803	-0.0040766763	-0.0043540730	-0.0041707463	-0.0046996079	-0.0062277461	-0.0036291098	-0.0053084355	-0.0055910625	-0.0042875233	-0.0060925112	-0.0057480160	-0.0032641572	-0.0053363130	-0.0040110464	-0.0033834704	-0.0064575100	-0.0049094641	-0.0068587692	-0.0055969355	-0.0067917257	-0.0060146674	-0.0052243784	-0.0048468677	-0.0064437903	-0.0078866871	-0.0059875412	-0.0073103853	-0.0068831322	-0.0036000386	-0.0049565494	-0.0028646927	-0.0050774823	-0.0052069256	-0.0072019412	-0.0049418258	-0.0040052596	-0.0061084630	-0.0082084218	-0.0069786425	-0.0031095756	-0.0068733829	-0.0070848251	-0.0067891157	-0.0045568490	-0.0064747742	-0.0053795401	-0.0018064396	-0.0069409510	-0.0056032762	-0.0073199981	-0.0059417959	-0.0034158706	-0.0038280175	-0.0059000110	-0.0042733654	-0.0066327060	-0.0052166783	-0.0062221300	-0.0058899072	-0.0034057283	-0.0051558140	-0.0028773306	-0.0033085327
-0.0046491612	-0.0040270527	-0.0049454451	-0.0050492475	-0.0047718329	-0.0048287494	-0.0051130773	-0.0056028011	-0.0026112474	-0.0028148756	-0.0081264375	-0.0046826168	-0.0071174636	-0.0075210403	-0.0061833053	-0.0060038718	-0.0049331817	-0.0064850861	-0.0042091665	-0.0079040298	0.5826510511	-0.0060137295	-0.0066563727	-0.0042353591	-0.0051296423	-0.0066282920	-0.0035310958	-0.0066210234	-0.0077781482	-0.0073606521	-0.0064987466	-0.0062805123	-0.0052676966	-0.0062193768	-0.0058059117	-0.0072152741	-0.0071984926	-0.0032508202	-0.0045510817	-0.0027315933	-0.0061989169	-0.0059932607	-0.0050266939	-0.0082746601	-0.0058528451	-0.0060506642	-0.0083669897	-0.0062063859	-0.0071500148	-0.0031687302	-0.0048657956	-0.0037097430	-0.0052267483	-0.0058087894	-0.0055015259	-0.0068244487	-0.0058611958	-0.0046704578	-0.0046230254	-0.0066678363	-0.0072242861	-0.0068384344	-0.0069981387	-0.0054423674	-0.0061587590	-0.0053165801	-0.0080793389	-0.0078674035	-0.0056300575	-0.0050981765	-0.0059848659	-0.0048707840	-0.0051318153	-0.0045151303	-0.0056339627	-0.0060647432	-0.0036217456	-0.0050606241	-0.0072543740	-0.0053383397	-0.0034835396	-0.0057723879	-0.0059173868	-0.0025860124	-0.0077883137	-0.0050100662	-0.0066079036	-0.0060304835	-0.0033713849	-0.0067279472	-0.0027700031	-0.0071097540	-0.0047653411	-0.0069848889	-0.0039559902	-0.0067952928	-0.0070973530	-0.0075692845	-0.0071778992	-0.0066148251	-0.0052561196	-0.0061392437	-0.0025172423	-0.0038702226
-0.0029107877	-0.0033473319	-0.0041991803	-0.0047809916	-0.0052240982	-0.0015829206	-0.0004890516	-0.0013727405	0.0002316598	-0.0008747901	-0.0009595434	-0.0032801830	-0.0015144488	-0.0040372372	-0.0006924311	-0.0008092244	-0.0009597879	-0.0025437093	-0.0069559706	-0.0055803581	-0.0060137295	0.3835544443	-0.0031464467	-0.0036852807	0.0007115159	-0.0002639585	-0.0081395550	-0.0023710949	-0.0023594195	-0.0027816375	-0.0020032406	0.0006325087	-0.0014363735	0.0023459378	-0.0054065507	-0.0051854192	-0.0031828794	-0.0022371978	-0.0063045255	0.0009187199	-0.0053841867	-0.0028224443	-0.0060897909	-0.0026187729	-0.0042328332	-0.0043046610	-0.0019484337	-0.0023099803	-0.0015774764	-0.0047582375	-0.0059307364	-0.0030507543	-0.0038275603	-0.0050513150	-0.0180660483	-0.0035856364	-0.0044495880	-0.0048899949	-0.0013846720	-0.0045172660	-0.0064083604	-0.0014814613	-0.0031734565	-0.0063370388	-0.0011573425	-0.0022921639	-0.0007686607	-0.0024110504	-0.0047050370	-0.0031636071	-0.0046297911	-0.0079178954	-0.0000344066	-0.0012131724	0.0008747851	-0.0061709316	-0.0004402112	-0.0053304217	-0.0032761653	-0.0187821297	-0.0135974778	-0.0073871252	-0.0029492058	-0.0068944089	-0.0031174858	-0.0039882458	-0.0030353307	-0.0051800619	-0.0038445443	-0.0023559423	-0.0032563442	-0.0038500138	-0.0031525737	-0.0053909887	-0.0067832412	-0.0042605776	-0.0059314445	-0.0076992570	-0.0043326690	-0.0005811558	-0.0042710189	-0.0015184956	-0.0040129617	-0.0047532142
-0.0041310528	-0.0046214868	-0.0041381937	-0.0037258673	-0.0068212857	-0.0026277004	-0.0010761356	-0.0024214508	-0.0037464905	-0.0042681617	-0.0020111366	-0.0010447200	-0.0046853333	-0.0015762249	-0.0017502134	-0.0037332126	-0.0042815418	-0.0050127874	-0.0068755607	-0.0031849424	-0.0066563727	-0.0031464467	0.4503705223	-0.0037491541	-0.0039390187	-0.0050740184	-0.0108605431	-0.0030443047	-0.0029269624	0.0006230409	-0.0027095157	0.0018243392	-0.0011327643	-0.0013940649	-0.0067489596	-0.0071027371	-0.0067499039	-0.0035911819	-0.0071805886	-0.0049059041	-0.0031166966	-0.0052839315	-0.0032477525	-0.0059676937	-0.0060252226	-0.0039469611	-0.0037004879	-0.0039077413	-0.0044305131	-0.0057845685	-0.0060781946	-0.0035978664	-0.0044184168	-0.0068460765	-0.0120700378	-0.0054678742	-0.0042345526	-0.0055426262	-0.0017620076	-0.0044872821	-0.0058043331	-0.0017640355	-0.0055617513	-0.0041824861	-0.0022042190	-0.0023970394	-0.0049829661	-0.0042767046	-0.0049671179	-0.0025458593	-0.0066764945	-0.0023478683	-0.0047353801	-0.0038392643	0.0011088713	-0.0029142521	-0.0040129966	-0.0040663950	-0.0058593451	-0.0158907712	-0.0090989697	-0.0073267459	-0.0045713147	-0.0061289099	-0.0052016283	-0.0049551398	-0.0032180318	-0.0057699354	-0.0031657363	-0.0059985138	-0.0027435346	-0.0032992471	-0.0033674622	-0.0067764389	-0.0058873346	-0.0050044063	-0.0025444095	-0.0065937999	-0.0014765403	-0.0024810998	-0.0039971165	-0.0033436621	-0.0048322508	-0.0045528230
-0.0027318566	-0.0054886225	-0.0045701585	-0.0048191593	-0.0043524917	-0.0048478182	-0.0025343539	-0.0033494404	-0.0037380569	-0.0039277240	-0.0029531689	-0.0037644146	-0.0026983259	-0.0032508750	-0.0052500146	-0.0003428397	-0.0053116257	-0.0052738670	-0.0051690230	-0.0031740418	-0.0042353591	-0.0036852807	-0.0037491541	0.4517400575	-0.0024486414	-0.0035708032	-0.0084701033	-0.0027690368	-0.0039062405	0.0018109973	-0.0033263994	-0.0026442898	-0.0029832067	-0.0035202784	-0.0062979755	-0.0049781921	-0.0035756454	-0.0040152221	-0.0050115051	-0.0059065168	-0.0030994070	-0.0037983904	-0.0019686032	-0.0029468772	-0.0043845399	-0.0043022142	-0.0038146622	-0.0011185904	-0.0041974489	-0.0057741617	-0.0049190059	-0.0035869879	-0.0046878641	-0.0062702770	-0.0090426658	-0.0054193724	-0.0043262063	-0.0037973351	-0.0028562739	-0.0052718881	-0.0058875765	-0.0035609987	-0.0054233631	-0.0062626970	-0.0030280947	-0.0036082732	-0.0051277140	-0.0054616421	-0.0029763992	-0.0029579080	-0.0055326541	-0.0069330577	-0.0056533638	-0.0022355739	-0.0009864618	-0.0040900478	-0.0027417260	-0.0044716545	-0.0042651203	-0.0121422004	-0.0115027978	-0.0058313026	-0.0064013933	-0.0041649650	0.0012576120	-0.0060388707	-0.0075267789	-0.0053099283	-0.0050965868	-0.0051400589	-0.0050324831	-0.0028544373	-0.0022499219	-0.0053510383	-0.0066242437	-0.0027657307	-0.0051654259	-0.0059035848	-0.0052802069	-0.0058016264	-0.0044550004	-0.0050564150	-0.0052598009	-0.0044250422
-0.0038726989	-0.0049410488	-0.0050886222	-0.0061867651	-0.0058353444	-0.0014299961	-0.0029539056	-0.0018106784	-0.0026330343	-0.0041557017	-0.0042186417	-0.0026764779	-0.0009592893	-0.0045874055	-0.0041220900	-0.0013692247	-0.0035197970	-0.0016624847	-0.0045272447	-0.0059409135	-0.0051296423	0.0007115159	-0.0039390187	-0.0024486414	0.4211087922	-0.0016280476	-0.0096115212	-0.0056033309	-0.0016079265	-0.0019262368	-0.0040760956	-0.0019686995	0.0006048981	-0.0010007121	-0.0034049327	-0.0057212300	-0.0064201589	-0.0013873572	-0.0069141769	-0.0051110650	-0.0033835974	-0.0046342916	-0.0023043064	-0.0032260823	-0.0072238469	-0.0025002282	-0.0047483512	-0.0015997270	-0.0020068880	-0.0048666473	-0.0056314644	-0.0034495070	-0.0036028839	-0.0043469844	-0.0127296624	-0.0054013322	-0.0057765996	-0.0042947005	0.0016442384	-0.0029371267	-0.0071089177	-0.0011209442	-0.0048572438	-0.0035819344	-0.0032139362	-0.0012372431	-0.0049150160	-0.0020027225	-0.0045209558	-0.0044683042	-0.0049301049	-0.0048707419	-0.0061526548	-0.0022149214	-0.0014472688	-0.0048933042	-0.0041510422	-0.0035271536	-0.0037791467	-0.0147582730	-0.0124585643	-0.0053332546	-0.0027400114	-0.0063517373	-0.0001061466	-0.0034098773	-0.0048011991	-0.0058615999	-0.0035639703	-0.0053906980	-0.0044491871	-0.0031887003	-0.0008294629	-0.0046698289	-0.0058711067	-0.0014063065	-0.0065398000	-0.0059932504	-0.0072880504	-0.0061387698	-0.0037055696	-0.0033180189	-0.0036492256	-0.0041988938
-0.0024753889	-0.0052254988	-0.0015519654	-0.0040072394	-0.0061849749	-0.0029863635	-0.0002791415	-0.0021745405	-0.0019875632	-0.0028691306	-0.0005728931	-0.0045777081	-0.0023136480	-0.0043687527	-0.0015926029	-0.0025586831	-0.0036175823	-0.0043848792	-0.0073189915	-0.0064883930	-0.0066282920	-0.0002639585	-0.0050740184	-0.0035708032	-0.0016280476	0.3993800410	-0.0052152176	-0.0056578887	-0.0006808086	-0.0002365840	-0.0010352939	0.0063417001	-0.0015139829	-0.0015618160	-0.0029469746	-0.0072128607	-0.0068829673	-0.0019221545	-0.0055329174	-0.0035236883	-0.0041212653	-0.0038119134	-0.0055875126	-0.0035216198	-0.0060883818	-0.0048384061	-0.0021716520	-0.0019545792	-0.0014783279	-0.0062370540	-0.0017347379	-0.0012517129	-0.0017137324	-0.0064068368	-0.0167231894	-0.0051358140	-0.0039923364	-0.0063145866	-0.0022351036	-0.0004931199	-0.0054611569	-0.0005334763	-0.0022029598	-0.0064133335	-0.0010736972	-0.0023927576	-0.0041290709	-0.0006456650	-0.0013636161	-0.0035630459	-0.0051233534	-0.0059057808	-0.0044996003	-0.0026303455	0.0009414592	-0.0067252480	-0.0014958822	-0.0036498893	-0.0053135808	-0.0186475697	-0.0127497981	-0.0071260680	-0.0053273964	-0.0055965849	-0.0039905636	-0.0049199890	-0.0038812315	-0.0019254115	-0.0053209278	-0.0029054542	-0.0033232387	-0.0055990220	-0.0011009849	-0.0050698527	-0.0064855459	-0.0027502885	-0.0053474148	-0.0033649093	-0.0043195504	-0.0057032392	-0.0036638230	-0.0026764507	-0.0047272975	-0.0025820319
-0.0093854404	-0.0065661033	-0.0069467311	-0.0083089078	-0.0082186382	-0.0107926398	-0.0078612045	-0.0122075535	-0.0122455095	-0.0091055916	-0.0077969557	-0.0109897758	-0.0117712294	-0.0089993297	-0.0098575339	-0.0092661469	-0.0115585306	-0.0086291259	-0.0052374529	-0.0062566940	-0.0035310958	-0.0081395550	-0.0108605431	-0.0084701033	-0.0096115212	-0.0052152176	0.7646474230	-0.0036036797	-0.0091466444	-0.0078254523	-0.0071320956	-0.0081647979	-0.0070452778	-0.0095139815	-0.0106658023	-0.0075853967	-0.0069462606	-0.0095525062	-0.0061257254	-0.0088413109	-0.0087771615	-0.0072319724	-0.0056622151	-0.0062330808	-0.0047527397	-0.0070307542	-0.0073448984	-0.0078984566	-0.0089966074	-0.0089830276	-0.0090171439	-0.0099028968	-0.0103657379	-0.0037569503	0.0105775186	-0.0083920548	-0.0086772923	-0.0050070307	-0.0103209975	-0.0079721498	-0.0036142258	-0.0098063017	-0.0083347547	-0.0068764201	-0.0093336317	-0.0092527791	-0.0103480974	-0.0096280304	-0.0057527949	-0.0086174547	-0.0041652394	-0.0042533940	-0.0048197415	-0.0073479629	-0.0093496147	-0.0047334975	-0.0114708577	-0.0065151486	-0.0098222441	0.0065816944	0.0057273208	-0.0068063850	-0.0107291974	-0.0027222255	-0.0070816877	-0.0056505141	-0.0071072790	-0.0062085841	-0.0091292265	-0.0090339555	-0.0093977367	-0.0069504356	-0.0053171853	-0.0084463096	-0.0079968263	-0.0087646057	-0.0060711056	-0.0078759198	-0.0058931118	-0.0055773761	-0.0114790315	-0.0065204593	-0.0066526159	-0.0057787623
