0.4402032412	-0.0031173068	-0.0020951420	-0.0034261256	-0.0033620001	-0.0022691794	-0.0045046010	-0.0016904914	-0.0020308226	-0.0031259651	-0.0035427140	-0.0040909414	-0.0019446656	-0.0046533628	-0.0009179782	-0.0051909938	-0.0041145957	-0.0039824892	-0.0062283180	-0.0061795717	-0.0044645079	-0.0029717757	-0.0042432008	-0.0028308229	-0.0040906003	-0.0026661386	-0.0092141901	-0.0040725108	-0.0044441216	-0.0051482472	-0.0027223021	-0.0033630018	-0.0024894294	-0.0048653240	-0.0035464147	-0.0053027986	-0.0036756013	-0.0028149551	-0.0022808318	-0.0023734719	-0.0041855656	-0.0063530098	-0.0012290125	-0.0051439929	-0.0053250041	-0.0042242329	-0.0058608478	-0.0032342426	-0.0030565014	-0.0050458007	-0.0045200163	-0.0031943188	-0.0013266688	-0.0068206416	-0.0139974806	-0.0049032161	-0.0040966257	-0.0060539819	-0.0038690990	-0.0040898954	-0.0059423253	-0.0027429593	-0.0036631471	-0.0056012533	-0.0030812988	-0.0017785040	-0.0033393625	-0.0040392861	-0.0042561430	-0.0042004910	-0.0061110007	-0.0070888202	-0.0041885403	-0.0034730305	-0.0031134164	-0.0080239602	-0.0018126210	-0.0018828145	-0.0040322172	-0.0164556832	-0.0110839070	-0.0025565076	-0.0024482212	-0.0066495869	-0.0035606338	-0.0056818166	-0.0054977421	-0.0067143282	-0.0027627821	-0.0035270559	-0.0003177548	-0.0049714178	-0.0045538991	-0.0012694586	-0.0056686761	-0.0031929232	-0.0048863781	-0.0030260550	-0.0068255028	-0.0052138113	0.0000946110	-0.0051242991	-0.0046161717	-0.0047443830
-0.0031173068	0.5200623327	-0.0058116340	-0.0048509810	-0.0032292371	-0.0008931356	-0.0051853820	-0.0038116608	-0.0027725769	-0.0051857457	-0.0030794065	-0.0063720596	-0.0057860458	-0.0046684476	-0.0060399562	-0.0044798949	-0.0056998345	-0.0048173770	-0.0078427680	-0.0052435993	-0.0041065652	-0.0032056413	-0.0050245701	-0.0054703608	-0.0050514938	-0.0051222179	-0.0069500319	-0.0057228931	-0.0045938685	-0.0043237285	-0.0071732696	-0.0049799465	-0.0052367431	-0.0063894243	-0.0055117608	-0.0067479292	-0.0041718349	-0.0052100350	-0.0056640316	-0.0046211172	-0.0024978564	-0.0050457421	-0.0065260937	-0.0051311175	-0.0038208531	-0.0057858361	-0.0059637919	-0.0038272696	-0.0060925294	-0.0035603042	-0.0038906636	-0.0055781038	-0.0066181276	-0.0055697534	-0.0067906189	-0.0056826026	-0.0050206087	-0.0051136034	-0.0040944876	-0.0054850981	-0.0050457817	-0.0050628991	-0.0071943463	-0.0061919948	-0.0062034435	-0.0039101517	-0.0041807403	-0.0030222256	-0.0044715318	-0.0035176180	-0.0038330431	-0.0034456188	-0.0052557277	-0.0057816487	-0.0030091748	-0.0051630548	-0.0059266232	-0.0064537682	-0.0073431106	-0.0092024136	-0.0069663856	-0.0044349015	-0.0054229737	-0.0047774772	-0.0055321120	-0.0027893540	-0.0043253235	-0.0056414433	-0.0028720318	-0.0045224624	-0.0037265095	-0.0062290913	-0.0057982084	-0.0037719702	-0.0076417661	-0.0047828022	-0.0048383299	-0.0059542972	-0.0066956787	-0.0023793297	-0.0054150898	-0.0036258254	-0.0035620407	-0.0078824379
-0.0020951420	-0.0058116340	0.4239900129	-0.0019738264	-0.0050285427	-0.0009491729	-0.0040549253	-0.0009022139	-0.0006245679	-0.0041086161	-0.0022178353	-0.0013585669	-0.0031520223	-0.0051526073	-0.0017348695	-0.0033381755	-0.0015507214	-0.0024696100	-0.0055186665	-0.0036679899	-0.0049801500	-0.0044147335	-0.0040523479	-0.0044266621	-0.0051434911	-0.0014308777	-0.0066267387	-0.0026227535	-0.0034169944	-0.0035029752	-0.0041721819	-0.0029953986	-0.0035606895	-0.0022338292	-0.0038787383	-0.0060430724	-0.0061471827	-0.0022257323	-0.0046508407	-0.0009610725	-0.0053364609	-0.0033669835	-0.0050265357	-0.0053130699	-0.0071545378	-0.0045841977	-0.0049985145	-0.0037570246	-0.0028902342	-0.0063148054	-0.0047036609	-0.0010359660	-0.0033009853	-0.0055454696	-0.0127850790	-0.0037750580	-0.0048753315	-0.0048320901	-0.0035727092	-0.0038564619	-0.0061484119	0.0008984356	-0.0031880455	-0.0051157745	-0.0032401527	-0.0033242593	0.0001843446	-0.0043287476	-0.0033291187	-0.0039704641	-0.0078102062	-0.0063344336	-0.0055332842	-0.0035012597	-0.0039144161	-0.0046725606	0.0002361402	-0.0035782303	-0.0026508219	-0.0146858361	-0.0119549414	-0.0052090660	-0.0041594814	-0.0046720342	-0.0046995355	-0.0051098297	-0.0025136396	-0.0062865447	-0.0029105646	-0.0035760091	-0.0026945060	-0.0048275043	-0.0037776033	-0.0044568721	-0.0071173436	-0.0023983918	-0.0064634453	-0.0053878138	-0.0029673974	-0.0059827120	-0.0021862290	-0.0026366960	-0.0045265836	-0.0032468222
-0.0034261256	-0.0048509810	-0.0019738264	0.4735994722	-0.0033073755	-0.0030407460	-0.0045439609	-0.0038845021	-0.0044643623	-0.0042075658	-0.0034490793	-0.0055550417	-0.0044422067	-0.0042621148	-0.0038764643	-0.0050431438	-0.0052730727	-0.0049706688	-0.0058514377	-0.0042459413	-0.0052998673	-0.0045621435	-0.0037066287	-0.0050079371	-0.0059839218	-0.0039975133	-0.0087094656	-0.0053818218	-0.0042757838	-0.0020798341	-0.0047111823	-0.0047202528	-0.0050285011	-0.0044936976	-0.0055046578	-0.0046052597	-0.0061001728	-0.0025820563	-0.0020919516	-0.0025224421	-0.0059535829	-0.0059847686	-0.0052729621	-0.0042017818	-0.0060383668	-0.0022538218	-0.0067602224	-0.0052881683	-0.0035714233	-0.0052280398	-0.0056442255	-0.0025781001	-0.0051828432	-0.0049342764	-0.0107586452	-0.0045940434	-0.0040550504	-0.0052694393	-0.0042386720	-0.0019248060	-0.0052841815	-0.0037748619	-0.0029700598	-0.0039294595	-0.0047475487	-0.0039692405	-0.0047622606	-0.0046082101	-0.0048360621	-0.0046361811	-0.0060451364	-0.0047068451	-0.0054632675	-0.0044619247	-0.0048734565	-0.0057805064	-0.0039631426	-0.0027615000	-0.0063957967	-0.0099870629	-0.0072891269	-0.0042089082	-0.0056062929	-0.0031198127	-0.0041481606	-0.0030960301	-0.0048399899	-0.0074479453	-0.0032526064	-0.0043120120	-0.0033663537	-0.0053286561	-0.0054085038	-0.0053130897	-0.0015541339	-0.0008257538	-0.0036205111	-0.0060605261	-0.0043767218	-0.0058898792	-0.0007267506	-0.0036377880	-0.0056614792	-0.0047847885
-0.0033620001	-0.0032292371	-0.0050285427	-0.0033073755	0.5416742287	-0.0049648037	-0.0052556707	-0.0040207386	-0.0023548008	-0.0067225600	-0.0058636556	-0.0050091923	-0.0057965648	-0.0050606647	-0.0063081144	-0.0046822651	-0.0046165907	-0.0046647170	-0.0064980355	-0.0058650531	-0.0051648873	-0.0048964243	-0.0069522591	-0.0043454025	-0.0052828722	-0.0059672788	-0.0084492061	-0.0057565953	-0.0049006877	-0.0042907977	-0.0062085633	-0.0049370311	-0.0047086643	-0.0058016639	-0.0054918752	-0.0057567705	-0.0058353674	-0.0052192286	-0.0067597466	-0.0042456060	-0.0064294422	-0.0042812784	-0.0049195048	-0.0065536059	-0.0053095742	-0.0045639067	-0.0060543768	-0.0062215105	-0.0033257577	-0.0042851724	-0.0062102139	-0.0040362271	-0.0056209854	-0.0042865766	-0.0107493611	-0.0067894231	-0.0051784730	-0.0056764473	-0.0045116541	-0.0036475738	-0.0060080178	-0.0054918696	-0.0026580188	-0.0066498567	-0.0060101469	-0.0047104057	0.0024849880	-0.0077659672	-0.0042148605	-0.0035559147	-0.0066556987	-0.0045812271	-0.0075838450	-0.0060767490	-0.0077116203	-0.0033983246	-0.0050180342	-0.0027183140	-0.0015898245	-0.0100323904	-0.0095510806	-0.0056325799	-0.0052779460	-0.0053145751	-0.0068314654	-0.0049426457	-0.0056535521	-0.0065534789	-0.0048362148	-0.0039637467	-0.0044364851	-0.0061213602	-0.0053974845	-0.0042605871	-0.0057431837	-0.0048896287	-0.0055805226	-0.0048639009	-0.0056606030	-0.0071260907	-0.0049067606	-0.0030960596	-0.0043813654	-0.0044742379
-0.0022691794	-0.0008931356	-0.0009491729	-0.0030407460	-0.0049648037	0.3952585621	-0.0014442982	0.0006363585	0.0013415787	-0.0021734865	-0.0033649019	-0.0031782636	-0.0034113631	-0.0032713451	-0.0002369789	-0.0004073885	-0.0016993914	0.0002499395	-0.0068870994	-0.0060117198	-0.0048772297	-0.0017755226	-0.0024482851	-0.0050821966	-0.0018250029	-0.0031259280	-0.0099024400	-0.0055088944	-0.0027024239	-0.0018214425	-0.0017108734	-0.0008674913	-0.0034106486	-0.0013056084	-0.0028262079	-0.0070421602	-0.0045118679	-0.0023590416	-0.0040732457	-0.0040596690	-0.0041616843	-0.0036503551	-0.0054031005	-0.0042964370	-0.0062189476	-0.0043775028	-0.0047381727	-0.0038627831	-0.0040290910	-0.0054139370	-0.0042354804	-0.0016761258	0.0000877175	-0.0068586281	-0.0133625305	-0.0045919516	-0.0030791572	-0.0051862123	-0.0042042311	-0.0041711638	-0.0085760486	-0.0007234919	-0.0035997635	-0.0043523756	-0.0033290338	0.0005161307	-0.0025555962	-0.0020236793	-0.0035054685	-0.0050329045	-0.0051474191	-0.0065838818	-0.0033849724	-0.0052119987	-0.0044835181	-0.0042611073	0.0003460652	-0.0014436287	-0.0030073697	-0.0160371691	-0.0116370251	-0.0054710059	-0.0026900999	-0.0067048947	-0.0045673771	-0.0056587199	-0.0038898554	-0.0053276834	-0.0028882233	-0.0035511403	-0.0029990447	-0.0047209585	-0.0033219292	-0.0032901218	-0.0052159463	-0.0034273436	-0.0049263660	-0.0056281153	-0.0018419718	-0.0034551761	-0.0041490271	-0.0043502192	-0.0031617619	-0.0033459735
-0.0045046010	-0.0051853820	-0.0040549253	-0.0045439609	-0.0052556707	-0.0014442982	0.3811535703	-0.0031581695	-0.0023216065	-0.0028104041	-0.0030905690	-0.0049101904	-0.0034963066	-0.0031865301	-0.0027539959	-0.0005003729	-0.0043592615	-0.0032483765	-0.0054444705	-0.0056440360	-0.0050266893	-0.0010156000	-0.0011425672	-0.0028449511	-0.0030210369	-0.0004909756	-0.0073934887	-0.0047866889	-0.0011602573	-0.0024098707	-0.0003005786	-0.0025707517	-0.0016990818	0.0003110230	-0.0037600255	-0.0070672376	-0.0057452605	-0.0011829212	-0.0045454668	-0.0024598820	-0.0031955141	-0.0022954032	-0.0044739821	-0.0032963418	-0.0041922821	-0.0047239606	-0.0035049513	-0.0009424888	-0.0015667513	-0.0050994840	-0.0024366830	-0.0029967840	-0.0043934540	-0.0073622834	-0.0135694520	-0.0039040321	-0.0044331870	-0.0057779360	-0.0017285172	-0.0038719665	-0.0048203467	-0.0019522125	-0.0034938494	-0.0056884935	0.0003554431	-0.0019589147	-0.0030101714	-0.0028646935	0.0007810419	0.0020745763	-0.0049968796	-0.0065741883	-0.0039467552	-0.0024409196	-0.0003521196	-0.0034041530	-0.0044114879	-0.0014446930	-0.0031092526	-0.0156632301	-0.0118630345	-0.0062338130	-0.0020123798	-0.0063197735	-0.0000644899	-0.0031898559	-0.0038507343	-0.0048377869	-0.0035568897	-0.0034293605	-0.0046000926	0.0005949962	-0.0009420046	-0.0048960361	-0.0037922081	-0.0047606128	-0.0046493316	-0.0059033087	-0.0042364644	-0.0070992035	-0.0040459871	-0.0031416529	-0.0044579034	-0.0049534534
-0.0016904914	-0.0038116608	-0.0009022139	-0.0038845021	-0.0040207386	0.0006363585	-0.0031581695	0.4108408914	0.0044151397	-0.0027038172	-0.0012087672	-0.0038269991	-0.0021218196	-0.0036863361	-0.0014089243	-0.0043757949	-0.0012681060	-0.0021264750	-0.0070525439	-0.0064871988	-0.0053410852	-0.0014496334	-0.0024152931	-0.0033161051	-0.0019987947	-0.0022701190	-0.0111072339	-0.0044096689	-0.0016725644	-0.0048125379	-0.0031232411	-0.0017615863	-0.0033937898	-0.0013192152	-0.0019637455	-0.0074535103	-0.0054730695	-0.0025258128	-0.0066111673	-0.0006364041	-0.0035822820	-0.0055200666	-0.0045978324	-0.0053552576	-0.0081175356	-0.0029427554	-0.0045882607	-0.0026363033	-0.0030311948	-0.0042003106	-0.0032884676	-0.0029915711	-0.0018673884	-0.0049908749	-0.0176670416	-0.0049677813	-0.0026644334	-0.0051115419	-0.0044733866	-0.0011983358	-0.0063761940	0.0014898170	-0.0046890312	-0.0050550711	-0.0021877893	-0.0008377724	-0.0016738634	-0.0023965700	-0.0035612697	-0.0054136810	-0.0066139837	-0.0062278787	-0.0049147347	-0.0036799075	-0.0021335139	-0.0065267347	0.0018428078	-0.0021566784	-0.0039885184	-0.0204546572	-0.0133501063	-0.0067563900	-0.0008361385	-0.0051786263	-0.0043451968	-0.0023653607	-0.0056135846	-0.0058416744	-0.0020622039	-0.0039958545	-0.0007812349	-0.0045590149	-0.0044408817	-0.0058685618	-0.0077263639	-0.0025968601	-0.0053971259	-0.0063216009	-0.0056563290	-0.0036374014	-0.0033433573	-0.0039116429	-0.0019912711	-0.0031786257
-0.0020308226	-0.0027725769	-0.0006245679	-0.0044643623	-0.0023548008	0.0013415787	-0.0023216065	0.0044151397	0.4195206451	-0.0037438796	-0.0032689774	-0.0034994676	-0.0018490990	-0.0027837876	-0.0006062394	-0.0036261331	-0.0012490970	-0.0032469405	-0.0086279403	-0.0058365142	-0.0022011960	-0.0003169564	-0.0041064517	-0.0040524678	-0.0030110237	-0.0023838666	-0.0112984658	-0.0041812781	-0.0023412196	-0.0041363665	-0.0041521713	-0.0005710903	-0.0009061338	-0.0035282407	-0.0040163726	-0.0042727152	-0.0051260300	0.0002226582	-0.0070788951	-0.0055473695	-0.0052206348	-0.0058646326	-0.0047162644	-0.0060566445	-0.0073906848	-0.0040702640	-0.0035191763	-0.0029182183	-0.0033349217	-0.0049909607	-0.0061200795	0.0007895168	-0.0052336096	-0.0074643409	-0.0161658606	-0.0057659771	-0.0055219579	-0.0061598125	-0.0046424313	-0.0008061125	-0.0076232157	-0.0006715690	-0.0014186060	-0.0041372609	-0.0028728129	-0.0015459756	-0.0038423316	-0.0005838209	-0.0035768774	-0.0051043473	-0.0051509371	-0.0060605408	-0.0042379379	-0.0049227555	-0.0049249252	-0.0054977896	-0.0009536922	-0.0015886213	-0.0044319763	-0.0180505930	-0.0127371039	-0.0056022716	-0.0036153501	-0.0064019187	-0.0045566475	-0.0051706910	-0.0058656512	-0.0059349375	-0.0027482270	-0.0018708386	-0.0018331192	-0.0044658927	-0.0012194935	-0.0047502707	-0.0061604367	-0.0021938244	-0.0067674163	-0.0072738397	-0.0035975375	-0.0030920892	-0.0011055339	-0.0045886755	-0.0044869111	-0.0009565674
-0.0031259651	-0.0051857457	-0.0041086161	-0.0042075658	-0.0067225600	-0.0021734865	-0.0028104041	-0.0027038172	-0.0037438796	0.4582923688	-0.0052741897	-0.0053802245	-0.0045364899	-0.0053041958	-0.0042212258	-0.0032649719	-0.0035980641	-0.0053026195	-0.0075462001	-0.0049850422	-0.0027552985	-0.0009345181	-0.0043433206	-0.0037994745	-0.0040119058	-0.0029483078	-0.0085319019	-0.0041459546	-0.0039884673	-0.0038940557	-0.0030228367	-0.0026002577	-0.0043703345	-0.0042301513	-0.0043541558	-0.0041627228	-0.0052184986	-0.0028360583	-0.0054649288	0.0005586639	-0.0059346072	-0.0039892033	-0.0053932324	-0.0029074196	-0.0057077314	-0.0048803813	-0.0064290696	-0.0033767266	-0.0030720944	-0.0019858372	-0.0045823906	-0.0044293341	-0.0047946141	-0.0048987833	-0.0138075016	-0.0061312308	-0.0037508740	-0.0032171203	-0.0045785545	-0.0051570602	-0.0052319305	-0.0040623588	-0.0039366180	-0.0075667418	-0.0038450109	-0.0029980733	-0.0043111865	-0.0036798205	-0.0026331967	-0.0054687563	-0.0047958432	-0.0055506763	-0.0056076250	-0.0029948426	-0.0020769734	-0.0067816981	-0.0026402922	-0.0045620640	-0.0043077251	-0.0147915733	-0.0103406507	-0.0066668054	-0.0050950872	-0.0081176498	-0.0040286356	0.0002695072	-0.0055933231	-0.0010314557	-0.0018571483	-0.0034089786	-0.0008961349	-0.0055721121	-0.0036890935	-0.0025160878	-0.0030080520	-0.0037348641	-0.0052374719	-0.0051029980	-0.0066703854	-0.0052828524	-0.0023221317	-0.0026528960	-0.0057007374	-0.0039198024
-0.0035427140	-0.0030794065	-0.0022178353	-0.0034490793	-0.0058636556	-0.0033649019	-0.0030905690	-0.0012087672	-0.0032689774	-0.0052741897	0.4025837353	-0.0020527457	-0.0004196737	-0.0019413101	-0.0020437419	-0.0034166716	-0.0029401015	-0.0027740884	-0.0036644218	-0.0067863873	-0.0076414845	-0.0014184433	-0.0021189070	-0.0031921497	-0.0042741653	-0.0005457537	-0.0070199030	-0.0027896517	-0.0026637394	-0.0034533310	-0.0004116421	-0.0014482082	0.0028522095	-0.0009563429	-0.0030391753	-0.0060929692	-0.0021696282	-0.0033294038	-0.0039536374	-0.0033745130	-0.0043801025	-0.0024699681	-0.0062220613	-0.0055652317	-0.0052466103	-0.0038633613	-0.0038554900	-0.0029804412	-0.0005801600	-0.0052033333	-0.0011153642	-0.0025847645	-0.0031118341	-0.0066533596	-0.0159682709	-0.0049739614	-0.0048879541	-0.0036444791	-0.0031590165	-0.0034932869	-0.0019708488	-0.0008250169	-0.0047462939	-0.0047960692	-0.0019788628	-0.0016670592	-0.0026331953	-0.0022004992	-0.0009463504	-0.0017277445	-0.0041773548	-0.0074945793	-0.0052739081	-0.0033418338	-0.0007434412	-0.0054207570	-0.0030359806	-0.0054928081	-0.0035338200	-0.0182477481	-0.0136336915	-0.0062105849	-0.0021330677	-0.0071831993	-0.0022761187	-0.0014478026	-0.0033464556	-0.0063655805	-0.0032957808	-0.0039330562	-0.0039776822	-0.0028984737	-0.0040095257	-0.0058342560	-0.0082500773	-0.0042522072	-0.0050558658	-0.0041126369	-0.0065198707	-0.0070262901	-0.0026295052	-0.0009119189	-0.0044392333	-0.0051875555
-0.0040909414	-0.0063720596	-0.0013585669	-0.0055550417	-0.0050091923	-0.0031782636	-0.0049101904	-0.0038269991	-0.0034994676	-0.0053802245	-0.0020527457	0.4392341905	-0.0019105246	-0.0014026106	-0.0028469441	-0.0037623745	-0.0028128787	-0.0044639389	-0.0052509808	-0.0055086979	-0.0046330650	-0.0032863656	-0.0010635837	-0.0037438851	-0.0030037571	-0.0044387289	-0.0103437807	-0.0059116488	-0.0041324042	-0.0034444155	-0.0046397147	-0.0040853798	-0.0011450548	-0.0023917711	-0.0026374751	-0.0051245521	-0.0047246554	-0.0042327728	-0.0056042297	-0.0038511938	-0.0045525598	-0.0037255444	-0.0050513678	-0.0049105406	-0.0051330925	-0.0030507327	-0.0032798049	-0.0004813729	-0.0003424297	-0.0044675248	-0.0038697761	-0.0030340492	-0.0037687324	-0.0068169806	-0.0157050422	-0.0043666843	-0.0033333301	-0.0054218828	-0.0037878555	-0.0026484537	-0.0048787274	-0.0022780788	-0.0043705151	-0.0063195810	-0.0040980091	-0.0032332607	-0.0028347971	-0.0018407533	-0.0032921539	-0.0044622501	-0.0063526354	-0.0066742785	-0.0037660501	-0.0025017044	-0.0030732096	-0.0038577971	-0.0021913207	-0.0028428154	-0.0040715450	-0.0145215800	-0.0112991238	-0.0062000493	-0.0019055758	-0.0055959759	-0.0047266586	-0.0017744750	-0.0053149724	-0.0078513274	-0.0034232846	-0.0037954655	-0.0047519696	-0.0008055462	-0.0040364093	-0.0043805829	-0.0058090143	-0.0031347976	-0.0014631883	-0.0046586655	-0.0050706079	-0.0059222784	-0.0038504921	-0.0034757120	-0.0050078721	-0.0041402502
-0.0019446656	-0.0057860458	-0.0031520223	-0.0044422067	-0.0057965648	-0.0034113631	-0.0034963066	-0.0021218196	-0.0018490990	-0.0045364899	-0.0004196737	-0.0019105246	0.4712307784	-0.0023081778	-0.0009413778	-0.0046469601	-0.0032312438	-0.0042266962	-0.0083037119	-0.0038945960	-0.0065952530	-0.0017021597	-0.0049396575	-0.0027438457	-0.0013644016	-0.0026833788	-0.0109290553	-0.0026473021	-0.0033416933	-0.0016004780	-0.0030646983	-0.0011634002	-0.0024779234	-0.0046584108	-0.0017361788	-0.0066328546	-0.0056927224	-0.0040065501	-0.0060758451	-0.0043631122	-0.0036253827	-0.0041681914	-0.0050050268	-0.0040470535	-0.0079329062	-0.0038132345	-0.0027369019	-0.0028471872	-0.0041080859	-0.0037342381	-0.0062527631	-0.0025905583	-0.0026866259	-0.0083505162	-0.0149012924	-0.0054572733	-0.0034334355	-0.0070816613	-0.0039480169	-0.0042681550	-0.0073489145	-0.0012698736	-0.0040129208	-0.0071904810	-0.0012169655	-0.0018138684	-0.0041959872	-0.0035592765	-0.0034057388	-0.0044818170	-0.0060756465	-0.0081598585	-0.0054686332	-0.0045833190	-0.0020036366	-0.0062715009	-0.0028838778	-0.0035381961	-0.0040212075	-0.0176296414	-0.0132594537	-0.0077628508	-0.0037132876	-0.0074798930	-0.0043954768	-0.0047021547	-0.0063118066	-0.0083519428	-0.0028753094	-0.0032163064	-0.0039596773	-0.0036820244	-0.0040072837	-0.0068086287	-0.0050723655	-0.0025620825	-0.0051760970	-0.0048910340	-0.0045766910	-0.0065306013	-0.0033989557	-0.0037225630	-0.0053152374	-0.0045007223
-0.0046533628	-0.0046684476	-0.0051526073	-0.0042621148	-0.0050606647	-0.0032713451	-0.0031865301	-0.0036863361	-0.0027837876	-0.0053041958	-0.0019413101	-0.0014026106	-0.0023081778	0.4582614786	-0.0052457724	-0.0049517518	-0.0038273977	-0.0030839497	-0.0066877368	-0.0051732912	-0.0074170077	-0.0042329052	-0.0016010130	-0.0033056241	-0.0044019769	-0.0044656593	-0.0089038501	-0.0053908932	-0.0005240653	-0.0042488423	-0.0043510500	-0.0037749757	-0.0020600715	-0.0040045476	-0.0053105639	-0.0053315197	-0.0049727390	-0.0050259498	-0.0056733777	-0.0032213985	-0.0028629875	-0.0024697356	-0.0050905848	-0.0034235543	-0.0070276287	-0.0011883155	-0.0047008862	-0.0047307895	-0.0027162786	-0.0047541253	-0.0047594466	-0.0035880691	-0.0045852608	-0.0063775968	-0.0122129156	-0.0054960714	-0.0055436794	-0.0031230280	-0.0038921499	-0.0018310260	-0.0026830356	-0.0028584831	-0.0042592229	-0.0027950977	-0.0041715243	-0.0039506871	-0.0032606350	-0.0036062054	-0.0041257405	-0.0034701174	-0.0049767351	-0.0061949231	-0.0029505074	-0.0052316495	-0.0032805833	-0.0037398453	-0.0037694333	-0.0046675926	-0.0028104909	-0.0113244707	-0.0085385116	-0.0038897633	-0.0031342258	-0.0044504785	-0.0036302798	-0.0048878958	-0.0054730393	-0.0060089558	-0.0048512760	-0.0061981082	-0.0056034039	-0.0045781090	-0.0024674006	-0.0045100682	-0.0070832090	-0.0033197989	-0.0051554070	-0.0046455567	-0.0038562448	-0.0042830039	-0.0053918373	-0.0030348034	-0.0066964200	-0.0072031513
-0.0009179782	-0.0060399562	-0.0017348695	-0.0038764643	-0.0063081144	-0.0002369789	-0.0027539959	-0.0014089243	-0.0006062394	-0.0042212258	-0.0020437419	-0.0028469441	-0.0009413778	-0.0052457724	0.4144270743	-0.0042246772	-0.0020786967	-0.0026554768	-0.0055220549	-0.0052769376	-0.0060040047	-0.0009599619	-0.0016124392	-0.0050527454	-0.0043693456	-0.0017340607	-0.0089661308	-0.0030752248	-0.0029723102	-0.0011654763	-0.0025793947	-0.0019035644	-0.0033390816	-0.0027560445	-0.0019991277	-0.0052885365	-0.0068683983	-0.0048040671	-0.0045920457	-0.0025187341	-0.0029268426	-0.0038041898	-0.0058125169	-0.0049078985	-0.0061601731	-0.0028944960	-0.0043105544	-0.0020148906	-0.0027784275	-0.0054115584	-0.0054605088	-0.0017017439	-0.0012122007	-0.0034317295	-0.0157921496	-0.0040938727	-0.0041838661	-0.0063272972	-0.0041790696	-0.0030725194	-0.0061340387	-0.0001410446	-0.0035898572	-0.0072231942	-0.0013739350	-0.0012331130	-0.0028321119	-0.0042108602	-0.0030649680	-0.0041103965	-0.0044507445	-0.0083670771	-0.0047701287	-0.0037078607	-0.0034148096	-0.0045885780	-0.0004103854	-0.0036168573	-0.0027405344	-0.0178939016	-0.0129523096	-0.0071309123	-0.0030275380	-0.0069103193	-0.0028458734	-0.0041463099	-0.0038236598	-0.0078098731	-0.0027496925	-0.0029514043	-0.0022102997	-0.0034091961	-0.0028027522	-0.0060285624	-0.0053816095	0.0002368977	-0.0059791001	-0.0003291392	-0.0041460913	-0.0062785088	-0.0014127561	-0.0038859999	-0.0039130064	-0.0046870359
-0.0051909938	-0.0044798949	-0.0033381755	-0.0050431438	-0.0046822651	-0.0004073885	-0.0005003729	-0.0043757949	-0.0036261331	-0.0032649719	-0.0034166716	-0.0037623745	-0.0046469601	-0.0049517518	-0.0042246772	0.4299205822	-0.0048663456	-0.0039094730	-0.0073572064	-0.0051688657	-0.0060389502	-0.0009875191	-0.0036333043	-0.0006600422	-0.0015585147	-0.0026298300	-0.0088681594	-0.0045849120	-0.0023538594	-0.0020423150	0.0029100445	0.0002182473	-0.0018730503	-0.0027032148	-0.0048217906	-0.0054853172	-0.0031081238	-0.0027449357	-0.0056001368	-0.0028880959	-0.0016211658	-0.0029698193	-0.0042436207	-0.0036067474	-0.0067935972	-0.0049870445	-0.0030567697	-0.0024689618	-0.0031096967	-0.0049489834	-0.0067766644	-0.0031982804	-0.0052191728	-0.0070719224	-0.0125418840	-0.0042625621	-0.0019415945	-0.0052599833	-0.0032379002	-0.0027748370	-0.0060685174	-0.0045946348	-0.0046237826	-0.0076410176	-0.0012516256	-0.0038882336	-0.0029928291	-0.0024022507	-0.0050545001	-0.0017412412	-0.0050095306	-0.0051859311	-0.0030150947	-0.0040006398	-0.0038722401	-0.0042708578	-0.0018557168	-0.0021776828	-0.0047370307	-0.0169809119	-0.0125629786	-0.0069602191	-0.0042378638	-0.0060706526	-0.0020456466	-0.0005316354	-0.0047800737	-0.0041716240	-0.0042967982	-0.0045804205	-0.0061443789	-0.0051903122	0.0003233575	-0.0049040422	-0.0056170556	-0.0058908045	-0.0049707627	-0.0045285538	-0.0046924032	-0.0050254600	-0.0038589471	-0.0022928465	-0.0033319863	-0.0054357579
-0.0041145957	-0.0056998345	-0.0015507214	-0.0052730727	-0.0046165907	-0.0016993914	-0.0043592615	-0.0012681060	-0.0012490970	-0.0035980641	-0.0029401015	-0.0028128787	-0.0032312438	-0.0038273977	-0.0020786967	-0.0048663456	0.4461686445	-0.0017595592	-0.0057916066	-0.0067350449	-0.0047356003	-0.0012529859	-0.0043699562	-0.0050102417	-0.0034627431	-0.0036688695	-0.0108672638	-0.0049557720	-0.0042263460	-0.0004362702	-0.0043854071	-0.0019110180	-0.0036822199	-0.0022913205	-0.0030936130	-0.0038752391	-0.0063258284	-0.0033706128	-0.0052978725	-0.0032847650	-0.0039101212	-0.0050399369	-0.0054129365	-0.0048614143	-0.0075625074	-0.0042353289	-0.0035268285	-0.0037859186	-0.0036404484	-0.0051401824	-0.0043975948	-0.0016582254	-0.0032109746	-0.0062319476	-0.0126677754	-0.0026025976	-0.0043943808	-0.0056392502	-0.0023600993	-0.0022628861	-0.0061413251	-0.0005937775	-0.0054460334	-0.0020993637	-0.0030843171	-0.0028133051	-0.0037801634	-0.0038031542	-0.0039083780	-0.0045557552	-0.0067639240	-0.0058897050	-0.0048181342	-0.0062791352	-0.0039944510	-0.0064170298	-0.0006719818	-0.0047395048	-0.0036070484	-0.0144882847	-0.0120187307	-0.0061246228	-0.0052511743	-0.0066444905	-0.0036504700	-0.0047735648	-0.0041967876	-0.0067338768	-0.0019053976	-0.0031811802	-0.0028718180	-0.0053974099	-0.0043012309	-0.0050008215	-0.0043854343	-0.0020026734	-0.0058600271	-0.0038116422	-0.0040209003	-0.0041895130	-0.0031960907	-0.0034554918	-0.0039482165	-0.0048353987
-0.0039824892	-0.0048173770	-0.0024696100	-0.0049706688	-0.0046647170	0.0002499395	-0.0032483765	-0.0021264750	-0.0032469405	-0.0053026195	-0.0027740884	-0.0044639389	-0.0042266962	-0.0030839497	-0.0026554768	-0.0039094730	-0.0017595592	0.4533879166	-0.0056847737	-0.0045811929	-0.0060774769	-0.0023964984	-0.0048140138	-0.0049985190	-0.0017477636	-0.0044694786	-0.0085356389	-0.0037733741	-0.0041758921	-0.0022655225	-0.0045137457	-0.0015594367	-0.0031116973	-0.0040974312	-0.0063247893	-0.0059262481	-0.0058626214	-0.0030179771	-0.0038454661	-0.0046731694	-0.0043373514	-0.0053574851	-0.0055955378	-0.0057244878	-0.0063703525	-0.0054460563	-0.0051741274	-0.0022629221	-0.0048417987	-0.0019141296	-0.0029993573	-0.0048408053	-0.0037533488	-0.0045511884	-0.0117835649	-0.0047831349	-0.0037647370	-0.0038258690	-0.0047368195	-0.0041115692	-0.0058213026	-0.0014524999	-0.0038461418	-0.0029928714	-0.0031885256	-0.0034732437	-0.0026958649	-0.0027656385	-0.0046416689	-0.0043739881	-0.0054286909	-0.0065548558	-0.0053576347	-0.0034248324	-0.0034473534	-0.0055402133	-0.0030569597	-0.0031164236	-0.0053803067	-0.0156507534	-0.0124048681	-0.0040919450	-0.0039714620	-0.0033952678	-0.0043037278	-0.0030286971	-0.0045495951	-0.0071381244	-0.0054335186	-0.0059554197	-0.0049331683	-0.0057768850	-0.0040562974	-0.0030296657	-0.0071925054	-0.0034280672	-0.0058894748	-0.0042623560	-0.0060269979	-0.0042041518	-0.0032018837	0.0002817921	-0.0017875836	-0.0033183908
-0.0062283180	-0.0078427680	-0.0055186665	-0.0058514377	-0.0064980355	-0.0068870994	-0.0054444705	-0.0070525439	-0.0086279403	-0.0075462001	-0.0036644218	-0.0052509808	-0.0083037119	-0.0066877368	-0.0055220549	-0.0073572064	-0.0057916066	-0.0056847737	0.6030350747	-0.0069168567	-0.0050363630	-0.0064659200	-0.0068723171	-0.0050297095	-0.0043498274	-0.0070467148	-0.0064861346	-0.0057806206	-0.0061681666	-0.0018637411	-0.0035855735	-0.0040183501	-0.0043783917	-0.0051671807	-0.0080763315	-0.0083237099	-0.0070115567	-0.0066395059	-0.0041930538	-0.0055266993	-0.0065269426	-0.0068973129	-0.0048418204	-0.0019092855	-0.0053290808	-0.0050581237	-0.0052862962	-0.0039084072	-0.0034792959	-0.0042474270	0.0017057136	-0.0066913388	-0.0071985211	-0.0062415850	-0.0029852503	-0.0064177652	-0.0060345633	-0.0022586250	-0.0046289877	-0.0058538768	-0.0090223382	-0.0072943927	-0.0060463846	-0.0063778011	-0.0044318424	-0.0059620135	-0.0072566563	-0.0064779420	-0.0034680582	-0.0072580062	-0.0062093973	-0.0065764945	-0.0071994120	-0.0050844122	-0.0052015291	-0.0061696627	-0.0077095771	-0.0059623155	-0.0066200995	-0.0069763328	-0.0053380610	-0.0060436446	-0.0073168800	-0.0073054486	-0.0070862325	-0.0068451607	-0.0047944731	-0.0057993592	-0.0074805473	-0.0075224596	-0.0061056565	-0.0039460477	-0.0061749571	-0.0079871768	-0.0065647167	-0.0065076086	-0.0043244688	-0.0074044971	-0.0051739686	-0.0067228777	-0.0069396658	-0.0044166262	-0.0042436306	-0.0049007533
-0.0061795717	-0.0052435993	-0.0036679899	-0.0042459413	-0.0058650531	-0.0060117198	-0.0056440360	-0.0064871988	-0.0058365142	-0.0049850422	-0.0067863873	-0.0055086979	-0.0038945960	-0.0051732912	-0.0052769376	-0.0051688657	-0.0067350449	-0.0045811929	-0.0069168567	0.5613210269	-0.0079449355	-0.0053010793	-0.0029918878	-0.0031447121	-0.0060907473	-0.0062418528	-0.0072056110	-0.0041986790	-0.0061731382	-0.0034265030	-0.0062841988	-0.0074083038	-0.0056426164	-0.0050931808	-0.0069749918	-0.0053345097	-0.0078144188	-0.0029341754	-0.0053174123	-0.0051041905	-0.0059454694	-0.0040902756	-0.0045207221	-0.0040186287	-0.0049388559	-0.0062248529	-0.0041441933	-0.0051207673	-0.0054608202	-0.0046170724	-0.0057489837	-0.0056574881	-0.0035629145	-0.0061579952	-0.0061088448	-0.0033224593	-0.0065004890	-0.0049485962	-0.0071033302	-0.0052918934	-0.0067292185	-0.0056877177	-0.0050903655	-0.0051761437	-0.0063261879	-0.0075874416	-0.0058698058	-0.0069169995	-0.0064500648	-0.0037015541	-0.0047118824	-0.0031731472	-0.0047106762	-0.0050984615	-0.0066187601	-0.0052995455	-0.0038798781	-0.0056922283	-0.0080458662	-0.0091365082	-0.0046139610	-0.0070948680	-0.0068957798	-0.0067369425	-0.0049033773	-0.0060670341	-0.0054430309	-0.0026380996	-0.0067563245	-0.0054843921	-0.0070056602	-0.0059599529	-0.0033744867	-0.0043066179	-0.0061906988	-0.0042079436	-0.0066811126	-0.0053800875	-0.0062350908	-0.0061701980	-0.0038012748	-0.0049336327	-0.0029854403	-0.0032322346
-0.0044645079	-0.0041065652	-0.0049801500	-0.0052998673	-0.0051648873	-0.0048772297	-0.0050266893	-0.0053410852	-0.0022011960	-0.0027552985	-0.0076414845	-0.0046330650	-0.0065952530	-0.0074170077	-0.0060040047	-0.0060389502	-0.0047356003	-0.0060774769	-0.0050363630	-0.0079449355	0.5833283118	-0.0057885284	-0.0066872735	-0.0043601372	-0.0052369092	-0.0061847075	-0.0046334426	-0.0066201662	-0.0073513964	-0.0069005974	-0.0065223436	-0.0055971993	-0.0045952914	-0.0060412354	-0.0057236913	-0.0073100217	-0.0072484257	-0.0032918912	-0.0044962765	-0.0029453796	-0.0065264614	-0.0060108299	-0.0057274368	-0.0081059803	-0.0063240945	-0.0057174413	-0.0082340205	-0.0059550369	-0.0067768499	-0.0031651176	-0.0048873096	-0.0034552807	-0.0046434268	-0.0060130806	-0.0075048783	-0.0068007283	-0.0060800743	-0.0047862181	-0.0044657297	-0.0065489995	-0.0073204142	-0.0064713950	-0.0069234871	-0.0054390643	-0.0058046932	-0.0051535646	-0.0076106584	-0.0072669324	-0.0056861615	-0.0046347471	-0.0060203795	-0.0054563580	-0.0053617879	-0.0041396791	-0.0049011952	-0.0063677492	-0.0032993547	-0.0052275185	-0.0073438874	-0.0074325251	-0.0052540818	-0.0060271537	-0.0059124191	-0.0030956360	-0.0074418245	-0.0051513418	-0.0065372915	-0.0060012228	-0.0033863349	-0.0064773934	-0.0026921192	-0.0069324586	-0.0045566129	-0.0073874200	-0.0048900034	-0.0064352621	-0.0070317405	-0.0077472926	-0.0070227517	-0.0067837410	-0.0051627201	-0.0055275924	-0.0025315543	-0.0038752651
-0.0029717757	-0.0032056413	-0.0044147335	-0.0045621435	-0.0048964243	-0.0017755226	-0.0010156000	-0.0014496334	-0.0003169564	-0.0009345181	-0.0014184433	-0.0032863656	-0.0017021597	-0.0042329052	-0.0009599619	-0.0009875191	-0.0012529859	-0.0023964984	-0.0064659200	-0.0053010793	-0.0057885284	0.3819512078	-0.0029840073	-0.0036925122	0.0002996677	-0.0005370703	-0.0073552788	-0.0024389173	-0.0025065969	-0.0030056687	-0.0018969888	0.0003371362	-0.0016676666	0.0018979067	-0.0056233896	-0.0051979543	-0.0031191365	-0.0026251267	-0.0060022697	0.0009234414	-0.0054382747	-0.0025384841	-0.0060085837	-0.0029129260	-0.0038977686	-0.0043197583	-0.0020861030	-0.0026870263	-0.0017826907	-0.0045368358	-0.0059218281	-0.0033049083	-0.0040772224	-0.0044783697	-0.0160756302	-0.0038190400	-0.0042290834	-0.0050507297	-0.0014006482	-0.0045448499	-0.0064587324	-0.0017635523	-0.0037354212	-0.0063459053	-0.0012529407	-0.0024087030	-0.0008524477	-0.0023579980	-0.0047286645	-0.0031952472	-0.0045431017	-0.0075315557	0.0000607235	-0.0013213182	0.0007080935	-0.0056051961	-0.0008710527	-0.0052570229	-0.0032851045	-0.0173403920	-0.0123316380	-0.0067893876	-0.0030200917	-0.0063964763	-0.0032090564	-0.0039758340	-0.0031391124	-0.0049226526	-0.0038588806	-0.0026340227	-0.0032414876	-0.0038480271	-0.0033301694	-0.0054838538	-0.0066596855	-0.0045527860	-0.0057537105	-0.0073666960	-0.0044687486	-0.0005184691	-0.0041145347	-0.0016289506	-0.0043032508	-0.0046776384
-0.0042432008	-0.0050245701	-0.0040523479	-0.0037066287	-0.0069522591	-0.0024482851	-0.0011425672	-0.0024152931	-0.0041064517	-0.0043433206	-0.0021189070	-0.0010635837	-0.0049396575	-0.0016010130	-0.0016124392	-0.0036333043	-0.0043699562	-0.0048140138	-0.0068723171	-0.0029918878	-0.0066872735	-0.0029840073	0.4495724583	-0.0039196374	-0.0036143603	-0.0049382574	-0.0103724819	-0.0031177390	-0.0030476826	0.0006630046	-0.0025662230	0.0016899763	-0.0008092803	-0.0014535674	-0.0063359445	-0.0072524933	-0.0065475471	-0.0037247531	-0.0069580003	-0.0048024652	-0.0033461249	-0.0054877757	-0.0027987031	-0.0058010786	-0.0060266349	-0.0039214691	-0.0041840666	-0.0042124125	-0.0044027953	-0.0056708341	-0.0058898599	-0.0038145815	-0.0043098723	-0.0068795772	-0.0115631696	-0.0050649915	-0.0042524765	-0.0054120770	-0.0020543333	-0.0046834224	-0.0052895380	-0.0020993080	-0.0053396816	-0.0041830174	-0.0022938199	-0.0026920824	-0.0051945222	-0.0045017696	-0.0049449343	-0.0027446823	-0.0064987033	-0.0019725250	-0.0046693307	-0.0039850058	0.0010891457	-0.0033539510	-0.0040994115	-0.0040928362	-0.0059832556	-0.0154605438	-0.0087858252	-0.0070160516	-0.0044126006	-0.0059448250	-0.0053334940	-0.0049904852	-0.0034830765	-0.0062192905	-0.0030611167	-0.0058009238	-0.0029487686	-0.0032120208	-0.0032842965	-0.0066575167	-0.0059404335	-0.0050415077	-0.0027203611	-0.0063188831	-0.0016367760	-0.0025612958	-0.0042617491	-0.0033845207	-0.0046763797	-0.0045634949
-0.0028308229	-0.0054703608	-0.0044266621	-0.0050079371	-0.0043454025	-0.0050821966	-0.0028449511	-0.0033161051	-0.0040524678	-0.0037994745	-0.0031921497	-0.0037438851	-0.0027438457	-0.0033056241	-0.0050527454	-0.0006600422	-0.0050102417	-0.0049985190	-0.0050297095	-0.0031447121	-0.0043601372	-0.0036925122	-0.0039196374	0.4510257208	-0.0025002131	-0.0037265171	-0.0084671641	-0.0029429183	-0.0037365652	0.0017873260	-0.0032914028	-0.0027986187	-0.0030844809	-0.0033150473	-0.0060184723	-0.0051532891	-0.0038568116	-0.0040648944	-0.0051120447	-0.0057027657	-0.0034016382	-0.0037668531	-0.0024429991	-0.0030421307	-0.0048245904	-0.0041117694	-0.0037479297	-0.0012162709	-0.0042372298	-0.0057390990	-0.0047022242	-0.0034869480	-0.0046196289	-0.0062129746	-0.0095373075	-0.0052889644	-0.0044033980	-0.0037584988	-0.0029689219	-0.0051102281	-0.0056789027	-0.0039374411	-0.0053488216	-0.0059267810	-0.0028188570	-0.0036694179	-0.0050761684	-0.0054534899	-0.0032911520	-0.0031778284	-0.0055412041	-0.0064233542	-0.0055511537	-0.0024150554	-0.0009709719	-0.0040361047	-0.0028047856	-0.0045472365	-0.0041806832	-0.0122711807	-0.0111196745	-0.0056789037	-0.0061944001	-0.0041477873	0.0013960212	-0.0056043305	-0.0072038090	-0.0051877251	-0.0052220720	-0.0051875850	-0.0049365675	-0.0029660896	-0.0023094752	-0.0053426899	-0.0063972293	-0.0026788345	-0.0052742549	-0.0054896451	-0.0050599768	-0.0056844005	-0.0043986233	-0.0049295855	-0.0052029880	-0.0044508787
-0.0040906003	-0.0050514938	-0.0051434911	-0.0059839218	-0.0052828722	-0.0018250029	-0.0030210369	-0.0019987947	-0.0030110237	-0.0040119058	-0.0042741653	-0.0030037571	-0.0013644016	-0.0044019769	-0.0043693456	-0.0015585147	-0.0034627431	-0.0017477636	-0.0043498274	-0.0060907473	-0.0052369092	0.0002996677	-0.0036143603	-0.0025002131	0.4193082174	-0.0018552917	-0.0089844638	-0.0050463863	-0.0017441160	-0.0018256103	-0.0043355072	-0.0020899884	0.0006162387	-0.0010412023	-0.0037858085	-0.0055864782	-0.0066053774	-0.0014723957	-0.0067810143	-0.0051537748	-0.0030663544	-0.0046168886	-0.0027671448	-0.0034198659	-0.0070789922	-0.0028303235	-0.0049241862	-0.0017278487	-0.0020316781	-0.0046099753	-0.0054392639	-0.0034529600	-0.0036969812	-0.0039338964	-0.0119726099	-0.0055027648	-0.0057190554	-0.0046468155	0.0011933843	-0.0029483162	-0.0066637035	-0.0013744716	-0.0048585431	-0.0034973371	-0.0032966268	-0.0014081498	-0.0049385258	-0.0018354935	-0.0043299375	-0.0044366187	-0.0051934241	-0.0045388986	-0.0060753163	-0.0024950381	-0.0017584540	-0.0047067743	-0.0045535471	-0.0034297526	-0.0036855481	-0.0134453032	-0.0118011182	-0.0051165413	-0.0029394583	-0.0058682341	0.0002887182	-0.0032153769	-0.0048545386	-0.0054373777	-0.0037103243	-0.0051781618	-0.0044373591	-0.0030985812	-0.0011873673	-0.0043791352	-0.0059614043	-0.0017992624	-0.0061681368	-0.0054764158	-0.0069140621	-0.0061779222	-0.0039460669	-0.0033563624	-0.0037715237	-0.0043018277
-0.0026661386	-0.0051222179	-0.0014308777	-0.0039975133	-0.0059672788	-0.0031259280	-0.0004909756	-0.0022701190	-0.0023838666	-0.0029483078	-0.0005457537	-0.0044387289	-0.0026833788	-0.0044656593	-0.0017340607	-0.0026298300	-0.0036688695	-0.0044694786	-0.0070467148	-0.0062418528	-0.0061847075	-0.0005370703	-0.0049382574	-0.0037265171	-0.0018552917	0.3978083291	-0.0048734627	-0.0049103403	-0.0007466789	-0.0005754718	-0.0009092350	0.0063654555	-0.0015578049	-0.0016196864	-0.0034391386	-0.0069505880	-0.0067705827	-0.0020512540	-0.0052920464	-0.0035629667	-0.0038929739	-0.0037399458	-0.0053726042	-0.0036828085	-0.0060451992	-0.0051063975	-0.0021495255	-0.0023169896	-0.0017263311	-0.0065278903	-0.0016895597	-0.0014937171	-0.0021088461	-0.0060700733	-0.0153690627	-0.0052503500	-0.0039389069	-0.0060259116	-0.0020323601	-0.0007523515	-0.0050650280	-0.0009931249	-0.0023177358	-0.0062498311	-0.0011344439	-0.0026146018	-0.0043836148	-0.0011042919	-0.0015924333	-0.0038150497	-0.0050116414	-0.0058650038	-0.0046499808	-0.0025744814	0.0006179386	-0.0061704352	-0.0018861917	-0.0037665196	-0.0049588547	-0.0171869728	-0.0121318483	-0.0069328176	-0.0052571846	-0.0053707458	-0.0039936186	-0.0049516049	-0.0039863069	-0.0016263219	-0.0054721001	-0.0029769696	-0.0032374123	-0.0051991972	-0.0014526017	-0.0050448606	-0.0064948325	-0.0029390092	-0.0053774963	-0.0035127588	-0.0042159523	-0.0055927758	-0.0034668805	-0.0024894622	-0.0048007302	-0.0028075428
-0.0092141901	-0.0069500319	-0.0066267387	-0.0087094656	-0.0084492061	-0.0099024400	-0.0073934887	-0.0111072339	-0.0112984658	-0.0085319019	-0.0070199030	-0.0103437807	-0.0109290553	-0.0089038501	-0.0089661308	-0.0088681594	-0.0108672638	-0.0085356389	-0.0064861346	-0.0072056110	-0.0046334426	-0.0073552788	-0.0103724819	-0.0084671641	-0.0089844638	-0.0048734627	0.7711988735	-0.0039077217	-0.0085579671	-0.0069685471	-0.0068579927	-0.0075361910	-0.0063667806	-0.0086061430	-0.0102960710	-0.0081458547	-0.0072702689	-0.0085454091	-0.0067666128	-0.0086244971	-0.0085999612	-0.0075037087	-0.0064784570	-0.0062006500	-0.0057716855	-0.0069679227	-0.0068721344	-0.0071843694	-0.0086508651	-0.0092180473	-0.0087260727	-0.0093386985	-0.0100298899	-0.0050690232	0.0041267886	-0.0083888437	-0.0080657296	-0.0055260472	-0.0098363268	-0.0075829437	-0.0049156488	-0.0089230195	-0.0082222910	-0.0072202719	-0.0085985959	-0.0084983307	-0.0097703008	-0.0088568793	-0.0058314982	-0.0083358633	-0.0047414882	-0.0054744866	-0.0053056979	-0.0071548333	-0.0085761714	-0.0055534004	-0.0107678602	-0.0063382795	-0.0097291599	0.0006825005	0.0019030234	-0.0074494726	-0.0104434518	-0.0039665876	-0.0072346946	-0.0051878162	-0.0072981085	-0.0070035604	-0.0085683665	-0.0087987907	-0.0091260330	-0.0070976890	-0.0053221166	-0.0085768756	-0.0080773427	-0.0083309149	-0.0063874375	-0.0081732336	-0.0063494972	-0.0060048200	-0.0108890529	-0.0061127851	-0.0070306604	-0.0062113838
