1.0000000000	0.9373896322	0.9389656639	0.9377634275	0.9368825890	0.9391727491	0.9384693908	0.9397270803	0.9390599393	0.9379117534	0.9389134668	0.9383678018	0.9393151140	0.9377307167	0.9397237742	0.9378320051	0.9383518221	0.9379432120	0.9357014418	0.9355777117	0.9360245929	0.9389789887	0.9378972264	0.9380868291	0.9383709577	0.9390080929	0.9324856598	0.9369326321	0.9386453180	0.9382052494	0.9382633575	0.9388964852	0.9387849277	0.9383247216	0.9379346961	0.9355065292	0.9365472151	0.9385405732	0.9364962203	0.9385839539	0.9376339867	0.9365691559	0.9370915778	0.9373078801	0.9350614012	0.9374923733	0.9372961583	0.9388122786	0.9386963630	0.9370198944	0.9367945753	0.9384295667	0.9391125371	0.9351607861	0.9262880310	0.9370879210	0.9378151738	0.9360770405	0.9379377017	0.9381442860	0.9350945629	0.9399878654	0.9378061570	0.9363674808	0.9389615062	0.9392420280	0.9381005046	0.9383016788	0.9379807819	0.9377113807	0.9363167364	0.9351597842	0.9369511666	0.9383425047	0.9389330533	0.9354297865	0.9392006010	0.9383863864	0.9374938761	0.9243403579	0.9291739995	0.9363846627	0.9378180792	0.9352478480	0.9377649804	0.9373141418	0.9369076356	0.9351656451	0.9385780429	0.9379088480	0.9390135029	0.9372135547	0.9378675713	0.9370512527	0.9359284140	0.9386821365	0.9364243866	0.9368414625	0.9362505633	0.9364073550	0.9386450676	0.9378524932	0.9370501507	0.9372202671
0.9373896322	1.0000000000	0.9367811002	0.9362682462	0.9359167924	0.9380601795	0.9372813808	0.9380200048	0.9377704406	0.9361059944	0.9378322556	0.9367851578	0.9371488844	0.9364080563	0.9374465381	0.9368852439	0.9369021253	0.9366271639	0.9338457899	0.9345523042	0.9351931463	0.9377531083	0.9365742654	0.9362779643	0.9368720694	0.9371592536	0.9316007136	0.9352904773	0.9374328626	0.9370470950	0.9363091222	0.9376901412	0.9370337702	0.9367354653	0.9361822362	0.9344700011	0.9353417728	0.9369175540	0.9349166820	0.9368665592	0.9365003780	0.9358317843	0.9349506953	0.9362460048	0.9338170865	0.9361377534	0.9363134302	0.9375449211	0.9365864381	0.9358186599	0.9356883174	0.9369100401	0.9367143761	0.9342460846	0.9264166703	0.9359533103	0.9363533545	0.9351877863	0.9367695287	0.9367243446	0.9340975082	0.9385206361	0.9358914954	0.9350073507	0.9371489344	0.9376967535	0.9364678675	0.9373515113	0.9365897943	0.9369016745	0.9354382021	0.9348768579	0.9353886600	0.9366184977	0.9378168770	0.9348900825	0.9373498582	0.9363839614	0.9357205774	0.9242438785	0.9289023942	0.9349973821	0.9360891631	0.9346635612	0.9366201508	0.9369743096	0.9360781927	0.9341813141	0.9374851098	0.9366274644	0.9371101623	0.9359335736	0.9365510222	0.9357414162	0.9341360799	0.9370797558	0.9352256568	0.9351152514	0.9352676349	0.9357953164	0.9364692200	0.9371253406	0.9362000694	0.9351318823
0.9389656639	0.9367811002	1.0000000000	0.9385908667	0.9371225353	0.9397520267	0.9390023822	0.9403304026	0.9398730519	0.9379864925	0.9397322900	0.9393454204	0.9390892939	0.9380091346	0.9399078165	0.9384867230	0.9394222132	0.9386123567	0.9359840676	0.9365965068	0.9362447024	0.9388531546	0.9381479929	0.9382550420	0.9384270620	0.9393577433	0.9332388609	0.9377545610	0.9391613780	0.9388000559	0.9383408016	0.9396386658	0.9389711742	0.9393149637	0.9382230325	0.9360420254	0.9365702580	0.9392263489	0.9365744658	0.9394813232	0.9377818618	0.9374542023	0.9368268854	0.9376040310	0.9351995582	0.9378638644	0.9379731176	0.9390504216	0.9390530264	0.9369418492	0.9372159591	0.9393287393	0.9388911253	0.9356410795	0.9271841980	0.9379600433	0.9379944072	0.9367400739	0.9384845189	0.9386079485	0.9354133559	0.9413344704	0.9384424406	0.9368217258	0.9392239945	0.9392105695	0.9390872401	0.9385062593	0.9386242789	0.9381483936	0.9361103525	0.9356586122	0.9368431657	0.9386607968	0.9391271143	0.9365130015	0.9401959525	0.9387782152	0.9382554929	0.9249730348	0.9294635381	0.9362252662	0.9380434985	0.9361517294	0.9381498964	0.9380951947	0.9379762234	0.9355881310	0.9388739934	0.9383669001	0.9387124429	0.9375705187	0.9386281862	0.9369768143	0.9358922468	0.9394329331	0.9363768983	0.9367665231	0.9371336059	0.9366618283	0.9386304403	0.9388553587	0.9375890532	0.9378737828
0.9377634275	0.9362682462	0.9385908667	1.0000000000	0.9363282578	0.9385090145	0.9379668559	0.9387406453	0.9379303380	0.9371838995	0.9383226678	0.9375714204	0.9381993384	0.9374701319	0.9383906944	0.9372662527	0.9378537956	0.9371600551	0.9348556685	0.9355346315	0.9355153456	0.9380681945	0.9374129255	0.9372199165	0.9373849234	0.9380995027	0.9320558603	0.9359417889	0.9380664412	0.9382551422	0.9374747906	0.9384096797	0.9378511908	0.9379161616	0.9369971521	0.9353621607	0.9355939419	0.9382180733	0.9361250298	0.9381489447	0.9366273141	0.9363736923	0.9359126848	0.9369534208	0.9341107328	0.9374683286	0.9367007507	0.9377615240	0.9378018991	0.9364043494	0.9360908662	0.9381166847	0.9376584322	0.9350804366	0.9264966190	0.9369507658	0.9373491068	0.9356748924	0.9373463016	0.9376893397	0.9348042228	0.9393556895	0.9375079022	0.9361902511	0.9380860777	0.9383395492	0.9372492210	0.9377596705	0.9370747965	0.9370088739	0.9356176359	0.9349643206	0.9360243425	0.9375657598	0.9382830441	0.9354125544	0.9384722461	0.9380628846	0.9366451974	0.9249496914	0.9295360730	0.9355840735	0.9368936596	0.9354699612	0.9373807657	0.9376631911	0.9366990476	0.9346060041	0.9379406572	0.9374473896	0.9375605000	0.9364458265	0.9371792909	0.9359912810	0.9357622049	0.9383913957	0.9361205214	0.9357362065	0.9363267049	0.9358142517	0.9377429895	0.9377253567	0.9364304980	0.9366053232
0.9368825890	0.9359167924	0.9371225353	0.9363282578	1.0000000000	0.9371915637	0.9371866045	0.9379493734	0.9373424444	0.9358251720	0.9370937819	0.9368385571	0.9371696229	0.9361619985	0.9371871555	0.9362237134	0.9372523769	0.9365317864	0.9339360579	0.9344497134	0.9344687989	0.9371879570	0.9358637437	0.9363373748	0.9367529478	0.9369083870	0.9313177873	0.9350597481	0.9373712480	0.9371537935	0.9363138310	0.9374258496	0.9369159511	0.9367403744	0.9361969636	0.9342799476	0.9348724998	0.9367437307	0.9343974161	0.9369778662	0.9357087053	0.9357560434	0.9350735238	0.9356172352	0.9337413457	0.9362954468	0.9358337379	0.9368946114	0.9371219342	0.9358814767	0.9350801862	0.9371062050	0.9369254688	0.9343040925	0.9256254986	0.9355563720	0.9361374529	0.9347134039	0.9365890930	0.9368506796	0.9339022450	0.9380365356	0.9368513809	0.9348091820	0.9369451554	0.9372786758	0.9371624596	0.9364191770	0.9364042492	0.9366333754	0.9346101618	0.9344449545	0.9347521760	0.9363012075	0.9367292538	0.9348105346	0.9374202892	0.9368382064	0.9364664649	0.9241796590	0.9281170333	0.9344178040	0.9361174156	0.9342286521	0.9360555004	0.9365829817	0.9357012915	0.9337511138	0.9367632670	0.9366654350	0.9367495916	0.9357314977	0.9365987109	0.9352877723	0.9345712895	0.9370882716	0.9349687789	0.9351620384	0.9351376931	0.9346822459	0.9365342410	0.9367450331	0.9359777558	0.9356445360
0.9391727491	0.9380601795	0.9397520267	0.9385090145	0.9371915637	1.0000000000	0.9398819183	0.9407165209	0.9401480634	0.9387301759	0.9394068847	0.9391279157	0.9393508805	0.9385343115	0.9404514277	0.9394806719	0.9394365399	0.9394919930	0.9358492167	0.9361591933	0.9367656715	0.9398956940	0.9385625641	0.9382375094	0.9395310156	0.9393667600	0.9328077590	0.9371048524	0.9397231230	0.9393850441	0.9389793895	0.9401557277	0.9394251186	0.9396168252	0.9388614200	0.9360415244	0.9370866185	0.9391385856	0.9369238157	0.9387529683	0.9381347182	0.9379431118	0.9370768504	0.9380801166	0.9351741109	0.9381502972	0.9383388980	0.9391672389	0.9389490330	0.9375000877	0.9375598989	0.9394180054	0.9400188230	0.9358575823	0.9272660503	0.9378949221	0.9387712523	0.9368459709	0.9384753018	0.9386706652	0.9350958653	0.9411085501	0.9387808702	0.9371770868	0.9395591179	0.9402263591	0.9386479229	0.9392280019	0.9386076479	0.9381521005	0.9370396812	0.9359881251	0.9373054256	0.9384501049	0.9392546515	0.9370422861	0.9403460317	0.9392396736	0.9382744281	0.9250849430	0.9295511010	0.9361919042	0.9385002482	0.9360026521	0.9384552645	0.9380674431	0.9379269317	0.9359442936	0.9392921713	0.9384531606	0.9387724545	0.9377007610	0.9388634237	0.9375594982	0.9367020532	0.9392803493	0.9369104909	0.9367837551	0.9378187805	0.9373925877	0.9385396715	0.9385993826	0.9382969700	0.9379779766
0.9384693908	0.9372813808	0.9390023822	0.9379668559	0.9371866045	0.9398819183	1.0000000000	0.9397683070	0.9394451058	0.9385118197	0.9394486123	0.9386751235	0.9392433304	0.9387421481	0.9396768369	0.9393233293	0.9389325523	0.9386303402	0.9361208720	0.9363957834	0.9366002137	0.9399424309	0.9392092170	0.9388550081	0.9391338267	0.9399112229	0.9335125200	0.9373062771	0.9399360691	0.9389648123	0.9396144207	0.9397200673	0.9394545233	0.9396190794	0.9384707433	0.9358991095	0.9365663006	0.9391422424	0.9366692922	0.9392713826	0.9382196261	0.9381482434	0.9367495916	0.9383756163	0.9357299949	0.9381319130	0.9383874383	0.9396645139	0.9393716692	0.9373959439	0.9377946857	0.9391621795	0.9387565249	0.9356010551	0.9271376615	0.9378867569	0.9382883039	0.9365141035	0.9386703145	0.9387188047	0.9356624693	0.9407361073	0.9386518802	0.9369575284	0.9402277116	0.9398314745	0.9386351491	0.9391102329	0.9393484760	0.9395788045	0.9369545729	0.9359086272	0.9375280898	0.9389941669	0.9398715491	0.9368352509	0.9392952270	0.9390040854	0.9382395131	0.9249852075	0.9298752539	0.9362573760	0.9386125070	0.9359158406	0.9392637184	0.9385528961	0.9378880093	0.9362758604	0.9389499848	0.9385527959	0.9384440937	0.9386860438	0.9390613419	0.9369917921	0.9363151835	0.9386870957	0.9370121300	0.9367440312	0.9372283321	0.9363532042	0.9384500548	0.9388963851	0.9376628404	0.9375496298
0.9397270803	0.9380200048	0.9403304026	0.9387406453	0.9379493734	0.9407165209	0.9397683070	1.0000000000	0.9412819727	0.9391803132	0.9405626346	0.9393775802	0.9401216142	0.9388683329	0.9404892982	0.9388449894	0.9399656241	0.9392158794	0.9363114766	0.9366029187	0.9369817735	0.9401974553	0.9393035424	0.9390082431	0.9398438976	0.9399591620	0.9331803521	0.9377365275	0.9403095138	0.9390941029	0.9392732361	0.9403651172	0.9397289839	0.9402457952	0.9395466948	0.9363123282	0.9375224292	0.9397213697	0.9368109056	0.9399936762	0.9386316426	0.9378865065	0.9376884881	0.9381102727	0.9355667413	0.9389420700	0.9386497763	0.9399456870	0.9397107499	0.9380403927	0.9378082609	0.9394780170	0.9399132266	0.9364840476	0.9267528957	0.9381605162	0.9391567694	0.9373688435	0.9386819862	0.9395144348	0.9360741852	0.9419408985	0.9387629368	0.9374964810	0.9400970185	0.9404207206	0.9392215900	0.9393751757	0.9388762476	0.9385009495	0.9371426728	0.9365711096	0.9376648942	0.9393190212	0.9402664336	0.9365249237	0.9410297035	0.9394580799	0.9385340110	0.9245958332	0.9298959424	0.9365239218	0.9391004647	0.9363646255	0.9389913617	0.9394151501	0.9379658040	0.9365171592	0.9398042238	0.9390358445	0.9400753782	0.9383008773	0.9389177248	0.9373751553	0.9364132159	0.9397958082	0.9373460010	0.9371581516	0.9375881515	0.9376920447	0.9391717473	0.9391650348	0.9386711661	0.9382943652
0.9390599393	0.9377704406	0.9398730519	0.9379303380	0.9373424444	0.9401480634	0.9394451058	0.9412819727	1.0000000000	0.9381571099	0.9393451699	0.9388648263	0.9396404191	0.9386398078	0.9399717354	0.9382874523	0.9394478609	0.9382959682	0.9353998809	0.9361468704	0.9370435885	0.9400966678	0.9382286429	0.9383452098	0.9389576490	0.9392807000	0.9325740242	0.9371802928	0.9396013965	0.9386422623	0.9383765681	0.9399601639	0.9394298274	0.9388276572	0.9383812268	0.9363104247	0.9367768423	0.9397105496	0.9358945010	0.9382845970	0.9376417011	0.9370879210	0.9369448047	0.9375092547	0.9353058560	0.9381592138	0.9382300956	0.9392195362	0.9389688699	0.9373626320	0.9368503791	0.9397586390	0.9384300676	0.9354529295	0.9266748506	0.9373624316	0.9378958238	0.9365287808	0.9381980861	0.9391328249	0.9352350242	0.9408865371	0.9387799685	0.9370481470	0.9392033561	0.9396956719	0.9383375455	0.9393427153	0.9383981583	0.9379811826	0.9368600471	0.9358193111	0.9371606563	0.9384246575	0.9389666157	0.9362601311	0.9400568938	0.9391028191	0.9378567511	0.9245577623	0.9295406816	0.9363136306	0.9382218302	0.9357913591	0.9382926620	0.9380258657	0.9371914636	0.9359077256	0.9392865609	0.9387144466	0.9390601898	0.9378149734	0.9390544791	0.9369468585	0.9362738566	0.9392349649	0.9363840115	0.9363148829	0.9374517978	0.9374206399	0.9387892357	0.9385007992	0.9377034660	0.9382504835
0.9379117534	0.9361059944	0.9379864925	0.9371838995	0.9358251720	0.9387301759	0.9385118197	0.9391803132	0.9381571099	1.0000000000	0.9381505977	0.9378190310	0.9382536895	0.9372637981	0.9385688758	0.9377161396	0.9382229323	0.9372096975	0.9347722634	0.9352323192	0.9360083127	0.9390858375	0.9374544528	0.9374988854	0.9380303741	0.9385053076	0.9322515744	0.9363469927	0.9383640448	0.9381640227	0.9379640507	0.9388080708	0.9380879813	0.9380574745	0.9372583881	0.9354980635	0.9360320067	0.9382503834	0.9356975846	0.9383054859	0.9368287388	0.9368385070	0.9361445661	0.9373293701	0.9345526048	0.9371050027	0.9368399597	0.9383678018	0.9382823428	0.9372668037	0.9364338543	0.9379226738	0.9378676714	0.9352958874	0.9261706627	0.9367199865	0.9374711839	0.9363292597	0.9373147930	0.9373073792	0.9347266285	0.9394696514	0.9374217920	0.9355105367	0.9384951888	0.9386604963	0.9375384089	0.9381999395	0.9375618526	0.9371578009	0.9360535969	0.9351361903	0.9360939219	0.9381526015	0.9389007432	0.9352107290	0.9385872099	0.9376593840	0.9372781248	0.9242375166	0.9289405151	0.9351711554	0.9369586304	0.9345490982	0.9376469108	0.9381878170	0.9364714742	0.9361176661	0.9384009635	0.9377007109	0.9380572741	0.9364315500	0.9377900771	0.9364766338	0.9357505331	0.9381989878	0.9360619625	0.9359108814	0.9357688172	0.9359373306	0.9378396193	0.9381106234	0.9365331389	0.9368082507
0.9389134668	0.9378322556	0.9397322900	0.9383226678	0.9370937819	0.9394068847	0.9394486123	0.9405626346	0.9393451699	0.9381505977	1.0000000000	0.9393446189	0.9401757149	0.9391598752	0.9400274390	0.9387672448	0.9393782314	0.9389220328	0.9362757101	0.9362890349	0.9360654690	0.9398944917	0.9389599032	0.9388741938	0.9389623578	0.9398945418	0.9335600584	0.9379595423	0.9396562986	0.9391333759	0.9393325464	0.9400458232	0.9402540606	0.9397661029	0.9388698357	0.9363098235	0.9377476482	0.9391297692	0.9372394027	0.9391339770	0.9381632713	0.9382649104	0.9369118434	0.9377238539	0.9355168484	0.9384327226	0.9383970061	0.9393592962	0.9399291562	0.9375660103	0.9379901994	0.9394562766	0.9393488768	0.9358849332	0.9266727466	0.9378245913	0.9383285287	0.9372765719	0.9387090365	0.9387721540	0.9363737424	0.9412108404	0.9385153763	0.9372176623	0.9399922235	0.9398868275	0.9388260542	0.9393735727	0.9390121003	0.9386639527	0.9370421859	0.9357454737	0.9375736245	0.9389536416	0.9400377081	0.9367260979	0.9396557476	0.9383853845	0.9383043838	0.9245965345	0.9296286452	0.9363009069	0.9384942370	0.9356467902	0.9389876548	0.9390181115	0.9379751213	0.9358540257	0.9392294546	0.9385750874	0.9387277714	0.9383394490	0.9388288594	0.9369001717	0.9359559653	0.9391836695	0.9370728930	0.9371796917	0.9370472453	0.9365566326	0.9390258759	0.9394787183	0.9378454301	0.9375810382
0.9383678018	0.9367851578	0.9393454204	0.9375714204	0.9368385571	0.9391279157	0.9386751235	0.9393775802	0.9388648263	0.9378190310	0.9393446189	1.0000000000	0.9393855951	0.9385806477	0.9395336705	0.9381433342	0.9387642392	0.9379432621	0.9359184956	0.9360222887	0.9360604096	0.9391273146	0.9385373672	0.9380385894	0.9389739293	0.9385715308	0.9325602486	0.9366355294	0.9389355078	0.9387366880	0.9381329649	0.9392188349	0.9393805858	0.9389653634	0.9384047205	0.9359060224	0.9367763914	0.9384974429	0.9362608324	0.9385357141	0.9377441417	0.9375108577	0.9367809499	0.9376614879	0.9353920663	0.9381962326	0.9381546052	0.9395187428	0.9392521468	0.9371276448	0.9374001518	0.9387713525	0.9386326945	0.9354285342	0.9262562218	0.9373922370	0.9381615681	0.9364626077	0.9381109740	0.9385662209	0.9353027001	0.9404441642	0.9380878310	0.9365977592	0.9389518382	0.9391850721	0.9383551282	0.9391243591	0.9383074395	0.9377332714	0.9363043634	0.9356771967	0.9373706970	0.9387796679	0.9392776443	0.9366881773	0.9392535495	0.9385010497	0.9379312397	0.9249505430	0.9295934297	0.9358570312	0.9378711279	0.9355698971	0.9380009694	0.9383614400	0.9374142279	0.9350077013	0.9387449033	0.9382747787	0.9382845970	0.9381401283	0.9382072531	0.9366680900	0.9362480586	0.9389471795	0.9369634394	0.9366190988	0.9367253966	0.9364302475	0.9381847613	0.9384317207	0.9372018829	0.9374681783
0.9393151140	0.9371488844	0.9390892939	0.9381993384	0.9371696229	0.9393508805	0.9392433304	0.9401216142	0.9396404191	0.9382536895	0.9401757149	0.9393855951	1.0000000000	0.9387996050	0.9400845453	0.9385027528	0.9392079146	0.9385608609	0.9354268310	0.9364407170	0.9361736703	0.9397946059	0.9381538037	0.9383667498	0.9396445267	0.9393490271	0.9325381575	0.9378932190	0.9393638546	0.9394024765	0.9387627865	0.9401126475	0.9393048950	0.9388165365	0.9389513874	0.9360234909	0.9368564904	0.9390682548	0.9365587366	0.9387204077	0.9382991240	0.9378176784	0.9371397674	0.9381467406	0.9350328481	0.9382717231	0.9388060670	0.9392622156	0.9389798904	0.9378811966	0.9370262061	0.9391356802	0.9393202235	0.9353210843	0.9267549997	0.9375212270	0.9385071610	0.9364079561	0.9384829159	0.9386220748	0.9353446281	0.9408565814	0.9384117836	0.9364654631	0.9401654458	0.9398831206	0.9385072612	0.9389633095	0.9385990319	0.9380303741	0.9366255108	0.9354054412	0.9370912271	0.9385191333	0.9398086821	0.9362346838	0.9396261926	0.9386954613	0.9382333517	0.9247341905	0.9295001061	0.9356752431	0.9381688317	0.9357273400	0.9383126993	0.9383306326	0.9373732016	0.9353994801	0.9390442100	0.9387534191	0.9387025244	0.9376007750	0.9385687756	0.9363473433	0.9363929782	0.9395466447	0.9369734079	0.9371595542	0.9372036362	0.9365245730	0.9385356640	0.9388585647	0.9374293561	0.9375923593
0.9377307167	0.9364080563	0.9380091346	0.9374701319	0.9361619985	0.9385343115	0.9387421481	0.9388683329	0.9386398078	0.9372637981	0.9391598752	0.9385806477	0.9387996050	1.0000000000	0.9384161918	0.9374276028	0.9383887407	0.9376688516	0.9350270373	0.9355422958	0.9351582313	0.9383899430	0.9380159974	0.9377412362	0.9381668279	0.9382916101	0.9322831331	0.9362723538	0.9392926722	0.9383171075	0.9379461174	0.9388864165	0.9386042416	0.9383072391	0.9374226937	0.9355174997	0.9361984163	0.9378716789	0.9358171070	0.9383946517	0.9376560778	0.9371739309	0.9361874459	0.9372753696	0.9343327959	0.9375506317	0.9374095192	0.9379986150	0.9384660846	0.9367425285	0.9366360303	0.9382825432	0.9379773755	0.9348972459	0.9263511985	0.9367351147	0.9372338424	0.9363088217	0.9376529220	0.9381213934	0.9353588044	0.9397298354	0.9376519201	0.9365770206	0.9385523952	0.9384656338	0.9379055920	0.9382527377	0.9376260720	0.9374633694	0.9360822502	0.9352291633	0.9365824306	0.9376787200	0.9386896505	0.9357630564	0.9386657560	0.9376302298	0.9373095833	0.9247730128	0.9294155989	0.9358468122	0.9372703102	0.9354957592	0.9379228240	0.9372192152	0.9367022034	0.9349391739	0.9378597567	0.9371151215	0.9373723000	0.9369421999	0.9382617545	0.9364130155	0.9351926955	0.9385028530	0.9359345254	0.9361203711	0.9365348421	0.9364026963	0.9372863901	0.9381804533	0.9362797676	0.9363169368
0.9397237742	0.9374465381	0.9399078165	0.9383906944	0.9371871555	0.9404514277	0.9396768369	0.9404892982	0.9399717354	0.9385688758	0.9400274390	0.9395336705	0.9400845453	0.9384161918	1.0000000000	0.9387741577	0.9397051395	0.9390778226	0.9365191629	0.9368186200	0.9365455621	0.9402359269	0.9391391366	0.9385559017	0.9393048950	0.9399630693	0.9335864074	0.9379470190	0.9397545815	0.9397392029	0.9392851583	0.9403110166	0.9394745105	0.9396684212	0.9392482396	0.9365159069	0.9368549876	0.9388594664	0.9371166744	0.9391625301	0.9385990820	0.9380052273	0.9371176262	0.9382542405	0.9357757300	0.9389072052	0.9386949604	0.9399976837	0.9395162882	0.9377508541	0.9375597987	0.9396277956	0.9401093915	0.9365378477	0.9267984805	0.9382099081	0.9386136591	0.9369178045	0.9386642532	0.9391531627	0.9357251359	0.9415365463	0.9386499266	0.9368899527	0.9401900916	0.9400353037	0.9389831464	0.9389265412	0.9390521749	0.9383922473	0.9372800283	0.9356622189	0.9374044097	0.9390622436	0.9398326267	0.9367629665	0.9404813835	0.9390420059	0.9385709797	0.9249609123	0.9297949546	0.9360931204	0.9385359145	0.9360834023	0.9389321516	0.9386029392	0.9383759670	0.9358712577	0.9396295990	0.9389373613	0.9393414129	0.9383373451	0.9393550382	0.9370722919	0.9366615779	0.9404006333	0.9369776158	0.9377719935	0.9376839296	0.9369785174	0.9393137114	0.9388117777	0.9380669421	0.9379799804
0.9378320051	0.9368852439	0.9384867230	0.9372662527	0.9362237134	0.9394806719	0.9393233293	0.9388449894	0.9382874523	0.9377161396	0.9387672448	0.9381433342	0.9385027528	0.9374276028	0.9387741577	1.0000000000	0.9380993023	0.9378786418	0.9348664385	0.9359007626	0.9356480425	0.9392489409	0.9376719574	0.9385485380	0.9388270561	0.9387532688	0.9322977603	0.9366496557	0.9390107478	0.9387180533	0.9395888732	0.9396142705	0.9388094233	0.9386400582	0.9375853964	0.9357043472	0.9367903173	0.9384113829	0.9359584699	0.9383599872	0.9381268536	0.9373142920	0.9361488741	0.9375525853	0.9349062626	0.9370361747	0.9378314040	0.9388630230	0.9386787803	0.9367387214	0.9361778781	0.9383575828	0.9378630629	0.9350676629	0.9266786075	0.9371578009	0.9382438212	0.9361790803	0.9381653752	0.9384565168	0.9350472248	0.9393960145	0.9376137491	0.9358197118	0.9391882780	0.9385491892	0.9380835230	0.9386218243	0.9375253847	0.9381748929	0.9362494612	0.9353451791	0.9371373629	0.9381146308	0.9387959482	0.9360408732	0.9388663291	0.9382767324	0.9370097255	0.9241361280	0.9287293223	0.9354928538	0.9373072790	0.9354241260	0.9383346902	0.9386840401	0.9371033497	0.9358477640	0.9381988876	0.9378582038	0.9374178847	0.9369872837	0.9389316006	0.9363778501	0.9360211365	0.9379199687	0.9363095230	0.9364869530	0.9364500844	0.9363481949	0.9376621892	0.9385118698	0.9374900189	0.9369194576
0.9383518221	0.9369021253	0.9394222132	0.9378537956	0.9372523769	0.9394365399	0.9389325523	0.9399656241	0.9394478609	0.9382229323	0.9393782314	0.9387642392	0.9392079146	0.9383887407	0.9397051395	0.9380993023	1.0000000000	0.9386625501	0.9359608243	0.9356963323	0.9362618343	0.9395393311	0.9380755582	0.9380551702	0.9387854287	0.9390625942	0.9325662097	0.9369797197	0.9389374615	0.9390632454	0.9382311977	0.9396117157	0.9387771132	0.9392131743	0.9384557654	0.9363270556	0.9363955330	0.9387380405	0.9361958615	0.9388633736	0.9379505757	0.9374463878	0.9367358160	0.9374175842	0.9348439968	0.9379333937	0.9383301818	0.9388590656	0.9388176887	0.9374416790	0.9368678115	0.9392955776	0.9388214957	0.9355458023	0.9268742214	0.9379309892	0.9378296006	0.9365677533	0.9384280138	0.9387352854	0.9352635773	0.9410879117	0.9378227880	0.9372837853	0.9394278737	0.9392995350	0.9384650827	0.9386111545	0.9379991160	0.9381160334	0.9362723538	0.9357609024	0.9369227136	0.9378088120	0.9391565690	0.9360896139	0.9399858617	0.9383350909	0.9379469189	0.9248915833	0.9295553088	0.9359484513	0.9377368280	0.9356427827	0.9384277132	0.9379981141	0.9372828335	0.9354709130	0.9392418777	0.9384817137	0.9385805976	0.9373644353	0.9383797240	0.9367500925	0.9364291455	0.9392648204	0.9365962063	0.9370138832	0.9371586525	0.9369644913	0.9383968057	0.9385258458	0.9373980979	0.9372011315
0.9379432120	0.9366271639	0.9386123567	0.9371600551	0.9365317864	0.9394919930	0.9386303402	0.9392158794	0.9382959682	0.9372096975	0.9389220328	0.9379432621	0.9385608609	0.9376688516	0.9390778226	0.9378786418	0.9386625501	1.0000000000	0.9351425522	0.9357476778	0.9353409713	0.9387375897	0.9375266871	0.9374765439	0.9388010076	0.9381648743	0.9324939252	0.9367741873	0.9383522228	0.9385733842	0.9378732819	0.9393717193	0.9383028810	0.9381885183	0.9372064915	0.9353439769	0.9358070883	0.9383176084	0.9359661843	0.9379822846	0.9374056119	0.9367698793	0.9360137227	0.9369627882	0.9344655428	0.9370475959	0.9373095332	0.9387639387	0.9380072311	0.9373038727	0.9367356156	0.9378839016	0.9383648964	0.9354908501	0.9265388476	0.9371616080	0.9375628544	0.9361534326	0.9375418153	0.9377525072	0.9348345292	0.9401338871	0.9375456224	0.9365196138	0.9388966355	0.9387925419	0.9378470831	0.9383290798	0.9375516335	0.9374423302	0.9359321710	0.9349159807	0.9361253804	0.9380313760	0.9387041775	0.9358538253	0.9388702364	0.9382294444	0.9368637540	0.9240133997	0.9288557575	0.9357114605	0.9374137771	0.9357853980	0.9378235393	0.9379010836	0.9368644052	0.9350016901	0.9379053415	0.9372761210	0.9377338725	0.9364662145	0.9379724163	0.9365464637	0.9351970035	0.9385251946	0.9361187681	0.9363279573	0.9360208861	0.9363753454	0.9376116953	0.9385641671	0.9373755059	0.9370461933
0.9357014418	0.9338457899	0.9359840676	0.9348556685	0.9339360579	0.9358492167	0.9361208720	0.9363114766	0.9353998809	0.9347722634	0.9362757101	0.9359184956	0.9354268310	0.9350270373	0.9365191629	0.9348664385	0.9359608243	0.9351425522	1.0000000000	0.9332890042	0.9337497112	0.9360264464	0.9348720490	0.9354952583	0.9358561296	0.9358776195	0.9307014909	0.9340637454	0.9360612612	0.9364212809	0.9358767680	0.9366874259	0.9362362366	0.9358727104	0.9348681417	0.9327838145	0.9338203927	0.9356459386	0.9340504206	0.9356407289	0.9347576862	0.9342562034	0.9340430569	0.9354368496	0.9329424095	0.9351259212	0.9352510039	0.9364667655	0.9364180749	0.9346846003	0.9352157884	0.9356751930	0.9354327420	0.9328349095	0.9261162615	0.9345662802	0.9350971678	0.9345868184	0.9356636215	0.9353201826	0.9321105621	0.9368329466	0.9352799077	0.9339821937	0.9364681180	0.9359891270	0.9351013756	0.9356689313	0.9358114965	0.9347912988	0.9339169223	0.9330077310	0.9340221680	0.9359475997	0.9361564382	0.9334811116	0.9358360923	0.9354945570	0.9349470886	0.9235660676	0.9278673188	0.9331195390	0.9346562476	0.9327678848	0.9353041528	0.9350579949	0.9348670898	0.9332156678	0.9356094707	0.9347410052	0.9354746700	0.9350695163	0.9354268811	0.9336279347	0.9332990729	0.9358669497	0.9344814223	0.9335446798	0.9341681396	0.9339374104	0.9350673623	0.9357847969	0.9347823822	0.9348196515
0.9355777117	0.9345523042	0.9365965068	0.9355346315	0.9344497134	0.9361591933	0.9363957834	0.9366029187	0.9361468704	0.9352323192	0.9362890349	0.9360222887	0.9364407170	0.9355422958	0.9368186200	0.9359007626	0.9356963323	0.9357476778	0.9332890042	1.0000000000	0.9331730385	0.9363871173	0.9360503408	0.9358316841	0.9358271757	0.9360930202	0.9309017635	0.9344792182	0.9363354712	0.9363405307	0.9356656753	0.9362580272	0.9360373667	0.9362529177	0.9351158024	0.9333935487	0.9338042627	0.9364983242	0.9340673521	0.9360049063	0.9352758501	0.9353320046	0.9344323811	0.9353645151	0.9329662538	0.9350393602	0.9355701977	0.9364159710	0.9360102162	0.9349998868	0.9343934587	0.9360003979	0.9365443097	0.9330941918	0.9257492788	0.9354611448	0.9352550615	0.9341764550	0.9352463453	0.9357055996	0.9329283834	0.9373700458	0.9356362706	0.9344081861	0.9362271698	0.9357960678	0.9354157604	0.9356434840	0.9352664827	0.9356123260	0.9343206733	0.9335936209	0.9347664526	0.9361273341	0.9363327662	0.9337670435	0.9368224271	0.9360001976	0.9346090598	0.9236668551	0.9282151659	0.9333193106	0.9348980974	0.9331952799	0.9359265105	0.9353829995	0.9348959434	0.9338602669	0.9357852978	0.9357123120	0.9355785632	0.9349909702	0.9362412961	0.9345371260	0.9336824862	0.9364124645	0.9339233843	0.9341805627	0.9342959774	0.9342930720	0.9360251440	0.9359976929	0.9353211845	0.9353481346
0.9360245929	0.9351931463	0.9362447024	0.9355153456	0.9344687989	0.9367656715	0.9366002137	0.9369817735	0.9370435885	0.9360083127	0.9360654690	0.9360604096	0.9361736703	0.9351582313	0.9365455621	0.9356480425	0.9362618343	0.9353409713	0.9337497112	0.9331730385	1.0000000000	0.9363511003	0.9354282336	0.9359250077	0.9361086493	0.9361997688	0.9310919673	0.9343120573	0.9360518937	0.9358834304	0.9356100218	0.9364968214	0.9361336959	0.9359829655	0.9354449647	0.9334887758	0.9339201282	0.9363601171	0.9341525606	0.9363595160	0.9348746538	0.9348739024	0.9340288805	0.9345856162	0.9327958869	0.9351915934	0.9348616296	0.9363529037	0.9358474635	0.9350539373	0.9347174113	0.9366958416	0.9361407089	0.9334146379	0.9252308645	0.9346865539	0.9352820617	0.9343247810	0.9357429190	0.9354753212	0.9326343865	0.9371932669	0.9352840654	0.9343076491	0.9363636737	0.9365579351	0.9352363767	0.9355451511	0.9354728165	0.9355485574	0.9341726480	0.9336104021	0.9345425861	0.9362063310	0.9364415185	0.9338149826	0.9367814008	0.9357906578	0.9349508456	0.9237278185	0.9281406773	0.9334743490	0.9351813744	0.9338869164	0.9352932826	0.9358384968	0.9348273659	0.9333171065	0.9364527895	0.9354614955	0.9363900227	0.9348198018	0.9357933127	0.9338791520	0.9339758819	0.9362467061	0.9339635089	0.9337744572	0.9343959133	0.9339949674	0.9355310749	0.9359504550	0.9353688231	0.9351311810
0.9389789887	0.9377531083	0.9388531546	0.9380681945	0.9371879570	0.9398956940	0.9399424309	0.9401974553	0.9400966678	0.9390858375	0.9398944917	0.9391273146	0.9397946059	0.9383899430	0.9402359269	0.9392489409	0.9395393311	0.9387375897	0.9360264464	0.9363871173	0.9363511003	1.0000000000	0.9384721960	0.9383634437	0.9394787183	0.9398132907	0.9335955244	0.9377040671	0.9395370769	0.9391544150	0.9390725628	0.9404772257	0.9394693008	0.9402890757	0.9380166486	0.9363245509	0.9375453719	0.9391017170	0.9365145544	0.9399305588	0.9379577891	0.9379288853	0.9367121720	0.9381970341	0.9354037380	0.9381269538	0.9384749511	0.9395321176	0.9395884224	0.9376385452	0.9369878348	0.9391082291	0.9389616565	0.9361330948	0.9267435784	0.9379044398	0.9384363293	0.9370692863	0.9389225337	0.9384910310	0.9355257650	0.9405196547	0.9386098520	0.9367572058	0.9397659025	0.9397548820	0.9389648123	0.9394496142	0.9382431699	0.9382845469	0.9371187283	0.9355226593	0.9380974990	0.9394512672	0.9406619694	0.9364936655	0.9402274110	0.9381992382	0.9381286569	0.9247102460	0.9296633097	0.9360687751	0.9384652831	0.9358594858	0.9387678459	0.9384097799	0.9381124768	0.9360647176	0.9391691424	0.9388339689	0.9390068906	0.9378770890	0.9386732700	0.9369328325	0.9361402080	0.9389607548	0.9367815510	0.9365448107	0.9373064274	0.9376414506	0.9384686394	0.9392624159	0.9378740834	0.9376212130
0.9378972264	0.9365742654	0.9381479929	0.9374129255	0.9358637437	0.9385625641	0.9392092170	0.9393035424	0.9382286429	0.9374544528	0.9389599032	0.9385373672	0.9381538037	0.9380159974	0.9391391366	0.9376719574	0.9380755582	0.9375266871	0.9348720490	0.9360503408	0.9354282336	0.9384721960	1.0000000000	0.9376073873	0.9378703765	0.9379684088	0.9319512157	0.9364021954	0.9386105033	0.9390182117	0.9380861779	0.9395082733	0.9385987314	0.9386587931	0.9371030992	0.9348256126	0.9357295441	0.9381291579	0.9354232744	0.9378352111	0.9372957075	0.9368332973	0.9365355935	0.9368449690	0.9345446900	0.9372029850	0.9375053975	0.9380929906	0.9379396053	0.9366166944	0.9362702499	0.9381503974	0.9380028229	0.9347864397	0.9265552781	0.9368319949	0.9373953428	0.9358491666	0.9378829499	0.9375394108	0.9344740586	0.9399352175	0.9372210185	0.9365973584	0.9388873182	0.9386495759	0.9373401401	0.9379935556	0.9373600772	0.9377455944	0.9356221944	0.9356241981	0.9363987890	0.9380574244	0.9395925300	0.9360158266	0.9385842043	0.9376911431	0.9369092386	0.9242440287	0.9292419759	0.9352760505	0.9370053173	0.9351072365	0.9372977613	0.9373382366	0.9370509522	0.9350020909	0.9383819281	0.9373427450	0.9380422462	0.9371092106	0.9377883739	0.9358580832	0.9354923529	0.9379847893	0.9362766618	0.9359583698	0.9368706668	0.9360847048	0.9375760289	0.9378394189	0.9369099399	0.9367686771
0.9380868291	0.9362779643	0.9382550420	0.9372199165	0.9363373748	0.9382375094	0.9388550081	0.9390082431	0.9383452098	0.9374988854	0.9388741938	0.9380385894	0.9383667498	0.9377412362	0.9385559017	0.9385485380	0.9380551702	0.9374765439	0.9354952583	0.9358316841	0.9359250077	0.9383634437	0.9376073873	1.0000000000	0.9384606245	0.9382487804	0.9323377847	0.9368556890	0.9383445585	0.9391360809	0.9380806176	0.9390002783	0.9382689679	0.9383148032	0.9371536432	0.9356130274	0.9364181751	0.9381108738	0.9359132358	0.9376419015	0.9374782971	0.9370219983	0.9366035700	0.9372606923	0.9348605276	0.9372221707	0.9373434463	0.9388586649	0.9382496320	0.9365218680	0.9365438088	0.9382926119	0.9379954592	0.9349534003	0.9269440513	0.9367706307	0.9374390742	0.9361500764	0.9378162758	0.9375659101	0.9346753831	0.9395042658	0.9373038226	0.9359352768	0.9386610473	0.9386329951	0.9375429674	0.9377177926	0.9376488644	0.9376040811	0.9359161913	0.9349868626	0.9363042632	0.9382699698	0.9390958561	0.9359103805	0.9387033760	0.9376908926	0.9371678697	0.9246940158	0.9290716090	0.9355705483	0.9366402883	0.9355579249	0.9386708655	0.9374043095	0.9365113985	0.9354082965	0.9377921810	0.9375968677	0.9378821985	0.9371649643	0.9380474058	0.9361308406	0.9355906858	0.9385942731	0.9361463695	0.9361256309	0.9363388275	0.9361809338	0.9375737747	0.9375648581	0.9367781447	0.9368884499
0.9383709577	0.9368720694	0.9384270620	0.9373849234	0.9367529478	0.9395310156	0.9391338267	0.9398438976	0.9389576490	0.9380303741	0.9389623578	0.9389739293	0.9396445267	0.9381668279	0.9393048950	0.9388270561	0.9387854287	0.9388010076	0.9358561296	0.9358271757	0.9361086493	0.9394787183	0.9378703765	0.9384606245	1.0000000000	0.9393796841	0.9327254058	0.9366520101	0.9392671748	0.9390442100	0.9382037466	0.9394125452	0.9394770151	0.9392075639	0.9383017790	0.9357374588	0.9363677813	0.9390032338	0.9360276486	0.9382791869	0.9381323137	0.9373368841	0.9370857669	0.9378426749	0.9351069860	0.9379705628	0.9379551842	0.9392568055	0.9391114351	0.9371257914	0.9368644052	0.9386495759	0.9387779147	0.9359110818	0.9268370523	0.9371124666	0.9377368280	0.9366052230	0.9387729555	0.9385517440	0.9350894534	0.9406048131	0.9377889250	0.9369374410	0.9392097680	0.9396051034	0.9378685731	0.9388064177	0.9379920027	0.9376836291	0.9365862377	0.9355000171	0.9365506215	0.9387615843	0.9394606347	0.9361491246	0.9390063396	0.9384772554	0.9381333657	0.9250301411	0.9294106397	0.9361063450	0.9380236616	0.9355299729	0.9386339970	0.9382198265	0.9373341289	0.9357287927	0.9388156849	0.9377811104	0.9382012920	0.9376075876	0.9387935938	0.9366989975	0.9361540337	0.9393630031	0.9363804048	0.9364656634	0.9363540558	0.9362330307	0.9381248999	0.9384681384	0.9372830840	0.9373815672
0.9390080929	0.9371592536	0.9393577433	0.9380995027	0.9369083870	0.9393667600	0.9399112229	0.9399591620	0.9392807000	0.9385053076	0.9398945418	0.9385715308	0.9393490271	0.9382916101	0.9399630693	0.9387532688	0.9390625942	0.9381648743	0.9358776195	0.9360930202	0.9361997688	0.9398132907	0.9379684088	0.9382487804	0.9393796841	1.0000000000	0.9340133516	0.9371431737	0.9398141423	0.9397366481	0.9391550663	0.9413219471	0.9392397237	0.9392415772	0.9384114329	0.9359373807	0.9364888566	0.9391583724	0.9367388216	0.9390554810	0.9380080325	0.9377951866	0.9367946755	0.9381877669	0.9353917658	0.9378341591	0.9387360869	0.9394983047	0.9394806719	0.9370589170	0.9376144504	0.9392084656	0.9393652573	0.9358769683	0.9265597865	0.9376407994	0.9383527237	0.9366130877	0.9385304544	0.9390735646	0.9358227675	0.9408665500	0.9387437511	0.9366391361	0.9396736810	0.9394609853	0.9383269758	0.9392402748	0.9386355498	0.9380762094	0.9368248316	0.9358843821	0.9371286467	0.9391115854	0.9400758291	0.9362425484	0.9395999939	0.9385856069	0.9378122183	0.9245827588	0.9296436231	0.9357979213	0.9377097276	0.9359030168	0.9382713724	0.9380896343	0.9378042535	0.9366983463	0.9385088642	0.9386072973	0.9385806477	0.9375222789	0.9391646341	0.9368441174	0.9361890489	0.9393360028	0.9367262983	0.9371636118	0.9372416569	0.9369035279	0.9385271983	0.9388979880	0.9374013540	0.9379147089
0.9324856598	0.9316007136	0.9332388609	0.9320558603	0.9313177873	0.9328077590	0.9335125200	0.9331803521	0.9325740242	0.9322515744	0.9335600584	0.9325602486	0.9325381575	0.9322831331	0.9335864074	0.9322977603	0.9325662097	0.9324939252	0.9307014909	0.9309017635	0.9310919673	0.9335955244	0.9319512157	0.9323377847	0.9327254058	0.9340133516	1.0000000000	0.9321979747	0.9333936990	0.9333202123	0.9329655525	0.9336717161	0.9332485790	0.9327982914	0.9320307636	0.9304772237	0.9311799810	0.9329127543	0.9312059293	0.9328105642	0.9321067550	0.9320023107	0.9315827803	0.9324669250	0.9302858678	0.9324382216	0.9325937609	0.9331608157	0.9328879081	0.9315334385	0.9313402792	0.9326597837	0.9327027637	0.9307662614	0.9246785871	0.9320214463	0.9324991349	0.9318768774	0.9322607915	0.9328884591	0.9305484562	0.9342837045	0.9325307938	0.9313621198	0.9331933262	0.9331228952	0.9322841349	0.9325845939	0.9327196451	0.9323721988	0.9319523678	0.9308660470	0.9318753746	0.9329983135	0.9336498755	0.9312773121	0.9329607436	0.9329153592	0.9317671733	0.9223807627	0.9266153899	0.9306732885	0.9316926346	0.9310025009	0.9328384661	0.9331540532	0.9319717038	0.9307966680	0.9329737678	0.9324094681	0.9323907332	0.9322404537	0.9333050340	0.9311449158	0.9305061776	0.9332307458	0.9315600881	0.9312545197	0.9318328956	0.9314367587	0.9318555878	0.9331965823	0.9318432147	0.9322231215
0.9369326321	0.9352904773	0.9377545610	0.9359417889	0.9350597481	0.9371048524	0.9373062771	0.9377365275	0.9371802928	0.9363469927	0.9379595423	0.9366355294	0.9378932190	0.9362723538	0.9379470190	0.9366496557	0.9369797197	0.9367741873	0.9340637454	0.9344792182	0.9343120573	0.9377040671	0.9364021954	0.9368556890	0.9366520101	0.9371431737	0.9321979747	1.0000000000	0.9373522627	0.9378600573	0.9376953509	0.9382282923	0.9371064554	0.9374838074	0.9358336377	0.9346362604	0.9349984842	0.9366575203	0.9345831115	0.9365041350	0.9354527793	0.9357687170	0.9352552117	0.9358475135	0.9334916311	0.9358994602	0.9363368238	0.9370599690	0.9369208101	0.9351122959	0.9353320046	0.9365645474	0.9367462854	0.9339619059	0.9257355533	0.9355929901	0.9359680878	0.9349336636	0.9362317784	0.9368068481	0.9337583272	0.9389557956	0.9364326520	0.9350325475	0.9382322997	0.9371684207	0.9363702359	0.9368326962	0.9364528897	0.9363641245	0.9348541657	0.9339193267	0.9347308864	0.9369841279	0.9378791428	0.9347395525	0.9376509683	0.9368955631	0.9359259094	0.9241337236	0.9282914077	0.9347673041	0.9357110096	0.9341454474	0.9365045858	0.9367192852	0.9355788137	0.9341042207	0.9368269355	0.9362105388	0.9361347980	0.9357746280	0.9364342550	0.9347590388	0.9344346854	0.9374952787	0.9349753411	0.9354492226	0.9353920162	0.9345824102	0.9358427046	0.9366693423	0.9358029807	0.9357572957
0.9386453180	0.9374328626	0.9391613780	0.9380664412	0.9373712480	0.9397231230	0.9399360691	0.9403095138	0.9396013965	0.9383640448	0.9396562986	0.9389355078	0.9393638546	0.9392926722	0.9397545815	0.9390107478	0.9389374615	0.9383522228	0.9360612612	0.9363354712	0.9360518937	0.9395370769	0.9386105033	0.9383445585	0.9392671748	0.9398141423	0.9333936990	0.9373522627	1.0000000000	0.9394329832	0.9392865108	0.9400405635	0.9391997494	0.9398439978	0.9381368221	0.9359900787	0.9371266430	0.9394530205	0.9364373608	0.9390099964	0.9383022799	0.9376682505	0.9368182193	0.9380669421	0.9352004098	0.9379875444	0.9383775199	0.9393689641	0.9394540224	0.9374824048	0.9371847511	0.9391432443	0.9393480252	0.9360386691	0.9270732416	0.9377453940	0.9386472717	0.9370578149	0.9386772274	0.9389921131	0.9356261017	0.9407133650	0.9387463560	0.9371541942	0.9399842587	0.9397845873	0.9388943312	0.9390555311	0.9382034461	0.9386542847	0.9371492350	0.9363234990	0.9372951565	0.9391957419	0.9402651813	0.9367132239	0.9399607650	0.9387706512	0.9380881315	0.9250019386	0.9297422065	0.9360458826	0.9379234252	0.9358429050	0.9392899672	0.9386196202	0.9375602997	0.9364169228	0.9390623939	0.9386044921	0.9384863723	0.9379717150	0.9387057805	0.9370885722	0.9364027464	0.9393523332	0.9367968295	0.9370324678	0.9375036443	0.9375667617	0.9385542486	0.9389098100	0.9374604640	0.9381087699
