0.5621182535	-0.0050529242	-0.0064623796	-0.0044787764	-0.0045159125	-0.0058040360	-0.0051966463	-0.0059603523	-0.0063070456	-0.0062004812	-0.0044517576	-0.0051469061	-0.0046559986	-0.0052395948	-0.0051307676	-0.0047168526	-0.0039668581	-0.0064280433	-0.0052542743	-0.0057832730	-0.0051800027	-0.0058493313	-0.0064517357	-0.0051143854	-0.0057667824	-0.0071706321	-0.0047323242	-0.0060034110	-0.0063382606	-0.0062407428	-0.0050410225	-0.0057821104	-0.0052030218	-0.0055761747	-0.0055851269	-0.0066404016	-0.0053164808	-0.0051771497	-0.0058247356	-0.0057800242	-0.0037528785	-0.0065334010	-0.0060611751	-0.0064252296	-0.0071969881	-0.0047882975	-0.0061003881	-0.0050950923	-0.0065751507	-0.0057277057	-0.0058678053	-0.0059089539	-0.0060121789	-0.0061801038	-0.0044782947	-0.0060900190	-0.0056836094	-0.0059097381	-0.0060470408	-0.0052714480	-0.0065080349	-0.0050904947	-0.0057219108	-0.0075706518	-0.0064443627	-0.0059593697	-0.0077597446	-0.0057185099	-0.0062533904	-0.0049562066	-0.0054493574	-0.0038756963	-0.0063899925	-0.0051478084	-0.0052381974	-0.0060212334	-0.0067992673	-0.0050648575	-0.0054429751	-0.0054418992	-0.0058410027	-0.0053208866	-0.0046374621	-0.0047684848	-0.0044832385	-0.0053036965	-0.0059630859	-0.0034437670	-0.0042143597	-0.0059167127	-0.0056923730	-0.0043629754	-0.0050090352	-0.0055925988	-0.0047379736	-0.0048706350	-0.0055513218	-0.0059043191	-0.0061113129	-0.0055339362	-0.0055908839	-0.0051819963
-0.0050529242	0.5269097269	-0.0040873407	-0.0047454591	-0.0061880676	-0.0040068424	-0.0062786976	-0.0053688145	-0.0052331547	-0.0053625463	-0.0076701461	-0.0049183455	-0.0048697967	-0.0048276027	-0.0054590429	-0.0025803255	-0.0054693027	-0.0076182760	-0.0056178171	-0.0073970091	-0.0054261073	-0.0058094545	-0.0054579654	-0.0048622094	-0.0041153285	-0.0065044200	-0.0051701961	-0.0063751081	-0.0044465488	-0.0049225597	-0.0063241123	-0.0053130776	-0.0058272386	-0.0052288924	-0.0040069223	-0.0036795882	-0.0048360648	-0.0051082883	-0.0048774731	-0.0041541746	-0.0050820482	-0.0023878485	-0.0042660563	-0.0048287360	-0.0061197578	-0.0057488311	-0.0001589923	-0.0052056232	-0.0051841485	-0.0055206470	-0.0042994731	-0.0058875673	-0.0063309612	-0.0060825929	-0.0054821363	-0.0054376861	-0.0039263581	-0.0047354320	-0.0045686968	-0.0059521592	-0.0047820698	-0.0063489872	-0.0039402619	-0.0048649172	-0.0058187190	-0.0066011678	-0.0075135126	-0.0047124525	-0.0043769806	-0.0044745221	-0.0041643277	-0.0053281071	-0.0041260341	-0.0053537091	-0.0052559786	-0.0034904624	-0.0059133234	-0.0051116796	-0.0055832504	-0.0058774644	-0.0058164489	-0.0060998419	-0.0068886658	-0.0048565524	-0.0035770029	-0.0053736729	-0.0059930712	-0.0043391780	-0.0063876819	-0.0052598504	-0.0041850279	-0.0057721731	-0.0054144987	-0.0062784613	-0.0062151042	-0.0054739340	-0.0059560634	-0.0048900503	-0.0052421063	-0.0051157141	-0.0058415082	-0.0058921977
-0.0064623796	-0.0040873407	0.5248287817	-0.0039286816	-0.0053105147	-0.0046080538	-0.0047747130	-0.0052972349	-0.0061576649	-0.0046102133	-0.0066868682	-0.0061266384	-0.0050579052	-0.0060011918	-0.0066605631	-0.0041248062	-0.0055789859	-0.0039448077	-0.0066672802	-0.0061189608	-0.0041417333	-0.0051662962	-0.0037274930	0.0009593098	-0.0034847648	-0.0078864302	-0.0046760879	-0.0045607278	-0.0065421036	-0.0064719259	-0.0049680425	-0.0050269297	-0.0048193238	-0.0059604447	-0.0068522316	-0.0054383177	-0.0040434400	-0.0068366121	-0.0058521256	-0.0067427448	-0.0058754447	-0.0056562311	-0.0044614079	-0.0053120496	-0.0066029709	-0.0068984354	-0.0056045205	-0.0051752849	-0.0047296539	-0.0044656938	-0.0046781641	-0.0059140623	-0.0050345682	-0.0065012173	-0.0071963166	-0.0067688376	-0.0026791520	-0.0053454709	-0.0061998244	-0.0054294635	-0.0044663489	-0.0052643147	-0.0041794366	-0.0050460276	-0.0046621952	-0.0070711796	-0.0084429607	-0.0047635355	-0.0049697943	-0.0028297283	-0.0054411935	-0.0046625760	-0.0035244289	-0.0040049118	-0.0041772490	-0.0043259503	-0.0082015948	-0.0042294750	-0.0053922884	-0.0021857742	-0.0050714436	-0.0067373978	-0.0050394560	-0.0044249179	-0.0044121422	-0.0060739683	-0.0064065782	-0.0038053700	-0.0050006584	-0.0058845284	-0.0058595543	-0.0048275274	-0.0039179201	-0.0056083902	-0.0057761099	-0.0040776273	-0.0064206379	-0.0029966749	-0.0043971472	-0.0035200849	-0.0054596509	-0.0062979935
-0.0044787764	-0.0047454591	-0.0039286816	0.4785151104	-0.0040386020	-0.0047395998	-0.0043267373	-0.0047961058	-0.0052551236	-0.0054510300	-0.0052798327	-0.0045206716	-0.0026046158	-0.0055859953	-0.0058015526	-0.0043339831	-0.0041674704	-0.0040727615	-0.0032842179	-0.0049688263	-0.0052138894	-0.0052997225	-0.0054234563	-0.0049100948	-0.0046384548	-0.0059064402	-0.0044389448	-0.0059484207	-0.0057737184	-0.0062025709	-0.0053124448	-0.0037161647	-0.0045643207	-0.0040766215	-0.0063704231	-0.0055349528	-0.0041674598	-0.0067043855	-0.0047946879	-0.0064719542	-0.0064104607	-0.0048530019	-0.0043745325	-0.0040714996	-0.0062767972	-0.0041488688	-0.0050204196	-0.0049872428	-0.0030702583	-0.0040758590	-0.0048596539	-0.0055293585	-0.0036125838	-0.0048459542	-0.0018218670	-0.0044301655	-0.0046078300	-0.0040325100	-0.0063646488	-0.0057705113	-0.0046219728	0.0001561650	-0.0061507866	-0.0020692867	-0.0060816191	-0.0054120417	-0.0057970834	-0.0069405635	-0.0052362814	-0.0038958396	-0.0039891722	-0.0046503823	-0.0051586009	-0.0031989591	-0.0053850833	-0.0046386307	-0.0048827888	-0.0051253217	-0.0049384791	-0.0052272776	-0.0047757318	-0.0067539959	-0.0008219358	-0.0048518744	-0.0054005524	-0.0051875353	-0.0062743866	-0.0036738633	-0.0043388444	-0.0042069690	-0.0061409804	-0.0035249880	-0.0048255366	-0.0039318909	-0.0038791267	-0.0035974690	-0.0039183795	-0.0055409638	-0.0045598773	-0.0043225853	-0.0040891576	-0.0056412671
-0.0045159125	-0.0061880676	-0.0053105147	-0.0040386020	0.5014895851	-0.0051991808	-0.0035696553	-0.0046048200	-0.0054737189	-0.0059052776	-0.0051787856	-0.0044913480	-0.0041085034	-0.0046119345	-0.0051321825	-0.0056256735	-0.0039559942	-0.0048118450	-0.0039910601	-0.0045668722	-0.0055739466	-0.0051267074	-0.0057455828	-0.0053339428	-0.0047310367	-0.0051470164	-0.0044101789	-0.0032913523	-0.0043679844	-0.0037180609	-0.0051357220	-0.0048213104	-0.0056284039	-0.0055845392	-0.0066725858	-0.0036145440	-0.0052324896	-0.0067128873	-0.0050115298	-0.0056899251	-0.0039075307	-0.0058449835	-0.0058475983	-0.0053950218	-0.0062619388	-0.0064899374	-0.0037279084	-0.0042077706	-0.0056712953	-0.0037037595	-0.0050816969	-0.0054351633	-0.0040287167	-0.0039811457	-0.0055180994	-0.0066884386	-0.0044952632	-0.0038479948	-0.0054052092	-0.0054635263	-0.0047503563	-0.0062714158	-0.0065811170	-0.0061286282	-0.0052010202	-0.0056565523	-0.0058440433	-0.0054537873	-0.0063650319	-0.0038860143	-0.0049557287	-0.0044907525	-0.0048493132	-0.0046111095	-0.0052492909	-0.0054211907	-0.0054677913	-0.0036617016	-0.0060982401	-0.0057710136	-0.0043163985	-0.0046694235	-0.0056824983	-0.0034465546	-0.0044977315	-0.0048611951	-0.0051577124	-0.0047431255	-0.0030016526	-0.0052087025	-0.0042745394	-0.0044416226	-0.0035220086	-0.0052664478	-0.0044911296	-0.0034514808	-0.0054992763	-0.0053443982	-0.0049448003	-0.0045250022	-0.0053749437	-0.0042221490
-0.0058040360	-0.0040068424	-0.0046080538	-0.0047395998	-0.0051991808	0.4708047938	-0.0062352414	-0.0036017264	-0.0046089210	-0.0033552846	-0.0054971536	-0.0047633880	-0.0036984615	-0.0046444324	-0.0056963666	-0.0041699282	-0.0045719378	-0.0057638318	-0.0048982105	-0.0048741447	-0.0035961875	-0.0039827137	-0.0051044615	-0.0052914954	-0.0032491276	-0.0058331180	-0.0059921167	-0.0009571723	-0.0040599489	-0.0056203761	-0.0055206225	-0.0054599708	-0.0054149901	-0.0053584388	-0.0034210639	-0.0041599799	-0.0065090803	-0.0051309040	-0.0038522613	-0.0010342953	-0.0052419134	-0.0045710083	-0.0056967186	-0.0034675687	-0.0049038383	-0.0056908972	-0.0025016974	-0.0035901535	-0.0050505684	-0.0036478217	-0.0032352084	-0.0021616110	-0.0042019543	-0.0054350991	-0.0061342324	-0.0030945992	-0.0040520539	-0.0039310802	-0.0050030572	-0.0047330284	-0.0047015589	-0.0058469955	-0.0020475800	-0.0061175859	-0.0038433916	-0.0061845194	-0.0057135468	-0.0045527566	-0.0040789425	-0.0044024593	-0.0064158482	-0.0045011583	-0.0032221146	-0.0049562844	-0.0054038009	-0.0037876891	-0.0065812470	-0.0051399872	-0.0023996985	-0.0062004134	-0.0062864698	-0.0060287970	-0.0058526637	-0.0055015299	-0.0047974419	-0.0049455269	-0.0057594532	-0.0053933997	-0.0040382589	-0.0024168056	-0.0050436066	-0.0047137557	-0.0029381154	-0.0044274684	-0.0047484850	-0.0042528328	-0.0070934405	-0.0017220765	-0.0021291562	-0.0057689488	-0.0076235570	-0.0065962509
-0.0051966463	-0.0062786976	-0.0047747130	-0.0043267373	-0.0035696553	-0.0062352414	0.5572875342	-0.0054722108	-0.0068019913	-0.0056333798	-0.0053514194	-0.0053175958	-0.0046227514	-0.0055890751	-0.0063682319	-0.0053951978	-0.0053709882	-0.0059310356	-0.0057436863	-0.0041444578	-0.0043761971	-0.0050444847	-0.0047456665	-0.0055253730	-0.0060987661	-0.0075674251	-0.0043192472	-0.0055244691	-0.0054968353	-0.0067241035	-0.0045632816	-0.0055712409	-0.0054301517	-0.0039805016	-0.0075233137	-0.0064759001	-0.0053003845	-0.0081636167	-0.0057066774	-0.0057309746	-0.0066535154	-0.0045874577	-0.0062570590	-0.0049712242	-0.0054558146	-0.0070647342	-0.0042232096	-0.0041934197	-0.0053261441	-0.0066865471	-0.0056163932	-0.0063735015	-0.0033319357	-0.0055393904	-0.0058347216	-0.0055438674	-0.0062758849	-0.0052847089	-0.0051682020	-0.0046487519	-0.0064297991	-0.0061048904	-0.0056611113	-0.0060000338	-0.0062120716	-0.0059059896	-0.0074887236	-0.0060194897	-0.0060354179	-0.0053586238	-0.0055473556	-0.0044611675	-0.0052793501	-0.0057594669	-0.0036896672	-0.0053623125	-0.0076527707	-0.0049213769	-0.0077305986	-0.0053108673	-0.0057869455	-0.0044820631	-0.0051792192	-0.0045493443	-0.0063618790	-0.0059770532	-0.0044764014	-0.0057189442	-0.0054335608	-0.0055357902	-0.0043710625	-0.0039097690	-0.0040098100	-0.0059542504	-0.0053776493	-0.0059168706	-0.0037749716	-0.0055612651	-0.0051692067	-0.0071352357	-0.0060308411	-0.0046155118
-0.0059603523	-0.0053688145	-0.0052972349	-0.0047961058	-0.0046048200	-0.0036017264	-0.0054722108	0.5274120411	-0.0051766881	-0.0067945502	-0.0070402015	-0.0049246798	-0.0044284596	-0.0040037271	-0.0049749043	-0.0053814039	-0.0043680805	-0.0052323847	-0.0055663436	-0.0057505235	-0.0047078648	-0.0054641841	-0.0034975245	-0.0053413294	-0.0045976710	-0.0068052917	-0.0051333012	-0.0052799141	-0.0060927702	-0.0059898887	-0.0069467252	-0.0057395675	-0.0048859399	-0.0064973858	-0.0057859487	-0.0058681726	-0.0036083499	-0.0012094439	-0.0039905925	-0.0034795715	-0.0055007641	-0.0046896816	-0.0051728088	-0.0071546713	-0.0056571765	-0.0064411503	-0.0039834676	-0.0043285616	-0.0066024871	-0.0055139440	-0.0052450617	-0.0052325980	-0.0067313878	-0.0039562097	-0.0078798337	-0.0062540839	-0.0058992139	-0.0052476711	-0.0042778697	-0.0063278255	-0.0032593949	-0.0064132461	-0.0060239872	-0.0049754704	-0.0029619935	-0.0066497489	-0.0061694396	-0.0036576659	-0.0061498873	-0.0046672233	-0.0051668736	-0.0050711886	-0.0052048056	-0.0059111001	-0.0029577779	-0.0039541123	-0.0060298818	-0.0058828492	-0.0047081624	-0.0040534524	-0.0061759432	-0.0054339565	-0.0056408112	-0.0057689241	-0.0048808463	-0.0061677065	-0.0054377965	-0.0035263087	-0.0045748002	-0.0038162803	-0.0050722710	-0.0047471283	-0.0050949167	-0.0047780829	-0.0064946443	-0.0072591489	-0.0048030850	-0.0038667733	-0.0054570492	-0.0047224615	-0.0057849553	-0.0062787735
-0.0063070456	-0.0052331547	-0.0061576649	-0.0052551236	-0.0054737189	-0.0046089210	-0.0068019913	-0.0051766881	0.5292207361	-0.0039469976	-0.0061224389	-0.0054522446	-0.0054154267	-0.0059893588	-0.0045689842	-0.0053349128	-0.0037894940	-0.0064001640	-0.0061839728	-0.0055397670	-0.0067103595	-0.0033464540	-0.0044398761	-0.0052752398	-0.0044702790	-0.0070301983	-0.0051088081	-0.0035915307	-0.0069753655	-0.0060442933	-0.0063815594	-0.0065276070	-0.0059201824	-0.0053153530	-0.0060862245	-0.0051879827	-0.0050738470	-0.0052903599	-0.0025171103	-0.0044323549	-0.0046340882	-0.0042578964	-0.0031573642	-0.0036496048	-0.0060855069	-0.0059621872	-0.0056383373	-0.0048213626	-0.0061628887	-0.0050572340	-0.0031098443	-0.0035127586	-0.0057870255	-0.0069841306	-0.0052124876	-0.0046622713	-0.0047667471	-0.0045039113	-0.0041141242	-0.0053390902	-0.0056201855	-0.0051512693	-0.0055806595	-0.0063487988	-0.0046694799	-0.0074604549	-0.0071352971	-0.0053947627	-0.0054943379	-0.0048217536	-0.0046312644	-0.0058973623	-0.0051560946	-0.0048203262	-0.0049939811	-0.0049333727	-0.0044897220	-0.0049312191	-0.0049191392	-0.0066897937	-0.0059353793	-0.0068917740	-0.0056427398	-0.0026877957	-0.0038251427	-0.0059477810	-0.0045073929	-0.0039629674	-0.0054689146	-0.0034768070	-0.0053480607	-0.0059087755	-0.0046222357	-0.0059286208	-0.0049996720	-0.0058891436	-0.0059975825	-0.0056887209	-0.0054820176	-0.0040846107	-0.0051413813	-0.0057420301
-0.0062004812	-0.0053625463	-0.0046102133	-0.0054510300	-0.0059052776	-0.0033552846	-0.0056333798	-0.0067945502	-0.0039469976	0.5230040102	-0.0040767645	-0.0055576803	-0.0050393589	-0.0042760991	-0.0058545052	-0.0061301537	-0.0041923609	-0.0063714882	-0.0064969990	-0.0048331105	-0.0046355833	-0.0036492954	-0.0043326684	-0.0042425249	-0.0042495255	-0.0074966241	-0.0046141443	-0.0041107943	-0.0052329690	-0.0046368171	-0.0056367550	-0.0044719613	-0.0053531794	-0.0050074231	-0.0062742573	-0.0051845546	-0.0053099116	-0.0067062296	-0.0062462936	-0.0039055921	-0.0050391612	-0.0069095231	-0.0052655783	-0.0054124484	-0.0052344063	-0.0053629928	-0.0046741529	-0.0036808839	-0.0064638297	-0.0049986252	-0.0049791810	-0.0045946557	-0.0057942750	-0.0053748907	-0.0046218923	-0.0049271551	-0.0061361210	-0.0046593052	0.0007567229	-0.0065196258	-0.0056228376	-0.0059211520	-0.0047640237	-0.0058365128	-0.0057586987	-0.0065331912	-0.0076756027	-0.0070671063	-0.0046788271	-0.0058893798	-0.0049638313	-0.0052209159	-0.0055820661	-0.0051924001	-0.0047904652	-0.0042614376	-0.0065441708	-0.0048657372	-0.0037547615	-0.0031938521	-0.0053062137	-0.0058098935	-0.0064165013	-0.0054939416	-0.0054164930	-0.0055670803	-0.0049322641	-0.0044390163	-0.0051303509	-0.0060397456	-0.0030022656	-0.0057078132	-0.0037293320	-0.0054495135	-0.0053884394	-0.0039959710	-0.0061202892	-0.0055202959	-0.0045635504	-0.0039227073	-0.0060083531	-0.0056496445
-0.0044517576	-0.0076701461	-0.0066868682	-0.0052798327	-0.0051787856	-0.0054971536	-0.0053514194	-0.0070402015	-0.0061224389	-0.0040767645	0.5767861967	-0.0064052370	-0.0039605105	-0.0059895816	-0.0059953434	-0.0061917037	-0.0059255097	-0.0057820363	-0.0056248767	-0.0062906750	-0.0048193927	-0.0066369428	-0.0066253606	-0.0060187879	-0.0067023101	-0.0075498060	-0.0062231668	-0.0074522443	-0.0049770621	-0.0056900680	-0.0027857548	-0.0038279391	-0.0057757907	-0.0061660382	-0.0064155901	-0.0070717248	-0.0051138133	-0.0070428320	-0.0064447245	-0.0051659444	-0.0036183967	-0.0054876681	-0.0062058226	-0.0058957378	-0.0048210449	-0.0063994872	-0.0054381372	-0.0053627568	-0.0061957590	-0.0073212205	-0.0066381136	-0.0054878094	-0.0033088999	-0.0052116470	-0.0061123946	-0.0062756885	-0.0063091101	-0.0062429739	-0.0064856823	-0.0065023848	-0.0049987624	-0.0060599575	-0.0055423879	-0.0066496589	-0.0062020304	-0.0059334583	-0.0068933670	-0.0064588889	-0.0058779673	-0.0060051882	-0.0049226764	-0.0038450549	-0.0043894104	-0.0060201010	-0.0059800147	-0.0057367801	-0.0061547022	-0.0047838069	-0.0054031043	-0.0056000386	-0.0045301457	-0.0054235210	-0.0065518032	-0.0046342236	-0.0048022385	-0.0063849035	-0.0043168325	-0.0053146747	-0.0054985257	-0.0056399821	-0.0050508156	-0.0060635547	-0.0061433963	-0.0037650669	-0.0053886475	-0.0043818556	-0.0052381561	-0.0060722598	-0.0064546664	-0.0058247735	-0.0059480744	-0.0065538533
-0.0051469061	-0.0049183455	-0.0061266384	-0.0045206716	-0.0044913480	-0.0047633880	-0.0053175958	-0.0049246798	-0.0054522446	-0.0055576803	-0.0064052370	0.5249956387	-0.0045405545	-0.0042019717	-0.0063443181	-0.0045744900	-0.0041872925	-0.0049760665	-0.0049994929	-0.0048669232	-0.0065068657	-0.0054743095	-0.0060899544	-0.0043555195	-0.0030931617	-0.0063118066	-0.0045752611	-0.0046454855	-0.0061207804	-0.0055305069	-0.0060560505	-0.0047431999	-0.0059292172	-0.0063504963	-0.0057227701	-0.0048517776	-0.0054780714	-0.0066880964	-0.0050229398	-0.0039720967	-0.0068340841	-0.0050649498	-0.0053888781	-0.0049848173	-0.0061938000	-0.0064673911	-0.0045249516	-0.0041031584	-0.0047484449	-0.0041762768	-0.0036697978	-0.0045093239	-0.0047764496	-0.0064883439	-0.0063701435	-0.0034417728	-0.0052729328	-0.0045139875	-0.0054438740	-0.0056268797	-0.0015987787	-0.0052076897	-0.0051492321	-0.0059829088	-0.0047061299	-0.0071968575	-0.0074077258	-0.0034734883	-0.0040087840	-0.0041170489	-0.0058701472	-0.0046041645	-0.0056769453	-0.0050555279	-0.0042255049	-0.0060325117	-0.0058336354	-0.0053894486	-0.0041998954	-0.0055283164	-0.0054988454	-0.0055636032	-0.0060060781	-0.0053985017	-0.0057926090	-0.0051840052	-0.0061870163	-0.0047253570	-0.0063413394	-0.0043453121	-0.0045118461	-0.0056783108	-0.0061449529	-0.0054892663	-0.0055194534	-0.0042865984	-0.0047708096	-0.0044373613	-0.0054250802	-0.0062481450	-0.0054975361	-0.0042444011
-0.0046559986	-0.0048697967	-0.0050579052	-0.0026046158	-0.0041085034	-0.0036984615	-0.0046227514	-0.0044284596	-0.0054154267	-0.0050393589	-0.0039605105	-0.0045405545	0.4917720599	-0.0033975707	-0.0053664391	-0.0048565972	-0.0044558163	-0.0057150047	-0.0061840586	-0.0049214692	-0.0038327765	-0.0039716970	-0.0053078030	-0.0056746224	-0.0051738460	-0.0064048109	-0.0046206981	-0.0054103420	-0.0063455132	-0.0025622190	-0.0059360022	-0.0044295673	-0.0051799029	-0.0065169092	-0.0060306070	-0.0047986265	-0.0041252947	-0.0058297270	-0.0042674122	-0.0050993446	-0.0048594041	-0.0052010095	-0.0050052604	-0.0055219673	-0.0056901857	-0.0057331483	-0.0039012497	-0.0048565816	-0.0068098095	-0.0056327502	-0.0048047133	-0.0053126957	-0.0045381999	-0.0054852736	-0.0053873811	-0.0044582920	-0.0060452246	-0.0055376671	-0.0053336863	-0.0055762395	-0.0039301812	-0.0048811559	-0.0046654191	-0.0061466355	-0.0049690070	-0.0065186878	-0.0057276383	-0.0050623678	-0.0048391453	-0.0039022753	-0.0040893423	-0.0037673287	-0.0036621220	-0.0049510703	-0.0050361332	-0.0056704498	-0.0041414929	-0.0025994453	-0.0051945828	-0.0053353068	-0.0054825253	-0.0040106316	-0.0058563314	-0.0041409145	-0.0046612108	-0.0050168950	-0.0048555779	-0.0042073004	-0.0033146479	-0.0038284506	-0.0033653384	-0.0050320886	-0.0043971293	-0.0048661646	-0.0057295269	-0.0038263210	-0.0047942057	-0.0049558751	-0.0048452556	-0.0044137304	-0.0050217966	-0.0049525955
-0.0052395948	-0.0048276027	-0.0060011918	-0.0055859953	-0.0046119345	-0.0046444324	-0.0055890751	-0.0040037271	-0.0059893588	-0.0042760991	-0.0059895816	-0.0042019717	-0.0033975707	0.5123319279	-0.0043700345	-0.0047259376	-0.0029101240	-0.0077229496	-0.0053244891	-0.0063782874	-0.0037212708	-0.0057700398	-0.0055979742	-0.0041289397	-0.0044218123	-0.0062720878	-0.0047569308	-0.0057623999	-0.0057750090	-0.0059459886	-0.0047948825	-0.0050298945	-0.0042649852	-0.0063502525	-0.0054735585	-0.0053297296	-0.0041842776	-0.0070722052	-0.0049615686	-0.0060975750	-0.0051437475	-0.0044593150	-0.0052516895	-0.0049342082	-0.0058984932	-0.0063284025	-0.0047303853	-0.0021446319	-0.0054001311	-0.0043657816	-0.0029271561	-0.0059358132	-0.0045149555	-0.0053561427	-0.0049562784	-0.0048818544	-0.0066601317	-0.0037236561	-0.0047768226	-0.0069867221	-0.0048477692	-0.0044269918	-0.0052008568	-0.0054978849	-0.0051907965	-0.0064599221	-0.0068090023	-0.0045647494	-0.0047922041	-0.0051813874	-0.0063168465	-0.0045022965	-0.0048473456	-0.0044189044	-0.0054633916	-0.0043477047	-0.0046532769	-0.0051554939	-0.0047278048	-0.0052210477	-0.0041062713	-0.0055915325	-0.0060676188	-0.0064774096	-0.0047065528	-0.0050231541	-0.0061480583	-0.0035683560	-0.0045801349	-0.0049492419	-0.0032118448	-0.0048480309	-0.0045402816	-0.0058170059	-0.0036659224	-0.0034250954	-0.0059674007	-0.0054379463	-0.0052167186	-0.0052193802	-0.0051310393	-0.0051295959
-0.0051307676	-0.0054590429	-0.0066605631	-0.0058015526	-0.0051321825	-0.0056963666	-0.0063682319	-0.0049749043	-0.0045689842	-0.0058545052	-0.0059953434	-0.0063443181	-0.0053664391	-0.0043700345	0.5015780494	-0.0043606217	-0.0050245493	-0.0044432399	-0.0052102519	-0.0061839904	-0.0055938012	-0.0033089724	-0.0046926748	-0.0055098168	-0.0030712552	-0.0061655700	-0.0038134304	-0.0042190523	-0.0057449685	-0.0062684597	-0.0057972895	-0.0047410464	-0.0057445976	-0.0054737658	-0.0057027168	-0.0049036325	-0.0040806025	-0.0060900796	-0.0035843636	-0.0053812743	-0.0038878923	-0.0049196940	-0.0046681215	-0.0050016198	-0.0057550973	-0.0069250912	-0.0031521835	-0.0055629886	-0.0042969136	-0.0030543680	-0.0036260126	-0.0034996535	-0.0048703029	-0.0059010171	-0.0065977988	-0.0059109441	-0.0045475621	-0.0057156426	-0.0049810002	-0.0054839172	-0.0046960718	-0.0055928425	-0.0034183630	-0.0070518775	-0.0041986020	-0.0078650782	-0.0065754070	-0.0005432492	-0.0041796015	-0.0033346939	-0.0053682833	-0.0047642829	-0.0058157376	-0.0055775996	-0.0048703235	-0.0023103896	-0.0050225543	-0.0047180794	-0.0032975477	-0.0045728505	-0.0051738797	-0.0053829260	-0.0049124206	-0.0045858423	-0.0028836513	-0.0070018915	-0.0062700956	-0.0043279509	-0.0044373522	-0.0016792570	-0.0033624356	-0.0053021481	-0.0044551447	-0.0058163987	-0.0037738788	-0.0053093239	-0.0050449910	-0.0040056270	-0.0056284535	-0.0049859895	-0.0058343330	-0.0064395433
-0.0047168526	-0.0025803255	-0.0041248062	-0.0043339831	-0.0056256735	-0.0041699282	-0.0053951978	-0.0053814039	-0.0053349128	-0.0061301537	-0.0061917037	-0.0045744900	-0.0048565972	-0.0047259376	-0.0043606217	0.4678997391	-0.0050238371	-0.0055924594	-0.0069523833	-0.0057855159	-0.0028952993	-0.0045583855	-0.0053630258	-0.0046483985	-0.0032315405	-0.0050617168	-0.0038861090	-0.0059586028	-0.0059093761	-0.0053168072	-0.0051347668	-0.0040811543	-0.0050011698	-0.0048978144	-0.0061220060	-0.0049107860	-0.0035410443	-0.0054990616	-0.0048258337	-0.0051733596	-0.0056766542	-0.0005596492	-0.0049860428	-0.0035878790	-0.0051070750	-0.0045810225	-0.0030082151	-0.0042797277	-0.0050317524	-0.0039886878	-0.0048373280	-0.0046703178	-0.0044438180	-0.0047230576	-0.0048263000	-0.0057591152	-0.0050509674	-0.0039223336	-0.0054446818	-0.0053994572	-0.0033344903	-0.0048637512	-0.0029951649	-0.0060188723	-0.0028194977	-0.0062269435	-0.0066852491	-0.0030642111	-0.0014866620	-0.0043873651	-0.0054912293	-0.0028983590	-0.0041149482	-0.0056267016	-0.0049194996	-0.0041576792	-0.0058530196	-0.0036741968	-0.0031215120	-0.0039932343	-0.0034603686	-0.0050081459	-0.0044887158	-0.0060640790	-0.0040791282	-0.0058105521	-0.0058297628	-0.0040677188	-0.0047988437	-0.0012476915	-0.0058645942	-0.0041744641	-0.0048743377	-0.0057449606	-0.0061680058	-0.0040568629	-0.0051112420	-0.0019186213	-0.0030481744	-0.0054072535	-0.0043309744	-0.0048555314
-0.0039668581	-0.0054693027	-0.0055789859	-0.0041674704	-0.0039559942	-0.0045719378	-0.0053709882	-0.0043680805	-0.0037894940	-0.0041923609	-0.0059255097	-0.0041872925	-0.0044558163	-0.0029101240	-0.0050245493	-0.0050238371	0.4603811775	-0.0054357142	-0.0041683269	-0.0057092063	-0.0044423866	-0.0043348026	-0.0042821688	-0.0048531311	-0.0045862460	-0.0055640450	-0.0042067561	-0.0050813455	-0.0044191904	-0.0045496098	-0.0046213003	-0.0042087398	-0.0037681927	-0.0059893123	-0.0046872010	-0.0021186471	-0.0051082630	-0.0058379021	-0.0047997429	-0.0049178355	-0.0048535317	-0.0050195036	-0.0038774263	-0.0053670379	-0.0047498395	-0.0048617561	-0.0040778249	-0.0044306777	-0.0045327083	-0.0039809541	-0.0045538619	-0.0040886867	-0.0035244963	-0.0050123069	-0.0051469938	-0.0051109457	-0.0060143209	-0.0056186885	-0.0047596581	-0.0058727776	-0.0048281282	-0.0046921911	-0.0045392110	-0.0053955628	-0.0045845363	-0.0044062598	-0.0055434728	-0.0052735829	-0.0048823386	-0.0048543536	-0.0039890863	-0.0036173032	-0.0033342364	-0.0053194610	-0.0052505332	-0.0037579050	-0.0050907237	-0.0039723903	-0.0046144762	-0.0041516492	-0.0037031893	-0.0055243590	-0.0041175504	-0.0037504419	-0.0035293633	-0.0044029734	-0.0052055950	-0.0035120757	-0.0042156216	-0.0038264528	-0.0038664063	-0.0043818184	-0.0032562356	-0.0051543091	-0.0043395461	-0.0032692299	-0.0038944741	-0.0051671259	-0.0045280868	-0.0037844507	-0.0037348342	-0.0050169723
-0.0064280433	-0.0076182760	-0.0039448077	-0.0040727615	-0.0048118450	-0.0057638318	-0.0059310356	-0.0052323847	-0.0064001640	-0.0063714882	-0.0057820363	-0.0049760665	-0.0057150047	-0.0077229496	-0.0044432399	-0.0055924594	-0.0054357142	0.5128754967	-0.0023110505	-0.0068935771	-0.0055640283	-0.0050527871	-0.0051207155	-0.0052670759	-0.0061970127	-0.0066568277	-0.0031750060	-0.0048772614	-0.0056738199	-0.0066325346	-0.0046550612	-0.0056056928	-0.0066316810	-0.0076293137	-0.0075582728	-0.0058945370	-0.0066565239	-0.0075258575	-0.0058018814	-0.0079016554	-0.0059923332	-0.0063914581	-0.0051438212	-0.0070682163	-0.0064336278	-0.0067156037	-0.0064888195	-0.0047984087	0.0052771487	-0.0023375538	-0.0064041826	-0.0076262166	-0.0050655330	-0.0068223783	-0.0045601093	-0.0066000100	-0.0057460326	-0.0066491933	-0.0062677217	-0.0060091919	-0.0057514314	0.0079646780	-0.0065041637	0.0389154118	-0.0054760133	-0.0065683433	-0.0069837138	-0.0046370711	-0.0061748086	-0.0040502814	-0.0059017352	-0.0060030475	-0.0059485439	-0.0051989635	-0.0065148565	-0.0048871302	-0.0058488071	-0.0062600188	-0.0049994384	-0.0062914541	-0.0054118921	-0.0075685657	0.0043278176	-0.0050944465	-0.0065279760	-0.0054191375	-0.0074537920	-0.0064057083	-0.0054575911	-0.0062512858	-0.0054606181	-0.0047016100	-0.0062013434	-0.0058395133	-0.0064353168	-0.0062633185	-0.0047520029	-0.0056731156	-0.0056998621	-0.0068092940	-0.0062127815	-0.0070768660
-0.0052542743	-0.0056178171	-0.0066672802	-0.0032842179	-0.0039910601	-0.0048982105	-0.0057436863	-0.0055663436	-0.0061839728	-0.0064969990	-0.0056248767	-0.0049994929	-0.0061840586	-0.0053244891	-0.0052102519	-0.0069523833	-0.0041683269	-0.0023110505	0.5176621855	-0.0059650769	-0.0061962236	-0.0061391757	-0.0062395608	-0.0050590551	-0.0060298638	-0.0061642567	-0.0061179691	-0.0041873854	-0.0038769127	-0.0049903988	-0.0050222700	-0.0056650308	-0.0060361475	-0.0060198112	-0.0062445970	-0.0058173555	-0.0063764466	-0.0072789206	-0.0035679444	-0.0050947663	-0.0057385086	-0.0043157662	-0.0061811419	-0.0058366827	-0.0060039721	-0.0055131184	-0.0034769082	-0.0055771434	0.0018870834	-0.0000768952	-0.0050430355	-0.0051988996	-0.0052269868	-0.0058815450	-0.0048975752	-0.0065883910	-0.0055826130	-0.0058309611	-0.0056917691	-0.0043743147	-0.0058362502	-0.0031125741	-0.0057699548	-0.0015137330	-0.0039399408	-0.0065193872	-0.0066299197	-0.0052871965	-0.0058386864	-0.0061356874	-0.0056201262	-0.0036112336	-0.0047462834	-0.0034565461	-0.0063644972	-0.0049445538	-0.0063918928	-0.0044027537	-0.0057569214	-0.0059144402	-0.0051510221	-0.0047127944	-0.0019260317	-0.0054491308	-0.0051807791	-0.0055565891	-0.0056399150	-0.0038875374	-0.0052844829	-0.0046956176	-0.0047574831	-0.0048921946	-0.0044686352	-0.0057221181	-0.0058560589	-0.0043105685	-0.0048240335	-0.0060397855	-0.0056278426	-0.0049711027	-0.0050827265	-0.0041160533
-0.0057832730	-0.0073970091	-0.0061189608	-0.0049688263	-0.0045668722	-0.0048741447	-0.0041444578	-0.0057505235	-0.0055397670	-0.0048331105	-0.0062906750	-0.0048669232	-0.0049214692	-0.0063782874	-0.0061839904	-0.0057855159	-0.0057092063	-0.0068935771	-0.0059650769	0.5684015587	-0.0064868375	-0.0068285568	-0.0051902575	-0.0047223994	-0.0047816869	-0.0064590281	-0.0046253356	-0.0058699236	-0.0057084670	-0.0060030956	-0.0051960861	-0.0051535570	-0.0050361411	-0.0049879868	-0.0078116923	-0.0058750476	-0.0053973823	-0.0076368170	-0.0066425812	-0.0051150550	-0.0055135237	-0.0057868824	-0.0042970848	-0.0053262571	-0.0062896366	-0.0064673986	-0.0053206737	-0.0058118057	-0.0064316144	-0.0049066579	-0.0056302837	-0.0069933632	-0.0051540006	-0.0044591395	-0.0062838749	-0.0063867279	-0.0071753013	-0.0055111134	-0.0062148271	-0.0039700458	-0.0055586410	-0.0053782562	-0.0061470786	-0.0064028900	-0.0068237617	-0.0067823803	-0.0060587683	-0.0073493375	-0.0064714610	-0.0049914455	-0.0054478187	-0.0051601681	-0.0048538183	-0.0059139630	-0.0058715605	-0.0056198241	-0.0071648511	-0.0049146312	-0.0049561102	-0.0059217544	-0.0035350686	-0.0050481817	-0.0051452812	-0.0066026177	-0.0039557597	-0.0047692140	-0.0047752422	-0.0055231550	-0.0048980816	-0.0056363550	-0.0045357235	-0.0058291821	-0.0044387940	-0.0063047314	-0.0064063731	-0.0044252581	-0.0049098032	-0.0059238178	-0.0051299176	-0.0056741954	-0.0049448160	-0.0057716571
-0.0051800027	-0.0054261073	-0.0041417333	-0.0052138894	-0.0055739466	-0.0035961875	-0.0043761971	-0.0047078648	-0.0067103595	-0.0046355833	-0.0048193927	-0.0065068657	-0.0038327765	-0.0037212708	-0.0055938012	-0.0028952993	-0.0044423866	-0.0055640283	-0.0061962236	-0.0064868375	0.4830784031	-0.0044835030	-0.0042878812	-0.0023348754	-0.0041717084	-0.0073344136	-0.0045416151	-0.0061813844	-0.0059970624	-0.0068926037	-0.0061046632	-0.0060141143	-0.0055555235	-0.0057602476	-0.0054434567	-0.0029513146	-0.0063003641	-0.0064862208	-0.0036778472	-0.0045613752	-0.0060300306	-0.0049902273	-0.0034548038	-0.0045447271	-0.0065400518	-0.0053897623	-0.0049592675	-0.0042848652	-0.0042867451	-0.0054756029	-0.0043028829	-0.0031386615	-0.0049079289	-0.0047380676	-0.0055569596	-0.0017950394	-0.0061135907	-0.0059081434	-0.0044830175	-0.0048801630	0.0037689741	-0.0049862295	-0.0048902259	-0.0051155964	-0.0039826162	-0.0044183733	-0.0059698324	-0.0026200569	-0.0054651851	-0.0038685236	-0.0032200640	-0.0044747693	-0.0050276940	-0.0045661584	-0.0033792377	-0.0036139748	-0.0059629476	-0.0061976454	-0.0052075877	-0.0047594723	-0.0049152213	-0.0050184712	-0.0063150555	-0.0052952216	-0.0047695192	-0.0058059618	-0.0054963184	-0.0014948251	-0.0048308925	-0.0043779904	-0.0039759172	-0.0046203233	-0.0048419794	-0.0050409689	-0.0049096848	-0.0046736390	-0.0053884782	-0.0044612808	-0.0043521992	-0.0053556766	-0.0039849127	-0.0047151831
-0.0058493313	-0.0058094545	-0.0051662962	-0.0052997225	-0.0051267074	-0.0039827137	-0.0050444847	-0.0054641841	-0.0033464540	-0.0036492954	-0.0066369428	-0.0054743095	-0.0039716970	-0.0057700398	-0.0033089724	-0.0045583855	-0.0043348026	-0.0050527871	-0.0061391757	-0.0068285568	-0.0044835030	0.4938228611	0.0061111816	-0.0038662871	-0.0036365233	-0.0076183231	-0.0059392489	-0.0059489507	-0.0056268297	-0.0059430209	-0.0059740923	-0.0037475103	-0.0065956063	-0.0054046482	-0.0065386870	-0.0031704702	-0.0056507100	-0.0021432865	-0.0063422585	-0.0056707617	-0.0058105545	-0.0040755920	-0.0055242385	-0.0023220482	-0.0052922698	-0.0052006081	-0.0045453536	0.0074883642	-0.0056702685	-0.0045156142	-0.0026617118	-0.0039950117	-0.0053057620	-0.0061836960	-0.0064371408	-0.0056777383	-0.0060481443	0.0073680699	-0.0048571771	-0.0068515669	-0.0036390512	-0.0047281588	-0.0057210040	-0.0061742741	-0.0036698676	-0.0075069368	-0.0084060882	-0.0049988426	-0.0051708373	-0.0056074364	-0.0047203367	-0.0056585906	-0.0056789847	-0.0061402707	-0.0050798169	-0.0044430656	-0.0068125644	-0.0046898622	-0.0076114567	-0.0058741264	-0.0050744043	-0.0065586023	-0.0067922736	-0.0024815045	-0.0053965824	-0.0063095315	-0.0051571616	-0.0049663080	-0.0053077902	-0.0040615113	-0.0052200978	-0.0057855566	-0.0050472742	-0.0056753606	-0.0054963213	-0.0040945924	-0.0052589623	-0.0046862594	-0.0051884361	-0.0071719474	-0.0056264156	-0.0050124836
-0.0064517357	-0.0054579654	-0.0037274930	-0.0054234563	-0.0057455828	-0.0051044615	-0.0047456665	-0.0034975245	-0.0044398761	-0.0043326684	-0.0066253606	-0.0060899544	-0.0053078030	-0.0055979742	-0.0046926748	-0.0053630258	-0.0042821688	-0.0051207155	-0.0062395608	-0.0051902575	-0.0042878812	0.0061111816	0.5054330537	-0.0061342275	-0.0029208968	-0.0086578001	-0.0050947168	-0.0031293967	-0.0047773789	-0.0075911121	-0.0044409502	-0.0047870702	-0.0055466784	-0.0074318217	-0.0055362482	-0.0050250131	-0.0035607245	-0.0041330748	-0.0055631689	-0.0064603961	-0.0048171677	-0.0061430086	-0.0062065387	-0.0029412548	-0.0058521129	-0.0059565707	-0.0025786011	-0.0031481195	-0.0054702684	-0.0038831096	-0.0020273874	-0.0043300578	-0.0048100282	-0.0049874605	-0.0069810691	-0.0042743919	-0.0052957916	0.0009489301	-0.0053504403	-0.0053666864	-0.0051954278	-0.0062284712	-0.0026381552	-0.0062124933	-0.0061089870	-0.0062247082	-0.0078303916	-0.0063193616	-0.0043422465	-0.0059219128	-0.0058432112	-0.0052261678	-0.0044830855	-0.0048353921	-0.0053321620	-0.0032422060	-0.0061653952	-0.0049910961	-0.0059291747	-0.0057819618	-0.0051644272	-0.0059974841	-0.0058057000	-0.0046799220	-0.0041241002	-0.0049848856	-0.0051112664	-0.0036107046	-0.0050834050	-0.0046789924	-0.0043362654	-0.0069296583	-0.0048674707	-0.0058701939	-0.0040209833	-0.0052300117	-0.0064338209	-0.0054214144	-0.0062866119	-0.0051171675	-0.0058157316	-0.0051363937
-0.0051143854	-0.0048622094	0.0009593098	-0.0049100948	-0.0053339428	-0.0052914954	-0.0055253730	-0.0053413294	-0.0052752398	-0.0042425249	-0.0060187879	-0.0043555195	-0.0056746224	-0.0041289397	-0.0055098168	-0.0046483985	-0.0048531311	-0.0052670759	-0.0050590551	-0.0047223994	-0.0023348754	-0.0038662871	-0.0061342275	0.4803052551	-0.0036920644	-0.0060565247	-0.0046729949	-0.0034663254	-0.0058541721	-0.0057829259	-0.0048986970	-0.0050600198	-0.0036460290	-0.0047267757	-0.0057273619	-0.0065680459	-0.0052065267	-0.0058757007	-0.0040806196	-0.0048010528	-0.0060748509	-0.0049958101	-0.0050598759	-0.0038052925	-0.0050101328	-0.0030835040	-0.0031791286	-0.0039209257	-0.0057635939	-0.0043960886	-0.0041299677	-0.0045853300	-0.0047054772	-0.0028451275	-0.0048696351	-0.0054168514	-0.0036598710	-0.0049345310	-0.0048639846	-0.0048696630	-0.0053177474	-0.0057901077	-0.0043433524	-0.0060680007	-0.0046711869	-0.0073809847	-0.0061952778	-0.0033482157	-0.0052934593	-0.0048777740	-0.0037589797	-0.0039329224	-0.0051896887	-0.0052387130	-0.0047254074	-0.0028332977	-0.0071792817	-0.0047169913	-0.0052665192	-0.0036913328	-0.0044572046	-0.0055509273	-0.0046702754	-0.0052994939	-0.0038578108	-0.0052524349	-0.0050956908	-0.0035484576	-0.0041463871	-0.0037174322	-0.0058848468	-0.0047637047	-0.0029476218	-0.0051786871	-0.0055761503	-0.0045974733	-0.0047343628	-0.0039229942	-0.0034020121	-0.0038380375	-0.0053762569	-0.0068718535
-0.0057667824	-0.0041153285	-0.0034847648	-0.0046384548	-0.0047310367	-0.0032491276	-0.0060987661	-0.0045976710	-0.0044702790	-0.0042495255	-0.0067023101	-0.0030931617	-0.0051738460	-0.0044218123	-0.0030712552	-0.0032315405	-0.0045862460	-0.0061970127	-0.0060298638	-0.0047816869	-0.0041717084	-0.0036365233	-0.0029208968	-0.0036920644	0.4625370994	-0.0081697980	-0.0052109349	-0.0052989874	-0.0043723616	-0.0050116991	-0.0053634188	-0.0047786548	-0.0055059014	-0.0062010419	-0.0066795621	-0.0047416017	-0.0053990512	-0.0062190757	-0.0042370476	-0.0062684409	-0.0072013548	-0.0030805327	-0.0051169727	-0.0045907186	-0.0059385472	-0.0058387040	-0.0041166375	-0.0030737800	-0.0048003197	-0.0052309659	-0.0018471128	-0.0043236116	-0.0055105434	-0.0054403264	-0.0065808883	-0.0058647210	-0.0035776460	-0.0048060512	-0.0048867861	-0.0045014536	-0.0011261384	-0.0057295942	0.0079343378	-0.0066485861	-0.0044246858	-0.0076530429	-0.0072834090	-0.0024770127	0.0051586637	-0.0042949064	-0.0054169427	-0.0050993890	-0.0036890972	-0.0061087987	-0.0046872210	-0.0042830938	-0.0067940987	-0.0046899284	-0.0049364474	-0.0046144694	-0.0045140420	-0.0068267765	-0.0059930554	-0.0039407764	-0.0050832395	-0.0060873028	-0.0057320984	-0.0042810307	-0.0055969771	-0.0043762788	-0.0049589785	-0.0073592383	-0.0054653798	-0.0053924367	-0.0050107027	-0.0046842268	-0.0053761436	0.0041015404	0.0045302166	-0.0049749744	-0.0069108936	-0.0048435284
-0.0071706321	-0.0065044200	-0.0078864302	-0.0059064402	-0.0051470164	-0.0058331180	-0.0075674251	-0.0068052917	-0.0070301983	-0.0074966241	-0.0075498060	-0.0063118066	-0.0064048109	-0.0062720878	-0.0061655700	-0.0050617168	-0.0055640450	-0.0066568277	-0.0061642567	-0.0064590281	-0.0073344136	-0.0076183231	-0.0086578001	-0.0060565247	-0.0081697980	0.4100102901	-0.0058197131	-0.0066971097	-0.0069927041	-0.0078389793	-0.0055045967	-0.0061783185	-0.0064575019	-0.0077339643	-0.0066277448	-0.0051996866	-0.0053456277	-0.0078827160	-0.0073110872	-0.0068266182	-0.0061939435	-0.0063703370	-0.0065888723	-0.0071483732	-0.0057412269	-0.0068349582	-0.0062364753	-0.0082013187	-0.0074845082	-0.0074368395	-0.0056328028	-0.0059332451	-0.0060129536	-0.0069273129	-0.0061836578	-0.0075217189	-0.0069014589	-0.0060987472	-0.0069147014	-0.0083825060	-0.0075918583	-0.0065958858	-0.0066005099	-0.0074406499	-0.0053015952	0.0237474924	0.1777110035	-0.0062694598	-0.0081336933	-0.0066070229	-0.0062660024	-0.0057643426	-0.0070477953	-0.0073212862	-0.0075352441	-0.0059472730	0.0262397810	-0.0074107619	-0.0058764194	-0.0073383262	-0.0059460790	0.0113496850	-0.0059592161	-0.0075422035	-0.0056272787	-0.0074093012	-0.0067050275	-0.0063239436	-0.0060851600	-0.0071256209	-0.0062969808	-0.0062490154	-0.0060221163	-0.0064298918	-0.0070868571	-0.0065249071	-0.0060160940	-0.0070534025	-0.0074469837	-0.0073372859	-0.0069187108	-0.0069473134
-0.0047323242	-0.0051701961	-0.0046760879	-0.0044389448	-0.0044101789	-0.0059921167	-0.0043192472	-0.0051333012	-0.0051088081	-0.0046141443	-0.0062231668	-0.0045752611	-0.0046206981	-0.0047569308	-0.0038134304	-0.0038861090	-0.0042067561	-0.0031750060	-0.0061179691	-0.0046253356	-0.0045416151	-0.0059392489	-0.0050947168	-0.0046729949	-0.0052109349	-0.0058197131	0.5008026551	-0.0055749445	-0.0035280229	-0.0047763300	-0.0037815267	-0.0051137385	-0.0047693741	-0.0058522376	-0.0070681020	-0.0058827085	-0.0056668989	-0.0071767884	-0.0053081392	-0.0062913627	-0.0049369824	-0.0045087063	-0.0044483051	-0.0039847973	-0.0049025818	-0.0057335227	-0.0042864714	-0.0054419162	-0.0030306657	-0.0049258787	-0.0048986127	-0.0050996028	-0.0041925613	-0.0066258074	-0.0056354016	-0.0054626871	-0.0031351949	-0.0046699366	-0.0045558425	-0.0045708862	-0.0048730529	-0.0036686292	-0.0051652179	-0.0058808236	-0.0056436965	-0.0060792632	-0.0063088621	-0.0054299002	-0.0055663590	-0.0051039527	-0.0054214272	-0.0037044469	-0.0048584107	-0.0049160447	-0.0033833780	-0.0061104218	-0.0052877472	-0.0055279706	-0.0046996301	-0.0033736015	-0.0045193453	-0.0049508595	-0.0055147350	-0.0047678378	-0.0039284818	-0.0055398374	-0.0037119715	-0.0043462084	-0.0031376319	-0.0045408685	-0.0052369581	-0.0054494258	-0.0058562131	-0.0048188621	-0.0052743897	-0.0042706851	-0.0049717508	-0.0054011963	-0.0058698884	-0.0051946933	-0.0053403786	-0.0054458303
-0.0060034110	-0.0063751081	-0.0045607278	-0.0059484207	-0.0032913523	-0.0009571723	-0.0055244691	-0.0052799141	-0.0035915307	-0.0041107943	-0.0074522443	-0.0046454855	-0.0054103420	-0.0057623999	-0.0042190523	-0.0059586028	-0.0050813455	-0.0048772614	-0.0041873854	-0.0058699236	-0.0061813844	-0.0059489507	-0.0031293967	-0.0034663254	-0.0052989874	-0.0066971097	-0.0055749445	0.4919964498	-0.0063150791	-0.0069169403	-0.0050020138	-0.0057274861	-0.0050243187	-0.0052599514	-0.0040022790	-0.0041410905	-0.0015479108	-0.0055948006	-0.0037046893	-0.0024806688	-0.0055556658	-0.0052396626	-0.0050104853	0.0143913145	-0.0061793045	-0.0044400151	-0.0042728073	-0.0042517335	-0.0049026137	-0.0054706529	-0.0044628517	-0.0019659318	-0.0051126846	-0.0060182106	-0.0045808187	-0.0015534861	-0.0065187363	-0.0047450209	-0.0045071945	-0.0052640412	-0.0051785466	-0.0063846580	-0.0041851268	-0.0067036889	-0.0045587158	-0.0084658343	-0.0069533783	-0.0049577847	-0.0055732935	-0.0058101931	-0.0047607140	-0.0051522975	-0.0023815080	-0.0044977407	-0.0051063056	-0.0062276534	-0.0072851124	-0.0058174589	-0.0045101233	-0.0063042701	-0.0039969653	-0.0057091353	-0.0056025975	-0.0055988050	-0.0044758232	-0.0066144108	-0.0066082278	-0.0053211875	-0.0039713127	-0.0054751118	-0.0044297554	-0.0045505987	-0.0043563327	-0.0059407147	-0.0054303609	-0.0064126718	-0.0055702145	-0.0056152262	-0.0061254773	-0.0019662366	-0.0055150090	-0.0051139986
