0.5609108158	-0.0050353066	-0.0063038212	-0.0045940285	-0.0046053649	-0.0058444550	-0.0051723879	-0.0060129007	-0.0065176754	-0.0062831853	-0.0045781609	-0.0052200594	-0.0044936304	-0.0054586749	-0.0051374212	-0.0045553787	-0.0042145145	-0.0065244533	-0.0051428402	-0.0057804063	-0.0051253548	-0.0058627376	-0.0066344758	-0.0050272013	-0.0057967389	-0.0071733149	-0.0048019920	-0.0061173179	-0.0064698358	-0.0061469967	-0.0049630703	-0.0058143047	-0.0052811103	-0.0056911572	-0.0056353056	-0.0066595544	-0.0052270200	-0.0052688470	-0.0055650117	-0.0057812964	-0.0035208416	-0.0062260803	-0.0061037827	-0.0064922124	-0.0072058197	-0.0046661489	-0.0061627043	-0.0051636574	-0.0065947485	-0.0057523038	-0.0055591065	-0.0056591489	-0.0058879608	-0.0060343693	-0.0044860935	-0.0062412490	-0.0055354208	-0.0059596671	-0.0062632058	-0.0048627317	-0.0063970516	-0.0052858962	-0.0056257203	-0.0076821953	-0.0063114861	-0.0060530342	-0.0077376870	-0.0058946113	-0.0062307628	-0.0049748357	-0.0053306560	-0.0037518868	-0.0061846074	-0.0052955887	-0.0050425724	-0.0061507337	-0.0065082699	-0.0048390418	-0.0056010189	-0.0053120115	-0.0055283183	-0.0052606895	-0.0047915509	-0.0046952762	-0.0044084646	-0.0052460473	-0.0061790093	-0.0036078726	-0.0043872672	-0.0058030560	-0.0056400562	-0.0042886869	-0.0050952330	-0.0057389949	-0.0048766462	-0.0050136993	-0.0055071444	-0.0057330785	-0.0061474491	-0.0054521288	-0.0053608331	-0.0050450848
-0.0050353066	0.5257480437	-0.0039181857	-0.0047431910	-0.0060840132	-0.0039460616	-0.0064178405	-0.0053733054	-0.0051622279	-0.0053489221	-0.0076076114	-0.0050603614	-0.0049385743	-0.0047815676	-0.0054442094	-0.0028342752	-0.0054212195	-0.0075656277	-0.0057589681	-0.0075592450	-0.0052586435	-0.0059269523	-0.0056773592	-0.0049350903	-0.0043281518	-0.0067615011	-0.0052381170	-0.0062106578	-0.0044463242	-0.0050058659	-0.0064473256	-0.0050826318	-0.0057566173	-0.0048313710	-0.0039676709	-0.0036166166	-0.0048004517	-0.0050109981	-0.0051337549	-0.0039290246	-0.0053149400	-0.0025556372	-0.0044638638	-0.0049719152	-0.0060756994	-0.0057395809	-0.0001443468	-0.0053092695	-0.0049761433	-0.0054219242	-0.0041386887	-0.0059239388	-0.0063523312	-0.0060725984	-0.0054040850	-0.0052790988	-0.0040011343	-0.0047747093	-0.0043996057	-0.0059311970	-0.0045192590	-0.0063568034	-0.0038019585	-0.0048189208	-0.0058791370	-0.0064590847	-0.0077934115	-0.0045955174	-0.0043944255	-0.0045811328	-0.0039274551	-0.0051962195	-0.0038516406	-0.0051995681	-0.0052355309	-0.0036519119	-0.0059482938	-0.0049306371	-0.0055612952	-0.0058352071	-0.0057732985	-0.0062525779	-0.0068950155	-0.0048557232	-0.0038017286	-0.0053934907	-0.0062423894	-0.0042777229	-0.0064946910	-0.0051864043	-0.0043067813	-0.0056767875	-0.0053621139	-0.0060635223	-0.0060710369	-0.0053359846	-0.0061136971	-0.0046852149	-0.0051114083	-0.0050097213	-0.0058744317	-0.0058103452
-0.0063038212	-0.0039181857	0.5246329160	-0.0040311259	-0.0053446066	-0.0047478957	-0.0048214504	-0.0054161369	-0.0062626607	-0.0047488795	-0.0065296184	-0.0061531024	-0.0050546390	-0.0060952477	-0.0065468872	-0.0041115274	-0.0054479117	-0.0039219317	-0.0066079892	-0.0060155793	-0.0039735366	-0.0051031232	-0.0037426381	0.0010160289	-0.0036590582	-0.0078735843	-0.0048993506	-0.0044718781	-0.0064027947	-0.0064355878	-0.0050167085	-0.0051290714	-0.0046164325	-0.0056149081	-0.0070616323	-0.0056499293	-0.0039342736	-0.0065789267	-0.0057448099	-0.0066297936	-0.0056934535	-0.0056656855	-0.0046225492	-0.0052840885	-0.0068317365	-0.0067386187	-0.0056447785	-0.0052413404	-0.0049317151	-0.0044321898	-0.0046004843	-0.0058241491	-0.0051528625	-0.0063818134	-0.0069558396	-0.0067293654	-0.0025114736	-0.0053131331	-0.0062649908	-0.0056825636	-0.0045434795	-0.0057453107	-0.0041461297	-0.0051012653	-0.0046304929	-0.0073964306	-0.0084886382	-0.0048004363	-0.0049344375	-0.0028488667	-0.0053881313	-0.0046048026	-0.0036360425	-0.0039365722	-0.0041794183	-0.0042640935	-0.0082159525	-0.0042572073	-0.0052957852	-0.0022595710	-0.0049533535	-0.0064103159	-0.0053122685	-0.0043705503	-0.0044183326	-0.0060755953	-0.0063506392	-0.0036587803	-0.0049032387	-0.0059224888	-0.0058787674	-0.0049225776	-0.0039940506	-0.0056562711	-0.0056590022	-0.0043294127	-0.0063175829	-0.0030033703	-0.0042041721	-0.0035577491	-0.0054438307	-0.0065134667
-0.0045940285	-0.0047431910	-0.0040311259	0.4780784023	-0.0042518566	-0.0047426395	-0.0041782681	-0.0049214813	-0.0051836485	-0.0057304866	-0.0051416722	-0.0043197310	-0.0026405072	-0.0055598345	-0.0058845488	-0.0043387740	-0.0042297146	-0.0040224368	-0.0033003656	-0.0050500836	-0.0051626811	-0.0053617730	-0.0051623820	-0.0047927270	-0.0048767223	-0.0059773587	-0.0045362430	-0.0060250408	-0.0055139331	-0.0061547541	-0.0051979599	-0.0035208298	-0.0048516303	-0.0041140832	-0.0063145357	-0.0054083274	-0.0041629529	-0.0066237475	-0.0046954028	-0.0063448491	-0.0063427080	-0.0048994820	-0.0045676620	-0.0040207452	-0.0062791313	-0.0044179044	-0.0050105642	-0.0049168363	-0.0030160162	-0.0039464900	-0.0048394979	-0.0056787935	-0.0033606501	-0.0050968749	-0.0017786381	-0.0047456092	-0.0051546262	-0.0041610063	-0.0062668681	-0.0057839385	-0.0044782062	-0.0001850838	-0.0062425618	-0.0023246036	-0.0059079452	-0.0053258819	-0.0061012213	-0.0070726775	-0.0050668664	-0.0040159906	-0.0037782170	-0.0043038469	-0.0048862837	-0.0032692725	-0.0051958260	-0.0046861248	-0.0049281073	-0.0051456329	-0.0049045022	-0.0051326034	-0.0047842736	-0.0066888774	-0.0009653289	-0.0046721113	-0.0052551392	-0.0051217453	-0.0062192969	-0.0034739494	-0.0042005310	-0.0044617273	-0.0058742782	-0.0036262343	-0.0045342731	-0.0039909570	-0.0039267927	-0.0037302958	-0.0038752187	-0.0054818584	-0.0045381398	-0.0042888459	-0.0039155051	-0.0055551974
-0.0046053649	-0.0060840132	-0.0053446066	-0.0042518566	0.5006547453	-0.0052801281	-0.0036389519	-0.0044444033	-0.0053802861	-0.0058530840	-0.0050940489	-0.0045090105	-0.0042230747	-0.0047074168	-0.0053346970	-0.0055889940	-0.0040763122	-0.0048483089	-0.0040094110	-0.0046793823	-0.0055737307	-0.0048888158	-0.0055556859	-0.0051736869	-0.0048081343	-0.0052790273	-0.0046766280	-0.0031703237	-0.0046962195	-0.0036867855	-0.0053660393	-0.0049832192	-0.0053531146	-0.0055481909	-0.0067301090	-0.0035646587	-0.0050205437	-0.0067682048	-0.0050486497	-0.0057964886	-0.0041252043	-0.0057571368	-0.0059990310	-0.0053068001	-0.0064473267	-0.0068067849	-0.0037373614	-0.0039747092	-0.0056787676	-0.0035819189	-0.0053401130	-0.0055592306	-0.0038191703	-0.0039126459	-0.0056296324	-0.0065725667	-0.0047449584	-0.0039053166	-0.0052291301	-0.0052308682	-0.0047139871	-0.0062647367	-0.0067739428	-0.0060395823	-0.0051538459	-0.0055198082	-0.0057734022	-0.0054638247	-0.0060944652	-0.0038351700	-0.0047723437	-0.0044813584	-0.0049566943	-0.0046474104	-0.0052375872	-0.0052002825	-0.0056304689	-0.0032283887	-0.0058283746	-0.0056338281	-0.0043171799	-0.0047851634	-0.0055216700	-0.0035521628	-0.0046564268	-0.0048658478	-0.0048203218	-0.0049924418	-0.0030093233	-0.0050265167	-0.0040137682	-0.0044263702	-0.0034846306	-0.0050930199	-0.0044412802	-0.0037168992	-0.0051533440	-0.0055607185	-0.0048296675	-0.0048361704	-0.0053057038	-0.0039963365
-0.0058444550	-0.0039460616	-0.0047478957	-0.0047426395	-0.0052801281	0.4713735304	-0.0061473530	-0.0037357459	-0.0045707080	-0.0034628829	-0.0055455375	-0.0047257617	-0.0037591017	-0.0047149715	-0.0054343454	-0.0041715318	-0.0045741991	-0.0059610982	-0.0047019756	-0.0049360429	-0.0036567470	-0.0041589352	-0.0047160304	-0.0052517353	-0.0036784117	-0.0059871317	-0.0059938983	-0.0008926890	-0.0043916810	-0.0056901086	-0.0055047231	-0.0057162594	-0.0052119006	-0.0053741946	-0.0031902479	-0.0041009250	-0.0064994290	-0.0052764052	-0.0037286270	-0.0011767302	-0.0051550430	-0.0048027101	-0.0055726297	-0.0034143079	-0.0049139114	-0.0059493658	-0.0025086548	-0.0033455309	-0.0050934513	-0.0038920004	-0.0032819249	-0.0022081872	-0.0041085018	-0.0055375093	-0.0064381717	-0.0031149663	-0.0039003143	-0.0041652996	-0.0048818710	-0.0048338741	-0.0046145749	-0.0062771755	-0.0018322410	-0.0060018936	-0.0036108797	-0.0061378064	-0.0057521570	-0.0046086986	-0.0041535210	-0.0043406271	-0.0061771740	-0.0047282393	-0.0031780160	-0.0048503450	-0.0053240854	-0.0041293474	-0.0066556469	-0.0049736981	-0.0023440669	-0.0060314190	-0.0060325935	-0.0059374829	-0.0055543009	-0.0055185337	-0.0045728444	-0.0049850789	-0.0056519618	-0.0053997354	-0.0043817688	-0.0022899358	-0.0048455686	-0.0048753626	-0.0030546207	-0.0043008215	-0.0048427686	-0.0044393829	-0.0069864450	-0.0017490239	-0.0019547185	-0.0057093025	-0.0076348641	-0.0066173318
-0.0051723879	-0.0064178405	-0.0048214504	-0.0041782681	-0.0036389519	-0.0061473530	0.5563782744	-0.0053288498	-0.0069180817	-0.0055811007	-0.0055416983	-0.0055002883	-0.0045292288	-0.0056903769	-0.0060872641	-0.0053634183	-0.0053746054	-0.0058227953	-0.0056456451	-0.0040091450	-0.0047482371	-0.0051189976	-0.0049401784	-0.0055824826	-0.0060470624	-0.0076966391	-0.0044828977	-0.0054389283	-0.0053107875	-0.0067954830	-0.0045507941	-0.0055254982	-0.0051202404	-0.0042200614	-0.0074685067	-0.0064097739	-0.0052283608	-0.0084055214	-0.0058837491	-0.0055340964	-0.0066632772	-0.0043375133	-0.0063090381	-0.0047981823	-0.0052719392	-0.0069808978	-0.0041591834	-0.0043502479	-0.0052451527	-0.0065331474	-0.0056942286	-0.0063728343	-0.0032954932	-0.0055811864	-0.0058858425	-0.0054413673	-0.0062046189	-0.0051030397	-0.0052059257	-0.0047585262	-0.0062862252	-0.0061502592	-0.0056306644	-0.0060645796	-0.0064516685	-0.0058636065	-0.0074401905	-0.0060174515	-0.0059167209	-0.0054867532	-0.0053924826	-0.0045823592	-0.0053336895	-0.0059522010	-0.0033712615	-0.0053568059	-0.0076174879	-0.0046739557	-0.0076898305	-0.0051976729	-0.0058315763	-0.0046157974	-0.0050831966	-0.0045046849	-0.0062647427	-0.0060942952	-0.0043755821	-0.0059172405	-0.0052611948	-0.0053798368	-0.0046015683	-0.0036559363	-0.0039754460	-0.0060226647	-0.0054360260	-0.0057968794	-0.0037931614	-0.0054130632	-0.0053505009	-0.0071720791	-0.0062170566	-0.0046711913
-0.0060129007	-0.0053733054	-0.0054161369	-0.0049214813	-0.0044444033	-0.0037357459	-0.0053288498	0.5280414812	-0.0052987120	-0.0065774125	-0.0069413170	-0.0049188701	-0.0044442505	-0.0042531499	-0.0051736919	-0.0054683424	-0.0043354506	-0.0052468556	-0.0055776098	-0.0056243778	-0.0050870220	-0.0055865763	-0.0036652064	-0.0053343620	-0.0048130064	-0.0069144964	-0.0051627343	-0.0052921440	-0.0064104845	-0.0058840388	-0.0069037521	-0.0056294412	-0.0046795480	-0.0065724952	-0.0055789641	-0.0058897961	-0.0036560795	-0.0011419097	-0.0042973901	-0.0034270275	-0.0054251288	-0.0046887096	-0.0050701198	-0.0071101023	-0.0054696646	-0.0065556649	-0.0040850549	-0.0039641572	-0.0063976537	-0.0055308369	-0.0052686844	-0.0051671716	-0.0066605378	-0.0040250050	-0.0078278421	-0.0062476617	-0.0061457597	-0.0052915892	-0.0043963216	-0.0062911595	-0.0033100398	-0.0065921858	-0.0059295099	-0.0046684843	-0.0030256403	-0.0067014105	-0.0061008012	-0.0036775718	-0.0061899214	-0.0045230181	-0.0050625358	-0.0050031552	-0.0051906784	-0.0060013245	-0.0031846523	-0.0038323311	-0.0059594050	-0.0057131312	-0.0050321257	-0.0043878075	-0.0061038075	-0.0054734573	-0.0056718443	-0.0057472645	-0.0048122155	-0.0061847364	-0.0051652966	-0.0034411620	-0.0043367348	-0.0035186587	-0.0052133475	-0.0048319596	-0.0050435477	-0.0050371820	-0.0063659802	-0.0071409842	-0.0046721528	-0.0042047396	-0.0054847892	-0.0047153577	-0.0059505976	-0.0062017720
-0.0065176754	-0.0051622279	-0.0062626607	-0.0051836485	-0.0053802861	-0.0045707080	-0.0069180817	-0.0052987120	0.5282873954	-0.0038517076	-0.0060246688	-0.0052186757	-0.0052976532	-0.0058214106	-0.0043555330	-0.0053389903	-0.0037014216	-0.0062911593	-0.0062917008	-0.0057165154	-0.0065150170	-0.0032684908	-0.0046867352	-0.0052344916	-0.0041332029	-0.0072551490	-0.0050847812	-0.0034746317	-0.0067897288	-0.0063121616	-0.0064291982	-0.0064694311	-0.0058494504	-0.0052490623	-0.0060166462	-0.0053382622	-0.0052375290	-0.0051145341	-0.0025557001	-0.0044087774	-0.0045633246	-0.0040922643	-0.0031133156	-0.0034580514	-0.0064671390	-0.0060575183	-0.0056697620	-0.0046256051	-0.0063598230	-0.0053108001	-0.0029214738	-0.0033679817	-0.0056188190	-0.0068723848	-0.0055957379	-0.0044849703	-0.0046900653	-0.0043595758	-0.0041067502	-0.0054635873	-0.0054088550	-0.0052931315	-0.0056295606	-0.0062237298	-0.0046894753	-0.0076804372	-0.0073884774	-0.0053121293	-0.0053327587	-0.0046082600	-0.0045337982	-0.0058753713	-0.0050355656	-0.0048096653	-0.0047363909	-0.0049544852	-0.0044733401	-0.0048085218	-0.0048834920	-0.0067572553	-0.0061364820	-0.0070180197	-0.0055170442	-0.0028482337	-0.0038235522	-0.0059711067	-0.0045136595	-0.0043797953	-0.0057378628	-0.0038286859	-0.0051889626	-0.0058953010	-0.0047172076	-0.0058195354	-0.0049269309	-0.0058152149	-0.0058001110	-0.0059231799	-0.0053748341	-0.0043437065	-0.0048470885	-0.0056008135
-0.0062831853	-0.0053489221	-0.0047488795	-0.0057304866	-0.0058530840	-0.0034628829	-0.0055811007	-0.0065774125	-0.0038517076	0.5230208864	-0.0039946625	-0.0056325252	-0.0049301291	-0.0042326018	-0.0057771041	-0.0060197315	-0.0040640788	-0.0062979784	-0.0065337337	-0.0047532635	-0.0045282824	-0.0034078745	-0.0043300167	-0.0041466442	-0.0046419585	-0.0077422322	-0.0045119265	-0.0041242028	-0.0052462946	-0.0045108547	-0.0055089036	-0.0044719176	-0.0049799888	-0.0051453911	-0.0062330722	-0.0053664402	-0.0052267984	-0.0067651565	-0.0059821127	-0.0036205283	-0.0051267949	-0.0067357218	-0.0051489927	-0.0052406341	-0.0054286452	-0.0053604182	-0.0049246910	-0.0038972395	-0.0062866870	-0.0050712674	-0.0050143691	-0.0046780459	-0.0057111771	-0.0053240834	-0.0048136313	-0.0046976320	-0.0061909187	-0.0046768960	0.0006928187	-0.0067530060	-0.0057200901	-0.0058811590	-0.0048888988	-0.0060106642	-0.0057273858	-0.0066022067	-0.0077212700	-0.0071154316	-0.0045039756	-0.0058292789	-0.0049402991	-0.0052242350	-0.0056549416	-0.0051334770	-0.0046313869	-0.0044911346	-0.0067960848	-0.0045567030	-0.0039895310	-0.0030521918	-0.0052953561	-0.0058727437	-0.0062687955	-0.0054500407	-0.0055120598	-0.0055909636	-0.0050179285	-0.0043263622	-0.0053180610	-0.0060657591	-0.0030643977	-0.0056316614	-0.0036065352	-0.0052107225	-0.0054169812	-0.0037730254	-0.0059949736	-0.0056629850	-0.0049748124	-0.0040723842	-0.0061843438	-0.0056875497
-0.0045781609	-0.0076076114	-0.0065296184	-0.0051416722	-0.0050940489	-0.0055455375	-0.0055416983	-0.0069413170	-0.0060246688	-0.0039946625	0.5752179886	-0.0064295296	-0.0039359913	-0.0058332767	-0.0060725372	-0.0062818206	-0.0059133970	-0.0058614736	-0.0054759240	-0.0062652631	-0.0049179886	-0.0066387807	-0.0064822248	-0.0059755058	-0.0066350568	-0.0074917396	-0.0060206462	-0.0071103479	-0.0052782744	-0.0056492236	-0.0029408121	-0.0039139562	-0.0056681321	-0.0061381978	-0.0063397244	-0.0073542899	-0.0048907050	-0.0070225993	-0.0066167656	-0.0050441577	-0.0037633119	-0.0056519659	-0.0061579099	-0.0058680848	-0.0048772070	-0.0064267786	-0.0050315906	-0.0053030963	-0.0057439585	-0.0071041525	-0.0066107562	-0.0056986363	-0.0033496942	-0.0053935087	-0.0060855372	-0.0059681176	-0.0062925832	-0.0063383507	-0.0065053945	-0.0064881587	-0.0052639139	-0.0058484117	-0.0058229698	-0.0065939340	-0.0061923628	-0.0060510229	-0.0070842517	-0.0062715280	-0.0060126362	-0.0063957933	-0.0047924413	-0.0035856626	-0.0045745260	-0.0060753524	-0.0062668370	-0.0055978332	-0.0062480662	-0.0045419548	-0.0053582312	-0.0056435280	-0.0046895627	-0.0052632782	-0.0062961546	-0.0046163527	-0.0046297633	-0.0064708022	-0.0041855736	-0.0056097466	-0.0050134129	-0.0055986322	-0.0049123215	-0.0059186010	-0.0059954520	-0.0039734253	-0.0053272325	-0.0042790881	-0.0053340893	-0.0060785054	-0.0064044066	-0.0058148182	-0.0062124054	-0.0065169768
-0.0052200594	-0.0050603614	-0.0061531024	-0.0043197310	-0.0045090105	-0.0047257617	-0.0055002883	-0.0049188701	-0.0052186757	-0.0056325252	-0.0064295296	0.5239005735	-0.0045858335	-0.0044809208	-0.0058449981	-0.0042061750	-0.0039603220	-0.0048500298	-0.0051304565	-0.0047410000	-0.0063040151	-0.0057269989	-0.0059247430	-0.0046038502	-0.0032841937	-0.0063999106	-0.0047783738	-0.0047626255	-0.0063335154	-0.0055682773	-0.0057700216	-0.0044012382	-0.0061538078	-0.0066060697	-0.0056083106	-0.0048771150	-0.0056640291	-0.0065774157	-0.0048451889	-0.0037168359	-0.0066533162	-0.0049761247	-0.0052681256	-0.0050568270	-0.0059217658	-0.0065868446	-0.0046139469	-0.0042985945	-0.0046258019	-0.0041990767	-0.0038814556	-0.0046099506	-0.0045821865	-0.0062026123	-0.0063885348	-0.0035065840	-0.0053052972	-0.0043937239	-0.0053385877	-0.0056259976	-0.0014426785	-0.0052790388	-0.0051906863	-0.0062205098	-0.0049412406	-0.0070399127	-0.0074221874	-0.0037358268	-0.0039017012	-0.0044057313	-0.0057993831	-0.0043299896	-0.0055585539	-0.0047785426	-0.0043445754	-0.0058421007	-0.0057165752	-0.0051705961	-0.0042129860	-0.0053587411	-0.0054482770	-0.0056858299	-0.0061123125	-0.0054133269	-0.0056167274	-0.0051850068	-0.0062022650	-0.0047853468	-0.0060583710	-0.0043186548	-0.0046456170	-0.0057465449	-0.0060173937	-0.0055569881	-0.0053522450	-0.0042598407	-0.0048845966	-0.0046010147	-0.0057315678	-0.0063424275	-0.0056401506	-0.0041749712
-0.0044936304	-0.0049385743	-0.0050546390	-0.0026405072	-0.0042230747	-0.0037591017	-0.0045292288	-0.0044442505	-0.0052976532	-0.0049301291	-0.0039359913	-0.0045858335	0.4915299006	-0.0036842241	-0.0056249805	-0.0050122314	-0.0044584413	-0.0059444645	-0.0060903516	-0.0050757700	-0.0039884738	-0.0041277669	-0.0051733811	-0.0057022460	-0.0050698144	-0.0066140709	-0.0048620627	-0.0054667569	-0.0062228119	-0.0025526936	-0.0057072235	-0.0043751992	-0.0055191335	-0.0066581381	-0.0061702459	-0.0046465229	-0.0039286113	-0.0058057541	-0.0041668100	-0.0050174532	-0.0049033132	-0.0051112203	-0.0050440575	-0.0051489675	-0.0054041449	-0.0056868613	-0.0037918312	-0.0048896017	-0.0068019872	-0.0053449355	-0.0050254521	-0.0053811176	-0.0045785189	-0.0054001347	-0.0053256208	-0.0043631558	-0.0060353859	-0.0055274659	-0.0053798446	-0.0055059101	-0.0040804032	-0.0049410481	-0.0048075446	-0.0061531225	-0.0050973657	-0.0067281133	-0.0057278040	-0.0050002158	-0.0047434955	-0.0039778513	-0.0040935772	-0.0039677700	-0.0036130092	-0.0047986571	-0.0048712564	-0.0056338814	-0.0042636711	-0.0029769083	-0.0049989135	-0.0051691016	-0.0051685455	-0.0039629488	-0.0060078854	-0.0041853173	-0.0043459132	-0.0050954891	-0.0048819646	-0.0043726423	-0.0032163851	-0.0038148888	-0.0035156462	-0.0049187232	-0.0042129505	-0.0048037507	-0.0056318931	-0.0037777743	-0.0047837394	-0.0050135785	-0.0047687852	-0.0040989667	-0.0049788742	-0.0051817553
-0.0054586749	-0.0047815676	-0.0060952477	-0.0055598345	-0.0047074168	-0.0047149715	-0.0056903769	-0.0042531499	-0.0058214106	-0.0042326018	-0.0058332767	-0.0044809208	-0.0036842241	0.5127578627	-0.0046784838	-0.0047098907	-0.0028820310	-0.0077486640	-0.0053016352	-0.0062704859	-0.0038001398	-0.0058539595	-0.0058000832	-0.0039525801	-0.0043882898	-0.0061207832	-0.0046926858	-0.0060070457	-0.0056162153	-0.0059079853	-0.0048275995	-0.0049804448	-0.0041537223	-0.0060745868	-0.0053833984	-0.0053537228	-0.0040244299	-0.0069720660	-0.0048309056	-0.0059920712	-0.0052406840	-0.0042941037	-0.0053787465	-0.0051119718	-0.0060908796	-0.0064071853	-0.0046730350	-0.0021914242	-0.0054195935	-0.0044715074	-0.0028494388	-0.0060889357	-0.0045590686	-0.0051603936	-0.0046944639	-0.0048913151	-0.0066302664	-0.0036220562	-0.0045070569	-0.0069008533	-0.0049746935	-0.0042656952	-0.0052167873	-0.0055244374	-0.0050502911	-0.0065360063	-0.0069560897	-0.0048734384	-0.0047122967	-0.0050134599	-0.0065617184	-0.0043439939	-0.0050550925	-0.0047209391	-0.0056807432	-0.0043773035	-0.0048027241	-0.0049825208	-0.0045192281	-0.0050091617	-0.0040764217	-0.0054524426	-0.0060968447	-0.0064007301	-0.0045969900	-0.0048856814	-0.0060265215	-0.0035158433	-0.0044145740	-0.0048156860	-0.0034126585	-0.0049067483	-0.0047368978	-0.0059230721	-0.0036720528	-0.0036240118	-0.0060192148	-0.0055582482	-0.0050564031	-0.0052267509	-0.0052282695	-0.0051146206
-0.0051374212	-0.0054442094	-0.0065468872	-0.0058845488	-0.0053346970	-0.0054343454	-0.0060872641	-0.0051736919	-0.0043555330	-0.0057771041	-0.0060725372	-0.0058449981	-0.0056249805	-0.0046784838	0.5020149276	-0.0044563770	-0.0048349422	-0.0046178241	-0.0053192991	-0.0060587262	-0.0052860315	-0.0034190907	-0.0047018050	-0.0055177326	-0.0030476535	-0.0063422057	-0.0039503574	-0.0041937607	-0.0056831894	-0.0064233883	-0.0055832639	-0.0049091157	-0.0058206658	-0.0057570337	-0.0058436101	-0.0048587433	-0.0040325283	-0.0061157430	-0.0037317962	-0.0053882127	-0.0039857680	-0.0047859196	-0.0046824460	-0.0049783370	-0.0057236264	-0.0070501645	-0.0034865715	-0.0055657235	-0.0044049369	-0.0032411107	-0.0032870404	-0.0035850205	-0.0046625960	-0.0058020420	-0.0068797166	-0.0059738294	-0.0046893346	-0.0051879260	-0.0049855349	-0.0053929085	-0.0045079027	-0.0054684836	-0.0031185976	-0.0068676492	-0.0041361156	-0.0080489493	-0.0065711344	-0.0003300309	-0.0043584542	-0.0034162489	-0.0052859127	-0.0048931914	-0.0057793852	-0.0053051772	-0.0049492350	-0.0021839387	-0.0051260265	-0.0047492476	-0.0033933784	-0.0047454154	-0.0049147818	-0.0056800822	-0.0050192014	-0.0045652533	-0.0028360966	-0.0071180484	-0.0066003258	-0.0046426777	-0.0044950515	-0.0014475981	-0.0035269722	-0.0050416035	-0.0045184996	-0.0058149919	-0.0038932152	-0.0053361556	-0.0048493128	-0.0040137163	-0.0058022585	-0.0048391735	-0.0057168047	-0.0064682812
-0.0045553787	-0.0028342752	-0.0041115274	-0.0043387740	-0.0055889940	-0.0041715318	-0.0053634183	-0.0054683424	-0.0053389903	-0.0060197315	-0.0062818206	-0.0042061750	-0.0050122314	-0.0047098907	-0.0044563770	0.4698387553	-0.0052641275	-0.0058868395	-0.0068276268	-0.0058278636	-0.0030837355	-0.0045139638	-0.0054535144	-0.0049041031	-0.0029844163	-0.0053076856	-0.0040522509	-0.0058727759	-0.0059203065	-0.0051345520	-0.0052400499	-0.0040911475	-0.0049444734	-0.0047040719	-0.0061515166	-0.0052834165	-0.0039168586	-0.0055179223	-0.0047852943	-0.0052044488	-0.0057736499	-0.0006809432	-0.0048530049	-0.0035711605	-0.0051157798	-0.0045929355	-0.0030402654	-0.0045449918	-0.0049514524	-0.0039244726	-0.0047074045	-0.0049509990	-0.0046807919	-0.0048297844	-0.0047112739	-0.0058676267	-0.0051623526	-0.0037049526	-0.0053612615	-0.0053357779	-0.0033741760	-0.0050932172	-0.0030379200	-0.0061229979	-0.0027502738	-0.0062588119	-0.0068078149	-0.0029497099	-0.0014074985	-0.0042974553	-0.0055091875	-0.0030862968	-0.0041877148	-0.0054819392	-0.0050090314	-0.0039745231	-0.0059937405	-0.0036476533	-0.0031977279	-0.0042775627	-0.0034066665	-0.0049724240	-0.0044727341	-0.0058081331	-0.0039781171	-0.0060172365	-0.0058080608	-0.0041728402	-0.0045506059	-0.0012958572	-0.0059243315	-0.0042643081	-0.0044753530	-0.0058088555	-0.0061105602	-0.0041904527	-0.0051345983	-0.0019792295	-0.0029867717	-0.0051386953	-0.0041081679	-0.0050782036
-0.0042145145	-0.0054212195	-0.0054479117	-0.0042297146	-0.0040763122	-0.0045741991	-0.0053746054	-0.0043354506	-0.0037014216	-0.0040640788	-0.0059133970	-0.0039603220	-0.0044584413	-0.0028820310	-0.0048349422	-0.0052641275	0.4597866224	-0.0053438338	-0.0040279125	-0.0057532217	-0.0044488922	-0.0042435805	-0.0040987810	-0.0047802272	-0.0046993224	-0.0055773370	-0.0043738081	-0.0052261850	-0.0044448433	-0.0048751416	-0.0044489517	-0.0040748760	-0.0037082857	-0.0061524599	-0.0046089613	-0.0021658908	-0.0050290977	-0.0056610183	-0.0047676032	-0.0048787350	-0.0048406888	-0.0047802074	-0.0038390886	-0.0053282660	-0.0046219737	-0.0049244544	-0.0041212723	-0.0040127894	-0.0045522554	-0.0039903251	-0.0046752451	-0.0040833927	-0.0034763351	-0.0050373498	-0.0048527807	-0.0050055918	-0.0057356471	-0.0057387942	-0.0046723415	-0.0060555381	-0.0048282764	-0.0047270228	-0.0047084083	-0.0052829612	-0.0044210457	-0.0044791966	-0.0055984984	-0.0054907810	-0.0049148065	-0.0048093213	-0.0042492473	-0.0038049872	-0.0030901788	-0.0053100341	-0.0053265829	-0.0038801932	-0.0051190228	-0.0039991139	-0.0045165441	-0.0039206909	-0.0037802414	-0.0054714464	-0.0038209774	-0.0039173157	-0.0038324940	-0.0045522725	-0.0054126491	-0.0034590757	-0.0041233497	-0.0038534286	-0.0038352478	-0.0044454688	-0.0034796800	-0.0053179253	-0.0044362011	-0.0033324890	-0.0040024342	-0.0051557460	-0.0044111942	-0.0037977215	-0.0036174403	-0.0047689180
-0.0065244533	-0.0075656277	-0.0039219317	-0.0040224368	-0.0048483089	-0.0059610982	-0.0058227953	-0.0052468556	-0.0062911593	-0.0062979784	-0.0058614736	-0.0048500298	-0.0059444645	-0.0077486640	-0.0046178241	-0.0058868395	-0.0053438338	0.5135106884	-0.0022040302	-0.0067829193	-0.0053885332	-0.0053037101	-0.0050047645	-0.0053695787	-0.0062224426	-0.0069980386	-0.0033100778	-0.0050376287	-0.0057508511	-0.0066527123	-0.0047072906	-0.0057209980	-0.0065134466	-0.0076981452	-0.0074784340	-0.0059015412	-0.0064933992	-0.0076625112	-0.0059982633	-0.0078273456	-0.0059054374	-0.0063579065	-0.0050739369	-0.0071361314	-0.0065044575	-0.0065618212	-0.0064974949	-0.0047670088	0.0055803751	-0.0022839434	-0.0065399500	-0.0073890847	-0.0051027495	-0.0067194016	-0.0046338013	-0.0066616357	-0.0054039562	-0.0065278276	-0.0062495258	-0.0060706125	-0.0056322246	0.0081049132	-0.0067362275	0.0388108704	-0.0053600426	-0.0066648924	-0.0072495870	-0.0047628268	-0.0057579993	-0.0043620781	-0.0059728177	-0.0059682940	-0.0061024802	-0.0052206364	-0.0065642254	-0.0049964785	-0.0059047354	-0.0064599070	-0.0048151183	-0.0062352275	-0.0055114392	-0.0075052775	0.0043495742	-0.0048737317	-0.0065056850	-0.0054829949	-0.0071925045	-0.0062978203	-0.0053566728	-0.0060783603	-0.0054976136	-0.0043629780	-0.0061615127	-0.0057773243	-0.0065252247	-0.0063796624	-0.0048390350	-0.0059313716	-0.0057014207	-0.0070605599	-0.0061069064	-0.0072734077
-0.0051428402	-0.0057589681	-0.0066079892	-0.0033003656	-0.0040094110	-0.0047019756	-0.0056456451	-0.0055776098	-0.0062917008	-0.0065337337	-0.0054759240	-0.0051304565	-0.0060903516	-0.0053016352	-0.0053192991	-0.0068276268	-0.0040279125	-0.0022040302	0.5175727086	-0.0059812536	-0.0061781725	-0.0061793929	-0.0064003499	-0.0050852882	-0.0061769146	-0.0060221994	-0.0061748242	-0.0042911984	-0.0038750037	-0.0048761041	-0.0051102501	-0.0057446420	-0.0059598460	-0.0060366196	-0.0062812414	-0.0058791155	-0.0063483378	-0.0071455407	-0.0035332786	-0.0051427189	-0.0058172898	-0.0045616388	-0.0062838559	-0.0058071270	-0.0057982178	-0.0053781077	-0.0031713831	-0.0055102366	0.0018629804	0.0000436806	-0.0050093132	-0.0050710172	-0.0051347146	-0.0057333318	-0.0046195460	-0.0066503393	-0.0056965149	-0.0059091496	-0.0059930657	-0.0042561367	-0.0058577055	-0.0028654430	-0.0057987738	-0.0011736137	-0.0041015402	-0.0067824872	-0.0066884896	-0.0055988293	-0.0058623173	-0.0060535129	-0.0055717333	-0.0038601717	-0.0050933798	-0.0037269545	-0.0064510994	-0.0048183264	-0.0064275847	-0.0045428320	-0.0059160888	-0.0058418571	-0.0052951606	-0.0045400540	-0.0017102008	-0.0055036199	-0.0050944952	-0.0056057547	-0.0055879032	-0.0036098843	-0.0053501465	-0.0044844808	-0.0047344415	-0.0048795325	-0.0045546864	-0.0059178405	-0.0057751474	-0.0044749866	-0.0050070026	-0.0059050353	-0.0054983703	-0.0051049610	-0.0048401230	-0.0042020498
-0.0057804063	-0.0075592450	-0.0060155793	-0.0050500836	-0.0046793823	-0.0049360429	-0.0040091450	-0.0056243778	-0.0057165154	-0.0047532635	-0.0062652631	-0.0047410000	-0.0050757700	-0.0062704859	-0.0060587262	-0.0058278636	-0.0057532217	-0.0067829193	-0.0059812536	0.5668855216	-0.0064317608	-0.0068481221	-0.0050890213	-0.0047755117	-0.0046704371	-0.0061518091	-0.0049074965	-0.0059755641	-0.0058531969	-0.0059042886	-0.0052432209	-0.0052582160	-0.0049542379	-0.0048178914	-0.0078455174	-0.0062104179	-0.0056460940	-0.0077627450	-0.0066615971	-0.0051554844	-0.0051594787	-0.0058176145	-0.0043094232	-0.0054834609	-0.0062286052	-0.0061824800	-0.0052511108	-0.0056666544	-0.0063768661	-0.0048648428	-0.0058342129	-0.0069949654	-0.0050089987	-0.0044412230	-0.0060346728	-0.0066132757	-0.0069853152	-0.0053339312	-0.0064486064	-0.0039680870	-0.0055741105	-0.0053667873	-0.0060225584	-0.0064910015	-0.0066102916	-0.0067714586	-0.0060258561	-0.0069999809	-0.0064893604	-0.0049723704	-0.0052258050	-0.0048513225	-0.0046717495	-0.0061199547	-0.0059171899	-0.0055858716	-0.0068962932	-0.0048937109	-0.0047460879	-0.0060308861	-0.0036809847	-0.0048487222	-0.0051803297	-0.0064560019	-0.0042046432	-0.0046338943	-0.0049360616	-0.0053597458	-0.0047939637	-0.0057393324	-0.0046555490	-0.0059484381	-0.0045384270	-0.0061651458	-0.0064171215	-0.0047297243	-0.0049248413	-0.0059918614	-0.0052350592	-0.0056428754	-0.0048000615	-0.0056930911
-0.0051253548	-0.0052586435	-0.0039735366	-0.0051626811	-0.0055737307	-0.0036567470	-0.0047482371	-0.0050870220	-0.0065150170	-0.0045282824	-0.0049179886	-0.0063040151	-0.0039884738	-0.0038001398	-0.0052860315	-0.0030837355	-0.0044488922	-0.0053885332	-0.0061781725	-0.0064317608	0.4833051912	-0.0045080233	-0.0045724517	-0.0022935249	-0.0043168552	-0.0072851945	-0.0044092138	-0.0062149754	-0.0058317488	-0.0070356752	-0.0059583341	-0.0058091793	-0.0053729316	-0.0057230975	-0.0056001875	-0.0028547877	-0.0063057916	-0.0063308930	-0.0037351365	-0.0049369515	-0.0061620381	-0.0049957517	-0.0034324501	-0.0045533461	-0.0067388381	-0.0053460844	-0.0049524721	-0.0043387954	-0.0041560000	-0.0054492847	-0.0043977671	-0.0030803565	-0.0049914075	-0.0049791294	-0.0054754643	-0.0019516675	-0.0062362518	-0.0057369348	-0.0042881467	-0.0047730042	0.0034444711	-0.0054804221	-0.0049213252	-0.0053036140	-0.0039026940	-0.0044291094	-0.0060419772	-0.0024978034	-0.0054143078	-0.0039146250	-0.0031564860	-0.0043638006	-0.0052172815	-0.0043266417	-0.0036675359	-0.0035384970	-0.0060123762	-0.0063860659	-0.0049818608	-0.0048856848	-0.0051078186	-0.0052513976	-0.0060570293	-0.0050270740	-0.0047541322	-0.0057114439	-0.0054646565	-0.0013755692	-0.0048283068	-0.0040769273	-0.0039223935	-0.0045497692	-0.0048067770	-0.0051740223	-0.0049872661	-0.0045727740	-0.0053109976	-0.0045896590	-0.0043076491	-0.0052606504	-0.0038190926	-0.0047650089
-0.0058627376	-0.0059269523	-0.0051031232	-0.0053617730	-0.0048888158	-0.0041589352	-0.0051189976	-0.0055865763	-0.0032684908	-0.0034078745	-0.0066387807	-0.0057269989	-0.0041277669	-0.0058539595	-0.0034190907	-0.0045139638	-0.0042435805	-0.0053037101	-0.0061793929	-0.0068481221	-0.0045080233	0.4969700168	0.0060966186	-0.0037347234	-0.0039318848	-0.0076660780	-0.0056979213	-0.0060825365	-0.0057733469	-0.0060965694	-0.0058872271	-0.0038959798	-0.0063515754	-0.0055343602	-0.0066771005	-0.0034009928	-0.0054526665	-0.0025539106	-0.0063163466	-0.0055032371	-0.0057380816	-0.0039124653	-0.0051328441	-0.0023104855	-0.0055357622	-0.0050349978	-0.0045028267	0.0078731017	-0.0059389363	-0.0041522359	-0.0027264526	-0.0040332132	-0.0051415033	-0.0062855985	-0.0066109312	-0.0057706387	-0.0058501562	0.0072398321	-0.0048931864	-0.0066929563	-0.0035182743	-0.0050441608	-0.0056911863	-0.0062352022	-0.0039092616	-0.0074146690	-0.0086706649	-0.0051493912	-0.0051904024	-0.0056226693	-0.0047557285	-0.0057674450	-0.0056293710	-0.0064207633	-0.0052259363	-0.0044997540	-0.0066077870	-0.0049481278	-0.0075934612	-0.0058625008	-0.0049380836	-0.0066570173	-0.0069517663	-0.0026054395	-0.0057272117	-0.0063655458	-0.0052860835	-0.0046320706	-0.0052940819	-0.0042120645	-0.0052628563	-0.0058950927	-0.0050986942	-0.0058160365	-0.0052202256	-0.0044125164	-0.0052078739	-0.0047968823	-0.0052697499	-0.0070574476	-0.0056356351	-0.0052130428
-0.0066344758	-0.0056773592	-0.0037426381	-0.0051623820	-0.0055556859	-0.0047160304	-0.0049401784	-0.0036652064	-0.0046867352	-0.0043300167	-0.0064822248	-0.0059247430	-0.0051733811	-0.0058000832	-0.0047018050	-0.0054535144	-0.0040987810	-0.0050047645	-0.0064003499	-0.0050890213	-0.0045724517	0.0060966186	0.5059496735	-0.0063942959	-0.0028683836	-0.0085788394	-0.0051017988	-0.0032148497	-0.0047264668	-0.0073234089	-0.0045717330	-0.0047370722	-0.0054830307	-0.0074922415	-0.0052989270	-0.0052971752	-0.0034373365	-0.0041622417	-0.0058587971	-0.0061972080	-0.0049409192	-0.0061378972	-0.0061439004	-0.0030208701	-0.0060641657	-0.0061160124	-0.0022969810	-0.0031995687	-0.0057819842	-0.0039329746	-0.0018748443	-0.0041946692	-0.0048492856	-0.0049487873	-0.0068359867	-0.0044031030	-0.0053294860	0.0007985414	-0.0052791808	-0.0052771645	-0.0049914139	-0.0061780272	-0.0028179300	-0.0063366976	-0.0057107061	-0.0060203590	-0.0077970819	-0.0062132619	-0.0045206048	-0.0055927810	-0.0057250483	-0.0051964294	-0.0043742218	-0.0048317723	-0.0057765510	-0.0030831709	-0.0064866093	-0.0049932079	-0.0058922124	-0.0058320835	-0.0051224938	-0.0058443999	-0.0058589447	-0.0046188046	-0.0041366418	-0.0049895107	-0.0050422975	-0.0038248516	-0.0054442241	-0.0045588466	-0.0041202700	-0.0068996586	-0.0049259415	-0.0056759103	-0.0040547840	-0.0053850973	-0.0067429383	-0.0055930185	-0.0063676978	-0.0049442322	-0.0060281504	-0.0051125341
-0.0050272013	-0.0049350903	0.0010160289	-0.0047927270	-0.0051736869	-0.0052517353	-0.0055824826	-0.0053343620	-0.0052344916	-0.0041466442	-0.0059755058	-0.0046038502	-0.0057022460	-0.0039525801	-0.0055177326	-0.0049041031	-0.0047802272	-0.0053695787	-0.0050852882	-0.0047755117	-0.0022935249	-0.0037347234	-0.0063942959	0.4804288991	-0.0036855818	-0.0060868541	-0.0044503671	-0.0036671889	-0.0059312443	-0.0060675207	-0.0046678485	-0.0050519603	-0.0035523678	-0.0048023253	-0.0057126490	-0.0066591019	-0.0049840506	-0.0057679521	-0.0043061405	-0.0051175583	-0.0059281414	-0.0049053316	-0.0048642764	-0.0040698162	-0.0047616774	-0.0035101149	-0.0033044223	-0.0038887730	-0.0055959232	-0.0047325102	-0.0041387930	-0.0046525734	-0.0048695542	-0.0029494119	-0.0048899338	-0.0053862711	-0.0038424055	-0.0047183033	-0.0047270607	-0.0048288524	-0.0053407033	-0.0054135393	-0.0043137781	-0.0061789542	-0.0049047842	-0.0073530506	-0.0063391219	-0.0036078158	-0.0051298900	-0.0047564453	-0.0039106122	-0.0037962174	-0.0051830424	-0.0051403654	-0.0047854561	-0.0031796651	-0.0072710016	-0.0049848060	-0.0054847290	-0.0038798092	-0.0045845630	-0.0054881138	-0.0047366755	-0.0054607166	-0.0039881383	-0.0051420905	-0.0049073045	-0.0034152020	-0.0039643829	-0.0034437642	-0.0057979018	-0.0048207264	-0.0027587520	-0.0049385179	-0.0055295554	-0.0043638303	-0.0046296767	-0.0036398203	-0.0035650433	-0.0036923530	-0.0055732998	-0.0064082662
-0.0057967389	-0.0043281518	-0.0036590582	-0.0048767223	-0.0048081343	-0.0036784117	-0.0060470624	-0.0048130064	-0.0041332029	-0.0046419585	-0.0066350568	-0.0032841937	-0.0050698144	-0.0043882898	-0.0030476535	-0.0029844163	-0.0046993224	-0.0062224426	-0.0061769146	-0.0046704371	-0.0043168552	-0.0039318848	-0.0028683836	-0.0036855818	0.4647604038	-0.0078166014	-0.0053861802	-0.0053507941	-0.0044949206	-0.0049777377	-0.0054732827	-0.0049384391	-0.0055577188	-0.0062789654	-0.0067438774	-0.0048594743	-0.0053794409	-0.0062069562	-0.0041877347	-0.0063217793	-0.0074935844	-0.0031385973	-0.0050621000	-0.0049363634	-0.0059049275	-0.0058949334	-0.0041119168	-0.0033589845	-0.0046561761	-0.0051831575	-0.0017290169	-0.0046034298	-0.0058451325	-0.0053656781	-0.0063503988	-0.0058362786	-0.0035057949	-0.0048425039	-0.0046908932	-0.0044238131	-0.0010951308	-0.0058117436	0.0079576876	-0.0066486059	-0.0041502163	-0.0074464220	-0.0073565887	-0.0024445641	0.0054547100	-0.0041387145	-0.0055051316	-0.0052369480	-0.0040193043	-0.0061211256	-0.0046707088	-0.0041250192	-0.0067034336	-0.0048339854	-0.0052658785	-0.0045286935	-0.0045238868	-0.0068541338	-0.0062070515	-0.0039745268	-0.0051116627	-0.0061582382	-0.0055121091	-0.0042389969	-0.0054224871	-0.0045303170	-0.0050801598	-0.0073549393	-0.0054256187	-0.0054362182	-0.0049388021	-0.0048370995	-0.0051386809	0.0042692061	0.0044457724	-0.0049440260	-0.0066406819	-0.0047846516
-0.0071733149	-0.0067615011	-0.0078735843	-0.0059773587	-0.0052790273	-0.0059871317	-0.0076966391	-0.0069144964	-0.0072551490	-0.0077422322	-0.0074917396	-0.0063999106	-0.0066140709	-0.0061207832	-0.0063422057	-0.0053076856	-0.0055773370	-0.0069980386	-0.0060221994	-0.0061518091	-0.0072851945	-0.0076660780	-0.0085788394	-0.0060868541	-0.0078166014	0.4131221570	-0.0056907685	-0.0067273725	-0.0067965802	-0.0079093291	-0.0056490710	-0.0064876551	-0.0063904842	-0.0078110572	-0.0066948074	-0.0049941658	-0.0057382788	-0.0079164766	-0.0073270335	-0.0069222029	-0.0065457854	-0.0063256375	-0.0066240288	-0.0071465868	-0.0057502388	-0.0068922103	-0.0063836278	-0.0081558121	-0.0072199312	-0.0074856657	-0.0055317671	-0.0061524945	-0.0060081905	-0.0068340508	-0.0060475160	-0.0076607345	-0.0069486277	-0.0059119861	-0.0069019178	-0.0085168382	-0.0074248725	-0.0066320326	-0.0066394491	-0.0075282207	-0.0054834625	0.0242479896	0.1791770278	-0.0066779015	-0.0079885453	-0.0068890329	-0.0063652055	-0.0059853825	-0.0070085656	-0.0073486974	-0.0075836879	-0.0058724259	0.0264865321	-0.0074369014	-0.0058498571	-0.0075472096	-0.0059748188	0.0112596217	-0.0062060974	-0.0076078255	-0.0057959139	-0.0075791425	-0.0066665641	-0.0065022819	-0.0058116180	-0.0073150261	-0.0065250180	-0.0061589591	-0.0062722914	-0.0063773015	-0.0074708102	-0.0065072795	-0.0062232104	-0.0068454210	-0.0076548030	-0.0073632649	-0.0070203346	-0.0069351838
-0.0048019920	-0.0052381170	-0.0048993506	-0.0045362430	-0.0046766280	-0.0059938983	-0.0044828977	-0.0051627343	-0.0050847812	-0.0045119265	-0.0060206462	-0.0047783738	-0.0048620627	-0.0046926858	-0.0039503574	-0.0040522509	-0.0043738081	-0.0033100778	-0.0061748242	-0.0049074965	-0.0044092138	-0.0056979213	-0.0051017988	-0.0044503671	-0.0053861802	-0.0056907685	0.4997958654	-0.0057350828	-0.0032925437	-0.0048238056	-0.0037021215	-0.0051668869	-0.0047017125	-0.0055332853	-0.0069441898	-0.0058183334	-0.0057118302	-0.0070169025	-0.0053299565	-0.0061949816	-0.0050190068	-0.0043463414	-0.0044819692	-0.0038739887	-0.0048173568	-0.0056414604	-0.0040830486	-0.0054822028	-0.0032065362	-0.0049403003	-0.0050345823	-0.0051167500	-0.0043077785	-0.0065694999	-0.0056059969	-0.0055413586	-0.0029876406	-0.0045735064	-0.0042457365	-0.0047521169	-0.0049180640	-0.0038610126	-0.0051563248	-0.0059859362	-0.0054822614	-0.0061842264	-0.0059897334	-0.0053469105	-0.0055066406	-0.0050896823	-0.0054331384	-0.0038263950	-0.0048874634	-0.0047503601	-0.0034333785	-0.0058207401	-0.0051600854	-0.0054736363	-0.0050065594	-0.0032945719	-0.0043470120	-0.0051952504	-0.0051366946	-0.0048079349	-0.0039502581	-0.0053829034	-0.0039516399	-0.0046324958	-0.0030622187	-0.0044168334	-0.0052888671	-0.0055001244	-0.0059789739	-0.0047705886	-0.0051439684	-0.0040584386	-0.0051083943	-0.0053792291	-0.0056330914	-0.0051063549	-0.0051063445	-0.0053849163
-0.0061173179	-0.0062106578	-0.0044718781	-0.0060250408	-0.0031703237	-0.0008926890	-0.0054389283	-0.0052921440	-0.0034746317	-0.0041242028	-0.0071103479	-0.0047626255	-0.0054667569	-0.0060070457	-0.0041937607	-0.0058727759	-0.0052261850	-0.0050376287	-0.0042911984	-0.0059755641	-0.0062149754	-0.0060825365	-0.0032148497	-0.0036671889	-0.0053507941	-0.0067273725	-0.0057350828	0.4940458243	-0.0062694973	-0.0066102615	-0.0052388960	-0.0054099115	-0.0053392841	-0.0053653049	-0.0037061669	-0.0042289857	-0.0014722156	-0.0053761626	-0.0041166706	-0.0025443452	-0.0054341753	-0.0052817806	-0.0050401144	0.0146705664	-0.0064017197	-0.0043991555	-0.0040244140	-0.0043437951	-0.0050151643	-0.0055040753	-0.0043833305	-0.0019021820	-0.0053377931	-0.0059108249	-0.0045027250	-0.0014943310	-0.0066073193	-0.0045917902	-0.0049719465	-0.0053002933	-0.0051793414	-0.0064236503	-0.0040630102	-0.0067968371	-0.0045196396	-0.0079862528	-0.0071019803	-0.0048869224	-0.0054123738	-0.0060360889	-0.0050201064	-0.0050519077	-0.0024344770	-0.0048319198	-0.0052658060	-0.0060082122	-0.0072206693	-0.0061644589	-0.0043986380	-0.0063273653	-0.0040292645	-0.0058613446	-0.0055286627	-0.0055943986	-0.0047124085	-0.0065081130	-0.0065147787	-0.0053503355	-0.0042027471	-0.0053766495	-0.0047679915	-0.0045453109	-0.0045273556	-0.0058025930	-0.0052107467	-0.0065589613	-0.0056749193	-0.0056091371	-0.0062995414	-0.0020556651	-0.0056200736	-0.0049566008
