0.4532214283	-0.0035731723	-0.0048228820	-0.0027137336	-0.0056988974	-0.0033368534	-0.0045788222	-0.0050150830	-0.0034357943	-0.0037750544	-0.0033670971	-0.0041973829	-0.0052353867	-0.0044183209	-0.0025782808	-0.0054456152	-0.0046396941	-0.0046239718	-0.0036831532	-0.0057838978	-0.0045386114	-0.0044364882	-0.0048245451	-0.0039814110	-0.0042778425	-0.0043472668	-0.0041254899	-0.0042610287	-0.0047577323	-0.0041429093	-0.0040233663	-0.0034246365	-0.0051215542	-0.0043405442	-0.0032294857	-0.0039251628	-0.0030911666	-0.0045099027	-0.0043192087	-0.0048411706	-0.0049392769	-0.0030691634	-0.0029864607	-0.0026420616	-0.0052233527	-0.0047015509	-0.0050886283	-0.0051145612	-0.0035680709	-0.0043156536	-0.0033378523	-0.0034056314	-0.0050844719	-0.0052967494	-0.0052980782	-0.0028850293	-0.0036193628	-0.0042050727	-0.0042590142	-0.0052687717	-0.0048582574	-0.0047606735	-0.0050166074	-0.0047886310	-0.0030855396	-0.0038806414	-0.0035514931	-0.0041908923	-0.0041663392	-0.0042644390	-0.0044755886	-0.0037788753	-0.0040634521	-0.0038475834	-0.0046729169	-0.0052336126	-0.0050748418	-0.0029865199	-0.0045123008	-0.0036192699	-0.0043023949	-0.0045907706	-0.0044711924	-0.0047820817	-0.0050112005	-0.0050876538	-0.0047867754	-0.0045077653	-0.0052589856	-0.0038274348	-0.0046195586	-0.0041795115	-0.0040573229	-0.0047338805	-0.0044043049	-0.0030102422	-0.0042008277	-0.0046291228	-0.0033497180	-0.0048553872	-0.0053418173	-0.0036618419	-0.0035424820	-0.0040891464	-0.0055275823	-0.0026935564	-0.0051189651
-0.0035731723	0.4843419177	-0.0041445547	-0.0061090265	-0.0039186470	-0.0044634406	-0.0044323493	-0.0051642726	-0.0047538243	-0.0048174691	-0.0042261860	-0.0057293914	-0.0040182416	-0.0029770418	-0.0049494418	-0.0035751236	-0.0051628402	-0.0039164614	-0.0013026729	-0.0037902797	-0.0048268329	-0.0063078483	-0.0050301315	-0.0054017096	-0.0028715731	-0.0054252936	-0.0052644903	-0.0039253991	-0.0040979321	-0.0046632188	-0.0044144038	-0.0047980845	-0.0042415006	-0.0058754365	-0.0036429459	-0.0047014287	-0.0027356950	-0.0055744147	-0.0030445002	-0.0045913232	-0.0057267036	-0.0034222401	-0.0047375930	-0.0041042151	-0.0046220968	-0.0045658618	-0.0048561590	-0.0056840367	-0.0028862221	-0.0054198636	-0.0052513307	-0.0046978580	-0.0042575549	-0.0042683964	-0.0047688755	-0.0047517627	-0.0052468501	-0.0037747132	-0.0047531593	-0.0032142758	-0.0030681396	-0.0055805425	-0.0056686067	-0.0042576043	-0.0025622324	-0.0046145314	-0.0046654256	-0.0046338297	-0.0056627075	-0.0055328918	-0.0048715318	-0.0043542787	-0.0051866982	-0.0047350438	-0.0054711475	-0.0053727783	-0.0031286937	-0.0051762567	-0.0049553150	-0.0037258397	-0.0056664278	-0.0050499501	-0.0050635683	-0.0054719783	-0.0046877868	-0.0040513919	-0.0046294000	-0.0053274456	-0.0046130321	-0.0049120686	-0.0047320474	-0.0046170148	-0.0031968202	-0.0058033664	-0.0045953787	-0.0045901542	-0.0050536510	-0.0046365602	-0.0050150356	-0.0052464299	-0.0045577358	-0.0038534504	-0.0051811717	-0.0040484945	-0.0044778893	-0.0036490961	-0.0049221098
-0.0048228820	-0.0041445547	0.4789614456	-0.0042548676	-0.0048043081	-0.0035350727	-0.0046749528	-0.0046684639	-0.0039906426	-0.0044019961	-0.0043932733	-0.0045932804	-0.0045156823	-0.0049494370	-0.0047772871	-0.0052247679	-0.0045032871	-0.0037465818	-0.0035518863	-0.0035625836	-0.0038420996	-0.0050316755	-0.0049134887	-0.0042537138	-0.0038218090	-0.0039312688	-0.0053347976	-0.0059822841	-0.0039624872	-0.0042627382	-0.0046948831	-0.0046236323	-0.0037796301	-0.0050740399	-0.0042645001	-0.0025066553	-0.0063053587	-0.0042204693	-0.0052610232	-0.0033901629	-0.0038579431	-0.0029709285	-0.0033638282	-0.0041674592	-0.0049115927	-0.0049259647	-0.0049236781	-0.0052278652	-0.0046459733	-0.0031914147	-0.0034902507	-0.0048492383	-0.0042704843	-0.0042311171	-0.0059082285	-0.0041523287	-0.0044319763	-0.0049394691	-0.0049307922	-0.0048899158	-0.0037850041	-0.0039029119	-0.0039898289	-0.0060561978	-0.0054893686	-0.0046252890	-0.0044680538	-0.0041476530	-0.0043442099	-0.0045326030	-0.0052897157	-0.0054788439	-0.0046521046	-0.0049040862	-0.0051268177	-0.0033278658	-0.0042715639	-0.0041831843	-0.0054887965	-0.0045547166	-0.0051678673	-0.0053714766	-0.0058493281	-0.0050013872	-0.0056236608	-0.0042893359	-0.0038950802	-0.0046483011	-0.0055984513	-0.0050083088	-0.0045868625	-0.0046054947	-0.0045241721	-0.0026088913	-0.0043567348	-0.0048156445	-0.0035930140	-0.0041174365	-0.0047815963	-0.0049836561	-0.0042351608	-0.0055560815	-0.0044710843	-0.0035677143	-0.0052723305	-0.0040330432	-0.0049275423
-0.0027137336	-0.0061090265	-0.0042548676	0.4987088219	-0.0048204139	-0.0051387563	-0.0034449580	-0.0061625242	-0.0041000072	-0.0048967372	-0.0042084118	-0.0041920517	-0.0056038812	-0.0041891585	-0.0056248620	-0.0037043431	-0.0061619773	-0.0051662918	-0.0042243641	-0.0054200393	-0.0047000978	-0.0049536680	-0.0040525169	-0.0050661518	-0.0054780775	-0.0043656028	-0.0044365104	-0.0049455917	-0.0034618300	-0.0047070539	-0.0037793098	-0.0040968370	-0.0040996536	-0.0044432905	-0.0052749967	-0.0031512610	-0.0045271586	-0.0060492029	-0.0052345676	-0.0044822601	-0.0051680383	-0.0056408999	-0.0055680227	-0.0043520749	-0.0056035457	-0.0046411646	-0.0045813177	-0.0036181999	-0.0032402711	-0.0054954495	-0.0052913367	-0.0052776834	-0.0059136723	-0.0042170487	-0.0057583283	-0.0033288011	-0.0040384318	-0.0015977916	-0.0041281167	-0.0051797414	-0.0052324727	-0.0050602287	-0.0051959102	-0.0035142410	-0.0049921341	-0.0053338698	-0.0036823272	-0.0042967335	-0.0049205107	-0.0049387463	-0.0052254164	-0.0048973536	-0.0049991738	-0.0039508286	-0.0044097935	-0.0048054300	-0.0048092921	-0.0051239443	-0.0046611150	-0.0061556814	-0.0038718731	-0.0036887026	-0.0050391275	-0.0055490947	-0.0050332468	-0.0053304559	-0.0045963650	-0.0047860224	-0.0049139524	-0.0042980222	-0.0061112650	-0.0051036475	-0.0055513271	-0.0041829830	-0.0041470466	-0.0046147147	-0.0025261667	-0.0046966259	-0.0054143850	-0.0051946139	-0.0056881528	-0.0049365573	-0.0055083010	-0.0027175106	-0.0048531445	-0.0051165069	-0.0049518278
-0.0056988974	-0.0039186470	-0.0048043081	-0.0048204139	0.5200665346	-0.0054996579	-0.0057794408	-0.0067425494	-0.0050440613	-0.0052511662	-0.0053844169	-0.0053561853	-0.0045854448	-0.0045889376	-0.0046314341	-0.0024975903	-0.0058288449	-0.0044492826	-0.0047144569	-0.0049187487	-0.0054876976	-0.0052960142	-0.0059597380	-0.0042155305	-0.0043336938	-0.0061906146	-0.0045501207	-0.0045209603	-0.0047742341	-0.0056601627	-0.0039589681	-0.0054513990	-0.0007497206	-0.0045974327	-0.0053033880	-0.0037608472	-0.0047469072	-0.0054491302	-0.0042461991	-0.0049865680	-0.0048593068	-0.0054333159	-0.0051780282	-0.0038019906	-0.0048006407	-0.0044925574	-0.0048468099	-0.0051896407	-0.0049976411	-0.0041834991	-0.0039862667	-0.0058241579	-0.0064449605	-0.0048005670	-0.0059073638	-0.0056031277	-0.0039061641	-0.0054408437	-0.0055999138	-0.0058307078	-0.0061398824	-0.0057222140	-0.0052565560	-0.0055802973	-0.0055772597	-0.0060212897	-0.0039779229	-0.0055740979	-0.0043190238	-0.0038860247	-0.0063186189	-0.0051016392	-0.0041794447	-0.0056110295	-0.0043892963	-0.0053769822	-0.0033454760	-0.0046165179	-0.0056645784	-0.0024806203	-0.0061486145	-0.0046773811	-0.0052579617	-0.0052597140	-0.0038740176	-0.0034581132	-0.0056529670	-0.0057726148	-0.0037528930	-0.0050729540	-0.0058242597	-0.0058797523	-0.0039677890	-0.0050633912	-0.0049214652	-0.0047637407	-0.0035676185	-0.0056860178	-0.0050954368	-0.0046347963	-0.0056245113	-0.0068163851	-0.0052367678	-0.0024832127	-0.0043661502	-0.0028530435	-0.0053348798
-0.0033368534	-0.0044634406	-0.0035350727	-0.0051387563	-0.0054996579	0.4923548245	-0.0045256436	-0.0038457902	-0.0051189291	-0.0046293371	-0.0040307494	-0.0025741159	-0.0042759130	-0.0047107490	-0.0039181303	-0.0062106338	-0.0049804813	-0.0047730596	-0.0042795202	-0.0044700993	-0.0050940323	-0.0047243417	-0.0052350606	-0.0059338918	-0.0040285064	-0.0035566027	-0.0054445385	-0.0053144900	-0.0051651291	-0.0042446498	-0.0044506345	-0.0055720859	-0.0045441151	-0.0060787444	-0.0054509903	-0.0038365911	-0.0050045067	-0.0046356238	-0.0034532070	-0.0042168688	-0.0055034279	-0.0039300298	-0.0042031916	-0.0040910407	-0.0054621364	-0.0051835612	-0.0044616817	-0.0045748948	-0.0054591716	-0.0044152514	-0.0036055111	-0.0054014371	-0.0052100339	-0.0057225437	-0.0050105754	-0.0048462510	-0.0060531855	-0.0017529780	-0.0045990925	-0.0047908184	-0.0043693292	-0.0054354132	-0.0043686376	-0.0046282755	-0.0035830284	-0.0052184731	-0.0057466523	-0.0047799014	-0.0053285528	-0.0042745342	-0.0025993701	-0.0024879241	-0.0055721326	-0.0028422659	-0.0053470497	-0.0050527331	-0.0045614442	-0.0041613139	-0.0058142401	-0.0061972910	-0.0045629487	-0.0047319823	-0.0040352416	-0.0042008242	-0.0059572270	-0.0059701740	-0.0043702608	-0.0055604625	-0.0050240123	-0.0055802002	-0.0050695457	-0.0046885802	-0.0037470381	-0.0052099516	-0.0039184011	-0.0040032055	-0.0050112914	-0.0051303395	-0.0050724935	-0.0038902234	-0.0047243189	-0.0022980267	-0.0051483348	-0.0051228225	-0.0041450987	-0.0037292334	-0.0045056666
-0.0045788222	-0.0044323493	-0.0046749528	-0.0034449580	-0.0057794408	-0.0045256436	0.4887034762	-0.0057722760	-0.0039233541	-0.0060046959	-0.0053356563	-0.0040544846	-0.0042389014	-0.0057302106	-0.0049075805	-0.0071148471	-0.0044046569	-0.0049670930	-0.0047011037	-0.0038638990	-0.0055381222	-0.0046270008	-0.0046425910	-0.0057761399	-0.0051760038	-0.0052104377	-0.0055834452	-0.0050590544	-0.0029397385	-0.0046611147	-0.0054604163	-0.0043632976	-0.0039156866	-0.0056070208	-0.0040296611	-0.0035897866	-0.0036275292	-0.0030621982	-0.0048682212	-0.0038402711	-0.0054237939	-0.0044188152	-0.0038165922	-0.0039958453	-0.0040509805	-0.0046453288	-0.0044924966	-0.0045745512	-0.0050267305	-0.0040210012	-0.0035996238	-0.0043548184	-0.0057144235	-0.0056364252	-0.0043881201	-0.0030197785	-0.0060649183	-0.0051436132	-0.0051294944	-0.0066706009	-0.0052468582	-0.0050922757	-0.0036398349	-0.0047205843	-0.0044367989	-0.0053389397	-0.0047174919	-0.0045719664	-0.0050796363	-0.0037118945	-0.0041990494	-0.0054914994	-0.0036492954	-0.0042823133	-0.0043496295	-0.0016913706	-0.0056370644	-0.0044259432	-0.0056640964	-0.0041638165	-0.0048019192	-0.0045193019	-0.0042536362	-0.0044069185	-0.0038282188	-0.0054856461	-0.0034053845	-0.0044872682	-0.0048168438	-0.0034863796	-0.0040077145	-0.0042083342	-0.0050830908	-0.0039592407	-0.0048267410	-0.0045510253	-0.0043242725	-0.0052490260	-0.0045150230	-0.0049824713	-0.0052179845	-0.0042855423	-0.0047395410	-0.0039548207	-0.0041248399	-0.0049792254	-0.0038720931
-0.0050150830	-0.0051642726	-0.0046684639	-0.0061625242	-0.0067425494	-0.0038457902	-0.0057722760	0.5067717047	-0.0035433141	-0.0060627818	-0.0039322121	-0.0047573760	-0.0034330780	-0.0049696362	-0.0045680324	-0.0041437759	-0.0035223119	-0.0043558008	-0.0060429551	-0.0050458466	-0.0038818536	-0.0033893141	-0.0054638945	-0.0051888998	-0.0044046653	-0.0029116131	-0.0040040276	-0.0052425485	-0.0046716814	-0.0056264165	-0.0053048305	-0.0046694513	-0.0046434925	-0.0042238656	-0.0045140763	-0.0040951521	-0.0052788534	-0.0034992340	-0.0044548878	-0.0056085137	-0.0042094894	-0.0047961916	-0.0060252143	-0.0047763023	-0.0054151327	-0.0062804784	-0.0057292100	-0.0050973971	-0.0043947369	-0.0016247320	-0.0046404962	-0.0038216849	-0.0055673083	-0.0046395090	-0.0049648828	-0.0021653485	-0.0044937706	-0.0042526036	-0.0040964047	-0.0059605897	-0.0043963837	-0.0048694135	-0.0057119241	-0.0055959440	-0.0044688378	-0.0043641227	-0.0050740756	-0.0046649776	-0.0038899013	-0.0056198227	-0.0047151735	-0.0045515151	-0.0049321753	-0.0051792235	-0.0048512073	-0.0049387208	-0.0033903127	-0.0042724415	-0.0059304445	-0.0058407766	-0.0058831340	-0.0048112809	-0.0043372823	-0.0034861541	-0.0054462809	-0.0050867956	-0.0053476807	-0.0047895001	-0.0054377704	-0.0048716396	-0.0050691255	-0.0056014874	-0.0052623498	-0.0058978783	-0.0044916154	-0.0046274848	-0.0035963786	-0.0043840538	-0.0058495965	-0.0046046487	-0.0052115424	-0.0051856406	-0.0044305506	-0.0042192735	-0.0060555631	-0.0042407895	-0.0055119797
-0.0034357943	-0.0047538243	-0.0039906426	-0.0041000072	-0.0050440613	-0.0051189291	-0.0039233541	-0.0035433141	0.4945655186	-0.0050550390	-0.0057350094	-0.0038640472	-0.0045718616	-0.0040269572	-0.0049883761	-0.0042967573	-0.0050976275	-0.0045904938	-0.0042933315	-0.0039778681	-0.0048575083	-0.0044849206	-0.0036010911	-0.0042790020	-0.0043241585	-0.0056610692	-0.0041124013	-0.0041164970	-0.0041648141	-0.0049988104	-0.0050324106	-0.0046832741	-0.0028959865	-0.0056176196	-0.0056708790	-0.0043658065	-0.0056426559	-0.0051255202	-0.0069887251	-0.0042555913	-0.0054355019	-0.0041101478	-0.0054727093	-0.0022925036	-0.0047646801	-0.0040449901	-0.0048077362	-0.0040923730	-0.0058204051	-0.0028959939	-0.0061337382	-0.0049940550	-0.0047453894	-0.0054440370	-0.0037751999	-0.0043912048	-0.0024062709	-0.0041587827	-0.0050349499	-0.0057500995	-0.0050172563	-0.0057271082	-0.0046534937	-0.0049556454	-0.0038766803	-0.0034961568	-0.0030251842	-0.0054311691	-0.0051504570	-0.0042404959	-0.0062161938	-0.0056987554	-0.0043642541	-0.0049969059	-0.0053336398	-0.0045461102	-0.0056748716	-0.0040537628	-0.0049095474	-0.0039390284	-0.0046540352	-0.0043265949	-0.0049397432	-0.0040831550	-0.0055014682	-0.0032260143	-0.0052768765	-0.0052320888	-0.0047947030	-0.0045689274	-0.0047495040	-0.0052003835	-0.0052501727	-0.0048884415	-0.0055776343	-0.0055756913	-0.0049655247	-0.0046665001	-0.0038838582	-0.0047634282	-0.0042848232	-0.0044474731	-0.0056283200	-0.0034425592	-0.0058233334	-0.0047996847	-0.0048510580
-0.0037750544	-0.0048174691	-0.0044019961	-0.0048967372	-0.0052511662	-0.0046293371	-0.0060046959	-0.0060627818	-0.0050550390	0.5092275772	-0.0039269759	-0.0063021209	-0.0047362499	-0.0041741986	-0.0056268350	-0.0015523501	-0.0030237279	-0.0045999090	-0.0047632685	-0.0036785437	-0.0057983762	-0.0040662594	-0.0048615391	-0.0052812623	-0.0059745087	-0.0035217132	-0.0056367694	-0.0049757682	-0.0056162683	-0.0047746043	-0.0057729444	-0.0060517179	-0.0050063002	-0.0046800351	-0.0035810822	-0.0040711989	-0.0050829215	-0.0043005769	-0.0055526733	-0.0055963357	-0.0055197329	-0.0042055271	-0.0063844222	-0.0035460748	-0.0064889481	-0.0050448407	-0.0034299922	-0.0045888597	-0.0039565166	-0.0058703986	-0.0058692179	-0.0049769214	-0.0057007005	-0.0041064376	-0.0029453122	-0.0035858716	-0.0050074746	-0.0040201787	-0.0050957356	-0.0035605373	-0.0054339694	-0.0042494069	-0.0053610854	-0.0052091884	-0.0036331488	-0.0043252569	-0.0050328708	-0.0057626968	-0.0039033979	-0.0044165480	-0.0059927949	-0.0059827344	-0.0062466209	-0.0042313416	-0.0048151607	-0.0044288118	-0.0047922611	-0.0025695991	-0.0049620598	-0.0043000640	-0.0054043248	-0.0053236965	-0.0057517835	-0.0031441051	-0.0061637011	-0.0039209993	-0.0052529251	-0.0044528385	-0.0046059643	-0.0051195665	-0.0048430693	-0.0054922782	-0.0046266786	-0.0047539891	-0.0047069484	-0.0052086286	-0.0053061138	-0.0041820194	-0.0040884165	-0.0049904512	-0.0047281802	-0.0045933788	-0.0046430863	-0.0039186905	-0.0057473947	-0.0057383470	-0.0054859723
-0.0033670971	-0.0042261860	-0.0043932733	-0.0042084118	-0.0053844169	-0.0040307494	-0.0053356563	-0.0039322121	-0.0057350094	-0.0039269759	0.4951127054	-0.0044383745	-0.0052318392	-0.0036852605	-0.0042311229	-0.0053749806	-0.0038802223	-0.0037449732	-0.0040966797	-0.0051282323	-0.0048218639	-0.0055646716	-0.0042715895	-0.0055672915	-0.0043231114	-0.0062155850	-0.0052393909	-0.0056079533	-0.0049683105	-0.0042135673	-0.0028698113	-0.0041214014	-0.0048845054	-0.0037741908	-0.0049033706	-0.0029971636	-0.0049404694	-0.0044576267	-0.0050275455	-0.0040343274	-0.0050054528	-0.0033898913	-0.0049199270	-0.0034176736	-0.0049096947	-0.0050387679	-0.0046522642	-0.0049671046	-0.0040963430	-0.0041208006	-0.0045306673	-0.0048944970	-0.0042821058	-0.0055560300	-0.0051120949	-0.0036649911	-0.0050333456	-0.0051675447	-0.0057082429	-0.0041233848	-0.0055925815	-0.0056944764	-0.0055642935	-0.0049458382	-0.0046357788	-0.0048787615	-0.0034047702	-0.0046716408	-0.0045775450	-0.0048802970	-0.0055144050	-0.0047827500	-0.0049400833	-0.0046039875	-0.0047712466	-0.0052240931	-0.0055346748	-0.0049806466	-0.0042307717	-0.0040780768	-0.0046396253	-0.0041015901	-0.0053372903	-0.0040665234	-0.0038926567	-0.0035277458	-0.0044436780	-0.0058695567	-0.0058746528	-0.0043110329	-0.0051272745	-0.0043189880	-0.0055249870	-0.0050338433	-0.0050009642	-0.0034676081	-0.0037242049	-0.0048924126	-0.0048168578	-0.0050329292	-0.0056933512	-0.0051871317	-0.0040868206	-0.0045394537	-0.0050476199	-0.0048536295	-0.0054473147
-0.0041973829	-0.0057293914	-0.0045932804	-0.0041920517	-0.0053561853	-0.0025741159	-0.0040544846	-0.0047573760	-0.0038640472	-0.0063021209	-0.0044383745	0.4859346950	-0.0036346333	-0.0051053428	-0.0043762832	-0.0035619789	-0.0047855333	-0.0046871304	-0.0036032466	-0.0056781595	-0.0047416843	-0.0042156664	-0.0049407046	-0.0050845111	-0.0045353178	-0.0021994022	-0.0036386245	-0.0039074834	-0.0047262442	-0.0060100470	-0.0049525030	-0.0045061716	-0.0036483524	-0.0057320668	-0.0048872377	-0.0043119960	-0.0038244199	-0.0034108727	-0.0037414806	-0.0043465264	-0.0031887908	-0.0025385957	-0.0043597613	-0.0058378149	-0.0057820875	-0.0033182751	-0.0034320003	-0.0044614752	-0.0055972400	-0.0039581259	-0.0033645190	-0.0055966832	-0.0045349445	-0.0054066832	-0.0055870925	-0.0040378206	-0.0041611682	-0.0049358191	-0.0049612890	-0.0054722587	-0.0051606269	-0.0048976703	-0.0045438055	-0.0049492499	-0.0058990246	-0.0050335451	-0.0056136579	-0.0039770807	-0.0054406918	-0.0058807655	-0.0045335863	-0.0045453629	-0.0062878934	-0.0048705367	-0.0054996043	-0.0047816305	-0.0058595418	-0.0038441722	-0.0053900709	-0.0038146207	-0.0059464767	-0.0053081787	-0.0050328004	-0.0036692893	-0.0051301418	-0.0047266120	-0.0042917666	-0.0052986458	-0.0027732807	-0.0037583417	-0.0047116251	-0.0041680441	-0.0049064681	-0.0053361126	-0.0047769868	-0.0027673306	-0.0040211348	-0.0039477290	-0.0052018140	-0.0040629098	-0.0035966240	-0.0045858063	-0.0063124490	-0.0046576682	-0.0036578908	-0.0051810979	-0.0038994564
-0.0052353867	-0.0040182416	-0.0045156823	-0.0056038812	-0.0045854448	-0.0042759130	-0.0042389014	-0.0034330780	-0.0045718616	-0.0047362499	-0.0052318392	-0.0036346333	0.4826427136	-0.0034670805	-0.0054689062	-0.0050233075	-0.0036708339	-0.0053272839	-0.0051933979	-0.0021403577	-0.0057668272	-0.0048863743	-0.0057208140	-0.0046267865	-0.0057585537	-0.0050615628	-0.0052778493	-0.0030485974	-0.0045370259	-0.0036854867	-0.0051125164	-0.0048574885	-0.0058300046	-0.0041299803	-0.0030959973	-0.0047847044	-0.0034728235	-0.0043516458	-0.0059188792	-0.0037241206	-0.0044390338	-0.0036227072	-0.0041200460	-0.0028046893	-0.0059530589	-0.0045903802	-0.0058888176	-0.0050854452	-0.0052465646	-0.0055378228	-0.0040643679	-0.0048774829	-0.0056403099	-0.0046929457	-0.0057801648	-0.0037573561	-0.0038991150	-0.0040166304	-0.0049314531	-0.0041312833	-0.0051560413	-0.0058071162	-0.0049392819	-0.0049965531	-0.0023812789	-0.0042351360	-0.0053378311	-0.0050403540	-0.0037746029	-0.0044068104	-0.0039247404	-0.0056355892	-0.0040683395	-0.0047381005	-0.0064793607	-0.0051871434	-0.0062802415	-0.0043247735	-0.0024459336	-0.0041827228	-0.0056316974	-0.0054045910	-0.0053669321	-0.0028470396	-0.0022870561	-0.0049532389	-0.0047720102	-0.0043062598	-0.0028031547	-0.0032299065	-0.0030868338	-0.0045905745	-0.0054578180	-0.0059327746	-0.0037328146	-0.0045761045	-0.0049932290	-0.0045494150	-0.0048975166	-0.0044482610	-0.0048025233	-0.0066950512	-0.0050414864	-0.0040872372	-0.0021721265	-0.0043796240	-0.0031554924
-0.0044183209	-0.0029770418	-0.0049494370	-0.0041891585	-0.0045889376	-0.0047107490	-0.0057302106	-0.0049696362	-0.0040269572	-0.0041741986	-0.0036852605	-0.0051053428	-0.0034670805	0.4859668207	-0.0045706406	-0.0044695402	-0.0056293646	-0.0048337007	-0.0056157836	-0.0044333899	-0.0038319806	-0.0047598118	-0.0041919317	-0.0048447935	-0.0057837021	-0.0033319400	-0.0057872138	-0.0058983504	-0.0039737593	-0.0059472987	-0.0052138445	-0.0055107451	-0.0040889064	-0.0034667706	-0.0041599973	-0.0044878148	-0.0039555412	-0.0053003104	-0.0055171361	-0.0042653648	-0.0044893569	-0.0036080303	-0.0046914257	-0.0054860628	-0.0057122017	-0.0037038095	-0.0025046199	-0.0040615079	-0.0036370731	-0.0051746449	-0.0049884183	-0.0044873704	-0.0033641456	-0.0057995828	-0.0034187128	-0.0042253520	-0.0028626666	-0.0045364488	-0.0058935020	-0.0039699539	-0.0037627443	-0.0056653675	-0.0052687306	-0.0045011773	-0.0038366114	-0.0046096088	-0.0043537877	-0.0063174222	-0.0046682508	-0.0047874085	-0.0035988219	-0.0033099851	-0.0039932677	-0.0046464629	-0.0052319225	-0.0062676526	-0.0042334051	-0.0051271534	-0.0053832824	-0.0050948966	-0.0047273918	-0.0043296020	-0.0038655834	-0.0054768879	-0.0042357301	-0.0052251393	-0.0052633541	-0.0045421858	-0.0051716263	-0.0047084398	-0.0055075020	-0.0046759083	-0.0038972570	-0.0044917957	-0.0047572908	-0.0039178214	-0.0053039682	-0.0030845670	-0.0040876632	-0.0048980130	-0.0041708577	-0.0046233684	-0.0037036247	-0.0044922356	-0.0046269823	-0.0051989159	-0.0048483001
-0.0025782808	-0.0049494418	-0.0047772871	-0.0056248620	-0.0046314341	-0.0039181303	-0.0049075805	-0.0045680324	-0.0049883761	-0.0056268350	-0.0042311229	-0.0043762832	-0.0054689062	-0.0045706406	0.4961043340	-0.0049915582	-0.0056144239	-0.0042299313	-0.0040579343	-0.0047521749	-0.0035116831	-0.0050114993	-0.0055268963	-0.0053610493	-0.0043350325	-0.0031120106	-0.0060377713	-0.0035831269	-0.0055155133	-0.0053163998	-0.0057347652	-0.0054007785	-0.0045173481	-0.0042943611	-0.0048951746	-0.0032463429	-0.0047780983	-0.0039593325	-0.0050572742	-0.0052636663	-0.0043209436	-0.0038075057	-0.0040899785	-0.0034912181	-0.0061565689	-0.0053265982	-0.0033458669	-0.0031426523	-0.0060604942	-0.0055255524	-0.0041860855	-0.0044002440	-0.0048427727	-0.0052046543	-0.0041473874	-0.0036862429	-0.0034662730	-0.0051244437	-0.0046427744	-0.0046121800	-0.0061406063	-0.0047117518	-0.0056297059	-0.0043075311	-0.0022554437	-0.0048364419	-0.0029701123	-0.0053554633	-0.0036058439	-0.0032069566	-0.0056817512	-0.0054735120	-0.0066576104	-0.0037628930	-0.0048923297	-0.0043396602	-0.0052370727	-0.0040462239	-0.0060529836	-0.0036978857	-0.0039520337	-0.0055608028	-0.0060434562	-0.0045042193	-0.0058499148	-0.0045254053	-0.0061204846	-0.0047702939	-0.0048544026	-0.0043131753	-0.0039930832	-0.0061188716	-0.0055782408	-0.0044788775	-0.0048066999	-0.0050369833	-0.0051627409	-0.0051493133	-0.0056672599	-0.0043918864	-0.0050573652	-0.0037416611	-0.0047433064	-0.0032918000	-0.0053031264	-0.0030238457	-0.0043015082
-0.0054456152	-0.0035751236	-0.0052247679	-0.0037043431	-0.0024975903	-0.0062106338	-0.0071148471	-0.0041437759	-0.0042967573	-0.0015523501	-0.0053749806	-0.0035619789	-0.0050233075	-0.0044695402	-0.0049915582	0.5086543168	-0.0040147394	-0.0034844723	-0.0047521056	-0.0047531943	-0.0043006914	-0.0044110847	-0.0044652057	-0.0037717624	-0.0056844164	-0.0041316614	-0.0041079092	-0.0043107902	-0.0029304597	-0.0056075089	-0.0039375413	-0.0052496890	-0.0064168031	-0.0049636759	-0.0045403343	-0.0048192907	-0.0044977185	-0.0042393688	-0.0053791326	-0.0057506896	-0.0048622180	-0.0052954853	-0.0053750575	-0.0042684463	-0.0047301660	-0.0063865449	-0.0042705240	-0.0057194020	-0.0048137431	-0.0056198341	-0.0054606098	-0.0045968127	-0.0047846652	-0.0050806772	-0.0051914750	-0.0047083174	-0.0056407232	-0.0041306964	-0.0045162909	-0.0043742455	-0.0053622288	-0.0054112782	-0.0042533546	-0.0051460808	-0.0056536241	-0.0052691369	-0.0057344364	-0.0061026585	-0.0032613187	-0.0047981474	-0.0045908623	-0.0056683895	-0.0048822950	-0.0050175389	-0.0051280901	-0.0064767733	-0.0049893773	-0.0050043975	-0.0048767698	-0.0011207565	-0.0046412728	-0.0049181758	-0.0048231057	-0.0046538148	-0.0046283670	-0.0054600782	-0.0039600231	-0.0052883430	-0.0063786204	-0.0041074895	-0.0060643146	-0.0032326723	-0.0042066323	-0.0047829863	-0.0050785082	-0.0047163241	-0.0051384904	-0.0041759065	-0.0046573775	-0.0042186630	-0.0049336674	-0.0039943257	-0.0047173723	-0.0066821837	-0.0063219016	-0.0057011090	-0.0048917274
-0.0046396941	-0.0051628402	-0.0045032871	-0.0061619773	-0.0058288449	-0.0049804813	-0.0044046569	-0.0035223119	-0.0050976275	-0.0030237279	-0.0038802223	-0.0047855333	-0.0036708339	-0.0056293646	-0.0056144239	-0.0040147394	0.4831807274	-0.0054841582	-0.0056462615	-0.0054798680	-0.0062486539	-0.0046832643	-0.0030762768	-0.0051699270	-0.0056299185	-0.0041375411	-0.0053146118	-0.0049269054	-0.0034787349	-0.0032035991	-0.0045330388	-0.0047780217	-0.0035535884	-0.0012037159	0.0030292139	-0.0034186670	-0.0038572998	-0.0038442511	-0.0043421289	-0.0055788508	-0.0043759204	-0.0044752051	-0.0049895679	-0.0051414900	-0.0056427947	-0.0058131165	-0.0048090327	-0.0056463894	-0.0056013585	-0.0046562489	-0.0048465380	-0.0051164754	-0.0058032358	-0.0061409623	-0.0049880863	-0.0042486147	-0.0055012781	-0.0048670902	-0.0050916028	-0.0039318942	-0.0063924519	-0.0031790941	-0.0044522686	-0.0046053103	-0.0046389066	-0.0044018182	-0.0055640598	-0.0051608691	-0.0051938514	-0.0028228721	-0.0050968203	-0.0051195116	-0.0042336786	-0.0035391257	-0.0051210707	-0.0055633192	-0.0046885255	-0.0043543832	-0.0028669888	-0.0045955887	-0.0056973642	-0.0050908065	-0.0047412701	-0.0034684640	-0.0048964893	-0.0059390954	-0.0051428545	-0.0051028579	-0.0046230194	-0.0045628269	-0.0038719210	-0.0036969262	-0.0034084835	-0.0055548748	-0.0059157956	-0.0053469163	-0.0051058053	-0.0042283849	-0.0037227236	-0.0056147081	-0.0051408050	-0.0047891967	-0.0048533912	-0.0028054410	-0.0054222561	0.0024011846	-0.0040811830
-0.0046239718	-0.0039164614	-0.0037465818	-0.0051662918	-0.0044492826	-0.0047730596	-0.0049670930	-0.0043558008	-0.0045904938	-0.0045999090	-0.0037449732	-0.0046871304	-0.0053272839	-0.0048337007	-0.0042299313	-0.0034844723	-0.0054841582	0.4929066746	-0.0048303272	-0.0047203797	-0.0040663612	-0.0051582734	-0.0052154034	-0.0049103678	-0.0047791661	-0.0050137328	-0.0059766656	-0.0039680571	-0.0028944822	-0.0045779927	-0.0045710396	-0.0042885585	-0.0035813188	-0.0055449897	-0.0046563681	-0.0025697357	-0.0046384093	-0.0045836072	-0.0039846077	-0.0040173863	-0.0043589921	-0.0037766365	-0.0050919556	-0.0024855892	-0.0049596294	-0.0038501991	-0.0062261708	-0.0052416183	-0.0039453730	-0.0046197269	-0.0040061034	-0.0054354411	-0.0042869620	-0.0056079250	-0.0040273787	-0.0035253784	-0.0050996830	-0.0037404903	-0.0039294534	-0.0060809185	-0.0053997487	-0.0046381875	-0.0057625632	-0.0051215036	-0.0037309126	-0.0054001640	-0.0052235798	-0.0052736569	-0.0050133375	-0.0049729603	-0.0040487881	-0.0051739676	-0.0050829956	-0.0046348542	-0.0045301065	-0.0056724440	-0.0050615081	-0.0042107962	-0.0053007324	-0.0039984936	-0.0047243660	-0.0048368485	-0.0038648974	-0.0048490519	-0.0051907706	-0.0043707899	-0.0047725066	-0.0048091921	-0.0044892863	-0.0055803763	-0.0049796048	-0.0046943269	-0.0057809317	-0.0042113428	-0.0045768455	-0.0049804758	-0.0057816552	-0.0035405916	-0.0043859989	-0.0032846815	-0.0036420331	-0.0054174248	-0.0054227966	-0.0061073838	-0.0047233654	-0.0045798518	-0.0052345275
-0.0036831532	-0.0013026729	-0.0035518863	-0.0042243641	-0.0047144569	-0.0042795202	-0.0047011037	-0.0060429551	-0.0042933315	-0.0047632685	-0.0040966797	-0.0036032466	-0.0051933979	-0.0056157836	-0.0040579343	-0.0047521056	-0.0056462615	-0.0048303272	0.4892694220	-0.0048927136	-0.0055972027	-0.0055782795	-0.0038629751	-0.0049670269	-0.0060875404	-0.0027806681	-0.0048885092	-0.0045170707	-0.0037935568	-0.0046194453	-0.0033483700	-0.0049114959	-0.0043958120	-0.0035676347	-0.0026151349	-0.0029934038	-0.0046963872	-0.0053789271	-0.0053934887	-0.0045473172	-0.0040208045	-0.0038626447	-0.0043092826	-0.0045506322	-0.0050523823	-0.0054894415	-0.0009273487	-0.0051409002	-0.0047594786	-0.0047579784	-0.0060115067	-0.0054498855	-0.0047094067	-0.0053084100	-0.0050032154	-0.0034810713	-0.0061600012	-0.0052338962	-0.0044754695	-0.0055213618	-0.0059279400	-0.0045193434	-0.0056844597	-0.0037870523	-0.0047866062	-0.0054080965	-0.0032578085	-0.0052632891	-0.0051365189	-0.0032892002	-0.0055897619	-0.0039346799	-0.0049296972	-0.0037687894	-0.0058901925	-0.0045628308	-0.0030737890	-0.0049965062	-0.0031872243	-0.0030122069	-0.0059536271	-0.0050783943	-0.0052618150	-0.0051121415	-0.0049280656	-0.0045593192	-0.0039201600	-0.0051804075	-0.0046230798	-0.0040082276	-0.0052138109	-0.0053337200	-0.0066096363	-0.0051928564	-0.0048036480	-0.0047492780	-0.0037539075	-0.0054013459	-0.0054193455	-0.0034890432	-0.0047762717	-0.0044825584	-0.0052998875	-0.0043043152	-0.0049860565	-0.0048145929	-0.0049973913
-0.0057838978	-0.0037902797	-0.0035625836	-0.0054200393	-0.0049187487	-0.0044700993	-0.0038638990	-0.0050458466	-0.0039778681	-0.0036785437	-0.0051282323	-0.0056781595	-0.0021403577	-0.0044333899	-0.0047521749	-0.0047531943	-0.0054798680	-0.0047203797	-0.0048927136	0.4845995524	-0.0040863471	-0.0055142450	-0.0033385984	-0.0041235827	-0.0046573985	-0.0047001325	-0.0053286526	-0.0056067007	-0.0046790952	-0.0042955618	-0.0052718616	-0.0047166759	-0.0043683155	-0.0026441034	-0.0033889629	-0.0044486236	-0.0052073180	-0.0041540615	-0.0034892940	-0.0031098731	-0.0027121305	-0.0047884377	-0.0045171050	-0.0036670434	-0.0047295003	-0.0043418352	-0.0048580753	-0.0048263989	-0.0054665488	-0.0048479846	-0.0046251265	-0.0054014640	-0.0054816967	-0.0067058664	-0.0051231906	-0.0023895322	-0.0040848580	-0.0043740442	-0.0045288664	-0.0044673242	-0.0046236590	-0.0054540517	-0.0038111825	-0.0036596953	-0.0030951878	-0.0017890783	-0.0059004169	-0.0056752105	-0.0044829366	-0.0044074298	-0.0044716041	-0.0045065117	-0.0060276262	-0.0040388050	-0.0051811176	-0.0060376063	-0.0036196026	-0.0037801595	-0.0038011019	-0.0041930131	-0.0056982414	-0.0042465443	-0.0044464764	-0.0045330259	-0.0025763008	-0.0054776240	-0.0054720128	-0.0060808942	-0.0045713144	-0.0052479605	-0.0055435306	-0.0050106016	-0.0041232006	-0.0051132261	-0.0037293319	-0.0053268745	-0.0057927683	-0.0034251111	-0.0043290135	-0.0054672330	-0.0054192892	-0.0045887989	-0.0043515534	-0.0059677412	-0.0048633360	-0.0044734428	-0.0046114001
-0.0045386114	-0.0048268329	-0.0038420996	-0.0047000978	-0.0054876976	-0.0050940323	-0.0055381222	-0.0038818536	-0.0048575083	-0.0057983762	-0.0048218639	-0.0047416843	-0.0057668272	-0.0038319806	-0.0035116831	-0.0043006914	-0.0062486539	-0.0040663612	-0.0055972027	-0.0040863471	0.5167799346	-0.0048551449	-0.0040529664	-0.0044905573	-0.0045327814	-0.0044405863	-0.0053967039	-0.0044006888	-0.0050479870	-0.0048351644	-0.0050668255	-0.0056336267	-0.0044591819	-0.0057214525	-0.0048294396	-0.0043608075	-0.0042563966	-0.0069065840	-0.0048367658	-0.0055427253	-0.0054768526	-0.0043954439	-0.0046563891	-0.0039709399	-0.0054129242	-0.0052029592	-0.0027491249	-0.0050005899	-0.0052039969	-0.0051153621	-0.0053490078	-0.0058440080	-0.0047779059	-0.0045200359	-0.0049346124	-0.0038585026	-0.0048159167	-0.0052019320	-0.0045266197	-0.0032176638	-0.0047799344	-0.0053111011	-0.0046578433	-0.0065918536	-0.0057323188	-0.0044719005	-0.0051626074	-0.0056331175	-0.0061348216	-0.0048660926	-0.0038191893	-0.0046999307	-0.0048658942	-0.0049367089	-0.0050921337	-0.0056399648	-0.0048453859	-0.0034534531	-0.0063389070	-0.0050082073	-0.0048281747	-0.0042403170	-0.0058907563	-0.0049976535	-0.0066934698	-0.0048286457	-0.0046423019	-0.0053545534	-0.0048338785	-0.0052734760	-0.0057057441	-0.0051836231	-0.0046261554	-0.0044861190	-0.0047680345	-0.0044480741	-0.0033955164	-0.0041197809	-0.0041567561	-0.0040082642	-0.0052460864	-0.0047350587	-0.0053958599	-0.0052466185	-0.0042210485	-0.0053018436	-0.0046750584
-0.0044364882	-0.0063078483	-0.0050316755	-0.0049536680	-0.0052960142	-0.0047243417	-0.0046270008	-0.0033893141	-0.0044849206	-0.0040662594	-0.0055646716	-0.0042156664	-0.0048863743	-0.0047598118	-0.0050114993	-0.0044110847	-0.0046832643	-0.0051582734	-0.0055782795	-0.0055142450	-0.0048551449	0.5104504659	-0.0059081732	-0.0053233509	-0.0045778117	-0.0056630314	-0.0028022269	-0.0050363931	-0.0050372469	-0.0048097677	-0.0053631426	-0.0042561255	-0.0047774329	-0.0046912663	-0.0049471320	-0.0031565537	-0.0035966215	-0.0047178676	-0.0050426223	-0.0051463817	-0.0046371461	-0.0045320509	-0.0048029886	-0.0050924435	-0.0062718492	-0.0068686532	-0.0046320914	-0.0042582041	-0.0044714726	-0.0049332939	-0.0046627503	-0.0051468031	-0.0055768457	-0.0054267784	-0.0057918853	-0.0033468782	-0.0048787317	-0.0053509348	-0.0036607340	-0.0054522258	-0.0039984077	-0.0050455733	-0.0056409665	-0.0047282306	-0.0038063518	-0.0037588558	-0.0041972398	-0.0044900944	-0.0051370505	-0.0052536689	-0.0042316256	-0.0052403723	-0.0051376546	-0.0065739309	-0.0048330008	-0.0055366107	-0.0030504226	-0.0054387263	-0.0054905738	-0.0055273198	-0.0040925234	-0.0045365101	-0.0052375584	-0.0046456055	-0.0045944293	-0.0036281275	-0.0043861424	-0.0051735509	-0.0053631011	-0.0056347731	-0.0058998220	-0.0047408747	-0.0055762524	-0.0047618464	-0.0037252433	-0.0033529472	-0.0051933260	-0.0048576317	-0.0033393823	-0.0033764997	-0.0047794708	-0.0056661356	-0.0042141080	-0.0057407705	-0.0049516771	-0.0041425697	-0.0051191554
-0.0048245451	-0.0050301315	-0.0049134887	-0.0040525169	-0.0059597380	-0.0052350606	-0.0046425910	-0.0054638945	-0.0036010911	-0.0048615391	-0.0042715895	-0.0049407046	-0.0057208140	-0.0041919317	-0.0055268963	-0.0044652057	-0.0030762768	-0.0052154034	-0.0038629751	-0.0033385984	-0.0040529664	-0.0059081732	0.5096154567	-0.0044348786	-0.0047072370	-0.0047097750	-0.0043203120	-0.0041967283	-0.0046304860	-0.0050503921	-0.0048163494	-0.0044447941	-0.0054835515	-0.0053944958	-0.0052808267	-0.0039846728	-0.0038843226	-0.0040958095	-0.0052668236	-0.0039283740	-0.0059784268	-0.0053655030	-0.0048597988	-0.0042831793	-0.0051864347	-0.0045808187	-0.0050387759	-0.0054009250	-0.0041510015	-0.0051810576	-0.0059700830	-0.0046791484	-0.0046682121	-0.0052292287	-0.0048323244	-0.0022947043	-0.0054819685	-0.0052788879	-0.0046284787	-0.0044476560	-0.0048182142	-0.0051686392	-0.0045752314	-0.0045233813	-0.0047615665	-0.0057258057	-0.0050470135	-0.0045995172	-0.0039331477	-0.0037934345	-0.0046527900	-0.0046843925	-0.0040541290	-0.0071041665	-0.0044426677	-0.0056226103	-0.0055320958	-0.0036833318	-0.0043858078	-0.0041490176	-0.0060268733	-0.0041915902	-0.0048724925	-0.0055249629	-0.0049039653	-0.0042826477	-0.0039830130	-0.0045442190	-0.0043191210	-0.0065806623	-0.0057134175	-0.0041520969	-0.0048328309	-0.0044491762	-0.0039741815	-0.0059488429	-0.0043322307	-0.0055324194	-0.0031732540	-0.0041648155	-0.0058431661	-0.0052080842	-0.0061285085	-0.0058831672	-0.0049280452	-0.0063665201	-0.0051756187
-0.0039814110	-0.0054017096	-0.0042537138	-0.0050661518	-0.0042155305	-0.0059338918	-0.0057761399	-0.0051888998	-0.0042790020	-0.0052812623	-0.0055672915	-0.0050845111	-0.0046267865	-0.0048447935	-0.0053610493	-0.0037717624	-0.0051699270	-0.0049103678	-0.0049670269	-0.0041235827	-0.0044905573	-0.0053233509	-0.0044348786	0.5172574634	-0.0045753299	-0.0049722031	-0.0045821917	-0.0038685966	-0.0048944127	-0.0059446671	-0.0037864525	-0.0059297674	-0.0058209282	-0.0051626944	-0.0040998879	-0.0033231143	-0.0057945524	-0.0047425496	-0.0051557050	-0.0051161076	-0.0058145598	-0.0039852047	-0.0041884072	-0.0039948377	-0.0045433158	-0.0044484877	-0.0054247416	-0.0058873036	-0.0053043630	-0.0055214530	-0.0057774364	-0.0044431014	-0.0045156878	-0.0047448366	-0.0042873555	-0.0043755045	-0.0045801552	-0.0042458795	-0.0046474652	-0.0054039473	-0.0042583950	-0.0056059851	-0.0042187053	-0.0051293249	-0.0047403573	-0.0054294979	-0.0051530605	-0.0055298615	-0.0040374542	-0.0057552590	-0.0046542539	-0.0049118796	-0.0058894153	-0.0049718973	-0.0048392788	-0.0043371202	-0.0037580079	-0.0036833912	-0.0064102980	-0.0049792035	-0.0050126670	-0.0050560899	-0.0058522209	-0.0042548343	-0.0059133950	-0.0042127336	-0.0048360623	-0.0048223548	-0.0052107865	-0.0052776034	-0.0042345745	-0.0056367077	-0.0048977595	-0.0030589545	-0.0055249827	-0.0056098886	-0.0037679608	-0.0054920654	-0.0054157444	-0.0054863034	-0.0037445707	-0.0056899510	-0.0054503671	-0.0050183967	-0.0051658288	-0.0040184623	-0.0043467488
-0.0042778425	-0.0028715731	-0.0038218090	-0.0054780775	-0.0043336938	-0.0040285064	-0.0051760038	-0.0044046653	-0.0043241585	-0.0059745087	-0.0043231114	-0.0045353178	-0.0057585537	-0.0057837021	-0.0043350325	-0.0056844164	-0.0056299185	-0.0047791661	-0.0060875404	-0.0046573985	-0.0045327814	-0.0045778117	-0.0047072370	-0.0045753299	0.5003342797	-0.0052030788	-0.0044633502	-0.0030350484	-0.0057370834	-0.0058383848	-0.0043067467	-0.0043467084	-0.0045666765	-0.0049256987	-0.0052877821	-0.0045291191	-0.0039732819	-0.0043855857	-0.0040311287	-0.0054717024	-0.0053047182	-0.0033236701	-0.0048102343	-0.0037169489	-0.0055563326	-0.0047827829	-0.0048831261	-0.0036184409	-0.0037141174	-0.0036343524	-0.0040719420	-0.0039136133	-0.0048463601	-0.0049037589	-0.0056762545	-0.0038597489	-0.0043712904	-0.0042795008	-0.0058508891	-0.0043726967	-0.0051079363	-0.0047905603	-0.0048202238	-0.0043745005	-0.0043247812	-0.0043255646	-0.0058169218	-0.0031981021	-0.0056197873	-0.0040245455	-0.0048573337	-0.0047272293	-0.0045138634	-0.0049741485	-0.0066063416	-0.0057987733	-0.0043270633	-0.0037339952	-0.0050839974	-0.0049480691	-0.0048746660	-0.0054403097	-0.0047347385	-0.0040075957	-0.0044442698	-0.0031143299	-0.0049006341	-0.0058950464	-0.0048161913	-0.0060092492	-0.0046556552	-0.0048655486	-0.0060124014	-0.0045379631	-0.0048009393	-0.0037118748	-0.0041444087	-0.0055597046	-0.0046696860	-0.0050812593	-0.0050736246	-0.0050020094	-0.0039526468	-0.0050870373	-0.0050612177	-0.0044966616	-0.0051605617
-0.0043472668	-0.0054252936	-0.0039312688	-0.0043656028	-0.0061906146	-0.0035566027	-0.0052104377	-0.0029116131	-0.0056610692	-0.0035217132	-0.0062155850	-0.0021994022	-0.0050615628	-0.0033319400	-0.0031120106	-0.0041316614	-0.0041375411	-0.0050137328	-0.0027806681	-0.0047001325	-0.0044405863	-0.0056630314	-0.0047097750	-0.0049722031	-0.0052030788	0.4889898604	-0.0059341316	-0.0032305112	-0.0047438780	-0.0032084605	-0.0050813743	-0.0055343421	-0.0048479785	-0.0009835677	-0.0059719304	-0.0043402355	-0.0054488456	-0.0040720097	-0.0049580796	-0.0050455922	-0.0050425869	-0.0036845846	-0.0053887445	-0.0038455604	-0.0041563705	-0.0038096841	-0.0043059845	-0.0036631605	-0.0046459341	-0.0046225673	-0.0044710552	-0.0065976981	-0.0056533614	-0.0053776351	-0.0050848850	-0.0038843425	-0.0057736493	-0.0040679580	-0.0054478956	-0.0049834003	-0.0046507548	-0.0055582502	-0.0046637873	-0.0058359910	-0.0026715314	-0.0043668746	-0.0049671879	-0.0043224463	-0.0056652379	-0.0046504147	-0.0057597303	-0.0054018211	-0.0043160308	-0.0035363005	-0.0053150499	-0.0048270160	-0.0057297423	-0.0031415255	-0.0041661769	-0.0048221716	-0.0060028264	-0.0034792329	-0.0047027035	-0.0036778283	-0.0041495372	-0.0035723646	-0.0058741156	-0.0041943802	-0.0060101074	-0.0055887099	-0.0048546584	-0.0039295133	-0.0045262019	-0.0049911925	-0.0044843951	-0.0052071923	-0.0055433485	-0.0035425191	-0.0047715155	-0.0055954510	-0.0065198070	-0.0030708183	-0.0050785824	-0.0030233771	-0.0040696947	-0.0036793038	-0.0057800540
