1.0000000000	0.9263916670	0.9261450184	0.9264984633	0.9255741668	0.9262162795	0.9261763581	0.9256916427	0.9263675107	0.9261673312	0.9265422625	0.9265453139	0.9256589046	0.9263043865	0.9265966778	0.9256977454	0.9262304555	0.9259935330	0.9262630029	0.9260913660	0.9259663889	0.9263315941	0.9258266638	0.9261517568	0.9260132394	0.9260110145	0.9262807387	0.9263462786	0.9261936489	0.9263560683	0.9260502367	0.9263725963	0.9257810846	0.9260094253	0.9263151297	0.9271841210	0.9266007462	0.9256533105	0.9258301601	0.9261475612	0.9259936601	0.9268403386	0.9258508836	0.9272307808	0.9253316502	0.9256280735	0.9255748025	0.9259478267	0.9261991159	0.9257586447	0.9262241621	0.9260496010	0.9261979716	0.9257053737	0.9257696422	0.9272781399	0.9264213539	0.9259335872	0.9262234629	0.9255638686	0.9259198562	0.9254900011	0.9256432030	0.9259985549	0.9272208005	0.9257561655	0.9264289186	0.9262664992	0.9259279295	0.9260917474	0.9260179436	0.9259957579	0.9260063740	0.9261529646	0.9258714801	0.9254032927	0.9258709715	0.9268646221	0.9261050334	0.9264245323	0.9259257682	0.9257534956	0.9260655569	0.9263557504	0.9259582521	0.9260393664	0.9257979940	0.9260555130	0.9259375285	0.9262701862	0.9260330095	0.9262342061	0.9259578706	0.9260902218	0.9259864132	0.9266599927	0.9261138695	0.9259842519	0.9264619746	0.9260301488	0.9253883539	0.9260175621	0.9263321662	0.9261984166	0.9258770106	0.9268027057	0.9259598413
0.9263916670	1.0000000000	0.9260453419	0.9255214043	0.9257080436	0.9255381230	0.9259152157	0.9254953409	0.9258977342	0.9256097020	0.9261506761	0.9256411052	0.9260616792	0.9264010117	0.9259414062	0.9258674752	0.9258443360	0.9258998319	0.9268272434	0.9265943257	0.9255845921	0.9254003050	0.9256901171	0.9256566796	0.9263267629	0.9254198207	0.9257447230	0.9261167937	0.9263627430	0.9259332058	0.9255954625	0.9257526692	0.9257907471	0.9253333030	0.9263372518	0.9265770349	0.9263009538	0.9252652839	0.9260980408	0.9259639733	0.9253011370	0.9269538733	0.9249075163	0.9266514109	0.9253747501	0.9253647698	0.9257063908	0.9254521139	0.9258736414	0.9251520671	0.9255457513	0.9255893598	0.9261144416	0.9259077781	0.9258038424	0.9264480529	0.9255508369	0.9255881520	0.9257386839	0.9256552811	0.9256090027	0.9251068058	0.9252532693	0.9257643659	0.9271868545	0.9254430235	0.9259849511	0.9259058074	0.9257164983	0.9257377940	0.9252827019	0.9255384409	0.9256095748	0.9257993926	0.9253861926	0.9250272172	0.9262905284	0.9259740172	0.9256745426	0.9263652858	0.9253716988	0.9255079912	0.9256875743	0.9257784147	0.9258655681	0.9262089691	0.9256037265	0.9255617072	0.9258482773	0.9253238947	0.9257567376	0.9259251325	0.9257119849	0.9255180987	0.9256657700	0.9262151353	0.9256641808	0.9257815932	0.9256405331	0.9258548249	0.9253086381	0.9258698273	0.9255891691	0.9255969246	0.9261916783	0.9261159037	0.9258894066
0.9261450184	0.9260453419	1.0000000000	0.9257581361	0.9255567488	0.9257489186	0.9256728898	0.9256159953	0.9260402564	0.9256257214	0.9259620026	0.9258526636	0.9256961561	0.9256500049	0.9259936601	0.9253137872	0.9260430534	0.9259660711	0.9259759243	0.9262682156	0.9258102629	0.9255278248	0.9254589794	0.9257108406	0.9259794206	0.9256097656	0.9253939480	0.9253652783	0.9262417072	0.9260491560	0.9255682549	0.9256007387	0.9261173658	0.9252087073	0.9258836218	0.9273766086	0.9251648445	0.9253968722	0.9251858224	0.9262785138	0.9255952082	0.9266173378	0.9250741948	0.9262596973	0.9251589962	0.9252621690	0.9254479183	0.9254325346	0.9254617128	0.9259985549	0.9259785306	0.9255777902	0.9257983755	0.9256891000	0.9252537143	0.9263535891	0.9255391401	0.9253632441	0.9257102049	0.9252389027	0.9257702143	0.9256076042	0.9256116726	0.9252101694	0.9260581193	0.9253414399	0.9258779006	0.9257599796	0.9258638518	0.9259081595	0.9253307602	0.9253160757	0.9255324018	0.9255107883	0.9251714557	0.9252504723	0.9259224626	0.9260010977	0.9252458317	0.9259007219	0.9256226701	0.9253531366	0.9252511080	0.9257281950	0.9253472247	0.9260813221	0.9258697001	0.9256128169	0.9253210341	0.9254207742	0.9257733927	0.9255733404	0.9253055232	0.9259709659	0.9256725084	0.9259967114	0.9259901638	0.9258185905	0.9258468788	0.9257148455	0.9255682549	0.9252300666	0.9257482193	0.9257302928	0.9257881408	0.9259955036	0.9257448502
0.9264984633	0.9255214043	0.9257581361	1.0000000000	0.9252338172	0.9252591813	0.9258938564	0.9248476977	0.9254481726	0.9254520503	0.9258839396	0.9256138976	0.9252362964	0.9259712837	0.9254173415	0.9255255999	0.9253369264	0.9254954045	0.9258059402	0.9256836330	0.9255936190	0.9256583960	0.9258988784	0.9255033507	0.9253397871	0.9253764665	0.9254975659	0.9256065871	0.9260643491	0.9258159841	0.9257776519	0.9255399665	0.9257274322	0.9252558757	0.9254622850	0.9268277519	0.9257487915	0.9248942939	0.9250084642	0.9256105284	0.9252982128	0.9258246295	0.9244278229	0.9262810566	0.9247632142	0.9252748829	0.9253209070	0.9257335984	0.9258619447	0.9251515586	0.9253041883	0.9250408845	0.9253404227	0.9254405443	0.9251457738	0.9266999142	0.9257782876	0.9258475145	0.9259827898	0.9251694851	0.9251041359	0.9249570367	0.9251819447	0.9258775191	0.9259473817	0.9251354756	0.9260400021	0.9257664637	0.9254086961	0.9252724672	0.9252206583	0.9254967395	0.9250877986	0.9257269236	0.9255264263	0.9248532918	0.9256520391	0.9257773340	0.9253729702	0.9254072976	0.9256742883	0.9256702199	0.9255412379	0.9257829917	0.9254252877	0.9254652091	0.9256166946	0.9254284661	0.9255395851	0.9253789457	0.9251726636	0.9253476696	0.9248787195	0.9257634759	0.9257220924	0.9259215726	0.9261185736	0.9256631001	0.9255055120	0.9255742304	0.9249679071	0.9251726000	0.9251374462	0.9260041490	0.9255099619	0.9255959075	0.9256479707
0.9255741668	0.9257080436	0.9255567488	0.9252338172	1.0000000000	0.9248986166	0.9249246800	0.9246234254	0.9251416418	0.9250598282	0.9252781249	0.9252762178	0.9254907004	0.9256611931	0.9254286568	0.9255094533	0.9250139948	0.9253894982	0.9254307546	0.9255685727	0.9249847529	0.9250872901	0.9246239340	0.9253852390	0.9253359729	0.9245257831	0.9253612734	0.9254261776	0.9253399142	0.9251565170	0.9253373714	0.9249496627	0.9259655625	0.9250097356	0.9252588634	0.9265115586	0.9251041995	0.9247418549	0.9252397291	0.9253036162	0.9248650521	0.9253712538	0.9241665534	0.9262541032	0.9245492402	0.9246895374	0.9249908556	0.9251511772	0.9250106256	0.9249205480	0.9253081296	0.9245800077	0.9247465590	0.9253075575	0.9250224495	0.9257161169	0.9255198151	0.9249145725	0.9253800264	0.9245275630	0.9247344173	0.9243785568	0.9250328113	0.9248752867	0.9256023280	0.9246696403	0.9258660767	0.9248396244	0.9253352101	0.9253103545	0.9245761935	0.9249216922	0.9252390934	0.9248035171	0.9250838573	0.9244803947	0.9252997384	0.9257936078	0.9248963281	0.9259120372	0.9248251306	0.9251329328	0.9253262468	0.9256381810	0.9251146884	0.9253122616	0.9248228421	0.9249396188	0.9255651400	0.9250897057	0.9250728599	0.9250757205	0.9251410061	0.9250693000	0.9250094814	0.9253607649	0.9256766404	0.9249986746	0.9251656709	0.9256946305	0.9246990092	0.9244818568	0.9249509341	0.9257039751	0.9256439658	0.9260040219	0.9250820774
0.9262162795	0.9255381230	0.9257489186	0.9252591813	0.9248986166	1.0000000000	0.9250925663	0.9252882960	0.9250415202	0.9253183642	0.9256293449	0.9257746641	0.9254850427	0.9256311248	0.9256519755	0.9246903638	0.9254417521	0.9251721550	0.9255613894	0.9256201273	0.9250125327	0.9252120765	0.9250307135	0.9250183810	0.9257676715	0.9254065347	0.9249543668	0.9252673181	0.9254163880	0.9255865628	0.9251346492	0.9249886306	0.9253687110	0.9247731945	0.9251052166	0.9264237695	0.9249622494	0.9249719119	0.9254578351	0.9253007555	0.9247660748	0.9260989308	0.9247080996	0.9262736190	0.9246049904	0.9248149595	0.9251607761	0.9250416474	0.9247941724	0.9250847473	0.9254977566	0.9246751708	0.9251610940	0.9250351633	0.9251158327	0.9258344192	0.9246454204	0.9253634348	0.9254281483	0.9249089148	0.9251628103	0.9248003386	0.9250257551	0.9250487671	0.9263330562	0.9248880006	0.9251853138	0.9250942191	0.9252428440	0.9254809107	0.9253885446	0.9255416829	0.9246733908	0.9257024495	0.9249471199	0.9245629711	0.9256924055	0.9257395103	0.9247569208	0.9252040668	0.9252359785	0.9252542864	0.9251569620	0.9258294608	0.9249612959	0.9249643472	0.9252555578	0.9249738826	0.9252253624	0.9246244425	0.9252474845	0.9253209070	0.9251183119	0.9252324822	0.9253843491	0.9257576276	0.9253137237	0.9251693580	0.9250238480	0.9255882792	0.9247942995	0.9255344996	0.9249504891	0.9252832104	0.9255415558	0.9257462487	0.9254549109
0.9261763581	0.9259152157	0.9256728898	0.9258938564	0.9249246800	0.9250925663	1.0000000000	0.9248918783	0.9257935442	0.9250954905	0.9254224906	0.9257950063	0.9256824888	0.9256358289	0.9254569451	0.9246943051	0.9257911286	0.9255805237	0.9256315698	0.9259958215	0.9253683932	0.9257118577	0.9254543388	0.9253692832	0.9253497674	0.9253836498	0.9251879202	0.9255303676	0.9261118353	0.9257449773	0.9251449474	0.9257850259	0.9259052353	0.9249447043	0.9259623841	0.9269146511	0.9258077201	0.9255568760	0.9252300030	0.9258772013	0.9251839789	0.9261092290	0.9250740041	0.9265282773	0.9253078117	0.9252870246	0.9252805405	0.9254765880	0.9253551072	0.9255639321	0.9253243397	0.9253743051	0.9253088288	0.9250716521	0.9255708612	0.9267753709	0.9251190111	0.9250786447	0.9255790616	0.9248346660	0.9253770386	0.9249230272	0.9256383081	0.9253498310	0.9261209893	0.9249965768	0.9258234217	0.9255730225	0.9254877126	0.9256126262	0.9254149894	0.9252992299	0.9256434572	0.9255179716	0.9255450521	0.9256301713	0.9251160869	0.9259754793	0.9251295636	0.9261192093	0.9252953522	0.9257374126	0.9256590317	0.9257796225	0.9256998431	0.9255288419	0.9257480922	0.9255051942	0.9255158738	0.9255890420	0.9259822177	0.9256892271	0.9249173060	0.9256834423	0.9253258654	0.9258114071	0.9257749820	0.9253793907	0.9255364702	0.9256041715	0.9250431095	0.9253709995	0.9254772237	0.9256641172	0.9258370255	0.9254915904	0.9256786746
0.9256916427	0.9254953409	0.9256159953	0.9248476977	0.9246234254	0.9252882960	0.9248918783	1.0000000000	0.9254116838	0.9247885147	0.9255423186	0.9253744958	0.9256661515	0.9254388279	0.9253284717	0.9252169077	0.9258255195	0.9253723345	0.9248184558	0.9254227449	0.9254040555	0.9256472078	0.9249733105	0.9250278529	0.9255449885	0.9257233002	0.9253868283	0.9252202133	0.9255209593	0.9251703751	0.9250026159	0.9253577771	0.9254924803	0.9251281015	0.9256507041	0.9262426608	0.9251312800	0.9254403536	0.9251666245	0.9252710687	0.9254984558	0.9257780969	0.9238607854	0.9259255775	0.9247206228	0.9244642481	0.9249049100	0.9250995589	0.9252329908	0.9255407294	0.9252943986	0.9251457738	0.9249740097	0.9251777491	0.9250557597	0.9263844837	0.9252567656	0.9252151278	0.9255988316	0.9245543893	0.9250743855	0.9247373415	0.9249471199	0.9250292514	0.9261436835	0.9252710051	0.9254413071	0.9254099675	0.9256216530	0.9249166067	0.9252228197	0.9253336208	0.9249873593	0.9250716521	0.9250916128	0.9244325906	0.9256990803	0.9255310669	0.9246790485	0.9253082567	0.9249207387	0.9253104181	0.9253093374	0.9260919381	0.9251118914	0.9254538938	0.9249727383	0.9252147464	0.9250362440	0.9249546847	0.9250593832	0.9251722186	0.9248011650	0.9250478136	0.9252299394	0.9254653998	0.9255105976	0.9255449885	0.9249146996	0.9255396487	0.9247450334	0.9249790953	0.9252406826	0.9252239004	0.9248806265	0.9255615801	0.9252230740
0.9263675107	0.9258977342	0.9260402564	0.9254481726	0.9251416418	0.9250415202	0.9257935442	0.9254116838	1.0000000000	0.9253972536	0.9255395216	0.9257874415	0.9256369096	0.9257884587	0.9254726467	0.9255509005	0.9256692664	0.9255680006	0.9256740976	0.9259919437	0.9253176014	0.9257908743	0.9255473406	0.9257194860	0.9256514034	0.9250054765	0.9255686363	0.9257433881	0.9258255831	0.9254031656	0.9254230627	0.9255263627	0.9261149502	0.9252684624	0.9254024027	0.9265638125	0.9252752007	0.9249100591	0.9244653288	0.9256699020	0.9251535292	0.9258729422	0.9243089485	0.9268117325	0.9250309677	0.9253202713	0.9253192542	0.9254977566	0.9249768068	0.9255975603	0.9249700684	0.9251840424	0.9257350605	0.9249853886	0.9258424925	0.9262381474	0.9260494739	0.9254432142	0.9256058243	0.9248353652	0.9253092103	0.9246702124	0.9255857364	0.9254551652	0.9263750755	0.9253540266	0.9263640780	0.9254263683	0.9255237564	0.9255290326	0.9248555167	0.9251247324	0.9252970685	0.9252473574	0.9253291074	0.9249068170	0.9251868395	0.9259981735	0.9252263796	0.9259391177	0.9254776051	0.9252841004	0.9252762814	0.9260417184	0.9253876547	0.9259285017	0.9251896365	0.9252368685	0.9254039284	0.9254000507	0.9255486120	0.9251587419	0.9249736919	0.9254345688	0.9253391514	0.9253949651	0.9256860486	0.9257744734	0.9259250689	0.9256633544	0.9254659084	0.9252502816	0.9253193813	0.9257025766	0.9253589214	0.9256833787	0.9257595982
0.9261673312	0.9256097020	0.9256257214	0.9254520503	0.9250598282	0.9253183642	0.9250954905	0.9247885147	0.9253972536	1.0000000000	0.9260186428	0.9250064936	0.9252748829	0.9258383605	0.9253970629	0.9262025486	0.9260433712	0.9255170816	0.9253734787	0.9258400769	0.9250706349	0.9257990747	0.9253630534	0.9255351989	0.9252399198	0.9256520391	0.9250316670	0.9253767843	0.9254107939	0.9252542229	0.9252577192	0.9250019802	0.9256285820	0.9252425897	0.9257669723	0.9266030347	0.9253478603	0.9253379435	0.9249080884	0.9251801012	0.9251904629	0.9260662562	0.9243563075	0.9263295599	0.9244845902	0.9252411276	0.9254348866	0.9254043734	0.9254814829	0.9247211313	0.9250150119	0.9250499749	0.9251181212	0.9253652147	0.9258312407	0.9264031095	0.9252416997	0.9254538302	0.9253490682	0.9255584652	0.9249918091	0.9250936470	0.9249986746	0.9252155728	0.9263889971	0.9255202601	0.9256201273	0.9253140415	0.9256541369	0.9253453811	0.9250166647	0.9250471143	0.9248765581	0.9256143425	0.9252915380	0.9249192130	0.9254986465	0.9262398002	0.9252690345	0.9256032815	0.9251496515	0.9251134170	0.9251119549	0.9263684007	0.9251667516	0.9256035993	0.9250513735	0.9256194916	0.9254111117	0.9250497207	0.9255172723	0.9252614062	0.9251259402	0.9252430347	0.9251349034	0.9257711043	0.9251957392	0.9256397702	0.9259136900	0.9254185493	0.9250604003	0.9251696122	0.9253378800	0.9256062692	0.9252148100	0.9252696066	0.9254817371
0.9265422625	0.9261506761	0.9259620026	0.9258839396	0.9252781249	0.9256293449	0.9254224906	0.9255423186	0.9255395216	0.9260186428	1.0000000000	0.9258060673	0.9253464618	0.9260247455	0.9261405686	0.9254435320	0.9260148922	0.9259919437	0.9260554494	0.9259180127	0.9256711099	0.9252531422	0.9257997740	0.9253891168	0.9258033974	0.9250688550	0.9255018250	0.9253902610	0.9259423597	0.9259653082	0.9257811482	0.9257765076	0.9257992019	0.9259759243	0.9257430702	0.9272871667	0.9253851119	0.9254224906	0.9252812398	0.9257840088	0.9255573845	0.9265323457	0.9247593364	0.9267351316	0.9251237153	0.9251072508	0.9255574481	0.9254046277	0.9256405331	0.9257298478	0.9256182838	0.9253582857	0.9260940359	0.9252956700	0.9254733460	0.9267124374	0.9254458841	0.9251275930	0.9256599217	0.9254796393	0.9252174799	0.9248022457	0.9252624869	0.9256182203	0.9264243416	0.9253454447	0.9263354083	0.9257207574	0.9259148978	0.9256372910	0.9251988541	0.9257939256	0.9252835283	0.9257367769	0.9255386952	0.9251339499	0.9254917811	0.9258532993	0.9256234965	0.9260023691	0.9257531777	0.9259240518	0.9256801367	0.9263390317	0.9259925159	0.9265376856	0.9254762702	0.9255880884	0.9253921681	0.9254479183	0.9255608808	0.9258227225	0.9250169825	0.9256297899	0.9255497562	0.9265049474	0.9259426776	0.9254629206	0.9255405387	0.9256954569	0.9250948548	0.9251132899	0.9259074602	0.9257759991	0.9259289466	0.9260112052	0.9254500797
0.9265453139	0.9256411052	0.9258526636	0.9256138976	0.9252762178	0.9257746641	0.9257950063	0.9253744958	0.9257874415	0.9250064936	0.9258060673	1.0000000000	0.9257930992	0.9255225486	0.9257253344	0.9260086625	0.9259074602	0.9256704106	0.9261830964	0.9256296627	0.9255363431	0.9257700871	0.9254547202	0.9256093206	0.9256920241	0.9259660711	0.9255458149	0.9259927701	0.9258592112	0.9252478659	0.9254274490	0.9256338583	0.9260468676	0.9251488887	0.9258170648	0.9264363562	0.9257226645	0.9257126206	0.9254975023	0.9258610547	0.9256401516	0.9266209612	0.9247740845	0.9257871873	0.9247941724	0.9254982016	0.9256099563	0.9254478547	0.9250057308	0.9256333497	0.9257670358	0.9250834124	0.9254394000	0.9250430459	0.9252825112	0.9262567731	0.9257138919	0.9253212248	0.9257012417	0.9251300086	0.9250202881	0.9251401797	0.9254064076	0.9253944566	0.9258002190	0.9253022176	0.9255060841	0.9258031431	0.9254156251	0.9252427804	0.9253643883	0.9255374873	0.9250316670	0.9254109210	0.9251153241	0.9249049735	0.9252246632	0.9260178164	0.9253012005	0.9260981044	0.9251605854	0.9253582857	0.9253381343	0.9264525664	0.9255405387	0.9257534956	0.9257130020	0.9252704966	0.9259887017	0.9256901171	0.9256196188	0.9257198675	0.9252390934	0.9254364123	0.9255861178	0.9264509136	0.9260226477	0.9256831244	0.9254111117	0.9258715436	0.9254897469	0.9252359785	0.9250083371	0.9255201965	0.9261092290	0.9254418792	0.9258288251
0.9256589046	0.9260616792	0.9256961561	0.9252362964	0.9254907004	0.9254850427	0.9256824888	0.9256661515	0.9256369096	0.9252748829	0.9253464618	0.9257930992	1.0000000000	0.9258311136	0.9251965656	0.9253938209	0.9256850951	0.9253749408	0.9254159430	0.9262661178	0.9252328636	0.9255071648	0.9249535404	0.9252746922	0.9252088980	0.9251862038	0.9251525757	0.9260167993	0.9258665852	0.9258526636	0.9250587475	0.9254664169	0.9251980912	0.9253912146	0.9261219428	0.9264404246	0.9256224794	0.9252059738	0.9249229636	0.9258080380	0.9254420699	0.9262666264	0.9248456635	0.9265145464	0.9245206976	0.9250805517	0.9248673406	0.9251790840	0.9252558121	0.9248052970	0.9254461384	0.9249810659	0.9252854354	0.9254046277	0.9251762234	0.9261507397	0.9257102049	0.9254136545	0.9256132619	0.9252577827	0.9252045117	0.9247046033	0.9252118858	0.9252463403	0.9266278903	0.9253683296	0.9255367245	0.9252825112	0.9257094421	0.9255012529	0.9255030964	0.9249619316	0.9253782464	0.9253456990	0.9246226626	0.9246920166	0.9250250558	0.9258005368	0.9257117306	0.9258964628	0.9251126542	0.9251516857	0.9251472994	0.9263011445	0.9255495655	0.9252473574	0.9251776220	0.9255772817	0.9260639677	0.9256355747	0.9258445267	0.9254786858	0.9245962814	0.9250242294	0.9255997216	0.9258943014	0.9254104760	0.9253711267	0.9253221148	0.9255071648	0.9251544828	0.9247373415	0.9252951615	0.9255054485	0.9263143033	0.9258998319	0.9260555130
0.9263043865	0.9264010117	0.9256500049	0.9259712837	0.9256611931	0.9256311248	0.9256358289	0.9254388279	0.9257884587	0.9258383605	0.9260247455	0.9255225486	0.9258311136	1.0000000000	0.9261821429	0.9256492420	0.9257486643	0.9254029113	0.9253373714	0.9260940995	0.9258377884	0.9260542416	0.9257687522	0.9258430010	0.9254872041	0.9261576687	0.9254355859	0.9254229356	0.9261462898	0.9257388747	0.9254097768	0.9253161393	0.9259761786	0.9256667236	0.9258663945	0.9266237583	0.9257863609	0.9251268937	0.9253716352	0.9258732600	0.9256218437	0.9265287859	0.9247884511	0.9258409668	0.9250545519	0.9257603611	0.9260274789	0.9259959486	0.9258167470	0.9251647174	0.9254185493	0.9254388915	0.9259385456	0.9252530786	0.9258790448	0.9262655457	0.9259511323	0.9254985830	0.9257301021	0.9253889896	0.9257701507	0.9251217446	0.9253957280	0.9258010454	0.9266420027	0.9256322691	0.9262540397	0.9253500217	0.9258472602	0.9254159430	0.9258765020	0.9259650540	0.9256261664	0.9256190467	0.9255739125	0.9248841228	0.9257412267	0.9258779641	0.9253042519	0.9258326393	0.9255679370	0.9258726879	0.9261084661	0.9261228964	0.9257763805	0.9257006060	0.9255174630	0.9258324486	0.9253705546	0.9252846725	0.9256814081	0.9258320036	0.9255563038	0.9257028945	0.9256451100	0.9259976650	0.9253680118	0.9260841191	0.9259839976	0.9257965319	0.9256054428	0.9254706761	0.9258936022	0.9255367245	0.9259117830	0.9258217689	0.9258442089
0.9265966778	0.9259414062	0.9259936601	0.9254173415	0.9254286568	0.9256519755	0.9254569451	0.9253284717	0.9254726467	0.9253970629	0.9261405686	0.9257253344	0.9251965656	0.9261821429	1.0000000000	0.9254080604	0.9254896833	0.9259325701	0.9258356270	0.9259454746	0.9260475668	0.9255572574	0.9252446875	0.9256138976	0.9257225374	0.9259738265	0.9251169769	0.9258107079	0.9256528655	0.9254810379	0.9251073144	0.9254741724	0.9258096272	0.9257346155	0.9256886550	0.9269297805	0.9255662842	0.9256400245	0.9253793907	0.9253568236	0.9256710463	0.9262868414	0.9251061701	0.9265151820	0.9247617521	0.9250689821	0.9257889672	0.9259576799	0.9249956868	0.9252089616	0.9256555354	0.9253804078	0.9256503227	0.9252971957	0.9258841303	0.9266238219	0.9260270340	0.9252384577	0.9258780913	0.9253263104	0.9249488363	0.9251354756	0.9250424102	0.9256217801	0.9268975509	0.9253164571	0.9261472434	0.9253134058	0.9258467516	0.9259200469	0.9250228945	0.9253024083	0.9246876304	0.9255193701	0.9254008771	0.9252018418	0.9252844183	0.9263481221	0.9252601348	0.9259902909	0.9257441509	0.9252080080	0.9252898216	0.9261339574	0.9253287260	0.9258806340	0.9252139836	0.9254411164	0.9255776631	0.9254147352	0.9260237919	0.9251961842	0.9249587531	0.9255739761	0.9256578239	0.9255489934	0.9257275593	0.9253305695	0.9253134694	0.9255800152	0.9251702479	0.9257132563	0.9254236984	0.9259346679	0.9256895449	0.9258783455	0.9260052933
0.9256977454	0.9258674752	0.9253137872	0.9255255999	0.9255094533	0.9246903638	0.9246943051	0.9252169077	0.9255509005	0.9262025486	0.9254435320	0.9260086625	0.9253938209	0.9256492420	0.9254080604	1.0000000000	0.9258995141	0.9256019465	0.9253449362	0.9256143425	0.9254805929	0.9255325289	0.9252456410	0.9255327197	0.9251484437	0.9255065291	0.9255832572	0.9253626084	0.9259186484	0.9251910986	0.9254992187	0.9250939649	0.9250252465	0.9250032516	0.9255384409	0.9262659271	0.9253184278	0.9250600825	0.9251787026	0.9251628739	0.9250698721	0.9255406022	0.9243271293	0.9262842350	0.9251839153	0.9246646183	0.9253912146	0.9250843023	0.9251584876	0.9248212529	0.9251207275	0.9248739518	0.9255205779	0.9252517437	0.9251762870	0.9258597833	0.9249239172	0.9252961150	0.9258105172	0.9250952362	0.9247859084	0.9248999516	0.9253961730	0.9252298759	0.9258755485	0.9250603367	0.9251880473	0.9248726804	0.9259834890	0.9253734152	0.9253050783	0.9249679706	0.9250174911	0.9251628103	0.9247785979	0.9244283951	0.9255269349	0.9256578239	0.9251141163	0.9264153784	0.9253263104	0.9251766684	0.9253835862	0.9258143949	0.9254032927	0.9255920933	0.9254797665	0.9251321064	0.9247372144	0.9251386540	0.9250321756	0.9257799404	0.9251286736	0.9254036741	0.9252540957	0.9254867591	0.9252537779	0.9256158046	0.9254605050	0.9257056915	0.9250000731	0.9253367357	0.9252555578	0.9246992000	0.9251104929	0.9251839789	0.9256905620
0.9262304555	0.9258443360	0.9260430534	0.9253369264	0.9250139948	0.9254417521	0.9257911286	0.9258255195	0.9256692664	0.9260433712	0.9260148922	0.9259074602	0.9256850951	0.9257486643	0.9254896833	0.9258995141	1.0000000000	0.9254679426	0.9254875855	0.9256938041	0.9253099731	0.9257634124	0.9258628982	0.9255567488	0.9254277669	0.9255843379	0.9254790037	0.9257011781	0.9259898460	0.9260543687	0.9255006172	0.9257311828	0.9261220700	0.9261993701	0.9271850110	0.9270713492	0.9259834890	0.9255625336	0.9255591009	0.9254380015	0.9255850371	0.9259039639	0.9248857756	0.9260154644	0.9249526505	0.9249869143	0.9254374930	0.9252443696	0.9251344584	0.9255550960	0.9256141518	0.9254526860	0.9253689018	0.9251331235	0.9254507789	0.9261935218	0.9252970685	0.9251969470	0.9254489354	0.9255328468	0.9249228365	0.9255263627	0.9255636143	0.9254093954	0.9262497170	0.9253044426	0.9256920241	0.9256831880	0.9256895449	0.9261047156	0.9253551708	0.9255361524	0.9255247735	0.9258863553	0.9255354531	0.9248203629	0.9255828758	0.9261385344	0.9257711678	0.9259553914	0.9251865852	0.9256992075	0.9255358981	0.9263665572	0.9253955373	0.9254611407	0.9253217334	0.9254833899	0.9256650708	0.9255962253	0.9258836218	0.9259340322	0.9257474565	0.9253675668	0.9253678846	0.9258142678	0.9256971097	0.9257740920	0.9259756700	0.9253734787	0.9252406191	0.9253880997	0.9256964740	0.9261953653	0.9256203180	0.9271230946	0.9261269012
0.9259935330	0.9258998319	0.9259660711	0.9254954045	0.9253894982	0.9251721550	0.9255805237	0.9253723345	0.9255680006	0.9255170816	0.9259919437	0.9256704106	0.9253749408	0.9254029113	0.9259325701	0.9256019465	0.9254679426	1.0000000000	0.9255462599	0.9257124299	0.9255521083	0.9253254840	0.9253208434	0.9255528711	0.9257768255	0.9251893823	0.9251482530	0.9258362627	0.9262644014	0.9255724504	0.9253169657	0.9256433937	0.9259362571	0.9249669535	0.9256221616	0.9272617390	0.9256021372	0.9249832273	0.9253656597	0.9258038424	0.9252942079	0.9262901470	0.9245655774	0.9269543183	0.9250755298	0.9253069853	0.9249145089	0.9253413127	0.9257828010	0.9253578407	0.9255016979	0.9249052914	0.9255577659	0.9249000151	0.9257233002	0.9264003125	0.9252564478	0.9256479707	0.9258886438	0.9247137573	0.9248944211	0.9251546735	0.9250124055	0.9253855569	0.9266038611	0.9250193346	0.9255986409	0.9252677631	0.9254514782	0.9252254896	0.9255016979	0.9253005013	0.9250064936	0.9254612678	0.9252610248	0.9246832441	0.9255676827	0.9262401816	0.9251576612	0.9258308593	0.9253286624	0.9255295412	0.9257195496	0.9258701451	0.9254032291	0.9255936825	0.9252514894	0.9254009406	0.9254523046	0.9250288700	0.9254731553	0.9254254148	0.9247662655	0.9256924691	0.9255128861	0.9258039060	0.9253338115	0.9257070265	0.9255123139	0.9261034442	0.9253537087	0.9250938377	0.9251022924	0.9249468021	0.9257757448	0.9256024551	0.9255084362
0.9262630029	0.9268272434	0.9259759243	0.9258059402	0.9254307546	0.9255613894	0.9256315698	0.9248184558	0.9256740976	0.9253734787	0.9260554494	0.9261830964	0.9254159430	0.9253373714	0.9258356270	0.9253449362	0.9254875855	0.9255462599	1.0000000000	0.9257951334	0.9252800955	0.9254931160	0.9257615689	0.9255053849	0.9252557485	0.9257889036	0.9254240798	0.9259588877	0.9261773752	0.9258480230	0.9254571358	0.9253687110	0.9257622681	0.9255298590	0.9263211052	0.9268099526	0.9256498777	0.9251593776	0.9252454503	0.9257690700	0.9255720690	0.9263316577	0.9248846314	0.9263019073	0.9251781941	0.9249158439	0.9262098591	0.9252349614	0.9251951035	0.9253312052	0.9250899600	0.9249986746	0.9255071013	0.9254147352	0.9253247847	0.9265614604	0.9250216866	0.9249921270	0.9259288831	0.9249829730	0.9248853307	0.9252593720	0.9250352269	0.9259841883	0.9261734339	0.9252101058	0.9263221223	0.9253350829	0.9256377996	0.9259306630	0.9252580370	0.9256144697	0.9253030440	0.9258784727	0.9250706349	0.9250345912	0.9256873836	0.9259442668	0.9258136321	0.9261561431	0.9250607181	0.9254760795	0.9253870190	0.9257243809	0.9256664693	0.9258391233	0.9256978089	0.9253371807	0.9254325346	0.9254362851	0.9255376781	0.9253732245	0.9246543201	0.9254781773	0.9254910818	0.9259717923	0.9260539873	0.9253405499	0.9254414342	0.9259714109	0.9252724037	0.9253748773	0.9253820606	0.9253324766	0.9257664001	0.9256560440	0.9254374294
0.9260913660	0.9265943257	0.9262682156	0.9256836330	0.9255685727	0.9256201273	0.9259958215	0.9254227449	0.9259919437	0.9258400769	0.9259180127	0.9256296627	0.9262661178	0.9260940995	0.9259454746	0.9256143425	0.9256938041	0.9257124299	0.9257951334	1.0000000000	0.9260566572	0.9257175154	0.9259656261	0.9259259589	0.9258127421	0.9256599852	0.9255755017	0.9257867423	0.9260863440	0.9260305938	0.9253420755	0.9256920241	0.9262265778	0.9258772013	0.9263625523	0.9265196955	0.9254882848	0.9256946305	0.9258032067	0.9263636966	0.9262029300	0.9261839228	0.9249183231	0.9265125757	0.9253695374	0.9254546566	0.9254884755	0.9255821765	0.9255246464	0.9254353316	0.9255035414	0.9253193178	0.9255871985	0.9250133591	0.9254165787	0.9271302779	0.9260220120	0.9254816100	0.9259995721	0.9256273107	0.9257730113	0.9251050259	0.9257174518	0.9257882679	0.9269163039	0.9259424233	0.9257371583	0.9254788765	0.9260555765	0.9258339106	0.9255170181	0.9259096852	0.9252305751	0.9258610547	0.9253973808	0.9247402657	0.9261291897	0.9262738097	0.9258376612	0.9262254335	0.9253012641	0.9258577491	0.9257409724	0.9260729945	0.9262652914	0.9258375977	0.9253719531	0.9252326729	0.9257901750	0.9253188092	0.9254243977	0.9256747969	0.9256449829	0.9256840144	0.9259520858	0.9257999011	0.9256753690	0.9259501788	0.9259891467	0.9258311772	0.9251212361	0.9256225430	0.9259588877	0.9252385213	0.9260448333	0.9260255083	0.9263482493
0.9259663889	0.9255845921	0.9258102629	0.9255936190	0.9249847529	0.9250125327	0.9253683932	0.9254040555	0.9253176014	0.9250706349	0.9256711099	0.9255363431	0.9252328636	0.9258377884	0.9260475668	0.9254805929	0.9253099731	0.9255521083	0.9252800955	0.9260566572	1.0000000000	0.9252827019	0.9254081240	0.9254592336	0.9254427692	0.9254013856	0.9251279744	0.9255203872	0.9257131927	0.9255881520	0.9253714445	0.9249382202	0.9255467685	0.9249914277	0.9256149782	0.9264201461	0.9255602451	0.9243798917	0.9252805405	0.9251891916	0.9250966983	0.9259315530	0.9244885951	0.9263536526	0.9248466170	0.9249876771	0.9259670246	0.9251914800	0.9252993570	0.9251768591	0.9251953578	0.9248318689	0.9255933011	0.9254161337	0.9253244033	0.9259335236	0.9252768535	0.9250480679	0.9259244332	0.9256700292	0.9250152661	0.9248759224	0.9254638106	0.9247569208	0.9257175154	0.9252299394	0.9254041827	0.9251497151	0.9250969526	0.9252130936	0.9255994038	0.9254510968	0.9251987905	0.9255434629	0.9250201610	0.9246952587	0.9254502704	0.9262121475	0.9248028814	0.9256164403	0.9253404227	0.9256046164	0.9251104929	0.9260604078	0.9247712875	0.9255236928	0.9254264955	0.9252125850	0.9253994786	0.9250300778	0.9249094870	0.9253505938	0.9250750212	0.9255076734	0.9253948380	0.9257754905	0.9260178800	0.9257259065	0.9255943818	0.9256896721	0.9249808752	0.9250880529	0.9251233338	0.9251612211	0.9255957803	0.9253548530	0.9258006639
0.9263315941	0.9254003050	0.9255278248	0.9256583960	0.9250872901	0.9252120765	0.9257118577	0.9256472078	0.9257908743	0.9257990747	0.9252531422	0.9257700871	0.9255071648	0.9260542416	0.9255572574	0.9255325289	0.9257634124	0.9253254840	0.9254931160	0.9257175154	0.9252827019	1.0000000000	0.9251024196	0.9254519232	0.9256124355	0.9252396019	0.9258782820	0.9257218381	0.9256420587	0.9254983287	0.9251950399	0.9255786802	0.9258298422	0.9252448782	0.9257910014	0.9270756083	0.9258970985	0.9252048296	0.9251909715	0.9256104648	0.9253830777	0.9259241154	0.9245635432	0.9259918802	0.9246006677	0.9245041060	0.9253339387	0.9257749820	0.9256003573	0.9252492645	0.9252584820	0.9248953746	0.9253205256	0.9253709360	0.9252349614	0.9265425804	0.9254922896	0.9250271536	0.9259387363	0.9249526505	0.9255296048	0.9250797889	0.9250813146	0.9254651456	0.9266334844	0.9255866264	0.9259609855	0.9257881408	0.9254574537	0.9254837078	0.9255810323	0.9253046968	0.9252540322	0.9249410173	0.9253188728	0.9248570423	0.9259665161	0.9255851643	0.9252947165	0.9257112220	0.9255549689	0.9253795178	0.9252978314	0.9259637190	0.9259191570	0.9258244388	0.9254699133	0.9252546043	0.9251251773	0.9251047716	0.9252865160	0.9256116726	0.9250038873	0.9255945725	0.9257445323	0.9260739480	0.9253958551	0.9253860019	0.9260365058	0.9260403835	0.9252747557	0.9249541126	0.9256524205	0.9250265179	0.9256071592	0.9256693299	0.9254336788
0.9258266638	0.9256901171	0.9254589794	0.9258988784	0.9246239340	0.9250307135	0.9254543388	0.9249733105	0.9255473406	0.9253630534	0.9257997740	0.9254547202	0.9249535404	0.9257687522	0.9252446875	0.9252456410	0.9258628982	0.9253208434	0.9257615689	0.9259656261	0.9254081240	0.9251024196	1.0000000000	0.9254078697	0.9253917867	0.9251328692	0.9252425261	0.9256551540	0.9257578183	0.9254275762	0.9252425261	0.9253295524	0.9251476808	0.9250155840	0.9252352157	0.9266060225	0.9255496926	0.9251759056	0.9252061645	0.9257393196	0.9246456111	0.9256529926	0.9245634797	0.9261446370	0.9248345388	0.9252155092	0.9250770554	0.9250530263	0.9254514146	0.9250033151	0.9249501077	0.9251427224	0.9254806565	0.9249214380	0.9253213520	0.9265844725	0.9251940864	0.9248464263	0.9255584016	0.9249188952	0.9250921849	0.9248694383	0.9251809276	0.9253080660	0.9260180707	0.9248458542	0.9256082399	0.9254483633	0.9256873836	0.9256083670	0.9251892551	0.9255145389	0.9252787606	0.9243758233	0.9252942715	0.9245765113	0.9250790261	0.9259805013	0.9252457046	0.9259631469	0.9249239172	0.9253381343	0.9254226178	0.9255716876	0.9253347651	0.9256865572	0.9255610080	0.9254423242	0.9254476640	0.9245695823	0.9249077070	0.9255912669	0.9249133011	0.9255089448	0.9254856149	0.9252997384	0.9254935610	0.9252195141	0.9258967170	0.9254258598	0.9248742060	0.9249129833	0.9250145033	0.9249548754	0.9253015819	0.9249630122	0.9254867591
0.9261517568	0.9256566796	0.9257108406	0.9255033507	0.9253852390	0.9250183810	0.9253692832	0.9250278529	0.9257194860	0.9255351989	0.9253891168	0.9256093206	0.9252746922	0.9258430010	0.9256138976	0.9255327197	0.9255567488	0.9255528711	0.9255053849	0.9259259589	0.9254592336	0.9254519232	0.9254078697	1.0000000000	0.9254551016	0.9252942079	0.9253574593	0.9258206882	0.9258310500	0.9253329851	0.9253652147	0.9252691616	0.9252819391	0.9252825747	0.9257932263	0.9268210136	0.9251226346	0.9252844818	0.9252450689	0.9254223635	0.9251497151	0.9262028664	0.9247265983	0.9264707472	0.9250401217	0.9250855737	0.9252464039	0.9250131048	0.9251091579	0.9249995010	0.9250594468	0.9250384689	0.9256295356	0.9251691037	0.9255264263	0.9262172967	0.9254549745	0.9253215427	0.9258102629	0.9250236573	0.9253725252	0.9248643528	0.9254182950	0.9252957336	0.9261708911	0.9250391046	0.9258320036	0.9252600712	0.9257012417	0.9251605854	0.9254726467	0.9253791364	0.9250589382	0.9254626028	0.9252657925	0.9249585624	0.9255639321	0.9259691860	0.9250234666	0.9257705321	0.9253376257	0.9252146828	0.9251240967	0.9261505490	0.9250629431	0.9256770218	0.9254600600	0.9253783736	0.9253987157	0.9251207275	0.9257821653	0.9251912893	0.9251253680	0.9260627599	0.9251113193	0.9254207742	0.9259062524	0.9251802283	0.9253926131	0.9253247847	0.9253331759	0.9249879950	0.9251949128	0.9253181099	0.9256149782	0.9257461851	0.9258502479
0.9260132394	0.9263267629	0.9259794206	0.9253397871	0.9253359729	0.9257676715	0.9253497674	0.9255449885	0.9256514034	0.9252399198	0.9258033974	0.9256920241	0.9252088980	0.9254872041	0.9257225374	0.9251484437	0.9254277669	0.9257768255	0.9252557485	0.9258127421	0.9254427692	0.9256124355	0.9253917867	0.9254551016	1.0000000000	0.9253522466	0.9255559860	0.9262376388	0.9255997216	0.9253870826	0.9254399086	0.9254000507	0.9255741668	0.9253973172	0.9255162552	0.9262807387	0.9257188503	0.9253081931	0.9253759579	0.9254500161	0.9250634516	0.9263195160	0.9246070246	0.9262475556	0.9247159822	0.9249789681	0.9251779398	0.9255734675	0.9256924055	0.9253783100	0.9254481726	0.9255018250	0.9254129552	0.9252609612	0.9252563207	0.9264547277	0.9253935030	0.9252862618	0.9253690289	0.9253263104	0.9253231319	0.9250382146	0.9252678267	0.9257429431	0.9263118241	0.9254427056	0.9254458205	0.9258044145	0.9254629206	0.9258857196	0.9253298067	0.9254261141	0.9252699245	0.9252832740	0.9246622027	0.9246800656	0.9256879557	0.9263050222	0.9254247791	0.9258101358	0.9255147931	0.9252403012	0.9254174686	0.9261771845	0.9257153540	0.9261536003	0.9254190579	0.9252234554	0.9253699189	0.9247247548	0.9255505826	0.9256111641	0.9247250726	0.9253514838	0.9252601348	0.9260850091	0.9257996468	0.9252895038	0.9256657700	0.9255107247	0.9252181791	0.9252461496	0.9257486643	0.9254408621	0.9256477164	0.9255362160	0.9253736694
0.9260110145	0.9254198207	0.9256097656	0.9253764665	0.9245257831	0.9254065347	0.9253836498	0.9257233002	0.9250054765	0.9256520391	0.9250688550	0.9259660711	0.9251862038	0.9261576687	0.9259738265	0.9255065291	0.9255843379	0.9251893823	0.9257889036	0.9256599852	0.9254013856	0.9252396019	0.9251328692	0.9252942079	0.9253522466	1.0000000000	0.9250225766	0.9257906836	0.9254244613	0.9257113492	0.9249095505	0.9250502292	0.9254467105	0.9259602227	0.9251258766	0.9264598133	0.9251961206	0.9251741256	0.9251050895	0.9252376313	0.9250960626	0.9262877949	0.9244364683	0.9263043229	0.9250352905	0.9252027954	0.9253337480	0.9252621690	0.9252468488	0.9253523102	0.9254287840	0.9246087409	0.9253116895	0.9252063552	0.9254097132	0.9261825879	0.9250098628	0.9253034890	0.9252767899	0.9247939181	0.9252821298	0.9248249399	0.9250017895	0.9250214959	0.9265411183	0.9250980969	0.9255468320	0.9254591701	0.9251944678	0.9251824532	0.9249726112	0.9251042631	0.9253588578	0.9255190523	0.9251194561	0.9247875612	0.9248110182	0.9263484400	0.9253052054	0.9256966647	0.9248803087	0.9254882848	0.9253594299	0.9260290046	0.9257291486	0.9260684811	0.9247594000	0.9253833320	0.9249786503	0.9248695019	0.9250788354	0.9256269928	0.9250930749	0.9253501488	0.9255518540	0.9255786802	0.9253192542	0.9255256635	0.9253755765	0.9252201498	0.9244691429	0.9254482362	0.9253782464	0.9257334713	0.9257747913	0.9259217633	0.9252299394
0.9262807387	0.9257447230	0.9253939480	0.9254975659	0.9253612734	0.9249543668	0.9251879202	0.9253868283	0.9255686363	0.9250316670	0.9255018250	0.9255458149	0.9251525757	0.9254355859	0.9251169769	0.9255832572	0.9254790037	0.9251482530	0.9254240798	0.9255755017	0.9251279744	0.9258782820	0.9252425261	0.9253574593	0.9255559860	0.9250225766	1.0000000000	0.9255555410	0.9258964628	0.9258101993	0.9253726523	0.9255789345	0.9254971209	0.9254474098	0.9257515885	0.9266257925	0.9251927514	0.9247912482	0.9251421503	0.9256344940	0.9253370536	0.9262089055	0.9246393177	0.9262119568	0.9247538695	0.9243937498	0.9252781249	0.9251917979	0.9249597066	0.9246753615	0.9247859084	0.9254523682	0.9254129552	0.9252739293	0.9252403012	0.9264867666	0.9252024140	0.9249952418	0.9254134002	0.9252150642	0.9253322859	0.9246697674	0.9246046725	0.9251775584	0.9261270919	0.9250686643	0.9256407238	0.9256032815	0.9257965319	0.9253083839	0.9248750324	0.9250214324	0.9253884175	0.9254255419	0.9249290663	0.9245501301	0.9257831824	0.9253653419	0.9254265590	0.9260688625	0.9255076734	0.9255483577	0.9252655382	0.9260410192	0.9257312463	0.9255399030	0.9251752063	0.9254184858	0.9254482362	0.9254257962	0.9252820662	0.9252725944	0.9249128561	0.9252098516	0.9253857476	0.9256757504	0.9257223467	0.9255318297	0.9253948380	0.9260436891	0.9248784652	0.9252547950	0.9253509752	0.9255699077	0.9253163936	0.9258054952	0.9253186185
0.9263462786	0.9261167937	0.9253652783	0.9256065871	0.9254261776	0.9252673181	0.9255303676	0.9252202133	0.9257433881	0.9253767843	0.9253902610	0.9259927701	0.9260167993	0.9254229356	0.9258107079	0.9253626084	0.9257011781	0.9258362627	0.9259588877	0.9257867423	0.9255203872	0.9257218381	0.9256551540	0.9258206882	0.9262376388	0.9257906836	0.9255555410	1.0000000000	0.9261818250	0.9261467984	0.9255874528	0.9257221559	0.9263036237	0.9255893598	0.9258601012	0.9272202283	0.9253971265	0.9249928262	0.9250043958	0.9257170704	0.9248845043	0.9259290102	0.9249754082	0.9263132226	0.9249134918	0.9251880473	0.9248703283	0.9253128973	0.9254767152	0.9251656709	0.9252510444	0.9256022008	0.9253146136	0.9254067254	0.9256402152	0.9263640144	0.9253294888	0.9249099955	0.9256536283	0.9263694178	0.9251233338	0.9245260374	0.9254654634	0.9254906368	0.9264364833	0.9282288813	0.9255859907	0.9259411519	0.9255921569	0.9257815296	0.9256248315	0.9250649773	0.9255706705	0.9252514258	0.9251839153	0.9251543556	0.9254364123	0.9257990747	0.9254065347	0.9262705677	0.9254636199	0.9253415670	0.9253062861	0.9258801255	0.9254526224	0.9249482642	0.9254907004	0.9254528767	0.9254736003	0.9255173995	0.9254392729	0.9254591701	0.9256346847	0.9257004153	0.9255172723	0.9261499133	0.9259698217	0.9253013912	0.9256131983	0.9252922373	0.9251371284	0.9252493916	0.9253237040	0.9253387064	0.9254916539	0.9257487279	0.9256468264
