0.4535244258	-0.0035909320	-0.0049537303	-0.0027189902	-0.0059543708	-0.0034144850	-0.0043354894	-0.0049532462	-0.0035548247	-0.0037792956	-0.0033759793	-0.0042972686	-0.0051009408	-0.0042734165	-0.0027381038	-0.0051994116	-0.0046176416	-0.0045410360	-0.0038327659	-0.0059778735	-0.0044617105	-0.0045766504	-0.0046897855	-0.0037961332	-0.0042739875	-0.0043820198	-0.0042485039	-0.0042259403	-0.0047586564	-0.0043270499	-0.0041253921	-0.0033981745	-0.0050335713	-0.0045851237	-0.0033562960	-0.0040580390	-0.0029677897	-0.0044766873	-0.0045332173	-0.0046060468	-0.0047573177	-0.0032843866	-0.0028109359	-0.0025701083	-0.0053357506	-0.0049267765	-0.0049700107	-0.0054344701	-0.0035319130	-0.0041898600	-0.0032965196	-0.0033969884	-0.0048965438	-0.0053865233	-0.0054182389	-0.0029439917	-0.0036838479	-0.0040001667	-0.0039295936	-0.0055532312	-0.0053766968	-0.0045619411	-0.0051153965	-0.0047304584	-0.0032086499	-0.0036060604	-0.0036699078	-0.0041011426	-0.0041428906	-0.0041507110	-0.0043256171	-0.0038717748	-0.0040888279	-0.0036665313	-0.0049840765	-0.0054068353	-0.0049546867	-0.0027481886	-0.0043192752	-0.0038546563	-0.0044071614	-0.0047653786	-0.0042631284	-0.0048899585	-0.0050890154	-0.0052444449	-0.0047232872	-0.0045111488	-0.0054435535	-0.0038728496	-0.0043854480	-0.0039478968	-0.0038575407	-0.0043780172	-0.0044204065	-0.0031043305	-0.0044455376	-0.0045290572	-0.0034220095	-0.0045508965	-0.0052702215	-0.0037943992	-0.0032799198	-0.0042005998	-0.0054960783	-0.0028415121	-0.0050985522
-0.0035909320	0.4835821941	-0.0043685551	-0.0062420369	-0.0040916906	-0.0047976158	-0.0045422635	-0.0051088568	-0.0048939029	-0.0047299211	-0.0040611575	-0.0060645843	-0.0039999226	-0.0028959101	-0.0048104031	-0.0033612637	-0.0046863060	-0.0040935102	-0.0013001372	-0.0039265051	-0.0047238977	-0.0063505289	-0.0050776404	-0.0053159450	-0.0025509798	-0.0055341229	-0.0049221828	-0.0040774500	-0.0042390658	-0.0045997431	-0.0042466135	-0.0048054217	-0.0042736099	-0.0058310627	-0.0037024638	-0.0044286489	-0.0029088510	-0.0053551527	-0.0032763086	-0.0043380277	-0.0061978843	-0.0033234475	-0.0047996025	-0.0042991797	-0.0043812651	-0.0043721461	-0.0051557731	-0.0057636760	-0.0031372284	-0.0055010554	-0.0054626761	-0.0048855196	-0.0045395076	-0.0042959081	-0.0046735756	-0.0047391017	-0.0052905149	-0.0038399119	-0.0046754778	-0.0033113792	-0.0031408641	-0.0056438549	-0.0056936854	-0.0042590628	-0.0024662064	-0.0048344470	-0.0045550063	-0.0044637433	-0.0056865476	-0.0057981039	-0.0045968286	-0.0042326501	-0.0053981251	-0.0047911823	-0.0052339376	-0.0051519277	-0.0027731444	-0.0052372257	-0.0050143121	-0.0035535147	-0.0054278896	-0.0056268636	-0.0055760215	-0.0054106465	-0.0047343500	-0.0036494550	-0.0046850211	-0.0053479412	-0.0044666013	-0.0050076386	-0.0051784889	-0.0045569406	-0.0018801032	-0.0058419662	-0.0041824368	-0.0043507708	-0.0050716618	-0.0046821760	-0.0050604573	-0.0048546796	-0.0043642200	-0.0040810266	-0.0048833218	-0.0040413028	-0.0048008598	-0.0036225216	-0.0049044397
-0.0049537303	-0.0043685551	0.4789564669	-0.0043139859	-0.0047156812	-0.0035296240	-0.0045036010	-0.0045534630	-0.0038717938	-0.0045588676	-0.0042384022	-0.0046691191	-0.0044181385	-0.0048609753	-0.0048731682	-0.0051465496	-0.0042547230	-0.0035827407	-0.0035164392	-0.0031723980	-0.0039567981	-0.0048718515	-0.0049501128	-0.0042722901	-0.0040639369	-0.0037651081	-0.0054565826	-0.0062000573	-0.0036426486	-0.0044869480	-0.0048069863	-0.0044821455	-0.0035557456	-0.0051659602	-0.0044709117	-0.0025058507	-0.0062212990	-0.0040957771	-0.0052455317	-0.0032204288	-0.0038724667	-0.0028264310	-0.0033497447	-0.0040187822	-0.0049749305	-0.0052573532	-0.0048457185	-0.0054449079	-0.0048335978	-0.0033633786	-0.0036318836	-0.0047354358	-0.0043707877	-0.0040903732	-0.0057537112	-0.0042309239	-0.0045829558	-0.0051988802	-0.0053231534	-0.0046327852	-0.0038065892	-0.0038889271	-0.0039558600	-0.0059686417	-0.0054171816	-0.0048367673	-0.0045703748	-0.0041069047	-0.0045424673	-0.0044452597	-0.0051128048	-0.0058074736	-0.0046420241	-0.0047131451	-0.0048623180	-0.0032173384	-0.0041031398	-0.0044071457	-0.0048918591	-0.0047475242	-0.0051129618	-0.0054724323	-0.0057376715	-0.0051531929	-0.0054681759	-0.0040328109	-0.0038594666	-0.0048487363	-0.0057318601	-0.0048676693	-0.0046918283	-0.0049608032	-0.0045831146	-0.0027830998	-0.0041046379	-0.0048071743	-0.0033871609	-0.0043355775	-0.0049428634	-0.0048332090	-0.0041762758	-0.0054706368	-0.0045331380	-0.0036888562	-0.0053933843	-0.0038307929	-0.0052280630
-0.0027189902	-0.0062420369	-0.0043139859	0.4983974087	-0.0046469153	-0.0049668051	-0.0034343914	-0.0064891767	-0.0040212525	-0.0048370028	-0.0038486087	-0.0043995289	-0.0056340539	-0.0042720703	-0.0056968246	-0.0036191910	-0.0061492244	-0.0051885016	-0.0039842103	-0.0056436246	-0.0047845764	-0.0050071957	-0.0041092344	-0.0051230899	-0.0052524628	-0.0041384266	-0.0045729087	-0.0047724840	-0.0033678685	-0.0046358572	-0.0038761968	-0.0042114329	-0.0039597936	-0.0043703705	-0.0053960577	-0.0030343253	-0.0042799575	-0.0061410076	-0.0052073201	-0.0045993640	-0.0050153889	-0.0055009019	-0.0054758803	-0.0045347384	-0.0055151279	-0.0045561345	-0.0045770855	-0.0037214760	-0.0033731715	-0.0055567422	-0.0055443802	-0.0053935530	-0.0057488329	-0.0043615863	-0.0057613829	-0.0033029406	-0.0042348787	-0.0013887604	-0.0041756382	-0.0050765500	-0.0054496273	-0.0049580989	-0.0053098502	-0.0037405829	-0.0049231386	-0.0054588754	-0.0036348162	-0.0041962400	-0.0050852635	-0.0051457971	-0.0051154005	-0.0049042744	-0.0052956931	-0.0038630342	-0.0042423691	-0.0047231356	-0.0046439211	-0.0051878225	-0.0046602734	-0.0058064124	-0.0038238775	-0.0036106856	-0.0053728053	-0.0054801431	-0.0047673240	-0.0053607390	-0.0045244768	-0.0051920318	-0.0049051847	-0.0044011960	-0.0058241176	-0.0051382512	-0.0055992013	-0.0041389425	-0.0038379163	-0.0048201050	-0.0026604314	-0.0047927336	-0.0052933927	-0.0053049702	-0.0058053609	-0.0051342552	-0.0057698694	-0.0023719717	-0.0050249991	-0.0048924794	-0.0044438456
-0.0059543708	-0.0040916906	-0.0047156812	-0.0046469153	0.5200679528	-0.0056149002	-0.0058721393	-0.0071571593	-0.0050537504	-0.0052735590	-0.0057625530	-0.0051074292	-0.0044561830	-0.0044545145	-0.0045628816	-0.0023245192	-0.0057716387	-0.0043878835	-0.0048944207	-0.0049250876	-0.0054868741	-0.0053448303	-0.0060474878	-0.0042083556	-0.0043995157	-0.0061008894	-0.0047581532	-0.0046699292	-0.0047110048	-0.0053758108	-0.0036385749	-0.0058648916	-0.0008846703	-0.0046577987	-0.0054269073	-0.0037404301	-0.0048268486	-0.0050468952	-0.0043395851	-0.0046889422	-0.0049120674	-0.0054238308	-0.0048245270	-0.0036504215	-0.0053181170	-0.0040407942	-0.0047864389	-0.0053618347	-0.0048518306	-0.0038655469	-0.0038685097	-0.0059097134	-0.0068150444	-0.0048777723	-0.0058536416	-0.0056935172	-0.0038262033	-0.0054936042	-0.0056105116	-0.0058113879	-0.0056474680	-0.0059383418	-0.0049771192	-0.0054787073	-0.0055168807	-0.0060558173	-0.0040548139	-0.0059372265	-0.0044613476	-0.0039200582	-0.0065808345	-0.0052344872	-0.0043927127	-0.0056109209	-0.0044299288	-0.0058523036	-0.0035688464	-0.0046923753	-0.0055453083	-0.0024220554	-0.0060450429	-0.0046565754	-0.0053774447	-0.0054985897	-0.0037739059	-0.0033414535	-0.0055864803	-0.0057113279	-0.0039174202	-0.0050251737	-0.0058514545	-0.0057370431	-0.0036273157	-0.0051685669	-0.0046909432	-0.0047216037	-0.0038167109	-0.0056062361	-0.0047326214	-0.0048574429	-0.0057875449	-0.0064916121	-0.0052375128	-0.0020741274	-0.0042722086	-0.0027959696	-0.0053070841
-0.0034144850	-0.0047976158	-0.0035296240	-0.0049668051	-0.0056149002	0.4919171766	-0.0045917659	-0.0039336578	-0.0053041968	-0.0047208905	-0.0040797603	-0.0024435144	-0.0044185760	-0.0046310614	-0.0037747089	-0.0061724687	-0.0047329921	-0.0048571979	-0.0040455038	-0.0044655799	-0.0048691317	-0.0048048895	-0.0054165435	-0.0060540075	-0.0040827668	-0.0040344900	-0.0052790246	-0.0051249505	-0.0053593029	-0.0042467997	-0.0044401570	-0.0052656469	-0.0044461382	-0.0057791118	-0.0053501455	-0.0038242976	-0.0049308936	-0.0047441781	-0.0032158174	-0.0041292817	-0.0056355674	-0.0038329651	-0.0039539431	-0.0041753518	-0.0057945255	-0.0052663248	-0.0045952568	-0.0046035306	-0.0055024727	-0.0045341103	-0.0035417127	-0.0053498944	-0.0049927932	-0.0058879540	-0.0050109890	-0.0051823387	-0.0061544136	-0.0019539915	-0.0048425636	-0.0045123767	-0.0040939406	-0.0054155617	-0.0043347492	-0.0045194268	-0.0037428830	-0.0051158853	-0.0056332849	-0.0048453495	-0.0051553494	-0.0040653115	-0.0022732594	-0.0022646232	-0.0055747379	-0.0028445568	-0.0052312388	-0.0053429216	-0.0045399486	-0.0042812520	-0.0058211903	-0.0061716870	-0.0044133564	-0.0045426707	-0.0039951009	-0.0042474459	-0.0060293875	-0.0056396629	-0.0041311748	-0.0057517435	-0.0052467868	-0.0057689550	-0.0048623544	-0.0050732735	-0.0039467798	-0.0050988548	-0.0038911671	-0.0041391853	-0.0045831433	-0.0053524256	-0.0053333466	-0.0041078460	-0.0047249654	-0.0021005593	-0.0050324374	-0.0053068562	-0.0043614613	-0.0034300528	-0.0043230713
-0.0043354894	-0.0045422635	-0.0045036010	-0.0034343914	-0.0058721393	-0.0045917659	0.4882170898	-0.0056897388	-0.0035227935	-0.0060488111	-0.0053442960	-0.0041262537	-0.0044125240	-0.0057622779	-0.0050961517	-0.0073999626	-0.0042220798	-0.0049589699	-0.0047986888	-0.0037520910	-0.0054578725	-0.0044650522	-0.0046927185	-0.0059653569	-0.0053486089	-0.0052107810	-0.0056725055	-0.0052403296	-0.0033097869	-0.0044419471	-0.0054540848	-0.0042336559	-0.0040987352	-0.0056489949	-0.0038460319	-0.0035421393	-0.0035619859	-0.0032520098	-0.0048315756	-0.0037167814	-0.0052588885	-0.0044709943	-0.0040127997	-0.0038832956	-0.0038673693	-0.0045453483	-0.0047122052	-0.0046455933	-0.0050769373	-0.0039767380	-0.0037531613	-0.0043112071	-0.0057869859	-0.0051353077	-0.0042608487	-0.0031216714	-0.0060595111	-0.0053280118	-0.0054023533	-0.0065715473	-0.0052672277	-0.0052129326	-0.0035562493	-0.0044721347	-0.0045198812	-0.0052401923	-0.0048056677	-0.0044439699	-0.0050276161	-0.0034866138	-0.0042383606	-0.0054602045	-0.0036497906	-0.0044931034	-0.0046572171	-0.0014590802	-0.0055460825	-0.0042603885	-0.0056617031	-0.0043732544	-0.0045493078	-0.0043721663	-0.0042346022	-0.0047733136	-0.0037814997	-0.0053809053	-0.0033996055	-0.0046869133	-0.0049013663	-0.0034794451	-0.0041386821	-0.0041890077	-0.0050422272	-0.0039265464	-0.0047801830	-0.0045618062	-0.0042243106	-0.0048499362	-0.0046311542	-0.0051291574	-0.0052752927	-0.0042994341	-0.0045941041	-0.0037186583	-0.0040454154	-0.0049387586	-0.0038956020
-0.0049532462	-0.0051088568	-0.0045534630	-0.0064891767	-0.0071571593	-0.0039336578	-0.0056897388	0.5067598153	-0.0034489848	-0.0059270502	-0.0039199294	-0.0048322840	-0.0032959323	-0.0047928281	-0.0045051612	-0.0040650045	-0.0035020620	-0.0046466418	-0.0059866601	-0.0050158925	-0.0035813557	-0.0032958380	-0.0054280297	-0.0052441410	-0.0043425272	-0.0029080639	-0.0041977147	-0.0051760622	-0.0047319148	-0.0054504645	-0.0052475287	-0.0045747964	-0.0042578568	-0.0039453579	-0.0044597986	-0.0039215776	-0.0050217694	-0.0036407523	-0.0046726383	-0.0054858987	-0.0040103756	-0.0049757337	-0.0060882184	-0.0046671777	-0.0054667479	-0.0065348798	-0.0058219902	-0.0050784075	-0.0044802774	-0.0015227177	-0.0044029864	-0.0038975328	-0.0056777174	-0.0045327545	-0.0051381053	-0.0022699319	-0.0045180553	-0.0043186481	-0.0039871049	-0.0060587056	-0.0043298674	-0.0048454347	-0.0060609250	-0.0053122426	-0.0046529783	-0.0043811404	-0.0051069122	-0.0046924984	-0.0039194581	-0.0056234938	-0.0043523308	-0.0046886633	-0.0049272025	-0.0050170388	-0.0046911934	-0.0050771006	-0.0032345497	-0.0045950006	-0.0059268585	-0.0057724599	-0.0061475400	-0.0048693870	-0.0045154106	-0.0037311408	-0.0053992582	-0.0048306447	-0.0057946612	-0.0048785082	-0.0056389753	-0.0049570715	-0.0050385324	-0.0056274720	-0.0051719873	-0.0056584481	-0.0046097559	-0.0042969583	-0.0036400033	-0.0044267982	-0.0059821060	-0.0044148640	-0.0053186194	-0.0050381483	-0.0042655726	-0.0042862781	-0.0060344500	-0.0045553949	-0.0055685957
-0.0035548247	-0.0048939029	-0.0038717938	-0.0040212525	-0.0050537504	-0.0053041968	-0.0035227935	-0.0034489848	0.4946093205	-0.0048513685	-0.0058079932	-0.0038285043	-0.0045831624	-0.0040179226	-0.0052129568	-0.0043835938	-0.0046442400	-0.0046063452	-0.0042926557	-0.0041776388	-0.0048058141	-0.0043518176	-0.0037339715	-0.0038812801	-0.0044734819	-0.0057010463	-0.0042308967	-0.0039930409	-0.0042117806	-0.0049895396	-0.0050265086	-0.0048104756	-0.0028105883	-0.0056019219	-0.0058682500	-0.0043129838	-0.0053367616	-0.0048315980	-0.0069749273	-0.0042468519	-0.0055887079	-0.0040565029	-0.0052400622	-0.0024370347	-0.0048490629	-0.0039451339	-0.0045812596	-0.0044090952	-0.0059134415	-0.0029611402	-0.0061459350	-0.0049592502	-0.0049477025	-0.0053720942	-0.0038554959	-0.0040957920	-0.0025354015	-0.0041183352	-0.0047632406	-0.0058579046	-0.0048113651	-0.0056813459	-0.0049170959	-0.0051288047	-0.0039719935	-0.0034050964	-0.0032040663	-0.0052404602	-0.0049068935	-0.0041765887	-0.0062298746	-0.0057333888	-0.0043227022	-0.0049335652	-0.0050784103	-0.0043595715	-0.0057905548	-0.0042753531	-0.0048438120	-0.0038616745	-0.0046595132	-0.0043948198	-0.0047773122	-0.0042348627	-0.0055744506	-0.0031950425	-0.0052380385	-0.0052143782	-0.0051633304	-0.0047130103	-0.0047061297	-0.0052365773	-0.0054544576	-0.0049611694	-0.0056306068	-0.0055232480	-0.0049943528	-0.0047460516	-0.0039743189	-0.0046850190	-0.0043211779	-0.0044572320	-0.0057325754	-0.0034189999	-0.0060223817	-0.0048294857	-0.0049741512
-0.0037792956	-0.0047299211	-0.0045588676	-0.0048370028	-0.0052735590	-0.0047208905	-0.0060488111	-0.0059270502	-0.0048513685	0.5090158870	-0.0038365527	-0.0064040872	-0.0044389957	-0.0042214003	-0.0055243765	-0.0018205856	-0.0032863416	-0.0042764981	-0.0045870840	-0.0039757769	-0.0056337123	-0.0042815395	-0.0050066477	-0.0052536498	-0.0059671887	-0.0035314323	-0.0057517082	-0.0046667570	-0.0056477945	-0.0048445711	-0.0056474048	-0.0062841895	-0.0051067461	-0.0047457572	-0.0035416297	-0.0043579380	-0.0052012236	-0.0042702239	-0.0053109539	-0.0058918267	-0.0057215347	-0.0041487953	-0.0061276925	-0.0034345655	-0.0066145788	-0.0051723855	-0.0036937362	-0.0043304362	-0.0038419078	-0.0056364334	-0.0057755238	-0.0046902037	-0.0060387410	-0.0043051696	-0.0027503991	-0.0035001166	-0.0050303215	-0.0039455485	-0.0050100227	-0.0035315652	-0.0051276793	-0.0045288463	-0.0055825050	-0.0051698531	-0.0037257982	-0.0043288762	-0.0049531350	-0.0054728423	-0.0038872311	-0.0045035640	-0.0059999346	-0.0060276015	-0.0060326317	-0.0041234852	-0.0049890930	-0.0045553052	-0.0048282512	-0.0025182922	-0.0048471447	-0.0042878753	-0.0053951540	-0.0049926801	-0.0057858281	-0.0033288932	-0.0061497500	-0.0040042481	-0.0052423294	-0.0045847178	-0.0048036541	-0.0052489620	-0.0047244019	-0.0053425372	-0.0045785682	-0.0049298782	-0.0045595485	-0.0051431742	-0.0052252799	-0.0041118307	-0.0042762589	-0.0049314889	-0.0044225480	-0.0048546048	-0.0045880815	-0.0039517038	-0.0058206265	-0.0054777406	-0.0057104164
-0.0033759793	-0.0040611575	-0.0042384022	-0.0038486087	-0.0057625530	-0.0040797603	-0.0053442960	-0.0039199294	-0.0058079932	-0.0038365527	0.4955688042	-0.0044730553	-0.0056433654	-0.0037047295	-0.0041193714	-0.0054818451	-0.0039117185	-0.0037707855	-0.0039556678	-0.0052490090	-0.0048258774	-0.0052246132	-0.0044675533	-0.0055673078	-0.0042452429	-0.0062637987	-0.0052598003	-0.0056868405	-0.0051289657	-0.0045076718	-0.0029865639	-0.0041299479	-0.0049468731	-0.0039814468	-0.0048858067	-0.0031591853	-0.0050516629	-0.0047297334	-0.0050474534	-0.0040591774	-0.0049146310	-0.0031692328	-0.0049470661	-0.0033689767	-0.0049516794	-0.0047380537	-0.0048029434	-0.0049445408	-0.0042423204	-0.0043726319	-0.0044334586	-0.0050625881	-0.0041532599	-0.0055227552	-0.0046644153	-0.0036279556	-0.0051356529	-0.0049924683	-0.0058190304	-0.0039879082	-0.0052451103	-0.0056330128	-0.0054430648	-0.0048948094	-0.0045127659	-0.0047715962	-0.0034823743	-0.0044790705	-0.0046825966	-0.0049295955	-0.0055646386	-0.0048763615	-0.0049716008	-0.0045917005	-0.0047225112	-0.0050366167	-0.0051765327	-0.0052876195	-0.0042331795	-0.0045416087	-0.0046151939	-0.0038448207	-0.0055116251	-0.0040708963	-0.0038934045	-0.0036073908	-0.0040462842	-0.0057227399	-0.0059269568	-0.0042001239	-0.0053266301	-0.0047684419	-0.0054238908	-0.0047365286	-0.0049881276	-0.0036130255	-0.0038406034	-0.0052402695	-0.0050135463	-0.0050723890	-0.0054502661	-0.0051226436	-0.0041957494	-0.0045597637	-0.0050116230	-0.0047151415	-0.0053824912
-0.0042972686	-0.0060645843	-0.0046691191	-0.0043995289	-0.0051074292	-0.0024435144	-0.0041262537	-0.0048322840	-0.0038285043	-0.0064040872	-0.0044730553	0.4861960897	-0.0033244016	-0.0051093513	-0.0042642426	-0.0036128309	-0.0051378820	-0.0044577374	-0.0038589867	-0.0056533883	-0.0046187497	-0.0040904088	-0.0048659479	-0.0051288670	-0.0042267624	-0.0026432577	-0.0033521800	-0.0039779792	-0.0046372610	-0.0057544034	-0.0047670250	-0.0045616243	-0.0036960066	-0.0058272054	-0.0051652801	-0.0043073582	-0.0038356094	-0.0034446560	-0.0042074049	-0.0042962437	-0.0030128561	-0.0025044231	-0.0045022229	-0.0060619348	-0.0059265204	-0.0032931633	-0.0034640356	-0.0040801555	-0.0054231241	-0.0038274690	-0.0030084936	-0.0054213313	-0.0046272296	-0.0054777382	-0.0055932455	-0.0040507333	-0.0042875067	-0.0049149976	-0.0048987404	-0.0052179294	-0.0051802651	-0.0048462286	-0.0048081127	-0.0051849949	-0.0061139260	-0.0048895047	-0.0055940023	-0.0036895818	-0.0055288356	-0.0058578619	-0.0043754067	-0.0041776189	-0.0061977571	-0.0051624314	-0.0056345269	-0.0050390933	-0.0062010561	-0.0038080194	-0.0053930912	-0.0039735892	-0.0057325427	-0.0056730455	-0.0049441648	-0.0036810001	-0.0051785203	-0.0048769257	-0.0045285524	-0.0053098992	-0.0025905242	-0.0036798499	-0.0045341970	-0.0042204813	-0.0050469761	-0.0054038914	-0.0047100664	-0.0027922295	-0.0038074955	-0.0039156158	-0.0046989536	-0.0042926939	-0.0036084341	-0.0046272283	-0.0062760262	-0.0044474317	-0.0037898009	-0.0051027671	-0.0040083410
-0.0051009408	-0.0039999226	-0.0044181385	-0.0056340539	-0.0044561830	-0.0044185760	-0.0044125240	-0.0032959323	-0.0045831624	-0.0044389957	-0.0056433654	-0.0033244016	0.4820051098	-0.0033590288	-0.0053704796	-0.0050134140	-0.0034927314	-0.0056441404	-0.0053913716	-0.0021139993	-0.0059029080	-0.0050586100	-0.0056535231	-0.0046522096	-0.0058654459	-0.0051406339	-0.0051947497	-0.0030335609	-0.0047757895	-0.0033142787	-0.0050192098	-0.0049261028	-0.0059429519	-0.0042027730	-0.0029368785	-0.0048496846	-0.0033830347	-0.0041313452	-0.0057858737	-0.0035604400	-0.0046853731	-0.0040034471	-0.0042441088	-0.0028731945	-0.0058478947	-0.0044959799	-0.0058133909	-0.0050598344	-0.0051550535	-0.0058584846	-0.0039227259	-0.0047040725	-0.0058407292	-0.0046305385	-0.0057856045	-0.0038852208	-0.0040382838	-0.0038000071	-0.0048426693	-0.0040805869	-0.0052577588	-0.0058724779	-0.0045537278	-0.0047169449	-0.0022367131	-0.0043737320	-0.0053220627	-0.0054307793	-0.0035866857	-0.0043970163	-0.0042711397	-0.0057830324	-0.0039153069	-0.0048127883	-0.0063221435	-0.0050337254	-0.0061120456	-0.0044073750	-0.0027261399	-0.0041108947	-0.0056627194	-0.0055675007	-0.0054885607	-0.0029165470	-0.0022778238	-0.0052095359	-0.0048748949	-0.0042698975	-0.0027953208	-0.0031884197	-0.0031614180	-0.0044459083	-0.0051893390	-0.0059176108	-0.0039622871	-0.0044239299	-0.0048516132	-0.0045320276	-0.0048373645	-0.0043070643	-0.0047374220	-0.0065262112	-0.0050432363	-0.0042036231	-0.0020259360	-0.0042507993	-0.0030870442
-0.0042734165	-0.0028959101	-0.0048609753	-0.0042720703	-0.0044545145	-0.0046310614	-0.0057622779	-0.0047928281	-0.0040179226	-0.0042214003	-0.0037047295	-0.0051093513	-0.0033590288	0.4862460703	-0.0046627202	-0.0047375357	-0.0057395385	-0.0048729596	-0.0054844509	-0.0045033454	-0.0040706161	-0.0046937731	-0.0041170577	-0.0049046194	-0.0056860077	-0.0032763075	-0.0058669249	-0.0061631753	-0.0041536938	-0.0058388483	-0.0053606394	-0.0054552395	-0.0039681197	-0.0035256274	-0.0040173013	-0.0044338554	-0.0041617761	-0.0053773492	-0.0052053614	-0.0043373464	-0.0046046382	-0.0036415093	-0.0046483825	-0.0055966124	-0.0057780626	-0.0036528379	-0.0028583398	-0.0037847282	-0.0037693110	-0.0049487705	-0.0052122519	-0.0044714726	-0.0033265426	-0.0058544673	-0.0032412138	-0.0044259561	-0.0030211683	-0.0045687529	-0.0061844076	-0.0037221667	-0.0037869049	-0.0054678060	-0.0055165293	-0.0045060943	-0.0036424459	-0.0046402259	-0.0045204248	-0.0063091383	-0.0044161604	-0.0044206260	-0.0036971536	-0.0033974786	-0.0038860429	-0.0046305933	-0.0051543066	-0.0059914667	-0.0044627498	-0.0051307668	-0.0055870572	-0.0050502458	-0.0045750475	-0.0046387595	-0.0037808022	-0.0056598258	-0.0042383243	-0.0050938553	-0.0052430622	-0.0045143908	-0.0048674164	-0.0047001049	-0.0055951260	-0.0048256994	-0.0040407100	-0.0043832603	-0.0044983584	-0.0039743915	-0.0053765273	-0.0030768731	-0.0039721220	-0.0048186780	-0.0042302361	-0.0048066494	-0.0036323184	-0.0047849345	-0.0047288776	-0.0052017348	-0.0044924987
-0.0027381038	-0.0048104031	-0.0048731682	-0.0056968246	-0.0045628816	-0.0037747089	-0.0050961517	-0.0045051612	-0.0052129568	-0.0055243765	-0.0041193714	-0.0042642426	-0.0053704796	-0.0046627202	0.4962912086	-0.0049242395	-0.0052751029	-0.0042522285	-0.0041681595	-0.0046842411	-0.0033129499	-0.0051102282	-0.0057635057	-0.0054390604	-0.0044303423	-0.0029211299	-0.0060013421	-0.0039007742	-0.0056544695	-0.0054886751	-0.0057935107	-0.0053486523	-0.0046080559	-0.0046298918	-0.0050162175	-0.0032848975	-0.0047249353	-0.0039176233	-0.0050720659	-0.0050734563	-0.0043172336	-0.0041131532	-0.0037937863	-0.0033181491	-0.0059460521	-0.0051440343	-0.0032489847	-0.0029352574	-0.0061040283	-0.0054843241	-0.0040448068	-0.0040706635	-0.0047937969	-0.0053262961	-0.0041243241	-0.0038031234	-0.0032886464	-0.0050682089	-0.0047030870	-0.0046114021	-0.0061446010	-0.0047316010	-0.0052246647	-0.0043193126	-0.0023681976	-0.0046665633	-0.0031696125	-0.0055198943	-0.0031575648	-0.0031358660	-0.0055835320	-0.0057169394	-0.0065647700	-0.0038481556	-0.0050794400	-0.0044763072	-0.0051109454	-0.0041801345	-0.0061972941	-0.0036641914	-0.0041969948	-0.0055949714	-0.0059806135	-0.0043366472	-0.0061493719	-0.0044674277	-0.0059873415	-0.0047140341	-0.0048311595	-0.0044957989	-0.0040338872	-0.0061741800	-0.0056589841	-0.0043033347	-0.0048310408	-0.0049626592	-0.0054265669	-0.0054316812	-0.0057082340	-0.0042415556	-0.0050111702	-0.0038312480	-0.0050094985	-0.0032467539	-0.0052238997	-0.0029034279	-0.0044324753
-0.0051994116	-0.0033612637	-0.0051465496	-0.0036191910	-0.0023245192	-0.0061724687	-0.0073999626	-0.0040650045	-0.0043835938	-0.0018205856	-0.0054818451	-0.0036128309	-0.0050134140	-0.0047375357	-0.0049242395	0.5090989601	-0.0041769229	-0.0036524578	-0.0049107544	-0.0049193468	-0.0044174173	-0.0042318980	-0.0045212191	-0.0034453421	-0.0054223770	-0.0043797451	-0.0040560635	-0.0041297482	-0.0031616250	-0.0053881061	-0.0039992032	-0.0055078442	-0.0064936557	-0.0050424751	-0.0045313039	-0.0048855620	-0.0044111544	-0.0043384234	-0.0050998892	-0.0056869236	-0.0048403404	-0.0055472718	-0.0051747548	-0.0043531805	-0.0046965926	-0.0066009529	-0.0046389033	-0.0054505572	-0.0050380941	-0.0058428960	-0.0051908968	-0.0041283800	-0.0049666085	-0.0049683272	-0.0052523029	-0.0045876863	-0.0057010027	-0.0043238171	-0.0043120801	-0.0043235746	-0.0052661246	-0.0052517509	-0.0042744110	-0.0052966687	-0.0059102908	-0.0051372853	-0.0056692400	-0.0061850330	-0.0033028505	-0.0047239438	-0.0044586407	-0.0057594112	-0.0049649009	-0.0052209367	-0.0051828435	-0.0065225215	-0.0047260018	-0.0050970558	-0.0048186705	-0.0011254711	-0.0049617642	-0.0050475745	-0.0050114427	-0.0049460435	-0.0050152009	-0.0057563006	-0.0039447186	-0.0052373986	-0.0062031266	-0.0043405440	-0.0060171966	-0.0027244190	-0.0044082741	-0.0046253896	-0.0053234045	-0.0045135038	-0.0049183317	-0.0044688511	-0.0044263068	-0.0041051627	-0.0046205172	-0.0043198905	-0.0046816200	-0.0065147287	-0.0062378282	-0.0051581569	-0.0046671188
-0.0046176416	-0.0046863060	-0.0042547230	-0.0061492244	-0.0057716387	-0.0047329921	-0.0042220798	-0.0035020620	-0.0046442400	-0.0032863416	-0.0039117185	-0.0051378820	-0.0034927314	-0.0057395385	-0.0052751029	-0.0041769229	0.4826673959	-0.0055703514	-0.0055595695	-0.0054572739	-0.0060194612	-0.0047024558	-0.0031590394	-0.0052152452	-0.0056159222	-0.0044004000	-0.0054455740	-0.0050870161	-0.0033911402	-0.0032623649	-0.0045055952	-0.0049689015	-0.0038064966	-0.0013838741	0.0032401482	-0.0036946447	-0.0039212116	-0.0039830895	-0.0042128433	-0.0055509096	-0.0044649355	-0.0040816774	-0.0050789049	-0.0051264453	-0.0056313212	-0.0060028840	-0.0045715453	-0.0055328368	-0.0054502700	-0.0045334062	-0.0047229260	-0.0051264585	-0.0056903680	-0.0059499255	-0.0050418348	-0.0044920780	-0.0053875382	-0.0048505359	-0.0050872248	-0.0037141900	-0.0064005442	-0.0032779975	-0.0048031314	-0.0047797057	-0.0046364904	-0.0043339614	-0.0055876550	-0.0050748406	-0.0051569342	-0.0030032287	-0.0049611931	-0.0052244185	-0.0041045522	-0.0036606918	-0.0053172969	-0.0054416324	-0.0043992431	-0.0040675023	-0.0030872191	-0.0047057831	-0.0059330782	-0.0049163347	-0.0048294802	-0.0035858811	-0.0049816846	-0.0060107182	-0.0051601357	-0.0051101218	-0.0043657348	-0.0043576055	-0.0036831774	-0.0040463973	-0.0031727650	-0.0052927777	-0.0060928425	-0.0052687954	-0.0050494617	-0.0042355072	-0.0038061829	-0.0057649968	-0.0053855627	-0.0046594860	-0.0048645609	-0.0027590756	-0.0055228429	0.0020640303	-0.0040405145
-0.0045410360	-0.0040935102	-0.0035827407	-0.0051885016	-0.0043878835	-0.0048571979	-0.0049589699	-0.0046466418	-0.0046063452	-0.0042764981	-0.0037707855	-0.0044577374	-0.0056441404	-0.0048729596	-0.0042522285	-0.0036524578	-0.0055703514	0.4931602974	-0.0045437085	-0.0046532488	-0.0039999314	-0.0050761825	-0.0052374522	-0.0047781809	-0.0047749413	-0.0053016126	-0.0059083255	-0.0038828434	-0.0027505933	-0.0047532582	-0.0046426625	-0.0043317541	-0.0035736288	-0.0055793331	-0.0046763515	-0.0024440107	-0.0043939905	-0.0044434302	-0.0043693336	-0.0043182548	-0.0043380234	-0.0038723923	-0.0049345910	-0.0027570532	-0.0052987604	-0.0036864717	-0.0064242362	-0.0050166795	-0.0040645292	-0.0045492109	-0.0041237463	-0.0053091489	-0.0046310351	-0.0054378807	-0.0039504069	-0.0035700295	-0.0049363684	-0.0034764378	-0.0039141508	-0.0059864147	-0.0055420497	-0.0046090540	-0.0059408125	-0.0048733830	-0.0038609779	-0.0052190966	-0.0051943017	-0.0052560929	-0.0051321753	-0.0048555656	-0.0040833161	-0.0051800805	-0.0050597079	-0.0046569731	-0.0046360064	-0.0056154307	-0.0048499160	-0.0040058450	-0.0053966579	-0.0039723975	-0.0048775432	-0.0048074560	-0.0037513338	-0.0047589189	-0.0052071344	-0.0044475731	-0.0049763157	-0.0050994723	-0.0042050032	-0.0057152355	-0.0048727737	-0.0049880248	-0.0059348109	-0.0044760286	-0.0045777116	-0.0047891568	-0.0057004577	-0.0033943030	-0.0044113589	-0.0030315331	-0.0035115307	-0.0052861716	-0.0056052716	-0.0063700511	-0.0046506022	-0.0046634821	-0.0050406214
-0.0038327659	-0.0013001372	-0.0035164392	-0.0039842103	-0.0048944207	-0.0040455038	-0.0047986888	-0.0059866601	-0.0042926557	-0.0045870840	-0.0039556678	-0.0038589867	-0.0053913716	-0.0054844509	-0.0041681595	-0.0049107544	-0.0055595695	-0.0045437085	0.4894673758	-0.0050773862	-0.0058139404	-0.0052093078	-0.0037825621	-0.0051631393	-0.0061623062	-0.0030084753	-0.0048669515	-0.0042782106	-0.0036872429	-0.0048103928	-0.0033048153	-0.0050682326	-0.0042104448	-0.0035962387	-0.0026761543	-0.0028511894	-0.0048452145	-0.0055077261	-0.0055629396	-0.0044857136	-0.0043124891	-0.0040403112	-0.0042679065	-0.0042451171	-0.0052281556	-0.0053319951	-0.0010337657	-0.0055033483	-0.0045280039	-0.0046871092	-0.0064251651	-0.0053628607	-0.0048181550	-0.0048915113	-0.0048891251	-0.0033694458	-0.0060596971	-0.0052720762	-0.0044420170	-0.0053564784	-0.0061508306	-0.0046794429	-0.0057359418	-0.0037117368	-0.0045199047	-0.0054177909	-0.0031274823	-0.0053410805	-0.0051510139	-0.0034698386	-0.0054392461	-0.0041955434	-0.0047918507	-0.0035892131	-0.0056123550	-0.0045481329	-0.0032102754	-0.0050927595	-0.0029755892	-0.0030268271	-0.0058093854	-0.0052516046	-0.0053219872	-0.0052680408	-0.0049224604	-0.0046556087	-0.0040212200	-0.0050695530	-0.0045358870	-0.0037861999	-0.0053026415	-0.0054511353	-0.0066855279	-0.0052794641	-0.0046334477	-0.0044961736	-0.0039516487	-0.0051246098	-0.0055642843	-0.0032889324	-0.0046864956	-0.0047374753	-0.0051281263	-0.0044406154	-0.0052527986	-0.0049431467	-0.0049274988
-0.0059778735	-0.0039265051	-0.0031723980	-0.0056436246	-0.0049250876	-0.0044655799	-0.0037520910	-0.0050158925	-0.0041776388	-0.0039757769	-0.0052490090	-0.0056533883	-0.0021139993	-0.0045033454	-0.0046842411	-0.0049193468	-0.0054572739	-0.0046532488	-0.0050773862	0.4846993272	-0.0040585953	-0.0057135572	-0.0033166737	-0.0043576430	-0.0044735564	-0.0046486950	-0.0054156846	-0.0056497137	-0.0046149091	-0.0042434876	-0.0052393328	-0.0047202645	-0.0043174082	-0.0026495250	-0.0030083773	-0.0044515837	-0.0048915783	-0.0042093943	-0.0033468512	-0.0029183818	-0.0027061039	-0.0050028915	-0.0043484472	-0.0039635199	-0.0048772564	-0.0045263572	-0.0047063061	-0.0047577130	-0.0055173387	-0.0049444775	-0.0044838322	-0.0051498143	-0.0055710260	-0.0064012989	-0.0050139911	-0.0024590376	-0.0041867505	-0.0044163464	-0.0046842385	-0.0045192989	-0.0046666761	-0.0054034542	-0.0037000163	-0.0037530883	-0.0028265417	-0.0019306860	-0.0058392508	-0.0058589009	-0.0045603752	-0.0044036227	-0.0045071420	-0.0046874571	-0.0059157273	-0.0042809811	-0.0052101543	-0.0061283233	-0.0038088797	-0.0037503133	-0.0039294037	-0.0042811407	-0.0058295164	-0.0044428461	-0.0045144981	-0.0046276606	-0.0022732406	-0.0053677890	-0.0053247374	-0.0062889751	-0.0045126877	-0.0050838036	-0.0054661947	-0.0045848070	-0.0040401363	-0.0050581046	-0.0038008917	-0.0051620589	-0.0057938616	-0.0032776866	-0.0044882853	-0.0053781397	-0.0053865107	-0.0045969967	-0.0045362084	-0.0060048222	-0.0045993055	-0.0042968590	-0.0046956042
-0.0044617105	-0.0047238977	-0.0039567981	-0.0047845764	-0.0054868741	-0.0048691317	-0.0054578725	-0.0035813557	-0.0048058141	-0.0056337123	-0.0048258774	-0.0046187497	-0.0059029080	-0.0040706161	-0.0033129499	-0.0044174173	-0.0060194612	-0.0039999314	-0.0058139404	-0.0040585953	0.5170417718	-0.0048360399	-0.0036640733	-0.0041139983	-0.0042727309	-0.0043596374	-0.0052059318	-0.0046280644	-0.0052199215	-0.0050122680	-0.0054018152	-0.0054311360	-0.0044681488	-0.0059206812	-0.0051323100	-0.0045445803	-0.0042809370	-0.0067253497	-0.0048274068	-0.0057698280	-0.0058716512	-0.0045942069	-0.0048110077	-0.0039425284	-0.0053202901	-0.0051112410	-0.0025633239	-0.0046480168	-0.0049674896	-0.0051816081	-0.0052638230	-0.0057404189	-0.0047179956	-0.0046169572	-0.0049314031	-0.0040598164	-0.0045487207	-0.0052516230	-0.0043986402	-0.0032165665	-0.0046533057	-0.0051172151	-0.0049165737	-0.0067782910	-0.0058196378	-0.0043573401	-0.0050531097	-0.0056832493	-0.0065295652	-0.0049855348	-0.0036074698	-0.0047598968	-0.0049731702	-0.0051409845	-0.0051551887	-0.0056747154	-0.0049017336	-0.0035390483	-0.0062393551	-0.0051806123	-0.0049405907	-0.0041299156	-0.0062871169	-0.0047474286	-0.0067738777	-0.0047831847	-0.0048065549	-0.0055285074	-0.0047063305	-0.0052152498	-0.0058491014	-0.0052051799	-0.0048041063	-0.0044138922	-0.0048346703	-0.0043555334	-0.0034757058	-0.0039410705	-0.0043900249	-0.0039481914	-0.0053898015	-0.0044909996	-0.0053559245	-0.0052594412	-0.0039287958	-0.0049549744	-0.0050852281
-0.0045766504	-0.0063505289	-0.0048718515	-0.0050071957	-0.0053448303	-0.0048048895	-0.0044650522	-0.0032958380	-0.0043518176	-0.0042815395	-0.0052246132	-0.0040904088	-0.0050586100	-0.0046937731	-0.0051102282	-0.0042318980	-0.0047024558	-0.0050761825	-0.0052093078	-0.0057135572	-0.0048360399	0.5112001932	-0.0057291155	-0.0048612302	-0.0045940635	-0.0058822774	-0.0025652631	-0.0048228624	-0.0050090713	-0.0049671441	-0.0054257280	-0.0041864693	-0.0047039018	-0.0048682902	-0.0050218623	-0.0031126554	-0.0034227028	-0.0046489842	-0.0051773280	-0.0052857509	-0.0047138334	-0.0043155869	-0.0048463240	-0.0050788092	-0.0063438487	-0.0070148561	-0.0051191116	-0.0041003990	-0.0046235338	-0.0047095658	-0.0045965020	-0.0049496508	-0.0060355869	-0.0053774289	-0.0056869137	-0.0031270899	-0.0047855172	-0.0052667292	-0.0035167883	-0.0054380909	-0.0044186478	-0.0054350463	-0.0059708372	-0.0047609594	-0.0034454196	-0.0041024566	-0.0042768946	-0.0040933263	-0.0051817970	-0.0050311115	-0.0044062770	-0.0054192197	-0.0050490489	-0.0063264375	-0.0048628952	-0.0056210381	-0.0030547917	-0.0056409775	-0.0055100818	-0.0054797578	-0.0043027413	-0.0045209859	-0.0051137799	-0.0047485210	-0.0044598677	-0.0038791575	-0.0046363691	-0.0055096016	-0.0055565496	-0.0055135526	-0.0058544802	-0.0050684380	-0.0056692650	-0.0047293058	-0.0037901507	-0.0034250138	-0.0051160095	-0.0047716932	-0.0033040598	-0.0034413621	-0.0044973338	-0.0057194610	-0.0041983294	-0.0058964450	-0.0052948320	-0.0041179542	-0.0047497769
-0.0046897855	-0.0050776404	-0.0049501128	-0.0041092344	-0.0060474878	-0.0054165435	-0.0046927185	-0.0054280297	-0.0037339715	-0.0050066477	-0.0044675533	-0.0048659479	-0.0056535231	-0.0041170577	-0.0057635057	-0.0045212191	-0.0031590394	-0.0052374522	-0.0037825621	-0.0033166737	-0.0036640733	-0.0057291155	0.5102168546	-0.0042853937	-0.0047397293	-0.0043930580	-0.0042945049	-0.0043920374	-0.0045754820	-0.0051375975	-0.0047709591	-0.0045437502	-0.0051443046	-0.0052536743	-0.0051997732	-0.0038824356	-0.0039653057	-0.0043025066	-0.0051324749	-0.0037357236	-0.0057401722	-0.0054213798	-0.0047417040	-0.0042349417	-0.0051792988	-0.0046809799	-0.0047389169	-0.0055587757	-0.0039918585	-0.0050736498	-0.0060908434	-0.0048740967	-0.0048591222	-0.0054750534	-0.0048555681	-0.0024648827	-0.0055955032	-0.0053129109	-0.0047008651	-0.0044316432	-0.0050373293	-0.0049236512	-0.0046339279	-0.0046529511	-0.0046567543	-0.0057872246	-0.0053181738	-0.0048760410	-0.0040156972	-0.0039662244	-0.0045799280	-0.0046589283	-0.0042046136	-0.0069673859	-0.0044150742	-0.0059537188	-0.0052264513	-0.0036479404	-0.0045984291	-0.0040775119	-0.0058573533	-0.0042040390	-0.0050609381	-0.0055396329	-0.0047113562	-0.0045514921	-0.0040162549	-0.0047153995	-0.0041184026	-0.0062983199	-0.0058959380	-0.0040854441	-0.0048750975	-0.0047477550	-0.0041682915	-0.0057842319	-0.0044185979	-0.0050146271	-0.0030069052	-0.0044584345	-0.0060194008	-0.0052318587	-0.0061644521	-0.0059746578	-0.0045599205	-0.0062704390	-0.0050688867
-0.0037961332	-0.0053159450	-0.0042722901	-0.0051230899	-0.0042083556	-0.0060540075	-0.0059653569	-0.0052441410	-0.0038812801	-0.0052536498	-0.0055673078	-0.0051288670	-0.0046522096	-0.0049046194	-0.0054390604	-0.0034453421	-0.0052152452	-0.0047781809	-0.0051631393	-0.0043576430	-0.0041139983	-0.0048612302	-0.0042853937	0.5175250103	-0.0046768269	-0.0050353767	-0.0045043401	-0.0038739737	-0.0049555064	-0.0057876892	-0.0036795506	-0.0060537988	-0.0058590477	-0.0049445463	-0.0041894909	-0.0036248552	-0.0058309982	-0.0044810633	-0.0053005840	-0.0051394198	-0.0058584310	-0.0041037502	-0.0040638379	-0.0041709409	-0.0043502116	-0.0047913943	-0.0053946495	-0.0060876849	-0.0054448979	-0.0053959486	-0.0056659770	-0.0041981684	-0.0043960294	-0.0046079676	-0.0045780784	-0.0044864628	-0.0045805021	-0.0041136363	-0.0043745111	-0.0055007073	-0.0045552161	-0.0055955475	-0.0042981535	-0.0050144434	-0.0046778185	-0.0053502902	-0.0050497874	-0.0056565930	-0.0039168648	-0.0060252243	-0.0047846434	-0.0048399595	-0.0057463461	-0.0051128673	-0.0051938619	-0.0042240654	-0.0040544616	-0.0036115844	-0.0062890986	-0.0048400188	-0.0049383266	-0.0050902278	-0.0060553866	-0.0042061418	-0.0061206818	-0.0043241704	-0.0047908611	-0.0049436736	-0.0051794889	-0.0054612484	-0.0039568379	-0.0056454308	-0.0048072474	-0.0031249881	-0.0052257824	-0.0055693831	-0.0038939889	-0.0057739874	-0.0056694918	-0.0056154675	-0.0037259959	-0.0056607343	-0.0054397554	-0.0050494323	-0.0050461812	-0.0037231575	-0.0045227547
-0.0042739875	-0.0025509798	-0.0040639369	-0.0052524628	-0.0043995157	-0.0040827668	-0.0053486089	-0.0043425272	-0.0044734819	-0.0059671887	-0.0042452429	-0.0042267624	-0.0058654459	-0.0056860077	-0.0044303423	-0.0054223770	-0.0056159222	-0.0047749413	-0.0061623062	-0.0044735564	-0.0042727309	-0.0045940635	-0.0047397293	-0.0046768269	0.5009383392	-0.0051439821	-0.0041603521	-0.0030592648	-0.0055838598	-0.0056550654	-0.0040329776	-0.0046531262	-0.0042819235	-0.0048996437	-0.0052960697	-0.0042959426	-0.0039150406	-0.0045081124	-0.0042170065	-0.0054142990	-0.0052324834	-0.0033366051	-0.0047013524	-0.0038668190	-0.0056660031	-0.0048915053	-0.0050128940	-0.0034664771	-0.0036259639	-0.0038167226	-0.0041871709	-0.0039726817	-0.0048942796	-0.0050190925	-0.0058970708	-0.0040749355	-0.0042430439	-0.0044768425	-0.0060670300	-0.0042753636	-0.0055411136	-0.0046150110	-0.0047189601	-0.0043353069	-0.0045464173	-0.0044743493	-0.0059010066	-0.0030161381	-0.0057059857	-0.0038927035	-0.0047179469	-0.0049292211	-0.0047364506	-0.0050098393	-0.0065565317	-0.0062736824	-0.0044037971	-0.0037159456	-0.0050380952	-0.0046171041	-0.0048534392	-0.0055313469	-0.0046975956	-0.0040606179	-0.0043794550	-0.0031728527	-0.0049000270	-0.0056972026	-0.0049383873	-0.0058482325	-0.0046698011	-0.0049808624	-0.0057407666	-0.0045110769	-0.0045866832	-0.0036887642	-0.0042362198	-0.0057763154	-0.0046866802	-0.0052822789	-0.0049690640	-0.0052292940	-0.0038528214	-0.0050464789	-0.0052143028	-0.0045555094	-0.0053039425
-0.0043820198	-0.0055341229	-0.0037651081	-0.0041384266	-0.0061008894	-0.0040344900	-0.0052107810	-0.0029080639	-0.0057010463	-0.0035314323	-0.0062637987	-0.0026432577	-0.0051406339	-0.0032763075	-0.0029211299	-0.0043797451	-0.0044004000	-0.0053016126	-0.0030084753	-0.0046486950	-0.0043596374	-0.0058822774	-0.0043930580	-0.0050353767	-0.0051439821	0.4882101455	-0.0058684917	-0.0032834677	-0.0046326611	-0.0031435317	-0.0049750713	-0.0055588592	-0.0050525061	-0.0009308652	-0.0057852848	-0.0043638120	-0.0052931154	-0.0042340318	-0.0046422175	-0.0050179925	-0.0051141731	-0.0037073913	-0.0054258983	-0.0037777166	-0.0037505570	-0.0038738827	-0.0045610091	-0.0036593156	-0.0045033455	-0.0047025638	-0.0042498286	-0.0062540077	-0.0058093291	-0.0054101229	-0.0048842481	-0.0037925903	-0.0056929621	-0.0043000682	-0.0054056517	-0.0050260560	-0.0047929197	-0.0053621649	-0.0045995837	-0.0060537981	-0.0029495907	-0.0041783698	-0.0048496360	-0.0042890556	-0.0053252470	-0.0044134071	-0.0055645385	-0.0050034086	-0.0042522879	-0.0041017526	-0.0052479815	-0.0048142421	-0.0057684529	-0.0032532809	-0.0042634645	-0.0050681965	-0.0060529549	-0.0033326299	-0.0045831869	-0.0035903317	-0.0040793184	-0.0034902544	-0.0057135296	-0.0046511105	-0.0057189370	-0.0055600093	-0.0047762471	-0.0043585676	-0.0046916305	-0.0052946477	-0.0043330353	-0.0050985427	-0.0054715844	-0.0035132615	-0.0043472221	-0.0055676839	-0.0064614759	-0.0032582646	-0.0050721900	-0.0030887746	-0.0035975538	-0.0036842920	-0.0058841376
