1.0000000000	0.9202481535	0.9199162230	0.9203153966	0.9192044349	0.9200075286	0.9201110302	0.9195074904	0.9202737322	0.9200324481	0.9204340609	0.9203935832	0.9195404527	0.9201660114	0.9203792775	0.9195423645	0.9201906672	0.9198125895	0.9201622537	0.9198164790	0.9198777230	0.9200453034	0.9196775099	0.9200030457	0.9199153660	0.9198880732	0.9200677837	0.9200606638	0.9200150440	0.9200890773	0.9199155637	0.9201709557	0.9197255690	0.9197515433	0.9201674617	0.9209170906	0.9204957004	0.9195394638	0.9196146838	0.9201151835	0.9198247855	0.9205033477	0.9196802129	0.9211263353	0.9190267021	0.9194326000	0.9195167857	0.9197426435	0.9200858470	0.9197855604	0.9201376638	0.9198433104	0.9200909892	0.9194902840	0.9196236495	0.9211083379	0.9202953555	0.9197666400	0.9202972014	0.9192009409	0.9196065751	0.9194376103	0.9195256196	0.9198499688	0.9211189517	0.9196868053	0.9202525704	0.9200743102	0.9196555570	0.9199736433	0.9199595355	0.9197434346	0.9197678926	0.9201136672	0.9196030151	0.9190711353	0.9197471263	0.9207499717	0.9200200543	0.9201511783	0.9196929363	0.9195529124	0.9200298111	0.9200436553	0.9197189106	0.9198274885	0.9196574029	0.9199748300	0.9197126478	0.9200465560	0.9199158274	0.9201940293	0.9199215629	0.9200087812	0.9197873404	0.9204768460	0.9198432444	0.9199950029	0.9203392613	0.9200157032	0.9190867594	0.9197027591	0.9202557348	0.9200323162	0.9196489646	0.9205829187	0.9197533233
0.9202481535	1.0000000000	0.9198392890	0.9191551892	0.9194225794	0.9192629100	0.9196556889	0.9193295598	0.9197233276	0.9194600246	0.9201816355	0.9193537541	0.9199332975	0.9202579762	0.9198100184	0.9197557625	0.9198814148	0.9195995870	0.9206974957	0.9202821046	0.9195496162	0.9191928321	0.9194058346	0.9195022164	0.9203742672	0.9192223005	0.9196169252	0.9197519388	0.9202252776	0.9197481811	0.9193841454	0.9195182361	0.9196477120	0.9191996883	0.9201720105	0.9204832406	0.9200526210	0.9191586173	0.9199703471	0.9197926143	0.9188390147	0.9208207747	0.9185175003	0.9204850865	0.9192523621	0.9194105152	0.9195524509	0.9192315299	0.9196991991	0.9190613785	0.9192873021	0.9192946198	0.9199116083	0.9197300519	0.9197280082	0.9202306834	0.9193966051	0.9194228431	0.9196369663	0.9193485461	0.9195196205	0.9189262330	0.9191695608	0.9196523927	0.9211952265	0.9190895942	0.9197782428	0.9197835167	0.9194053731	0.9193818380	0.9191930299	0.9193765641	0.9192149828	0.9196502831	0.9193553363	0.9188289942	0.9203042553	0.9197498293	0.9194928551	0.9202898178	0.9192059511	0.9191275009	0.9193114305	0.9195326736	0.9196686101	0.9203051123	0.9195032053	0.9193443928	0.9197672993	0.9190352064	0.9192938287	0.9197659808	0.9197798909	0.9192878954	0.9195362335	0.9201586278	0.9194469716	0.9195949064	0.9195272677	0.9198849747	0.9191414109	0.9196138268	0.9195187635	0.9194505315	0.9197858900	0.9198661203	0.9197349303
0.9199162230	0.9198392890	1.0000000000	0.9196053884	0.9194101197	0.9196800151	0.9195936538	0.9195898961	0.9200553899	0.9194519159	0.9200203180	0.9197443575	0.9196587214	0.9196748730	0.9197798909	0.9191817568	0.9201884257	0.9198716580	0.9199232110	0.9202473624	0.9197245142	0.9195128962	0.9192604708	0.9196908267	0.9198011845	0.9196271435	0.9192310684	0.9190968459	0.9202987836	0.9197692111	0.9194442027	0.9195597027	0.9201776800	0.9190530060	0.9196524586	0.9212972119	0.9190746293	0.9193290324	0.9191307971	0.9202163119	0.9194329296	0.9205307723	0.9188155456	0.9202403084	0.9190089025	0.9190515557	0.9194546847	0.9192012705	0.9193522379	0.9199172778	0.9198606485	0.9194679356	0.9196605014	0.9197141640	0.9192304751	0.9202407699	0.9192950153	0.9190530720	0.9194461145	0.9192120162	0.9197628164	0.9194805931	0.9195846881	0.9191034384	0.9200362058	0.9191216995	0.9196910245	0.9196588533	0.9196163978	0.9197890544	0.9192979160	0.9190114076	0.9193090573	0.9195025460	0.9191656712	0.9189978271	0.9198565612	0.9198050082	0.9194149981	0.9196936615	0.9194724844	0.9191803065	0.9191249298	0.9194618046	0.9193622584	0.9201403667	0.9198522761	0.9194417635	0.9190917697	0.9194248868	0.9196345930	0.9194034613	0.9191561781	0.9197920210	0.9196266161	0.9198640107	0.9199268369	0.9197200973	0.9195771727	0.9196822565	0.9193930452	0.9189992115	0.9195644492	0.9196374278	0.9195301684	0.9199882786	0.9195087429
0.9203153966	0.9191551892	0.9196053884	1.0000000000	0.9191718022	0.9190296687	0.9197139663	0.9184254696	0.9193430744	0.9192866429	0.9198711306	0.9193230333	0.9190539949	0.9197800227	0.9191717363	0.9193011463	0.9191914477	0.9192289588	0.9198031623	0.9193526993	0.9193627858	0.9193712242	0.9195880502	0.9192863792	0.9191600676	0.9192292885	0.9192787319	0.9194308859	0.9198619011	0.9195409141	0.9195604278	0.9192190701	0.9196115853	0.9190236696	0.9191123382	0.9206369769	0.9195836333	0.9186726210	0.9188552981	0.9193952207	0.9191278964	0.9195722943	0.9181731101	0.9200774087	0.9185043814	0.9191543322	0.9192122799	0.9194997113	0.9196779714	0.9189620960	0.9190163519	0.9187365019	0.9191843279	0.9192423415	0.9189552398	0.9205054572	0.9196316923	0.9196597762	0.9198514850	0.9188750755	0.9189013794	0.9187724968	0.9190014530	0.9195281907	0.9198555064	0.9188220721	0.9199445047	0.9196105305	0.9190692894	0.9189810163	0.9191723296	0.9192614597	0.9186744009	0.9194974698	0.9193989784	0.9185112375	0.9194718911	0.9195854133	0.9191365984	0.9192631078	0.9195212027	0.9195604937	0.9192012046	0.9195399253	0.9193207918	0.9192852585	0.9194755169	0.9190336242	0.9193171660	0.9190474684	0.9190951319	0.9191071301	0.9186910799	0.9195602960	0.9196475142	0.9197215476	0.9198752179	0.9194769013	0.9192768860	0.9193267250	0.9185781510	0.9188157433	0.9188657142	0.9199664576	0.9192023253	0.9193135401	0.9196309012
0.9192044349	0.9194225794	0.9194101197	0.9191718022	1.0000000000	0.9185924566	0.9186499429	0.9181385656	0.9190017167	0.9188705267	0.9190050129	0.9192627782	0.9194053731	0.9195876547	0.9193302191	0.9194459168	0.9189385609	0.9192153784	0.9191652757	0.9193625880	0.9189083015	0.9188443546	0.9183255938	0.9192062148	0.9191437183	0.9184148557	0.9191078553	0.9190775300	0.9192121481	0.9190115394	0.9193580392	0.9185349044	0.9197919551	0.9188591217	0.9190371841	0.9203771020	0.9188360481	0.9186772357	0.9190853750	0.9192074674	0.9185328608	0.9192272448	0.9180079030	0.9201896124	0.9181681658	0.9186381424	0.9189272219	0.9189009839	0.9188424428	0.9190033648	0.9191207765	0.9183135296	0.9184261948	0.9191107560	0.9188332793	0.9194550144	0.9194742643	0.9186830371	0.9192203227	0.9182183344	0.9187154720	0.9181231393	0.9191151070	0.9186482289	0.9195790186	0.9184089884	0.9197015065	0.9184887572	0.9191000103	0.9190661910	0.9183778061	0.9185804584	0.9188723066	0.9185664823	0.9189044119	0.9180388217	0.9190851772	0.9196154749	0.9188300490	0.9196533815	0.9186603590	0.9189083674	0.9189799616	0.9193467661	0.9189571516	0.9192255308	0.9185975328	0.9187512031	0.9193808492	0.9188574736	0.9188849642	0.9189895206	0.9191992268	0.9188469916	0.9188746140	0.9192350239	0.9194140092	0.9188926774	0.9190621036	0.9194519818	0.9183463600	0.9183522933	0.9187020893	0.9197280741	0.9194731436	0.9198981596	0.9189120592
0.9200075286	0.9192629100	0.9196800151	0.9190296687	0.9185924566	1.0000000000	0.9188603743	0.9190095617	0.9187455336	0.9191524204	0.9194679356	0.9197595861	0.9192632396	0.9194293038	0.9195657018	0.9184559927	0.9194157233	0.9188588580	0.9194798679	0.9194264031	0.9190408100	0.9189109385	0.9186880473	0.9186985953	0.9195976752	0.9191090420	0.9188089531	0.9191226224	0.9191206447	0.9193796625	0.9189562946	0.9189239916	0.9191937551	0.9187339968	0.9190520831	0.9202577784	0.9187063085	0.9187985370	0.9194654964	0.9190634880	0.9184079996	0.9199009944	0.9185068206	0.9200164943	0.9182500442	0.9186140140	0.9191091738	0.9188972921	0.9185473642	0.9189262330	0.9193954185	0.9184498617	0.9191318519	0.9187961637	0.9189569539	0.9195209390	0.9183629071	0.9191319837	0.9191770762	0.9187491595	0.9191757577	0.9186299677	0.9189046756	0.9188949188	0.9201843384	0.9186581835	0.9190481935	0.9188943255	0.9190754863	0.9193799921	0.9194542233	0.9194999749	0.9183649508	0.9195531102	0.9187940541	0.9181084381	0.9194881085	0.9194419613	0.9186325388	0.9190031011	0.9190473365	0.9192145213	0.9190138468	0.9194898226	0.9187100662	0.9189233323	0.9192144554	0.9186277922	0.9189384950	0.9183102993	0.9191340274	0.9188915566	0.9188181825	0.9189970360	0.9191959306	0.9195787549	0.9192455059	0.9189897184	0.9187492254	0.9194068894	0.9185664164	0.9193584348	0.9188041406	0.9190611807	0.9191465531	0.9197465330	0.9193919904
0.9201110302	0.9196556889	0.9195936538	0.9197139663	0.9186499429	0.9188603743	1.0000000000	0.9187562793	0.9198758771	0.9188188418	0.9193756411	0.9195956975	0.9194974039	0.9194327318	0.9192848629	0.9184590252	0.9199305946	0.9194814501	0.9194745940	0.9199569644	0.9193395804	0.9195751949	0.9192865110	0.9190874187	0.9191174803	0.9191202491	0.9189034890	0.9192299477	0.9198793052	0.9196152771	0.9189655241	0.9196673576	0.9196494261	0.9188132382	0.9199222881	0.9207841206	0.9196361093	0.9194253483	0.9191054161	0.9198196434	0.9189588657	0.9198686913	0.9187651132	0.9204910197	0.9192346943	0.9191396969	0.9191724614	0.9193165727	0.9192058193	0.9195360357	0.9190738382	0.9192351558	0.9190552475	0.9191640231	0.9194378080	0.9205787654	0.9190042218	0.9187926038	0.9193168364	0.9185689216	0.9192026549	0.9187208119	0.9195888413	0.9192590864	0.9200271741	0.9188727022	0.9196039381	0.9195167857	0.9193245495	0.9195693276	0.9193376685	0.9191972491	0.9194557395	0.9192559220	0.9192667336	0.9194771650	0.9189568879	0.9199817521	0.9190025078	0.9198279499	0.9191662645	0.9197326889	0.9195320143	0.9193683894	0.9195291136	0.9194644416	0.9196417788	0.9192567131	0.9193877053	0.9194650349	0.9197856263	0.9195152035	0.9188417836	0.9195212686	0.9191805042	0.9196966281	0.9196377574	0.9194306222	0.9193524357	0.9194335229	0.9188131063	0.9191644846	0.9194139433	0.9196630725	0.9197048027	0.9193231651	0.9195578568
0.9195074904	0.9193295598	0.9195898961	0.9184254696	0.9181385656	0.9190095617	0.9187562793	1.0000000000	0.9193277139	0.9186266715	0.9194505974	0.9192356832	0.9195825126	0.9192843355	0.9191578262	0.9191480034	0.9197951195	0.9190432492	0.9187247014	0.9191908544	0.9194550144	0.9195320143	0.9187103958	0.9187967570	0.9193900786	0.9196028833	0.9191901952	0.9189725121	0.9193455136	0.9190316465	0.9188039428	0.9192199272	0.9195164561	0.9190693553	0.9194768354	0.9201077999	0.9189676996	0.9192784023	0.9190183297	0.9190919016	0.9193717516	0.9195037986	0.9174994265	0.9197627505	0.9185517812	0.9181846469	0.9187504780	0.9189342758	0.9190884076	0.9194298312	0.9191713407	0.9189816756	0.9187454677	0.9190811558	0.9188318949	0.9201358179	0.9190371182	0.9190740360	0.9195667566	0.9182630972	0.9190373819	0.9185652957	0.9186604249	0.9189820052	0.9200246031	0.9190328331	0.9192393090	0.9192540761	0.9194174373	0.9186925961	0.9192577020	0.9191400925	0.9187709805	0.9188932707	0.9189947946	0.9181212934	0.9195782275	0.9193091232	0.9185428154	0.9190920334	0.9185449250	0.9192867088	0.9190346131	0.9196271435	0.9190922312	0.9194796702	0.9186284515	0.9189369128	0.9188125130	0.9187967570	0.9189351328	0.9189082356	0.9187432262	0.9188693400	0.9190100891	0.9194923277	0.9192987071	0.9194099878	0.9185749866	0.9194840871	0.9184983163	0.9187484343	0.9191754940	0.9191506404	0.9187647836	0.9192815667	0.9190865617
0.9202737322	0.9197233276	0.9200553899	0.9193430744	0.9190017167	0.9187455336	0.9198758771	0.9193277139	1.0000000000	0.9194100538	0.9194311496	0.9197192402	0.9195485614	0.9195846222	0.9192554605	0.9192824237	0.9197958446	0.9194146026	0.9196081572	0.9198363224	0.9192522962	0.9197243164	0.9193006189	0.9196872009	0.9195008979	0.9188053932	0.9194053072	0.9196576666	0.9197280741	0.9192350239	0.9193652910	0.9194171077	0.9201573093	0.9190690257	0.9191674512	0.9203989890	0.9192736557	0.9189736328	0.9183961991	0.9194678697	0.9188449479	0.9197471263	0.9181942060	0.9207142405	0.9188951825	0.9192310684	0.9193474254	0.9192041053	0.9188287305	0.9196516675	0.9187911534	0.9190492483	0.9194598928	0.9190440403	0.9196051247	0.9202810498	0.9199586784	0.9193523038	0.9196436906	0.9185268616	0.9193811788	0.9185556048	0.9194543551	0.9192838740	0.9203082767	0.9191792517	0.9202318041	0.9193333834	0.9193954844	0.9193665435	0.9187865387	0.9189169376	0.9191186010	0.9191232817	0.9193163090	0.9187610918	0.9189778520	0.9197979542	0.9192565813	0.9198436400	0.9192563176	0.9191660008	0.9191766806	0.9197380947	0.9192105659	0.9198668455	0.9190984281	0.9191021858	0.9191022517	0.9193147268	0.9194868559	0.9190062655	0.9187556860	0.9193345701	0.9191195899	0.9193196711	0.9195451992	0.9196380211	0.9197242505	0.9197318978	0.9192638989	0.9189908391	0.9191369281	0.9196676872	0.9191157003	0.9195296410	0.9195263448
0.9200324481	0.9194600246	0.9194519159	0.9192866429	0.9188705267	0.9191524204	0.9188188418	0.9186266715	0.9194100538	1.0000000000	0.9199599969	0.9187976141	0.9192015342	0.9196112557	0.9193004211	0.9199246613	0.9199275620	0.9194528388	0.9193118920	0.9195407164	0.9189764675	0.9195283885	0.9190626310	0.9193785418	0.9190854409	0.9196423721	0.9188253024	0.9192428689	0.9192267833	0.9190310531	0.9191746370	0.9187353153	0.9194548166	0.9190512261	0.9197040776	0.9202361552	0.9190545223	0.9191894700	0.9189158169	0.9188153478	0.9187947134	0.9198383660	0.9182485279	0.9202372100	0.9182100939	0.9189014453	0.9192513073	0.9193745863	0.9194567284	0.9187156698	0.9189135095	0.9189466696	0.9187813966	0.9191971172	0.9197720459	0.9202971354	0.9190776618	0.9193051018	0.9192104340	0.9194115700	0.9190149016	0.9188439591	0.9187788915	0.9190696190	0.9202870490	0.9192367379	0.9195186316	0.9192098407	0.9193641043	0.9191507063	0.9188819976	0.9188354548	0.9187407211	0.9195324099	0.9190499735	0.9185991810	0.9192059511	0.9201311373	0.9191807679	0.9194571899	0.9189117955	0.9190638177	0.9189127184	0.9200472811	0.9190127920	0.9195382772	0.9189322981	0.9194445983	0.9192015342	0.9187755952	0.9194189536	0.9191866352	0.9190481276	0.9189556354	0.9189612390	0.9196416470	0.9190660591	0.9196258910	0.9196944526	0.9192853244	0.9189491748	0.9188229950	0.9191954691	0.9195248945	0.9189350669	0.9190830677	0.9191665282
0.9204340609	0.9201816355	0.9200203180	0.9198711306	0.9190050129	0.9194679356	0.9193756411	0.9194505974	0.9194311496	0.9199599969	1.0000000000	0.9196740159	0.9190472706	0.9199429884	0.9201174909	0.9192088518	0.9200008702	0.9198483866	0.9200998231	0.9197438960	0.9196053884	0.9192397705	0.9194954921	0.9192329802	0.9197907025	0.9188660438	0.9193348997	0.9191214358	0.9197714525	0.9197699363	0.9196485031	0.9195911487	0.9196877942	0.9198003934	0.9196248362	0.9210886923	0.9191870308	0.9191892063	0.9192318595	0.9195506710	0.9194115041	0.9204363023	0.9184819011	0.9206949905	0.9189692818	0.9190604555	0.9195533739	0.9193136720	0.9195332010	0.9195459244	0.9195499458	0.9191142500	0.9200603342	0.9191855145	0.9195377498	0.9206507551	0.9193391189	0.9190593348	0.9195508688	0.9194226454	0.9193621925	0.9186803342	0.9192138621	0.9195337284	0.9204624085	0.9191667260	0.9201935679	0.9197129774	0.9196751367	0.9194349733	0.9192064785	0.9196026855	0.9190688939	0.9196576666	0.9194621342	0.9190098913	0.9194654304	0.9196932659	0.9196029492	0.9196655117	0.9196460639	0.9199945414	0.9193773552	0.9201257314	0.9199494490	0.9204991944	0.9195559450	0.9195250263	0.9193113646	0.9193519083	0.9194057687	0.9196237155	0.9189938057	0.9196321538	0.9193409648	0.9204364342	0.9197549714	0.9192898073	0.9193704990	0.9196618858	0.9190343494	0.9189947946	0.9197850989	0.9196580622	0.9198135784	0.9199398240	0.9192801823
0.9203935832	0.9193537541	0.9197443575	0.9193230333	0.9192627782	0.9197595861	0.9195956975	0.9192356832	0.9197192402	0.9187976141	0.9196740159	1.0000000000	0.9197502907	0.9193792010	0.9196384826	0.9198628241	0.9197275467	0.9195322121	0.9200514344	0.9194965469	0.9195539672	0.9196038062	0.9192522302	0.9194833619	0.9197080330	0.9197096152	0.9195279270	0.9197264919	0.9197939988	0.9191698904	0.9193467002	0.9193597533	0.9199687649	0.9188897107	0.9195817215	0.9202225747	0.9196233199	0.9196600399	0.9192857859	0.9196784329	0.9195332010	0.9203983297	0.9185089301	0.9195809963	0.9185378711	0.9194321385	0.9196098054	0.9195097318	0.9190466773	0.9196844980	0.9196535793	0.9189067193	0.9192395727	0.9189350010	0.9192008750	0.9201362794	0.9196169252	0.9191600676	0.9195993893	0.9189855651	0.9189915643	0.9190566319	0.9191790539	0.9191038998	0.9197168010	0.9191936232	0.9194076146	0.9197352599	0.9192046986	0.9190534016	0.9194158551	0.9196272095	0.9188708563	0.9191431909	0.9189601842	0.9184914601	0.9189074445	0.9198153583	0.9191667919	0.9198150287	0.9190059359	0.9191214358	0.9192270470	0.9201758341	0.9193951548	0.9195167857	0.9195349809	0.9190452269	0.9198698780	0.9196036084	0.9195279929	0.9195465837	0.9191815590	0.9191271712	0.9193654887	0.9203503366	0.9198324987	0.9196560844	0.9195247626	0.9197121204	0.9193063543	0.9190187912	0.9189064556	0.9194915366	0.9199245954	0.9193318672	0.9195987300
0.9195404527	0.9199332975	0.9196587214	0.9190539949	0.9194053731	0.9192632396	0.9194974039	0.9195825126	0.9195485614	0.9192015342	0.9190472706	0.9197502907	1.0000000000	0.9197733643	0.9190938793	0.9191810976	0.9197766606	0.9190400848	0.9192336395	0.9201445200	0.9191232817	0.9192826874	0.9187604985	0.9191283579	0.9189767312	0.9189693477	0.9190240651	0.9198435081	0.9196313627	0.9198641425	0.9189861585	0.9192368039	0.9190710694	0.9192228278	0.9201462340	0.9201965345	0.9194863945	0.9192294862	0.9189087630	0.9196802129	0.9190736404	0.9199618428	0.9185856005	0.9204098665	0.9184020004	0.9189604479	0.9188191714	0.9191283579	0.9192373972	0.9186105200	0.9193763663	0.9188796243	0.9190492483	0.9192933013	0.9190665865	0.9199190578	0.9195094022	0.9192993663	0.9196136949	0.9190588074	0.9191483990	0.9185402443	0.9192165650	0.9191795154	0.9206748835	0.9192022594	0.9195105229	0.9190025078	0.9195665588	0.9193401077	0.9193399759	0.9187147468	0.9193062884	0.9191854486	0.9185345089	0.9184136031	0.9189206953	0.9195697891	0.9195010957	0.9197297882	0.9189065875	0.9190388322	0.9189350669	0.9199405492	0.9194279193	0.9190730471	0.9190141105	0.9194240957	0.9200628393	0.9195734809	0.9197965039	0.9193590281	0.9186134866	0.9188305764	0.9192994982	0.9198292025	0.9192699640	0.9192577020	0.9192450444	0.9194436094	0.9189317047	0.9185995765	0.9191828775	0.9194313474	0.9202318701	0.9197825938	0.9199197170
0.9201660114	0.9202579762	0.9196748730	0.9197800227	0.9195876547	0.9194293038	0.9194327318	0.9192843355	0.9195846222	0.9196112557	0.9199429884	0.9193792010	0.9197733643	1.0000000000	0.9199260458	0.9193528312	0.9196894423	0.9190798374	0.9192114229	0.9199501082	0.9196429654	0.9198742290	0.9195310914	0.9196363071	0.9193511172	0.9199538000	0.9192229597	0.9190309872	0.9198481888	0.9196092120	0.9191374555	0.9191547277	0.9199199807	0.9195088748	0.9197808138	0.9204352475	0.9196196281	0.9189081037	0.9193490735	0.9195740083	0.9193316035	0.9203425575	0.9185846116	0.9196316264	0.9188111945	0.9195740083	0.9198206323	0.9198895894	0.9197295245	0.9191084486	0.9191191943	0.9191671215	0.9197842419	0.9190762115	0.9197757376	0.9199672486	0.9197438960	0.9192904665	0.9194267986	0.9192500547	0.9196620177	0.9190495120	0.9191164255	0.9196766529	0.9207146361	0.9193939022	0.9201309395	0.9190735086	0.9197566195	0.9195047215	0.9197735621	0.9198146991	0.9193626540	0.9193666754	0.9194623979	0.9186846193	0.9194807250	0.9196850913	0.9189977612	0.9196014329	0.9193677302	0.9195620759	0.9199290124	0.9197775176	0.9196666324	0.9195816556	0.9194788131	0.9195604937	0.9193609399	0.9191687697	0.9195157309	0.9195374861	0.9192983775	0.9194672104	0.9195293773	0.9198598574	0.9190746293	0.9200425346	0.9198827333	0.9195780297	0.9193619947	0.9190510942	0.9197566195	0.9193124853	0.9196723678	0.9195484955	0.9196819269
0.9203792775	0.9198100184	0.9197798909	0.9191717363	0.9193302191	0.9195657018	0.9192848629	0.9191578262	0.9192554605	0.9193004211	0.9201174909	0.9196384826	0.9190938793	0.9199260458	1.0000000000	0.9191982380	0.9195175768	0.9197147574	0.9196800810	0.9197986794	0.9200278993	0.9193562593	0.9189333528	0.9194043183	0.9195422326	0.9199173437	0.9189005224	0.9194445323	0.9193842772	0.9192085881	0.9188881945	0.9192770179	0.9196824543	0.9194063620	0.9194927892	0.9206758065	0.9193690487	0.9195655699	0.9192071378	0.9192486703	0.9194231728	0.9199176733	0.9189451534	0.9204051200	0.9186543599	0.9189190472	0.9197005836	0.9199280235	0.9188177211	0.9191459597	0.9195846881	0.9193321309	0.9194557395	0.9191088442	0.9197603772	0.9203794753	0.9200138574	0.9189396816	0.9197636075	0.9190379752	0.9188654505	0.9189644033	0.9190285480	0.9193890238	0.9207833954	0.9191985676	0.9199863668	0.9190255814	0.9198146991	0.9198063267	0.9189104111	0.9189889932	0.9184445218	0.9193049040	0.9191180736	0.9189205635	0.9191203151	0.9201115576	0.9189808186	0.9197260964	0.9194189536	0.9190522809	0.9190741678	0.9199479327	0.9190394915	0.9197166032	0.9190105506	0.9191967876	0.9194283808	0.9191511678	0.9198578138	0.9189665129	0.9187300413	0.9194610794	0.9194094604	0.9194137455	0.9193767618	0.9191116130	0.9191480034	0.9195095340	0.9188829205	0.9194447301	0.9192100385	0.9198497051	0.9194476308	0.9197173284	0.9197608387
0.9195423645	0.9197557625	0.9191817568	0.9193011463	0.9194459168	0.9184559927	0.9184590252	0.9191480034	0.9192824237	0.9199246613	0.9192088518	0.9198628241	0.9191810976	0.9193528312	0.9191982380	1.0000000000	0.9198948634	0.9192859177	0.9191456301	0.9193793329	0.9192559879	0.9193484142	0.9190011893	0.9195271359	0.9191058776	0.9192945538	0.9194565965	0.9191997542	0.9197222728	0.9190462158	0.9192967293	0.9187964933	0.9188870738	0.9187830447	0.9192946857	0.9200869018	0.9191701541	0.9188043384	0.9191720000	0.9190219555	0.9188221380	0.9191967876	0.9180069801	0.9201664069	0.9189750831	0.9183339662	0.9192132029	0.9190152971	0.9189224753	0.9185567914	0.9190356019	0.9187933290	0.9192617234	0.9191967217	0.9190031011	0.9197193721	0.9186959583	0.9190121328	0.9197189765	0.9189048734	0.9187050559	0.9187061766	0.9192337713	0.9189443623	0.9197465989	0.9189511525	0.9190297346	0.9186121681	0.9197612342	0.9192029186	0.9191711429	0.9187530490	0.9186717640	0.9188462664	0.9184927786	0.9180791676	0.9194042524	0.9194382695	0.9188968965	0.9202257391	0.9190290095	0.9190039581	0.9190570934	0.9194026702	0.9190656636	0.9194184262	0.9193232310	0.9189575472	0.9186178376	0.9188345318	0.9188847005	0.9197667719	0.9189077082	0.9192550650	0.9189178606	0.9193614673	0.9190544564	0.9193774870	0.9193131446	0.9196215399	0.9188237861	0.9189328255	0.9190238014	0.9185821724	0.9189068512	0.9191774717	0.9195680092
0.9201906672	0.9198814148	0.9201884257	0.9191914477	0.9189385609	0.9194157233	0.9199305946	0.9197951195	0.9197958446	0.9199275620	0.9200008702	0.9197275467	0.9197766606	0.9196894423	0.9195175768	0.9198948634	1.0000000000	0.9193389211	0.9195046556	0.9195887095	0.9194192173	0.9196434928	0.9197019680	0.9194120315	0.9193624562	0.9195517917	0.9193807832	0.9195069630	0.9199301990	0.9199766759	0.9194819775	0.9195624056	0.9199646776	0.9201306758	0.9213511383	0.9208790521	0.9198485184	0.9195405845	0.9195604278	0.9193552704	0.9194238979	0.9198893917	0.9187441492	0.9199902563	0.9188994017	0.9188092827	0.9195590434	0.9192288929	0.9191695608	0.9196543045	0.9196444817	0.9192251352	0.9192573724	0.9191466190	0.9193502601	0.9199903223	0.9193024648	0.9190878142	0.9194171736	0.9195401230	0.9189417253	0.9194785494	0.9194659578	0.9191264461	0.9203417664	0.9192567790	0.9196305716	0.9196796195	0.9195836333	0.9199755552	0.9193570504	0.9195197523	0.9194298971	0.9197913618	0.9193000915	0.9186777631	0.9196463276	0.9202016766	0.9196653139	0.9197924825	0.9189509547	0.9197759354	0.9194794065	0.9201673958	0.9192733261	0.9193892875	0.9193054314	0.9193672028	0.9197396109	0.9195840948	0.9200037050	0.9197301178	0.9198471340	0.9193791351	0.9191894700	0.9197237890	0.9196347249	0.9198712624	0.9199349456	0.9193339768	0.9190270977	0.9192756335	0.9195969501	0.9201001527	0.9193939022	0.9209927720	0.9200437212
0.9198125895	0.9195995870	0.9198716580	0.9192289588	0.9192153784	0.9188588580	0.9194814501	0.9190432492	0.9194146026	0.9194528388	0.9198483866	0.9195322121	0.9190400848	0.9190798374	0.9197147574	0.9192859177	0.9193389211	1.0000000000	0.9195179064	0.9195769090	0.9194510589	0.9191793176	0.9190596644	0.9194712977	0.9195394638	0.9188885241	0.9189122570	0.9196019603	0.9201550679	0.9193540178	0.9190337560	0.9194472353	0.9197982179	0.9187732219	0.9194811864	0.9210857257	0.9194352370	0.9189282107	0.9190305917	0.9194792746	0.9190135172	0.9199917726	0.9182630972	0.9207106147	0.9187655088	0.9191882833	0.9186845533	0.9192904006	0.9196347908	0.9192913895	0.9192347602	0.9186488881	0.9191886130	0.9188392125	0.9196732248	0.9201674617	0.9191418065	0.9195957634	0.9197658489	0.9185142700	0.9187206800	0.9189961790	0.9188566166	0.9192252671	0.9205342004	0.9188581329	0.9194642438	0.9190884735	0.9191826138	0.9190224829	0.9193116283	0.9190227466	0.9187512031	0.9192562516	0.9188940618	0.9184060877	0.9194637823	0.9201877665	0.9189284744	0.9196307694	0.9190555771	0.9194169759	0.9195994552	0.9196202874	0.9192110273	0.9194635846	0.9190566978	0.9190393596	0.9194184921	0.9187459951	0.9193483483	0.9190924290	0.9185368822	0.9194084716	0.9192296181	0.9196319560	0.9191085805	0.9196967599	0.9192972567	0.9200778042	0.9191388399	0.9188489034	0.9188032836	0.9186506681	0.9195734150	0.9193586985	0.9193808492
0.9201622537	0.9206974957	0.9199232110	0.9198031623	0.9191652757	0.9194798679	0.9194745940	0.9187247014	0.9196081572	0.9193118920	0.9200998231	0.9200514344	0.9192336395	0.9192114229	0.9196800810	0.9191456301	0.9195046556	0.9195179064	1.0000000000	0.9195754586	0.9191743073	0.9195379475	0.9195725580	0.9192939605	0.9190822106	0.9195841607	0.9192894776	0.9199379122	0.9201003505	0.9195945109	0.9192960042	0.9191674512	0.9198132487	0.9193587644	0.9201882939	0.9207023082	0.9194125589	0.9190321079	0.9191242046	0.9195971478	0.9192454400	0.9200700911	0.9186363624	0.9203266697	0.9189776542	0.9188599787	0.9201335765	0.9189862244	0.9192583612	0.9193432062	0.9187416441	0.9188734274	0.9193121557	0.9195479021	0.9192153124	0.9205345300	0.9189346713	0.9187834403	0.9198436400	0.9188665712	0.9186825756	0.9190440403	0.9189573494	0.9199007307	0.9202548118	0.9190495780	0.9202707656	0.9192199272	0.9194972061	0.9197837804	0.9192704913	0.9193246814	0.9191657371	0.9198055356	0.9191278305	0.9188749436	0.9195402549	0.9198689550	0.9198623626	0.9199195192	0.9188572758	0.9193849365	0.9191170188	0.9194466419	0.9195149398	0.9197072420	0.9195557472	0.9192276403	0.9193617969	0.9194007584	0.9193792010	0.9192112251	0.9184902076	0.9192710847	0.9194172396	0.9200115500	0.9198102821	0.9193623903	0.9192442534	0.9200126707	0.9190518194	0.9190636858	0.9192809734	0.9191382466	0.9194591017	0.9194250187	0.9192797208
0.9198164790	0.9202821046	0.9202473624	0.9193526993	0.9193625880	0.9194264031	0.9199569644	0.9191908544	0.9198363224	0.9195407164	0.9197438960	0.9194965469	0.9201445200	0.9199501082	0.9197986794	0.9193793329	0.9195887095	0.9195769090	0.9195754586	1.0000000000	0.9200178128	0.9194587721	0.9198053378	0.9196458002	0.9197490382	0.9195271359	0.9193209237	0.9195956975	0.9199680397	0.9198984893	0.9191623750	0.9195009638	0.9200175491	0.9197015065	0.9204234470	0.9203081449	0.9193643680	0.9195523191	0.9198855680	0.9202569874	0.9199781921	0.9198901828	0.9187388752	0.9202360233	0.9191616498	0.9193034537	0.9193835521	0.9195698550	0.9193479528	0.9193730701	0.9194290401	0.9191886130	0.9193963414	0.9190524786	0.9194151300	0.9209834107	0.9198745586	0.9192862473	0.9197934714	0.9193349656	0.9197668378	0.9189523391	0.9196769166	0.9196498875	0.9210090554	0.9197268216	0.9196467891	0.9192343647	0.9197804842	0.9196562163	0.9194089990	0.9197560262	0.9189966405	0.9195558790	0.9192527576	0.9183762239	0.9199150364	0.9200907914	0.9196360434	0.9199541296	0.9191330385	0.9196458002	0.9195114458	0.9198041511	0.9201869095	0.9197620253	0.9193861231	0.9188485079	0.9196097394	0.9192076652	0.9193208578	0.9196769826	0.9195664270	0.9195415734	0.9197523344	0.9197042753	0.9195094681	0.9199981014	0.9197423138	0.9196981444	0.9188820635	0.9194309519	0.9197223387	0.9190296687	0.9199339567	0.9198305210	0.9201054267
0.9198777230	0.9195496162	0.9197245142	0.9193627858	0.9189083015	0.9190408100	0.9193395804	0.9194550144	0.9192522962	0.9189764675	0.9196053884	0.9195539672	0.9191232817	0.9196429654	0.9200278993	0.9192559879	0.9194192173	0.9194510589	0.9191743073	0.9200178128	1.0000000000	0.9192592182	0.9193821677	0.9195451333	0.9194491471	0.9193269228	0.9190183956	0.9193344382	0.9196024877	0.9193517764	0.9191700882	0.9188270164	0.9194782198	0.9187402596	0.9193671368	0.9202537570	0.9194424887	0.9183909251	0.9192779408	0.9189353965	0.9187636629	0.9196683464	0.9181979637	0.9202664146	0.9188113923	0.9189997389	0.9200618505	0.9193248132	0.9193499964	0.9191172166	0.9191775376	0.9187279977	0.9195047874	0.9192599434	0.9192099066	0.9198489140	0.9193063543	0.9188767895	0.9200369310	0.9194273260	0.9190943408	0.9188457390	0.9193572481	0.9184455107	0.9196195622	0.9191533433	0.9193482165	0.9190007937	0.9187434240	0.9190990873	0.9196653798	0.9193490735	0.9190365249	0.9193188800	0.9188583306	0.9184718805	0.9192600753	0.9201257974	0.9187031441	0.9193643021	0.9191482671	0.9196475802	0.9187564112	0.9200116159	0.9186061030	0.9195034030	0.9193604785	0.9190152312	0.9193536223	0.9188752073	0.9188204240	0.9192075333	0.9189064556	0.9194896907	0.9192308047	0.9197802864	0.9199981673	0.9198403438	0.9194872515	0.9196616880	0.9187577956	0.9190319102	0.9191041635	0.9190326353	0.9196235177	0.9194561351	0.9194888337
0.9200453034	0.9191928321	0.9195128962	0.9193712242	0.9188443546	0.9189109385	0.9195751949	0.9195320143	0.9197243164	0.9195283885	0.9192397705	0.9196038062	0.9192826874	0.9198742290	0.9193562593	0.9193484142	0.9196434928	0.9191793176	0.9195379475	0.9194587721	0.9192592182	1.0000000000	0.9189052690	0.9195144124	0.9193410307	0.9189458785	0.9197752102	0.9195061059	0.9195034690	0.9191574306	0.9189998708	0.9193388552	0.9197692111	0.9189985523	0.9195580545	0.9209486025	0.9197151529	0.9190728493	0.9190036944	0.9193574459	0.9191133271	0.9197781768	0.9182456931	0.9198725809	0.9183795860	0.9182334312	0.9189937398	0.9197402702	0.9194268645	0.9192031823	0.9191354777	0.9187728264	0.9189479881	0.9191622431	0.9190476002	0.9204142835	0.9193854639	0.9188654505	0.9198425852	0.9187543675	0.9193430084	0.9186590405	0.9188160070	0.9192149828	0.9206228031	0.9192273107	0.9197946580	0.9197854285	0.9191348844	0.9193848046	0.9193993081	0.9190253836	0.9190278228	0.9188253683	0.9191157003	0.9184671339	0.9198234671	0.9192931694	0.9190942089	0.9194899544	0.9192450444	0.9193126831	0.9190611148	0.9196349226	0.9198647359	0.9196083550	0.9192557902	0.9189568220	0.9189524051	0.9189673700	0.9191269735	0.9192081926	0.9188438272	0.9194038569	0.9195108525	0.9199809610	0.9191755599	0.9193875735	0.9198974345	0.9199915748	0.9191716703	0.9186393950	0.9194614750	0.9187879231	0.9193018055	0.9194465101	0.9193795307
0.9196775099	0.9194058346	0.9192604708	0.9195880502	0.9183255938	0.9186880473	0.9192865110	0.9187103958	0.9193006189	0.9190626310	0.9194954921	0.9192522302	0.9187604985	0.9195310914	0.9189333528	0.9190011893	0.9197019680	0.9190596644	0.9195725580	0.9198053378	0.9193821677	0.9189052690	1.0000000000	0.9192760949	0.9191723296	0.9190588074	0.9190272954	0.9192697662	0.9195666907	0.9191215017	0.9190259110	0.9189232005	0.9190848476	0.9188367074	0.9190025078	0.9204070318	0.9192474177	0.9188875352	0.9191077894	0.9195765134	0.9183505133	0.9193498646	0.9182358704	0.9199724567	0.9186318796	0.9189793682	0.9190098913	0.9188052613	0.9193896171	0.9188055909	0.9186544258	0.9187577297	0.9192323210	0.9186459874	0.9191606609	0.9202967399	0.9189458126	0.9184930423	0.9193430744	0.9186761150	0.9188586603	0.9187333376	0.9189579427	0.9189336825	0.9199741707	0.9185744592	0.9192904006	0.9191211062	0.9193647636	0.9192751720	0.9190804307	0.9193279117	0.9189328255	0.9181965134	0.9191453005	0.9181050100	0.9189363195	0.9197448190	0.9189162784	0.9197417205	0.9187842973	0.9192414186	0.9190689598	0.9192043690	0.9192242782	0.9194109108	0.9192548013	0.9191195899	0.9193393167	0.9184636399	0.9186071578	0.9193577755	0.9186480970	0.9191853167	0.9190945385	0.9190663887	0.9191009992	0.9192025231	0.9197827916	0.9191529478	0.9185090620	0.9186476355	0.9187296458	0.9187243059	0.9191545959	0.9186805319	0.9193027285
0.9200030457	0.9195022164	0.9196908267	0.9192863792	0.9192062148	0.9186985953	0.9190874187	0.9187967570	0.9196872009	0.9193785418	0.9192329802	0.9194833619	0.9191283579	0.9196363071	0.9194043183	0.9195271359	0.9194120315	0.9194712977	0.9192939605	0.9196458002	0.9195451333	0.9195144124	0.9192760949	1.0000000000	0.9192238826	0.9191346207	0.9192497251	0.9196258910	0.9195937198	0.9191862397	0.9192565153	0.9189958494	0.9191635616	0.9192344965	0.9196223310	0.9205761944	0.9189263648	0.9192865110	0.9190732449	0.9192753698	0.9188875352	0.9198475955	0.9184485432	0.9202453846	0.9190034307	0.9187415122	0.9191292149	0.9187833743	0.9189779838	0.9189543169	0.9189597886	0.9190201096	0.9194585743	0.9190835951	0.9192405616	0.9199903223	0.9192987730	0.9191896018	0.9197880655	0.9187270088	0.9192387816	0.9186948376	0.9192424734	0.9190857046	0.9201926449	0.9188800858	0.9197516092	0.9190608511	0.9195472429	0.9188585284	0.9193507216	0.9191860419	0.9188458050	0.9192021275	0.9190147698	0.9186690610	0.9193198689	0.9198703395	0.9189277493	0.9197098130	0.9191310608	0.9191009992	0.9188200284	0.9198463429	0.9188144908	0.9194658919	0.9193832224	0.9191839323	0.9193072773	0.9189265626	0.9196695990	0.9189978271	0.9191009992	0.9198664499	0.9190292732	0.9193166386	0.9196233858	0.9190197800	0.9190698827	0.9191706156	0.9190951319	0.9186410431	0.9190392278	0.9192760949	0.9194483560	0.9196299783	0.9196061136
0.9199153660	0.9203742672	0.9198011845	0.9191600676	0.9191437183	0.9195976752	0.9191174803	0.9193900786	0.9195008979	0.9190854409	0.9197907025	0.9197080330	0.9189767312	0.9193511172	0.9195422326	0.9191058776	0.9193624562	0.9195394638	0.9190822106	0.9197490382	0.9194491471	0.9193410307	0.9191723296	0.9192238826	1.0000000000	0.9191683741	0.9195384749	0.9199797743	0.9194986565	0.9192157739	0.9194563988	0.9190508305	0.9195481658	0.9192976523	0.9193611377	0.9201943590	0.9195724261	0.9191818227	0.9192070719	0.9192339691	0.9188188418	0.9201513761	0.9183373943	0.9199824772	0.9185203351	0.9187595756	0.9190216259	0.9195246308	0.9196547660	0.9192176198	0.9192978501	0.9193180889	0.9191642868	0.9190963844	0.9189519436	0.9202306834	0.9192436600	0.9189703366	0.9191239409	0.9191354777	0.9189956516	0.9189802912	0.9192246737	0.9195807985	0.9202377374	0.9191778013	0.9193039811	0.9196747411	0.9191542003	0.9198062607	0.9192368039	0.9192037097	0.9190211644	0.9190893964	0.9185095235	0.9181831966	0.9195353105	0.9201311373	0.9193090573	0.9197328866	0.9193329220	0.9191068005	0.9192543398	0.9198050741	0.9195989937	0.9200193950	0.9192997619	0.9191190625	0.9191684400	0.9185944344	0.9193397122	0.9194325341	0.9186711706	0.9191398288	0.9191095694	0.9199435817	0.9195831718	0.9190352064	0.9194935143	0.9192228278	0.9190282843	0.9189307159	0.9196074980	0.9192816326	0.9193834861	0.9194099219	0.9191847234
0.9198880732	0.9192223005	0.9196271435	0.9192292885	0.9184148557	0.9191090420	0.9191202491	0.9196028833	0.9188053932	0.9196423721	0.9188660438	0.9197096152	0.9189693477	0.9199538000	0.9199173437	0.9192945538	0.9195517917	0.9188885241	0.9195841607	0.9195271359	0.9193269228	0.9189458785	0.9190588074	0.9191346207	0.9191683741	1.0000000000	0.9188941277	0.9195578568	0.9193571822	0.9195576590	0.9188781080	0.9187851543	0.9192102362	0.9198527376	0.9190276910	0.9202701723	0.9190016508	0.9190664547	0.9192054897	0.9190284161	0.9188258298	0.9201120850	0.9181162831	0.9201820970	0.9190512920	0.9191216336	0.9192673929	0.9191006036	0.9191426635	0.9192803800	0.9194275897	0.9185062932	0.9190883416	0.9191750984	0.9194029998	0.9200169558	0.9188995335	0.9190821447	0.9191723296	0.9184813737	0.9192241463	0.9187353153	0.9190081773	0.9187588504	0.9204181071	0.9189607775	0.9194527070	0.9193343064	0.9190123305	0.9190466773	0.9189380335	0.9189835215	0.9191690993	0.9192187405	0.9189897184	0.9185107101	0.9186908162	0.9201659455	0.9190868913	0.9193870461	0.9186202768	0.9195614167	0.9192929716	0.9199234747	0.9197245142	0.9200654104	0.9186671492	0.9191252594	0.9190125942	0.9187092751	0.9190209007	0.9194347755	0.9190217578	0.9189943990	0.9194039887	0.9194922618	0.9190744975	0.9194699133	0.9193888260	0.9191587491	0.9182183344	0.9193095187	0.9191600017	0.9197209543	0.9197144277	0.9196961666	0.9189071808
0.9200677837	0.9196169252	0.9192310684	0.9192787319	0.9191078553	0.9188089531	0.9189034890	0.9191901952	0.9194053072	0.9188253024	0.9193348997	0.9195279270	0.9190240651	0.9192229597	0.9189005224	0.9194565965	0.9193807832	0.9189122570	0.9192894776	0.9193209237	0.9190183956	0.9197752102	0.9190272954	0.9192497251	0.9195384749	0.9188941277	1.0000000000	0.9193478209	0.9197181854	0.9195567360	0.9191640890	0.9192958064	0.9194259416	0.9192399023	0.9194787472	0.9204310283	0.9188949847	0.9186531073	0.9191799109	0.9194487515	0.9191190625	0.9200588179	0.9183173532	0.9201141946	0.9185481553	0.9181723190	0.9189960472	0.9191214358	0.9188427065	0.9185182914	0.9185530337	0.9192528236	0.9191997542	0.9194058346	0.9189863562	0.9203248238	0.9189323640	0.9187713761	0.9191857782	0.9189845104	0.9192055556	0.9184207230	0.9184677273	0.9188515404	0.9201497939	0.9188136337	0.9196185733	0.9196193644	0.9196053884	0.9190549838	0.9187339309	0.9189062578	0.9191476079	0.9192233552	0.9188111945	0.9182733815	0.9196562163	0.9190021122	0.9193378004	0.9200234823	0.9192393090	0.9195213345	0.9190614444	0.9197061872	0.9196833772	0.9193874416	0.9189936079	0.9191140522	0.9194194810	0.9193230333	0.9191771421	0.9190318442	0.9186527117	0.9191096353	0.9193037833	0.9195374861	0.9194530366	0.9194527729	0.9190826721	0.9198098207	0.9187230533	0.9188581988	0.9193113646	0.9194198106	0.9190322398	0.9195239715	0.9192673929
0.9200606638	0.9197519388	0.9190968459	0.9194308859	0.9190775300	0.9191226224	0.9192299477	0.9189725121	0.9196576666	0.9192428689	0.9191214358	0.9197264919	0.9198435081	0.9190309872	0.9194445323	0.9191997542	0.9195069630	0.9196019603	0.9199379122	0.9195956975	0.9193344382	0.9195061059	0.9192697662	0.9196258910	0.9199797743	0.9195578568	0.9193478209	1.0000000000	0.9200944832	0.9198183249	0.9193437995	0.9194821094	0.9201836792	0.9192276403	0.9195714372	0.9209100366	0.9189419230	0.9188200284	0.9186778290	0.9195514621	0.9185471005	0.9196201555	0.9185790739	0.9202432750	0.9187107254	0.9189719847	0.9186773676	0.9191020539	0.9193231651	0.9189801593	0.9191729888	0.9193583029	0.9189913006	0.9191773399	0.9193366797	0.9201162383	0.9191616498	0.9185234995	0.9194900863	0.9201904035	0.9189724461	0.9183569080	0.9194964150	0.9192998278	0.9203503366	0.9221523202	0.9193788714	0.9196863438	0.9194011539	0.9195491547	0.9194580469	0.9187620148	0.9193043766	0.9189671722	0.9189277493	0.9186768402	0.9190926927	0.9194395880	0.9191003399	0.9199421314	0.9191849871	0.9191542662	0.9191412132	0.9195698550	0.9192840059	0.9186886407	0.9192368698	0.9192076652	0.9192048304	0.9193569185	0.9192007431	0.9191623750	0.9194708363	0.9194345118	0.9192139940	0.9199419995	0.9198628241	0.9191409495	0.9193844750	0.9191224906	0.9188202262	0.9187693324	0.9189932124	0.9190837269	0.9191280942	0.9194529048	0.9193670709
