1.0000000000	0.9166064602	0.9165745305	0.9172862467	0.9166701434	0.9167086443	0.9170814376	0.9167148186	0.9166166919	0.9172199616	0.9162329613	0.9167052926	0.9166228220	0.9174739003	0.9168066828	0.9166703198	0.9176416639	0.9176932190	0.9166352147	0.9176558647	0.9168343788	0.9171836658	0.9164744192	0.9163754986	0.9169427371	0.9165725459	0.9167729008	0.9165926122	0.9172309871	0.9168046100	0.9165959199	0.9169879416	0.9166404628	0.9166458432	0.9164462381	0.9167118197	0.9168543570	0.9169050300	0.9168291307	0.9168482268	0.9171003573	0.9165349270	0.9168684696	0.9168468155	0.9171867088	0.9165688854	0.9169650527	0.9169412377	0.9167702547	0.9168953276	0.9164816960	0.9168590318	0.9166735392	0.9169105428	0.9168188108	0.9169712711	0.9165938030	0.9173733921	0.9166975306	0.9173517381	0.9167050721	0.9167964071	0.9169131007	0.9169406643	0.9163627532	0.9169339609	0.9164015188	0.9166765822	0.9167166709	0.9161788042	0.9172114058	0.9169892205	0.9166054018	0.9168704982	0.9168745997	0.9171181303	0.9165500098	0.9165156986	0.9173850350	0.9165033941	0.9170167842	0.9170920661	0.9166457550	0.9164836806	0.9170542708	0.9167246974	0.9166119289	0.9170549764	0.9172762356	0.9168781279	0.9165450704	0.9168297040	0.9172004245	0.9172089361	0.9170488463	0.9168336732	0.9167680937	0.9167731213	0.9165287527	0.9174036901	0.9169455156	0.9170184601	0.9165423802	0.9167743120	0.9171186155	0.9171116033	0.9163758074	0.9170022306
0.9166064602	1.0000000000	0.9163112863	0.9171654517	0.9165362059	0.9166097238	0.9168123720	0.9166794930	0.9168231328	0.9176813115	0.9167584353	0.9165007921	0.9166428884	0.9170631794	0.9165811017	0.9167705634	0.9174637127	0.9174731947	0.9168694398	0.9175482120	0.9170432894	0.9167766494	0.9167640363	0.9165581246	0.9169134976	0.9160189349	0.9161739530	0.9166586328	0.9170474791	0.9167624045	0.9168544011	0.9166092387	0.9167064833	0.9162150119	0.9163792473	0.9168827145	0.9167761643	0.9167719746	0.9168924169	0.9166376403	0.9164896784	0.9169137181	0.9167668147	0.9162860600	0.9167272112	0.9163342193	0.9170671486	0.9168439930	0.9168851401	0.9162101166	0.9167142453	0.9165465699	0.9166211903	0.9162442955	0.9167625809	0.9168658234	0.9166325686	0.9165862175	0.9170121094	0.9170308968	0.9169029572	0.9162962476	0.9172837770	0.9166409038	0.9166836826	0.9171219672	0.9162843400	0.9167691521	0.9167733418	0.9166829329	0.9168486678	0.9165809693	0.9167226687	0.9165522149	0.9167086443	0.9167768258	0.9166925912	0.9162851780	0.9172450115	0.9164883554	0.9167207282	0.9170600041	0.9170074346	0.9165772207	0.9166170888	0.9166943994	0.9167687111	0.9162102048	0.9167559656	0.9166003301	0.9165751038	0.9169167170	0.9168384803	0.9167291517	0.9166346854	0.9165137140	0.9166151924	0.9168139155	0.9169250964	0.9167041018	0.9167490416	0.9166464607	0.9168321737	0.9165177713	0.9171122207	0.9166945317	0.9166210580	0.9173401834
0.9165745305	0.9163112863	1.0000000000	0.9164338013	0.9161481975	0.9165194031	0.9164575282	0.9164004162	0.9166914446	0.9170550646	0.9164723905	0.9161956070	0.9166011680	0.9170651199	0.9164876939	0.9165494365	0.9173283199	0.9170904785	0.9161775694	0.9173941200	0.9168298363	0.9166072982	0.9164283327	0.9163406141	0.9163569318	0.9160060571	0.9157097365	0.9160811626	0.9168434638	0.9165640342	0.9166826683	0.9163927866	0.9160339295	0.9165995803	0.9158575220	0.9164521918	0.9164030623	0.9165152134	0.9167093058	0.9164576164	0.9162748140	0.9165773089	0.9165543318	0.9164793145	0.9164686859	0.9165073633	0.9166570892	0.9165566251	0.9166399336	0.9163023777	0.9162315942	0.9162008993	0.9161756730	0.9164709792	0.9165395136	0.9164075166	0.9164738900	0.9164666132	0.9166567364	0.9169411936	0.9162257286	0.9163400848	0.9165382787	0.9162685075	0.9162050890	0.9166204405	0.9162098079	0.9163936686	0.9166553251	0.9163967999	0.9167815447	0.9165969342	0.9161945927	0.9165329865	0.9166120612	0.9161183846	0.9166132078	0.9159754063	0.9169996286	0.9165136699	0.9169862216	0.9162489703	0.9162322116	0.9164041649	0.9167290194	0.9165036146	0.9160609640	0.9162508667	0.9160926732	0.9163336019	0.9163716177	0.9166897687	0.9164079576	0.9167397361	0.9166162509	0.9162264343	0.9164661280	0.9163043623	0.9164026654	0.9166164273	0.9162535128	0.9166223810	0.9169945569	0.9161768637	0.9164898548	0.9160676675	0.9165371762	0.9165680475
0.9172862467	0.9171654517	0.9164338013	1.0000000000	0.9170867739	0.9165732074	0.9170559908	0.9167154801	0.9170909195	0.9175540334	0.9169837960	0.9168409059	0.9169486027	0.9175383331	0.9172121997	0.9171708321	0.9175288071	0.9173369198	0.9168180170	0.9179327804	0.9169587020	0.9169033983	0.9169484704	0.9164160283	0.9172701937	0.9168920641	0.9164536472	0.9165772207	0.9175380685	0.9170632676	0.9169317558	0.9169348870	0.9166449171	0.9166211903	0.9168458453	0.9169721531	0.9169307855	0.9172173155	0.9172536996	0.9169833109	0.9167635512	0.9169811940	0.9169133212	0.9164150139	0.9170274569	0.9171260246	0.9171083397	0.9170404228	0.9171772710	0.9172725311	0.9169932338	0.9168710716	0.9174572739	0.9167420294	0.9169629799	0.9168549744	0.9167268584	0.9167235508	0.9166181913	0.9173486950	0.9169487350	0.9166124581	0.9170390116	0.9171583072	0.9166643660	0.9172031147	0.9167579061	0.9168848755	0.9171751100	0.9167215662	0.9172542288	0.9168051833	0.9169071910	0.9170204006	0.9171456058	0.9174162150	0.9169504109	0.9166525467	0.9171951763	0.9166697906	0.9173356850	0.9170391880	0.9167153919	0.9165639019	0.9171982635	0.9173927969	0.9170640173	0.9172333686	0.9167257117	0.9171488694	0.9169721090	0.9170731905	0.9173094002	0.9170124622	0.9170239287	0.9165272091	0.9169667727	0.9172376465	0.9169295066	0.9170337193	0.9166984127	0.9168406854	0.9170672368	0.9168233974	0.9169741818	0.9170157699	0.9169386798	0.9170838632
0.9166701434	0.9165362059	0.9161481975	0.9170867739	1.0000000000	0.9165860852	0.9164729638	0.9167609933	0.9170549323	0.9172720459	0.9164181452	0.9166906948	0.9165006157	0.9167787222	0.9164072520	0.9166760089	0.9169007962	0.9170199154	0.9166463724	0.9170141381	0.9162353428	0.9163720587	0.9163692362	0.9160471601	0.9165538026	0.9164621589	0.9164751689	0.9160034551	0.9170701475	0.9163291476	0.9168176201	0.9164672306	0.9162594666	0.9164965583	0.9162263020	0.9168695721	0.9163418489	0.9164080458	0.9165185211	0.9166780376	0.9164629527	0.9163953445	0.9167188319	0.9163608568	0.9161456837	0.9166446084	0.9166970455	0.9163668106	0.9165320604	0.9163802617	0.9169643912	0.9164461058	0.9165587420	0.9166398013	0.9164973522	0.9166269676	0.9162277132	0.9164507365	0.9164118827	0.9166839032	0.9167567154	0.9164738018	0.9166535611	0.9164377705	0.9165551697	0.9166927676	0.9164543969	0.9163198421	0.9164541323	0.9162597312	0.9166551487	0.9167331209	0.9162281101	0.9167871016	0.9163493903	0.9165285322	0.9165811899	0.9166461960	0.9170029803	0.9165029090	0.9164026654	0.9166189852	0.9162771955	0.9163417166	0.9166196467	0.9163496990	0.9165697234	0.9165445853	0.9165204616	0.9163335137	0.9162802386	0.9166845647	0.9167549513	0.9170921984	0.9169926164	0.9164601743	0.9165344860	0.9163537564	0.9168405972	0.9168554595	0.9163813201	0.9165397341	0.9161428612	0.9163504488	0.9166160745	0.9166744212	0.9164226877	0.9163623563
0.9167086443	0.9166097238	0.9165194031	0.9165732074	0.9165860852	1.0000000000	0.9164374618	0.9161760699	0.9165979927	0.9167815006	0.9160916589	0.9163664137	0.9166643660	0.9170054500	0.9163796883	0.9165986983	0.9170864211	0.9169244349	0.9163685747	0.9170445243	0.9163571964	0.9164428422	0.9159690115	0.9158066725	0.9164113094	0.9158207851	0.9162152765	0.9160204343	0.9163395997	0.9162501611	0.9164878703	0.9162652880	0.9160171267	0.9165071869	0.9161288809	0.9165603738	0.9162156734	0.9165510683	0.9168786130	0.9162699628	0.9161010967	0.9166370669	0.9162983203	0.9164395787	0.9164249810	0.9163585194	0.9163504488	0.9161471391	0.9164994691	0.9162987173	0.9164096335	0.9164151021	0.9160600819	0.9160803688	0.9159742597	0.9161419791	0.9165315311	0.9164895902	0.9163683541	0.9164941327	0.9164177042	0.9163051120	0.9161969742	0.9165218728	0.9158367941	0.9165051141	0.9161713069	0.9163401730	0.9164689947	0.9162023546	0.9168879626	0.9165132729	0.9163105366	0.9164536472	0.9166508267	0.9161457719	0.9161059920	0.9161057274	0.9166846088	0.9163198421	0.9162593784	0.9162139093	0.9163144616	0.9162679341	0.9167467924	0.9162035895	0.9162958947	0.9163928307	0.9159784934	0.9162501170	0.9164621589	0.9168679844	0.9164418720	0.9171299938	0.9164932507	0.9162248025	0.9164580574	0.9166065043	0.9163040095	0.9164499426	0.9161150770	0.9165230195	0.9163105807	0.9164423130	0.9166389633	0.9165363382	0.9163160052	0.9166600881
0.9170814376	0.9168123720	0.9164575282	0.9170559908	0.9164729638	0.9164374618	1.0000000000	0.9162418258	0.9170736315	0.9172161247	0.9164831514	0.9166696141	0.9165050259	0.9175430961	0.9164594686	0.9166594266	0.9173009768	0.9169347106	0.9166587210	0.9173059162	0.9167747089	0.9173396541	0.9163934040	0.9164615414	0.9167346203	0.9160081740	0.9164615855	0.9164594686	0.9170649435	0.9167531431	0.9167306512	0.9167449843	0.9166343326	0.9167326798	0.9162503816	0.9162908671	0.9165722372	0.9168264846	0.9169626271	0.9173607348	0.9170144909	0.9170619886	0.9168611045	0.9165814545	0.9169126155	0.9165231518	0.9169217887	0.9167381485	0.9166354352	0.9166949727	0.9165404838	0.9169351075	0.9163833929	0.9164081781	0.9163982111	0.9168163411	0.9167896595	0.9170727495	0.9168277635	0.9172332363	0.9168389213	0.9165072310	0.9171208647	0.9169048977	0.9162305798	0.9166865934	0.9166638809	0.9162943512	0.9166306281	0.9166122817	0.9170708531	0.9168852724	0.9163125212	0.9166921061	0.9169282717	0.9170626061	0.9165244748	0.9163273394	0.9169114248	0.9168026254	0.9167571564	0.9168267933	0.9165161396	0.9168452720	0.9168016993	0.9165473637	0.9164387408	0.9167082033	0.9168937399	0.9166687762	0.9163174606	0.9168372454	0.9171417249	0.9170103453	0.9167836616	0.9166662183	0.9165723254	0.9167675203	0.9165895692	0.9170144909	0.9165528764	0.9170720439	0.9168550185	0.9169143355	0.9170560349	0.9167161416	0.9167312245	0.9169000465
0.9167148186	0.9166794930	0.9164004162	0.9167154801	0.9167609933	0.9161760699	0.9162418258	1.0000000000	0.9181272698	0.9170633117	0.9159990449	0.9164580574	0.9167608610	0.9172347798	0.9165418069	0.9167437935	0.9174950692	0.9169726823	0.9171924861	0.9172885841	0.9162322116	0.9167052485	0.9164024449	0.9160622870	0.9166825360	0.9160313275	0.9164315521	0.9162420904	0.9170586369	0.9165479370	0.9165148606	0.9166121935	0.9162910876	0.9165965373	0.9160853964	0.9170731023	0.9165610794	0.9166582359	0.9172779115	0.9163744843	0.9164093689	0.9166856672	0.9164267450	0.9165556549	0.9169106310	0.9166418300	0.9163758515	0.9166484011	0.9167334737	0.9166760530	0.9167045869	0.9165209467	0.9165034823	0.9167662414	0.9164831955	0.9165924358	0.9163874944	0.9164450473	0.9166830652	0.9167993178	0.9165507155	0.9165467904	0.9165642547	0.9166992506	0.9165496570	0.9166663506	0.9164937799	0.9163294122	0.9165814545	0.9163459504	0.9166972660	0.9164762274	0.9162708449	0.9164792263	0.9167235949	0.9163389382	0.9168726592	0.9164317286	0.9167698136	0.9166432853	0.9168841257	0.9164000193	0.9165080689	0.9167221836	0.9166024911	0.9168580615	0.9163058618	0.9167579061	0.9161669849	0.9168737177	0.9164378146	0.9169996727	0.9168162088	0.9170089782	0.9170119771	0.9165763828	0.9165759858	0.9168325706	0.9166141340	0.9170344691	0.9166676737	0.9165496570	0.9162817380	0.9168977091	0.9170794530	0.9166820509	0.9164281122	0.9169279630
0.9166166919	0.9168231328	0.9166914446	0.9170909195	0.9170549323	0.9165979927	0.9170736315	0.9181272698	1.0000000000	0.9174854109	0.9167252707	0.9165112884	0.9168643681	0.9171746690	0.9168558564	0.9170314701	0.9174961717	0.9170942712	0.9164730520	0.9176651702	0.9167471012	0.9167133191	0.9170827165	0.9165876728	0.9168562533	0.9166306281	0.9162240528	0.9166203523	0.9172583744	0.9168241472	0.9166735833	0.9165332952	0.9167255353	0.9168349080	0.9166494155	0.9164464586	0.9169413700	0.9167110258	0.9171880759	0.9170154170	0.9172430269	0.9171389905	0.9170255164	0.9167104966	0.9167489093	0.9168569149	0.9169880298	0.9169869713	0.9166600440	0.9167448961	0.9170022306	0.9176315645	0.9169747110	0.9166300989	0.9166721721	0.9168994291	0.9168359665	0.9167600671	0.9169291979	0.9173187939	0.9170463766	0.9167631101	0.9169641266	0.9168099022	0.9165961845	0.9168625599	0.9165061725	0.9167787663	0.9168709834	0.9165386315	0.9173982655	0.9171001368	0.9168064623	0.9171812843	0.9168127248	0.9166053577	0.9169527924	0.9165824247	0.9170994752	0.9166844324	0.9170853626	0.9170778212	0.9165534498	0.9170865975	0.9166813893	0.9168420525	0.9167276081	0.9167717100	0.9168539600	0.9172473930	0.9169457361	0.9167533636	0.9170423192	0.9173082977	0.9164983224	0.9167890862	0.9165560959	0.9166831975	0.9171097951	0.9169595400	0.9167642127	0.9168372454	0.9169374890	0.9164824898	0.9172139196	0.9165964491	0.9168576205	0.9171911190
0.9172199616	0.9176813115	0.9170550646	0.9175540334	0.9172720459	0.9167815006	0.9172161247	0.9170633117	0.9174854109	1.0000000000	0.9169346224	0.9170848334	0.9173981332	0.9178503540	0.9173912974	0.9173103264	0.9180938846	0.9178429890	0.9171191888	0.9179853058	0.9169752402	0.9175296892	0.9171301261	0.9169316235	0.9172887606	0.9170653404	0.9169741818	0.9169594518	0.9179391752	0.9173373608	0.9173031378	0.9167071007	0.9170093310	0.9170342045	0.9169277425	0.9171266420	0.9171446356	0.9174070859	0.9177196360	0.9175440664	0.9168284250	0.9177148289	0.9169045449	0.9168790099	0.9174254764	0.9171807550	0.9170142704	0.9172026737	0.9171908103	0.9172432915	0.9171084720	0.9172165217	0.9172609764	0.9174102172	0.9171999394	0.9175281015	0.9170692214	0.9169518662	0.9172696203	0.9175149150	0.9175284543	0.9172934354	0.9170098602	0.9172925092	0.9171177775	0.9169779745	0.9170144468	0.9168246764	0.9174349142	0.9172443059	0.9175438459	0.9172552431	0.9166624696	0.9173339209	0.9172105679	0.9170070818	0.9168916230	0.9170168724	0.9171840186	0.9173064895	0.9173204698	0.9175401413	0.9167735623	0.9175140771	0.9173513411	0.9170939184	0.9170515365	0.9172072162	0.9175753346	0.9179891426	0.9173227631	0.9174077033	0.9174071741	0.9176232293	0.9171135879	0.9164977932	0.9171633348	0.9175342317	0.9172422331	0.9173727305	0.9168363193	0.9169887354	0.9172310753	0.9174129074	0.9174130397	0.9172852765	0.9173665122	0.9172679886
0.9162329613	0.9167584353	0.9164723905	0.9169837960	0.9164181452	0.9160916589	0.9164831514	0.9159990449	0.9167252707	0.9169346224	1.0000000000	0.9165456437	0.9163088166	0.9171445474	0.9164252015	0.9162376802	0.9169138063	0.9168749525	0.9161883743	0.9172652101	0.9164534267	0.9167555246	0.9160883513	0.9162730941	0.9164217174	0.9161643388	0.9165321927	0.9158689885	0.9170369388	0.9164284209	0.9166798899	0.9162749904	0.9163890820	0.9164566461	0.9161905353	0.9167726803	0.9164563815	0.9164986752	0.9169467063	0.9162867215	0.9166440791	0.9168271461	0.9166543108	0.9162614071	0.9166484893	0.9160484831	0.9166918856	0.9164155432	0.9164293471	0.9167995383	0.9162201718	0.9165525236	0.9167031757	0.9167285784	0.9164590276	0.9163960942	0.9163298973	0.9163646055	0.9166992947	0.9168766725	0.9165313988	0.9159212492	0.9166783904	0.9168076531	0.9163457299	0.9163350572	0.9166678060	0.9163504929	0.9163793796	0.9164715526	0.9167144658	0.9165312665	0.9159765089	0.9164691711	0.9167340911	0.9160701813	0.9167048957	0.9160028818	0.9167511144	0.9164039003	0.9164910897	0.9164484432	0.9162199954	0.9163107130	0.9161600609	0.9167152596	0.9158112150	0.9163101838	0.9162904702	0.9165659747	0.9163645173	0.9166315983	0.9167334737	0.9161430817	0.9159595296	0.9161223979	0.9164549703	0.9164397992	0.9162652880	0.9165280030	0.9164495457	0.9166802868	0.9161748351	0.9165725900	0.9165925681	0.9163784535	0.9162772837	0.9165030854
0.9167052926	0.9165007921	0.9161956070	0.9168409059	0.9166906948	0.9163664137	0.9166696141	0.9164580574	0.9165112884	0.9170848334	0.9165456437	1.0000000000	0.9170146232	0.9172403367	0.9164001516	0.9168986794	0.9174329737	0.9173703931	0.9164849154	0.9174043957	0.9162995993	0.9161840524	0.9165192267	0.9164465027	0.9167320183	0.9163756751	0.9169439279	0.9164409900	0.9172663568	0.9167029993	0.9167623604	0.9164518390	0.9162289040	0.9166650716	0.9161467863	0.9164519713	0.9164368885	0.9165138463	0.9169247436	0.9166257769	0.9163114627	0.9167213898	0.9165103622	0.9164878262	0.9163919046	0.9165384551	0.9166641896	0.9166143545	0.9169149971	0.9167167150	0.9167045869	0.9161990911	0.9166981481	0.9161399946	0.9163000844	0.9168324383	0.9164980137	0.9163680454	0.9164311552	0.9170696624	0.9163302942	0.9165273856	0.9165347065	0.9163609009	0.9159336418	0.9167032198	0.9167339588	0.9162136888	0.9166872990	0.9164861062	0.9167575974	0.9167436612	0.9166928999	0.9166427561	0.9166676737	0.9167169796	0.9165991393	0.9162723443	0.9166651158	0.9165853354	0.9167635512	0.9167763848	0.9165096566	0.9166192498	0.9166206610	0.9164801083	0.9163341752	0.9166921061	0.9163318378	0.9164850918	0.9162507344	0.9172854529	0.9167339147	0.9171476345	0.9169505873	0.9162458832	0.9164218056	0.9167104966	0.9166686439	0.9169326819	0.9164356977	0.9163616066	0.9161253527	0.9166611466	0.9166096797	0.9167212134	0.9165044085	0.9164789176
0.9166228220	0.9166428884	0.9166011680	0.9169486027	0.9165006157	0.9166643660	0.9165050259	0.9167608610	0.9168643681	0.9173981332	0.9163088166	0.9170146232	1.0000000000	0.9172007332	0.9168534308	0.9167721951	0.9176063824	0.9174843524	0.9164344629	0.9172368085	0.9163374387	0.9166079597	0.9168106520	0.9164378587	0.9171755951	0.9162881769	0.9164264363	0.9166027557	0.9172618584	0.9165008362	0.9168152827	0.9166624696	0.9173970748	0.9162872067	0.9164354772	0.9166867698	0.9166401982	0.9168317327	0.9165610794	0.9168667496	0.9164112212	0.9168277635	0.9169609953	0.9165138463	0.9167847642	0.9168479622	0.9170163873	0.9169223621	0.9170785269	0.9167009265	0.9166585446	0.9164436802	0.9164888405	0.9163411874	0.9162767104	0.9168915348	0.9165455555	0.9169269046	0.9169490878	0.9169450304	0.9167766053	0.9165907159	0.9170237964	0.9164211441	0.9164979696	0.9166333624	0.9168450074	0.9167878072	0.9166187647	0.9164611445	0.9172618584	0.9175854781	0.9164728315	0.9167745325	0.9171634671	0.9167136278	0.9169957917	0.9168774222	0.9172811309	0.9165917743	0.9170143145	0.9168178406	0.9167687111	0.9165304286	0.9166323039	0.9173240421	0.9165202851	0.9166434176	0.9165257097	0.9166659978	0.9163777478	0.9166106940	0.9168736295	0.9168195165	0.9168024931	0.9166067248	0.9170142704	0.9167414561	0.9168290866	0.9170663988	0.9163681336	0.9168812150	0.9165839242	0.9168748643	0.9170143586	0.9168901236	0.9165681798	0.9163779243
0.9174739003	0.9170631794	0.9170651199	0.9175383331	0.9167787222	0.9170054500	0.9175430961	0.9172347798	0.9171746690	0.9178503540	0.9171445474	0.9172403367	0.9172007332	1.0000000000	0.9173920031	0.9171475904	0.9176916754	0.9174639774	0.9173527524	0.9178784910	0.9166594707	0.9172187709	0.9170268394	0.9167447197	0.9174677260	0.9167741797	0.9166809924	0.9170373357	0.9178798141	0.9173830504	0.9172463345	0.9169615686	0.9167537164	0.9171827396	0.9169260666	0.9172358383	0.9173108997	0.9173864462	0.9177279272	0.9174906149	0.9173160155	0.9173062690	0.9173817273	0.9172482309	0.9175394357	0.9171715818	0.9172569190	0.9173303927	0.9177371445	0.9173539872	0.9171341393	0.9171875908	0.9167935846	0.9172796756	0.9171332573	0.9172723988	0.9172728839	0.9171958379	0.9173557072	0.9176602749	0.9174189052	0.9171314050	0.9171680096	0.9170260456	0.9171660250	0.9176309471	0.9170553734	0.9170756161	0.9173146925	0.9170198272	0.9173271292	0.9172438648	0.9171479432	0.9171015921	0.9170024952	0.9170021424	0.9171933682	0.9168707188	0.9175602959	0.9170392321	0.9172137432	0.9171218790	0.9171233785	0.9171417690	0.9171406223	0.9172490689	0.9170867298	0.9167953927	0.9175087408	0.9170582400	0.9170746459	0.9176214211	0.9175997230	0.9175376716	0.9172295758	0.9170123740	0.9168751730	0.9171317578	0.9171823427	0.9173939877	0.9172924210	0.9171372706	0.9172006450	0.9172450556	0.9174876601	0.9172971840	0.9173971189	0.9174627425
0.9168066828	0.9165811017	0.9164876939	0.9172121997	0.9164072520	0.9163796883	0.9164594686	0.9165418069	0.9168558564	0.9173912974	0.9164252015	0.9164001516	0.9168534308	0.9173920031	1.0000000000	0.9167257558	0.9169496611	0.9172779115	0.9165167129	0.9174172294	0.9164546174	0.9167365167	0.9166672767	0.9163866564	0.9166389192	0.9162095432	0.9166205287	0.9161684844	0.9170242815	0.9165146401	0.9171038413	0.9165037469	0.9167736946	0.9165047613	0.9163310880	0.9168920641	0.9167354142	0.9170014809	0.9166622932	0.9165480252	0.9165365146	0.9166319952	0.9167339147	0.9166418741	0.9163448478	0.9166227338	0.9164567784	0.9163944184	0.9168035516	0.9166685116	0.9168427582	0.9169488673	0.9166476514	0.9162608778	0.9165045849	0.9171321106	0.9163914194	0.9165377936	0.9162424433	0.9168207954	0.9171688916	0.9163725438	0.9167743120	0.9166213226	0.9166491068	0.9169149529	0.9162251553	0.9165814545	0.9170974025	0.9164053556	0.9170284271	0.9166549723	0.9163197539	0.9170633558	0.9168568267	0.9162372833	0.9165297671	0.9166014767	0.9166651599	0.9166828447	0.9163348367	0.9164147052	0.9165392490	0.9166128550	0.9165122145	0.9165516857	0.9167402213	0.9168499468	0.9164968229	0.9167480714	0.9162781217	0.9167704752	0.9166963840	0.9170597394	0.9165042321	0.9162676254	0.9169174668	0.9162983644	0.9167687993	0.9165101417	0.9167103202	0.9165335598	0.9162986291	0.9167528344	0.9171997188	0.9165804842	0.9167400449	0.9166873872
0.9166703198	0.9167705634	0.9165494365	0.9171708321	0.9166760089	0.9165986983	0.9166594266	0.9167437935	0.9170314701	0.9173103264	0.9162376802	0.9168986794	0.9167721951	0.9171475904	0.9167257558	1.0000000000	0.9173630722	0.9170443479	0.9165338244	0.9177457002	0.9167298132	0.9167987886	0.9165267681	0.9162669639	0.9168104756	0.9166611466	0.9164151903	0.9164623794	0.9175587964	0.9167236831	0.9170015250	0.9165051582	0.9164110007	0.9162747258	0.9164096776	0.9166102530	0.9170334547	0.9164558523	0.9170215472	0.9167584794	0.9167974214	0.9166259974	0.9164417838	0.9163447155	0.9164280240	0.9165108914	0.9169539831	0.9163114186	0.9165243866	0.9166387869	0.9163310880	0.9162228620	0.9168095935	0.9162449130	0.9164947943	0.9164262158	0.9161710864	0.9168910497	0.9163675162	0.9169117335	0.9167395156	0.9160654183	0.9167764289	0.9166163832	0.9165085099	0.9167710044	0.9166871667	0.9164851359	0.9167825150	0.9163098309	0.9169934984	0.9169783274	0.9164358300	0.9167168914	0.9167844996	0.9166005947	0.9166911800	0.9160328270	0.9169187457	0.9166100766	0.9169171580	0.9166605292	0.9162005465	0.9167396920	0.9163594456	0.9164986752	0.9164323901	0.9167626250	0.9164602184	0.9170207975	0.9161616045	0.9170714264	0.9167902328	0.9172574923	0.9165499216	0.9163161375	0.9164370208	0.9165510683	0.9165949496	0.9170712059	0.9165641665	0.9166086212	0.9163450242	0.9166808601	0.9167564067	0.9168467714	0.9165297671	0.9165215641
0.9176416639	0.9174637127	0.9173283199	0.9175288071	0.9169007962	0.9170864211	0.9173009768	0.9174950692	0.9174961717	0.9180938846	0.9169138063	0.9174329737	0.9176063824	0.9176916754	0.9169496611	0.9173630722	1.0000000000	0.9175885211	0.9174115843	0.9183869858	0.9169507196	0.9173108556	0.9169640383	0.9169097489	0.9175159735	0.9169406202	0.9171841950	0.9168370249	0.9179075100	0.9175417290	0.9174518493	0.9170601805	0.9170277656	0.9172601825	0.9167936728	0.9169594077	0.9168989881	0.9172901277	0.9174312979	0.9172206231	0.9169923959	0.9171525298	0.9167524816	0.9173519586	0.9174193021	0.9169508078	0.9173271292	0.9173316276	0.9171108094	0.9172167422	0.9170916251	0.9173185734	0.9175268225	0.9167068802	0.9173444171	0.9173579564	0.9171389023	0.9171480314	0.9173076362	0.9179233867	0.9169453391	0.9171344921	0.9173243067	0.9169972912	0.9167102761	0.9176813115	0.9172901718	0.9169926164	0.9171816812	0.9171724198	0.9173919590	0.9172975809	0.9169900585	0.9172619466	0.9172585508	0.9173165006	0.9171939856	0.9169581287	0.9176073085	0.9168826704	0.9172657835	0.9174534370	0.9171145581	0.9172549344	0.9171276564	0.9173648804	0.9168368485	0.9173715398	0.9169897498	0.9170211944	0.9169202011	0.9176280364	0.9176965707	0.9176994373	0.9173674383	0.9170435982	0.9171743603	0.9178448854	0.9174806479	0.9174532606	0.9173607789	0.9172239749	0.9171411074	0.9171186596	0.9171074136	0.9176053680	0.9169429576	0.9173378460
0.9176932190	0.9174731947	0.9170904785	0.9173369198	0.9170199154	0.9169244349	0.9169347106	0.9169726823	0.9170942712	0.9178429890	0.9168749525	0.9173703931	0.9174843524	0.9174639774	0.9172779115	0.9170443479	0.9175885211	1.0000000000	0.9171718023	0.9180237185	0.9171202913	0.9172877903	0.9170350865	0.9171451207	0.9172559046	0.9173248800	0.9169641707	0.9172113176	0.9176158643	0.9170076110	0.9172854529	0.9172137873	0.9174039106	0.9170096397	0.9171570282	0.9169690660	0.9171961025	0.9174902180	0.9174653004	0.9170906549	0.9173653655	0.9172545375	0.9169673901	0.9167314891	0.9173641307	0.9175521370	0.9172407336	0.9175298656	0.9171828278	0.9171090013	0.9171366531	0.9175508581	0.9169982614	0.9172947143	0.9176566144	0.9176959974	0.9171157488	0.9168710275	0.9174340763	0.9177305292	0.9171543380	0.9174053218	0.9174152007	0.9172357501	0.9169146001	0.9174203606	0.9172451438	0.9172797638	0.9170763218	0.9171847242	0.9174597436	0.9173084741	0.9172395428	0.9175059624	0.9174751351	0.9169033100	0.9174360609	0.9171964112	0.9174053659	0.9165952584	0.9173805807	0.9172538760	0.9172768971	0.9175837140	0.9170640173	0.9172798961	0.9171933241	0.9170763659	0.9170012603	0.9175277928	0.9168473007	0.9176787977	0.9173246595	0.9172083628	0.9171798730	0.9170850980	0.9174514524	0.9173957076	0.9171187037	0.9175347168	0.9173008445	0.9175458746	0.9169032659	0.9170805114	0.9177043326	0.9173857847	0.9173206903	0.9173883426
0.9166352147	0.9168694398	0.9161775694	0.9168180170	0.9166463724	0.9163685747	0.9166587210	0.9171924861	0.9164730520	0.9171191888	0.9161883743	0.9164849154	0.9164344629	0.9173527524	0.9165167129	0.9165338244	0.9174115843	0.9171718023	1.0000000000	0.9174351347	0.9162881769	0.9169631122	0.9164350362	0.9160111729	0.9169598928	0.9162457950	0.9164492370	0.9164129853	0.9173295548	0.9165388079	0.9163496108	0.9166733628	0.9167630219	0.9167148627	0.9164865031	0.9166685557	0.9164827103	0.9170400259	0.9171998952	0.9168398033	0.9166002860	0.9168867277	0.9165934943	0.9166659537	0.9167535841	0.9165870995	0.9164715967	0.9162744612	0.9166753033	0.9162537774	0.9166360085	0.9161711746	0.9161827293	0.9164470760	0.9165565369	0.9170294415	0.9164865031	0.9169189221	0.9167158329	0.9166495037	0.9168890210	0.9163128299	0.9168344670	0.9165919507	0.9164480022	0.9168370690	0.9168519313	0.9164876939	0.9165508037	0.9163832165	0.9170475673	0.9166444761	0.9165938030	0.9167639922	0.9165579923	0.9162275809	0.9166384341	0.9165716638	0.9175620159	0.9166578830	0.9168265728	0.9165029090	0.9166217195	0.9165384110	0.9165901866	0.9169262871	0.9164707587	0.9160770171	0.9164970876	0.9165011890	0.9163482437	0.9168264846	0.9167621840	0.9166482688	0.9170947563	0.9165477606	0.9169016783	0.9166617640	0.9165769561	0.9163576374	0.9164607917	0.9163680895	0.9166658214	0.9164333603	0.9171161017	0.9163074053	0.9164802847	0.9166188529
0.9176558647	0.9175482120	0.9173941200	0.9179327804	0.9170141381	0.9170445243	0.9173059162	0.9172885841	0.9176651702	0.9179853058	0.9172652101	0.9174043957	0.9172368085	0.9178784910	0.9174172294	0.9177457002	0.9183869858	0.9180237185	0.9174351347	1.0000000000	0.9173742741	0.9175373629	0.9173421679	0.9173105469	0.9175003614	0.9172517150	0.9175907262	0.9170968732	0.9179300902	0.9171539852	0.9171736546	0.9172119792	0.9175688075	0.9170009516	0.9169645235	0.9176588636	0.9174484976	0.9173338768	0.9178277738	0.9174683875	0.9174439110	0.9177189745	0.9175456100	0.9170875236	0.9173086064	0.9175038455	0.9175400531	0.9174912764	0.9179297815	0.9176043096	0.9169775776	0.9173152217	0.9172859380	0.9176146735	0.9169568497	0.9173715398	0.9173177796	0.9174331942	0.9175385537	0.9178267154	0.9174216395	0.9173564129	0.9171872380	0.9174473068	0.9172901277	0.9178092951	0.9173411536	0.9171880759	0.9172495981	0.9171822986	0.9178673773	0.9175837140	0.9173671296	0.9172188150	0.9179395721	0.9172905687	0.9171602035	0.9171035767	0.9175542098	0.9173501504	0.9175901970	0.9172838211	0.9170305881	0.9170534770	0.9172217698	0.9172653866	0.9172504360	0.9173865344	0.9171595420	0.9174277256	0.9173703931	0.9174168765	0.9173036229	0.9178632318	0.9173509442	0.9171305671	0.9172884959	0.9173925764	0.9172505242	0.9173591472	0.9170965204	0.9176348281	0.9174952456	0.9174465130	0.9177856124	0.9176503519	0.9175276605	0.9171658486
0.9168343788	0.9170432894	0.9168298363	0.9169587020	0.9162353428	0.9163571964	0.9167747089	0.9162322116	0.9167471012	0.9169752402	0.9164534267	0.9162995993	0.9163374387	0.9166594707	0.9164546174	0.9167298132	0.9169507196	0.9171202913	0.9162881769	0.9173742741	1.0000000000	0.9167688875	0.9164683772	0.9163503165	0.9167179498	0.9160311070	0.9162524544	0.9162937337	0.9167507616	0.9169048536	0.9167370018	0.9163051120	0.9162091022	0.9166083125	0.9163834811	0.9165682680	0.9164887082	0.9168489765	0.9168391418	0.9163803499	0.9167327680	0.9168205749	0.9165956994	0.9162036777	0.9171551759	0.9163067879	0.9169627153	0.9165800873	0.9164777268	0.9169704331	0.9164507806	0.9168180611	0.9160896743	0.9163772186	0.9165769120	0.9169975117	0.9166037259	0.9168094612	0.9164569548	0.9169132330	0.9167912030	0.9161073151	0.9168451397	0.9167514231	0.9166480483	0.9167821181	0.9164117063	0.9164997778	0.9167109817	0.9162342403	0.9168533426	0.9170466853	0.9165097448	0.9162995111	0.9169423843	0.9167104084	0.9170039506	0.9162562471	0.9168543570	0.9164087074	0.9167448961	0.9166958989	0.9166983686	0.9164629968	0.9166429325	0.9165310460	0.9164292147	0.9163510662	0.9163013634	0.9164892815	0.9162242292	0.9168463304	0.9165229754	0.9166294814	0.9160827062	0.9166244097	0.9164756540	0.9161149006	0.9163669429	0.9165607707	0.9166196467	0.9167399567	0.9167010147	0.9163119037	0.9169022957	0.9166700111	0.9164974845	0.9165809252
0.9171836658	0.9167766494	0.9166072982	0.9169033983	0.9163720587	0.9164428422	0.9173396541	0.9167052485	0.9167133191	0.9175296892	0.9167555246	0.9161840524	0.9166079597	0.9172187709	0.9167365167	0.9167987886	0.9173108556	0.9172877903	0.9169631122	0.9175373629	0.9167688875	1.0000000000	0.9162570410	0.9165364264	0.9169636855	0.9160861462	0.9164384761	0.9168664409	0.9170824960	0.9166365377	0.9167713131	0.9170002460	0.9163086843	0.9163032157	0.9163480232	0.9166378608	0.9166425356	0.9169515575	0.9173769202	0.9169523513	0.9164498103	0.9169250964	0.9168544011	0.9165237692	0.9166369787	0.9170257369	0.9164349921	0.9167171560	0.9166610143	0.9164860180	0.9165236369	0.9167411474	0.9165873200	0.9168823617	0.9164301409	0.9167441904	0.9165166688	0.9171718906	0.9167516437	0.9173945610	0.9167388100	0.9168548421	0.9166274527	0.9168951953	0.9163705592	0.9166458432	0.9165269004	0.9165967137	0.9166054900	0.9164537795	0.9168375541	0.9173718044	0.9164776386	0.9165871436	0.9169365629	0.9162912640	0.9164957204	0.9163433043	0.9168127248	0.9167380603	0.9169949538	0.9162880446	0.9164415192	0.9166383459	0.9164330075	0.9166895482	0.9162570410	0.9166199113	0.9167237713	0.9167800012	0.9167187877	0.9167662414	0.9166723926	0.9171196298	0.9164366680	0.9163323670	0.9166617640	0.9165231077	0.9165327660	0.9170052295	0.9163132268	0.9172436002	0.9170339839	0.9168009055	0.9164976168	0.9165885990	0.9166043874	0.9167455135
0.9164744192	0.9167640363	0.9164283327	0.9169484704	0.9163692362	0.9159690115	0.9163934040	0.9164024449	0.9170827165	0.9171301261	0.9160883513	0.9165192267	0.9168106520	0.9170268394	0.9166672767	0.9165267681	0.9169640383	0.9170350865	0.9164350362	0.9173421679	0.9164683772	0.9162570410	1.0000000000	0.9162841636	0.9165321927	0.9160598614	0.9160417356	0.9161361136	0.9170945799	0.9163334695	0.9167457340	0.9164520595	0.9161763786	0.9164643640	0.9161272491	0.9161458601	0.9164486637	0.9165629317	0.9166974865	0.9164338013	0.9161588261	0.9165881580	0.9167931876	0.9162270517	0.9162953655	0.9165280912	0.9167289753	0.9163315291	0.9165786319	0.9163239876	0.9165113766	0.9167276522	0.9159723633	0.9162216272	0.9161922553	0.9167308717	0.9165714433	0.9165041880	0.9164971758	0.9165493042	0.9175324676	0.9166176621	0.9161874923	0.9160377664	0.9162693013	0.9166700993	0.9164150580	0.9164395346	0.9164467232	0.9160019116	0.9170076992	0.9164419602	0.9161967978	0.9165215200	0.9165055992	0.9164337131	0.9164568225	0.9163776155	0.9167800894	0.9161141950	0.9165444971	0.9164535149	0.9165502744	0.9166583682	0.9164533826	0.9162197749	0.9164863708	0.9164412987	0.9159942378	0.9164493252	0.9163449801	0.9166805955	0.9165648722	0.9167455576	0.9165747069	0.9162520134	0.9166899892	0.9166244538	0.9165643429	0.9165899661	0.9166966486	0.9164898107	0.9164229964	0.9160927173	0.9167806627	0.9166147955	0.9163002608	0.9164649373
0.9163754986	0.9165581246	0.9163406141	0.9164160283	0.9160471601	0.9158066725	0.9164615414	0.9160622870	0.9165876728	0.9169316235	0.9162730941	0.9164465027	0.9164378587	0.9167447197	0.9163866564	0.9162669639	0.9169097489	0.9171451207	0.9160111729	0.9173105469	0.9163503165	0.9165364264	0.9162841636	1.0000000000	0.9167971127	0.9158374556	0.9157481493	0.9159540169	0.9168553272	0.9158135524	0.9163238994	0.9162002818	0.9161052423	0.9162641855	0.9161834790	0.9161192667	0.9162410761	0.9164037680	0.9165026003	0.9167233302	0.9164342424	0.9162243615	0.9162838549	0.9163525216	0.9162274045	0.9162009875	0.9164245399	0.9164047823	0.9165409248	0.9168701895	0.9162580112	0.9161760699	0.9163334254	0.9165250923	0.9159633224	0.9163763366	0.9163685306	0.9162354752	0.9164520595	0.9169702567	0.9161776135	0.9159461227	0.9163987844	0.9165309578	0.9166038141	0.9167025142	0.9163901405	0.9162420904	0.9163679131	0.9161168852	0.9165603738	0.9164968670	0.9161966655	0.9163542415	0.9165469227	0.9164000634	0.9165544200	0.9160049987	0.9167076300	0.9167701223	0.9165585656	0.9166487539	0.9161489914	0.9162407674	0.9161030813	0.9164087515	0.9164467232	0.9159267619	0.9159618229	0.9165569779	0.9163646055	0.9163625768	0.9166844324	0.9168202221	0.9163119919	0.9162992465	0.9160587589	0.9160672264	0.9163222677	0.9170564318	0.9160292547	0.9162377685	0.9164506483	0.9162561148	0.9164667896	0.9164691270	0.9162252435	0.9164089720
0.9169427371	0.9169134976	0.9163569318	0.9172701937	0.9165538026	0.9164113094	0.9167346203	0.9166825360	0.9168562533	0.9172887606	0.9164217174	0.9167320183	0.9171755951	0.9174677260	0.9166389192	0.9168104756	0.9175159735	0.9172559046	0.9169598928	0.9175003614	0.9167179498	0.9169636855	0.9165321927	0.9167971127	1.0000000000	0.9161182964	0.9168102110	0.9162629947	0.9171523093	0.9171906780	0.9169919548	0.9168346434	0.9168009055	0.9165894810	0.9161849785	0.9168566503	0.9168764079	0.9164445181	0.9172860262	0.9166167801	0.9165794258	0.9172462904	0.9167029111	0.9163982111	0.9168421848	0.9167332091	0.9170312937	0.9170281184	0.9164520154	0.9165105827	0.9167661532	0.9171340511	0.9170177103	0.9163826432	0.9164592922	0.9167587882	0.9164401520	0.9164982342	0.9172705024	0.9170805114	0.9166727895	0.9166215872	0.9169288009	0.9166828447	0.9169660670	0.9167907179	0.9169139827	0.9163504047	0.9166866816	0.9162551005	0.9172688265	0.9171942061	0.9168942692	0.9167142012	0.9169279630	0.9172442617	0.9167691962	0.9167714013	0.9171662014	0.9167800012	0.9168283809	0.9172299286	0.9167383690	0.9169599810	0.9169069705	0.9166839473	0.9167903651	0.9168221185	0.9167284902	0.9167944225	0.9166491509	0.9171825191	0.9170423633	0.9168094612	0.9166967368	0.9163604599	0.9167541575	0.9169655819	0.9167513790	0.9171366972	0.9167954809	0.9170465971	0.9164069874	0.9166208375	0.9167612138	0.9168574000	0.9165505390	0.9171873703
0.9165725459	0.9160189349	0.9160060571	0.9168920641	0.9164621589	0.9158207851	0.9160081740	0.9160313275	0.9166306281	0.9170653404	0.9161643388	0.9163756751	0.9162881769	0.9167741797	0.9162095432	0.9166611466	0.9169406202	0.9173248800	0.9162457950	0.9172517150	0.9160311070	0.9160861462	0.9160598614	0.9158374556	0.9161182964	1.0000000000	0.9161752320	0.9160671823	0.9166022706	0.9165395577	0.9162514841	0.9161298952	0.9159464755	0.9161508436	0.9160307101	0.9161566651	0.9166163832	0.9163448478	0.9168845226	0.9164721259	0.9165497011	0.9164677157	0.9165359413	0.9156501549	0.9164088397	0.9162214508	0.9166176180	0.9165108032	0.9159214697	0.9163652229	0.9162281101	0.9159498272	0.9162087935	0.9161607225	0.9165958317	0.9164729197	0.9162551887	0.9163007459	0.9160587589	0.9166870344	0.9163598425	0.9162333142	0.9162245820	0.9164057084	0.9159973250	0.9163655757	0.9164092807	0.9162077792	0.9164247164	0.9162898528	0.9163664137	0.9160705782	0.9163544620	0.9164244517	0.9165145519	0.9162833698	0.9159549871	0.9158533764	0.9161125191	0.9161832144	0.9167375311	0.9162007670	0.9156307060	0.9163124771	0.9163314409	0.9166077392	0.9163840985	0.9165209908	0.9165642547	0.9164110007	0.9159254389	0.9166248948	0.9164786530	0.9164198651	0.9164171308	0.9160322537	0.9158631229	0.9162499847	0.9161949896	0.9163201067	0.9163567553	0.9166083125	0.9157214676	0.9164105597	0.9170398495	0.9164373736	0.9158884815	0.9161949014
0.9167729008	0.9161739530	0.9157097365	0.9164536472	0.9164751689	0.9162152765	0.9164615855	0.9164315521	0.9162240528	0.9169741818	0.9165321927	0.9169439279	0.9164264363	0.9166809924	0.9166205287	0.9164151903	0.9171841950	0.9169641707	0.9164492370	0.9175907262	0.9162524544	0.9164384761	0.9160417356	0.9157481493	0.9168102110	0.9161752320	1.0000000000	0.9163965794	0.9167220954	0.9163452007	0.9164219379	0.9160172149	0.9165322809	0.9163604599	0.9162028398	0.9161721448	0.9161315711	0.9167593615	0.9163706033	0.9165781909	0.9165037910	0.9165858647	0.9162114837	0.9159201908	0.9164290824	0.9164505601	0.9167923938	0.9161662352	0.9166378167	0.9163951681	0.9161934020	0.9164103832	0.9165139345	0.9162058387	0.9161678229	0.9162315501	0.9162341521	0.9166304958	0.9167756351	0.9166628225	0.9168450956	0.9162628183	0.9163724556	0.9161653090	0.9161101817	0.9165884226	0.9161836113	0.9161327619	0.9167226246	0.9160408094	0.9170809084	0.9168006850	0.9162609219	0.9166584123	0.9165328542	0.9162762694	0.9159754945	0.9160677557	0.9166700993	0.9160813832	0.9165130965	0.9166002860	0.9162135124	0.9164452678	0.9167675644	0.9161648239	0.9164893697	0.9161131806	0.9162696982	0.9160487037	0.9161549010	0.9167322829	0.9169161878	0.9164263481	0.9162044274	0.9163653552	0.9166540021	0.9163205918	0.9163440981	0.9168422289	0.9164406812	0.9165870995	0.9160251091	0.9164746397	0.9163735141	0.9163490375	0.9165634609	0.9162704480
0.9165926122	0.9166586328	0.9160811626	0.9165772207	0.9160034551	0.9160204343	0.9164594686	0.9162420904	0.9166203523	0.9169594518	0.9158689885	0.9164409900	0.9166027557	0.9170373357	0.9161684844	0.9164623794	0.9168370249	0.9172113176	0.9164129853	0.9170968732	0.9162937337	0.9168664409	0.9161361136	0.9159540169	0.9162629947	0.9160671823	0.9163965794	1.0000000000	0.9166446525	0.9162336229	0.9167833088	0.9162825319	0.9162550564	0.9162253317	0.9160074684	0.9162828406	0.9162805473	0.9160771935	0.9168493734	0.9163779684	0.9160211400	0.9161583410	0.9163974173	0.9159806103	0.9163981229	0.9164662603	0.9167958337	0.9164454001	0.9165423802	0.9163190482	0.9162071617	0.9161014054	0.9164009454	0.9159376110	0.9165481575	0.9165835714	0.9164679803	0.9166042110	0.9164968229	0.9164717731	0.9164724346	0.9162253317	0.9165838801	0.9163927866	0.9161381423	0.9162701833	0.9164940886	0.9162391356	0.9163200626	0.9159791550	0.9168597815	0.9166914005	0.9164429745	0.9165500098	0.9165803078	0.9163276922	0.9164029300	0.9165095684	0.9164524123	0.9160721218	0.9164412105	0.9163793355	0.9167689316	0.9163751458	0.9161423761	0.9165911128	0.9162185841	0.9164525005	0.9163153878	0.9162699187	0.9164103391	0.9166457550	0.9165807488	0.9167278286	0.9161154298	0.9161694546	0.9161983414	0.9161941076	0.9163358069	0.9164225554	0.9160681967	0.9162718592	0.9167222718	0.9165993598	0.9166076069	0.9167931435	0.9161495206	0.9164375059
