0.4859908266	-0.0049580957	-0.0046047050	-0.0037185721	-0.0048777301	-0.0042550026	-0.0041794478	-0.0050449286	-0.0057243258	-0.0050536511	-0.0053786845	-0.0045045211	-0.0047289975	-0.0040399871	-0.0047316208	-0.0057086964	-0.0032917549	-0.0037618510	-0.0049090541	-0.0041499565	-0.0044769069	-0.0036408845	-0.0049490615	-0.0048470682	-0.0044502380	-0.0040684367	-0.0033843528	-0.0045984837	-0.0045441783	-0.0046517339	-0.0052110622	-0.0035911728	-0.0052798339	-0.0050288284	-0.0045577765	-0.0048861340	-0.0041387156	-0.0039217440	-0.0052353973	-0.0045572112	-0.0037139533	-0.0059358501	-0.0040365876	-0.0042213569	-0.0030924613	-0.0054870255	-0.0047997606	-0.0039301507	-0.0048720153	-0.0045132358	-0.0054516960	-0.0041692533	-0.0054502470	-0.0038375030	-0.0044136886	-0.0044860659	-0.0052154679	-0.0032065889	-0.0048760259	-0.0037209554	-0.0053967686	-0.0048119705	-0.0045774221	-0.0043445334	-0.0055652571	-0.0035797453	-0.0052927988	-0.0042056633	-0.0054931118	-0.0054470391	-0.0041254748	-0.0041724024	-0.0048174836	-0.0048561292	-0.0045581161	-0.0037891428	-0.0055990723	-0.0051799723	-0.0031522671	-0.0054152027	-0.0044784871	-0.0046150058	-0.0049415189	-0.0054780887	-0.0040832434	-0.0047346299	-0.0046706313	-0.0043119137	-0.0022936168	-0.0044452415	-0.0052490304	-0.0050681537	-0.0043180453	-0.0042625896	-0.0038151516	-0.0043278588	-0.0050675544	-0.0049237877	-0.0055309337	-0.0027350091	-0.0039065119	-0.0038175241	-0.0047351010	-0.0045429470	-0.0037353689	-0.0036697654	-0.0059278218	-0.0048550297
-0.0049580957	0.5055661437	-0.0061101016	-0.0039917221	-0.0048828214	-0.0044513807	-0.0046434260	-0.0043475813	-0.0049090895	-0.0032089067	-0.0041552115	-0.0056182567	-0.0049629300	-0.0049802564	-0.0049415491	-0.0050965534	-0.0044807845	-0.0038664536	-0.0041662599	-0.0033312063	-0.0042876586	-0.0045261722	-0.0047842798	-0.0045707507	-0.0050250143	-0.0058152673	-0.0058257244	-0.0037199827	-0.0045190297	-0.0042039686	-0.0046967934	-0.0050152081	-0.0047662459	-0.0054953625	-0.0051137762	-0.0048081378	-0.0048883894	-0.0047012776	-0.0049493632	-0.0046622195	-0.0054238132	-0.0050764476	-0.0044803581	-0.0057984527	-0.0044627834	-0.0060966397	-0.0042984952	-0.0043260505	-0.0043180247	-0.0060101663	-0.0046419568	-0.0049166095	-0.0049881024	-0.0053856077	-0.0042020114	-0.0040681971	-0.0046691089	-0.0052542154	-0.0038147046	-0.0040875499	-0.0047426895	-0.0056003349	-0.0026133605	-0.0051530828	-0.0041552541	-0.0037352376	-0.0058312215	-0.0047349594	-0.0047250416	-0.0042246156	-0.0053794652	-0.0047297269	-0.0043514166	-0.0053003600	-0.0051691074	-0.0041578792	-0.0047525393	-0.0062277501	-0.0032071066	-0.0051775785	-0.0051328434	-0.0038237685	-0.0038011196	-0.0052513281	-0.0046046067	-0.0044717455	-0.0041995541	-0.0060616411	-0.0038448396	-0.0051945122	-0.0047283436	-0.0048896759	-0.0042905992	-0.0054990057	-0.0052503387	-0.0053571712	-0.0049480824	-0.0044146928	-0.0044863961	-0.0054277986	-0.0042590833	-0.0049812233	-0.0045553668	-0.0053025694	-0.0038710424	-0.0059398423	-0.0040404390	-0.0031732836
-0.0046047050	-0.0061101016	0.5180573684	-0.0053570274	-0.0053736221	-0.0038099927	-0.0042619667	-0.0049907402	-0.0051065146	-0.0043872438	-0.0037757515	-0.0060228902	-0.0046131401	-0.0038276843	-0.0050412824	-0.0047804778	-0.0030009716	-0.0038528653	-0.0056332930	-0.0045532138	-0.0032666303	-0.0045562021	-0.0046502123	-0.0046745623	-0.0060925414	-0.0054334216	-0.0063300858	-0.0049817023	-0.0038201697	-0.0043353050	-0.0041661588	-0.0052341053	-0.0059306261	-0.0042092981	-0.0065772131	-0.0044192535	-0.0047074318	-0.0042167927	-0.0048531318	-0.0052442746	-0.0047744762	-0.0045487063	-0.0052687786	-0.0037497237	-0.0050792584	-0.0055006381	-0.0047398196	-0.0044870607	-0.0047798070	-0.0054556086	-0.0053653030	-0.0056072924	-0.0064006724	-0.0049423744	-0.0040827612	-0.0055521949	-0.0048001399	-0.0046735710	-0.0039028915	-0.0037867922	-0.0058305941	-0.0053875257	-0.0047931067	-0.0047860170	-0.0048758942	-0.0048991693	-0.0061471801	-0.0044748418	-0.0043224596	-0.0042801580	-0.0044313041	-0.0049931580	-0.0055533762	-0.0045409391	-0.0045215788	-0.0058042586	-0.0041751298	-0.0060953122	-0.0039380115	-0.0043419366	-0.0037508977	-0.0048689793	-0.0048470670	-0.0050635404	-0.0031309644	-0.0045672107	-0.0055651571	-0.0047377053	-0.0056753523	-0.0054290146	-0.0046778313	-0.0050080029	-0.0053451881	-0.0044110067	-0.0043966326	-0.0043666486	-0.0047511624	-0.0056024581	-0.0053520613	-0.0047345367	-0.0050319566	-0.0042618337	-0.0027066866	-0.0057443690	-0.0054742675	-0.0061761049	-0.0047409869	-0.0051473214
-0.0037185721	-0.0039917221	-0.0053570274	0.4683467415	-0.0038945856	-0.0048633817	-0.0042446615	-0.0051948995	-0.0045161070	-0.0036057001	-0.0038425828	-0.0050473567	-0.0044318080	-0.0036301510	-0.0035497794	-0.0029186336	-0.0048937652	-0.0046305088	-0.0053962929	-0.0032074124	-0.0040293231	-0.0040790882	-0.0027908360	-0.0058537154	-0.0031810978	-0.0040736430	-0.0057661838	-0.0048603351	-0.0037855970	-0.0041204985	-0.0049665614	-0.0038986702	-0.0052179167	-0.0052563852	-0.0038486716	-0.0049231388	-0.0038934068	-0.0039665898	-0.0045844837	-0.0040971752	-0.0049853204	-0.0047285418	-0.0044735181	-0.0054019129	-0.0044491782	-0.0042036904	-0.0043721281	-0.0042091789	-0.0043467156	-0.0029606706	-0.0035456139	-0.0044233294	-0.0030486416	-0.0045198345	-0.0037173538	-0.0050529555	-0.0052156470	-0.0050795291	-0.0055786714	-0.0036749199	-0.0048965333	-0.0057514668	-0.0053146985	-0.0037403872	-0.0047903589	-0.0038207790	-0.0051612430	-0.0042563213	-0.0040915268	-0.0044284805	-0.0048004294	-0.0051081981	-0.0053708456	-0.0042007661	-0.0035681415	-0.0032842461	-0.0050500151	-0.0041838671	-0.0046251885	-0.0049913198	-0.0038146440	-0.0047087864	-0.0051356475	-0.0059005750	-0.0038166141	-0.0027193360	-0.0032405825	-0.0026483027	-0.0049009172	-0.0037637314	-0.0035688632	-0.0042875342	-0.0034943400	-0.0046503258	-0.0045195997	-0.0053148214	-0.0041038546	-0.0029771425	-0.0047536594	-0.0046393468	-0.0050879599	-0.0049019458	-0.0035079383	-0.0054323136	-0.0053748268	-0.0046239266	-0.0044552531	-0.0044535242
-0.0048777301	-0.0048828214	-0.0053736221	-0.0038945856	0.5105245022	-0.0040038953	-0.0047047529	-0.0039689963	-0.0030233597	-0.0039625238	-0.0043434646	-0.0046843612	-0.0053085172	-0.0051838337	-0.0053064652	-0.0048463562	-0.0048332208	-0.0047587438	-0.0045222806	-0.0049450099	-0.0053865342	-0.0050491691	-0.0054131163	-0.0055000783	-0.0049010380	-0.0038937802	-0.0039851602	-0.0055424214	-0.0046172934	-0.0051723297	-0.0046976139	-0.0048736112	-0.0057081489	-0.0042752594	-0.0044127474	-0.0032359102	-0.0047639724	-0.0054821205	-0.0057331327	-0.0039583939	-0.0050953878	-0.0056158256	-0.0049140780	-0.0049278773	-0.0063353231	-0.0044137544	-0.0049354161	-0.0053537192	-0.0054174542	-0.0054569152	-0.0036250971	-0.0043306638	-0.0047415371	-0.0042589590	-0.0043908821	-0.0046523996	-0.0054187131	-0.0043365844	-0.0048842296	-0.0046916962	-0.0040872491	-0.0054542439	-0.0051473462	-0.0046216724	-0.0032186094	-0.0042798755	-0.0054496616	-0.0053721859	-0.0048821429	-0.0049361667	-0.0051821578	-0.0044384357	-0.0057718338	-0.0038263414	-0.0059868280	-0.0044546860	-0.0045200919	-0.0031196412	-0.0043537422	-0.0035283652	-0.0051575985	-0.0045956419	-0.0049295354	-0.0052552179	-0.0045967952	-0.0060331248	-0.0048373966	-0.0048178044	-0.0045869919	-0.0051552917	-0.0046826415	-0.0057177979	-0.0041884192	-0.0036165274	-0.0033497101	-0.0047351876	-0.0047148197	-0.0056222691	-0.0041964381	-0.0043883308	-0.0050870087	-0.0052312921	-0.0057200107	-0.0052058475	-0.0050892302	-0.0043663391	-0.0050246252	-0.0051684475
-0.0042550026	-0.0044513807	-0.0038099927	-0.0048633817	-0.0040038953	0.5155851478	-0.0049992527	-0.0050694633	-0.0044195141	-0.0045254349	-0.0050704474	-0.0042327101	-0.0041539795	-0.0034893715	-0.0038399494	-0.0047859460	-0.0037574024	-0.0047956137	-0.0052919839	-0.0045336422	-0.0050539948	-0.0042818346	-0.0061384522	-0.0051904619	-0.0047130714	-0.0055618179	-0.0044731141	-0.0055340110	-0.0059817157	-0.0051759452	-0.0049035477	-0.0047499266	-0.0057732112	-0.0045455065	-0.0049290287	-0.0049221322	-0.0050724692	-0.0044617832	-0.0034266156	-0.0058119662	-0.0052687490	-0.0042422313	-0.0050707820	-0.0041059744	-0.0052657897	-0.0052212200	-0.0054460653	-0.0057288790	-0.0048712768	-0.0049954831	-0.0044157315	-0.0043968378	-0.0054602168	-0.0050974308	-0.0058585266	-0.0058468080	-0.0041681091	-0.0041783339	-0.0053090752	-0.0050235329	-0.0049794873	-0.0052630970	-0.0053598784	-0.0035900318	-0.0058749193	-0.0038875889	-0.0056715196	-0.0047794593	-0.0046132321	-0.0043499798	-0.0049738997	-0.0052034701	-0.0054401320	-0.0045335550	-0.0043135317	-0.0051987604	-0.0061209062	-0.0050505419	-0.0047287535	-0.0048787307	-0.0052046288	-0.0051943276	-0.0053737088	-0.0048406715	-0.0037799660	-0.0059890943	-0.0041476886	-0.0047886364	-0.0054609532	-0.0041533790	-0.0043515779	-0.0043394892	-0.0059552531	-0.0028906583	-0.0041961822	-0.0042397414	-0.0051655493	-0.0037156460	-0.0051881268	-0.0049935303	-0.0054033779	-0.0035585677	-0.0048298680	-0.0047846292	-0.0051917686	-0.0044579941	-0.0047131134	-0.0048455225
-0.0041794478	-0.0046434260	-0.0042619667	-0.0042446615	-0.0047047529	-0.0049992527	0.4927541831	-0.0063933018	-0.0031289501	-0.0050603756	-0.0038857618	-0.0048763717	-0.0053082362	-0.0033994924	-0.0058362978	-0.0050219909	-0.0038626813	-0.0051699361	-0.0048839308	-0.0046949894	-0.0042725318	-0.0026285589	-0.0046151784	-0.0041666175	-0.0046278381	-0.0055809096	-0.0044481951	-0.0045082845	-0.0043235923	-0.0047087894	-0.0050072610	-0.0044698194	-0.0046018288	-0.0040088605	-0.0053206919	-0.0055253086	-0.0051504446	-0.0034151027	-0.0051258772	-0.0033639201	-0.0034731382	-0.0042498119	-0.0041435326	-0.0041573081	-0.0049840897	-0.0059782394	-0.0037840981	-0.0050170796	-0.0046091596	-0.0053667251	-0.0046492510	-0.0033230688	-0.0056142221	-0.0048976396	-0.0052964574	-0.0046000865	-0.0041442640	-0.0037226206	-0.0040526480	-0.0037700881	-0.0046372235	-0.0043677011	-0.0034618473	-0.0045841669	-0.0059081331	-0.0048498611	-0.0047836494	-0.0058750059	-0.0050092018	-0.0044962159	-0.0051005760	-0.0049524426	-0.0058432712	-0.0046221029	-0.0045063109	-0.0033542227	-0.0053247341	-0.0058176859	-0.0048541287	-0.0040883723	-0.0047406003	-0.0044545824	-0.0050907450	-0.0042469527	-0.0042194871	-0.0056521702	-0.0047069872	-0.0042211192	-0.0040167182	-0.0047295344	-0.0058888724	-0.0052273881	-0.0041021400	-0.0046806243	-0.0044614405	-0.0040132537	-0.0047659866	-0.0047368182	-0.0055336784	-0.0048153644	-0.0043702866	-0.0027541726	-0.0038595554	-0.0044942860	-0.0047978600	-0.0053147960	-0.0041900830	-0.0039728648
-0.0050449286	-0.0043475813	-0.0049907402	-0.0051948995	-0.0039689963	-0.0050694633	-0.0063933018	0.5074861724	0.0017657064	-0.0046079517	-0.0064729512	-0.0053498872	-0.0047034394	-0.0036154434	-0.0050566465	-0.0048002748	-0.0040617302	-0.0051877441	-0.0024477672	-0.0046775857	-0.0058434484	-0.0043562531	-0.0053083521	-0.0050380477	-0.0051250508	-0.0061241540	-0.0048970167	-0.0054329901	-0.0051874306	-0.0049623977	-0.0048899150	-0.0045133931	-0.0056193206	-0.0050406301	-0.0051572286	-0.0035458673	-0.0042824426	-0.0050706300	-0.0034222257	-0.0058844216	-0.0049536713	-0.0053363465	-0.0055083531	-0.0044994512	-0.0043645022	-0.0048171281	-0.0056671224	-0.0046638191	-0.0039478841	-0.0047270764	-0.0046514840	-0.0048656183	-0.0052809757	-0.0042874166	-0.0052011741	-0.0047270971	-0.0054532619	-0.0043550384	-0.0042945908	-0.0048649161	-0.0049936838	-0.0047968711	-0.0049603506	-0.0046518226	-0.0045632392	-0.0049616282	-0.0051180083	-0.0062002009	-0.0045421609	-0.0049073334	-0.0057999828	-0.0061513956	-0.0056508732	-0.0056411456	-0.0040720420	-0.0056535151	-0.0049255341	-0.0049253440	-0.0045143774	-0.0041335456	-0.0041422198	-0.0056783974	-0.0043948916	-0.0040121105	-0.0045457809	-0.0043978284	-0.0051392419	-0.0040090161	-0.0049451584	-0.0038130765	-0.0049005179	-0.0039797513	-0.0044114092	-0.0036653158	-0.0033269961	-0.0045947010	-0.0044936472	-0.0041851131	-0.0045126555	-0.0045846112	-0.0042685778	-0.0057403227	-0.0058758222	-0.0041845964	-0.0033623913	-0.0047086856	-0.0056187738	-0.0044377392
-0.0057243258	-0.0049090895	-0.0051065146	-0.0045161070	-0.0030233597	-0.0044195141	-0.0031289501	0.0017657064	0.4938228449	-0.0047015553	-0.0040377434	-0.0054005803	-0.0046934573	-0.0050975116	-0.0044888230	-0.0036572457	-0.0039687007	-0.0054982970	-0.0058544061	-0.0039729902	-0.0051042000	-0.0054061148	-0.0023322558	-0.0042365205	-0.0054440245	-0.0046264299	-0.0062110043	-0.0041580059	-0.0043277311	-0.0047936591	-0.0052412015	-0.0057706294	-0.0053822227	-0.0040895463	-0.0050422793	-0.0060279778	-0.0040850334	-0.0053911825	-0.0042813260	-0.0036829398	-0.0032775610	-0.0044219334	-0.0034310798	-0.0050890375	-0.0056183368	-0.0050825146	-0.0049858071	-0.0042473155	-0.0061779624	-0.0051916956	-0.0044719863	-0.0020783419	-0.0038139710	-0.0051374695	-0.0047141537	-0.0043249668	-0.0044085737	-0.0050401721	-0.0045098865	-0.0045003744	-0.0042173418	-0.0052223992	-0.0043916991	-0.0046390935	-0.0049450615	-0.0056790506	-0.0058574713	-0.0047311998	-0.0043643802	-0.0055791602	-0.0035342914	-0.0039508254	-0.0049501716	-0.0037887778	-0.0049760640	-0.0054162879	-0.0045279123	-0.0052213732	-0.0040366373	-0.0044505539	-0.0038479062	-0.0043864465	-0.0049945539	-0.0041051485	-0.0053449791	-0.0045615253	-0.0045564460	-0.0053276401	-0.0045778483	-0.0038233681	-0.0041800359	-0.0058221923	-0.0047629416	-0.0044435683	-0.0058941586	-0.0043169184	-0.0049486596	-0.0050437364	-0.0044117605	-0.0053563876	-0.0045451787	-0.0058136856	-0.0037604755	-0.0061647858	-0.0042663318	-0.0052958965	-0.0043537694	-0.0038458593
-0.0050536511	-0.0032089067	-0.0043872438	-0.0036057001	-0.0039625238	-0.0045254349	-0.0050603756	-0.0046079517	-0.0047015553	0.4476737774	-0.0046639505	-0.0044524861	-0.0040748733	-0.0032397860	-0.0033454571	-0.0040591983	-0.0036210308	-0.0036578855	-0.0043037532	-0.0039948721	-0.0051227593	-0.0043347038	-0.0035160336	-0.0040373652	-0.0039390026	-0.0040585792	-0.0046016751	-0.0038160091	-0.0035594488	-0.0031675523	-0.0042925494	-0.0058646114	-0.0041592897	-0.0040669236	-0.0046815836	-0.0048254312	-0.0040780700	-0.0033092874	-0.0039342889	-0.0034929464	-0.0055728682	-0.0028071752	-0.0051392276	-0.0048659391	-0.0035496370	-0.0042947441	-0.0052065720	-0.0044004238	-0.0044178244	-0.0040779584	-0.0042618356	-0.0040516374	-0.0048485862	-0.0030418068	-0.0037259765	-0.0027512002	-0.0042744013	-0.0050898900	-0.0039911062	-0.0032037192	-0.0036096989	-0.0035990188	-0.0053141695	-0.0044502064	-0.0033409806	-0.0053952041	-0.0044875264	-0.0048292614	-0.0039490701	-0.0042760104	-0.0045400095	-0.0046201673	-0.0059647157	-0.0038305380	-0.0047778869	-0.0048092727	-0.0054460451	-0.0040926533	-0.0049403689	-0.0036031812	-0.0038774226	-0.0036657177	-0.0056275042	-0.0031987168	-0.0028149212	-0.0047428040	-0.0038533759	-0.0037587557	-0.0027687300	-0.0019113110	-0.0033234162	-0.0043772736	-0.0046987844	-0.0035531371	-0.0045916863	-0.0062354072	-0.0044664741	-0.0031016611	-0.0040495145	-0.0041251899	-0.0044727455	-0.0050730626	-0.0040747721	-0.0041910616	-0.0045590287	-0.0042714329	-0.0028506022	-0.0046060079
-0.0053786845	-0.0041552115	-0.0037757515	-0.0038425828	-0.0043434646	-0.0050704474	-0.0038857618	-0.0064729512	-0.0040377434	-0.0046639505	0.5065925797	-0.0048820022	-0.0046158699	-0.0036553013	-0.0047554164	-0.0057979099	-0.0051172599	-0.0045830394	-0.0055818703	-0.0040828796	-0.0049851989	-0.0039425881	-0.0054932658	-0.0047014471	-0.0051392388	-0.0042946949	-0.0043216354	-0.0060458753	-0.0038038462	-0.0046216385	-0.0037610340	-0.0046547840	-0.0042863218	-0.0040086467	-0.0048012366	-0.0032520336	-0.0043260245	-0.0043913263	-0.0040661992	-0.0054630333	-0.0042670814	-0.0038969985	-0.0044253096	-0.0051095517	-0.0048602480	-0.0059312883	-0.0045620828	-0.0054381907	-0.0054163277	-0.0037643120	-0.0053832585	-0.0048335104	-0.0038201504	-0.0033786161	-0.0048912874	-0.0051893218	-0.0045028950	-0.0048191030	-0.0033766447	-0.0034555372	-0.0048363977	-0.0062681456	-0.0045884469	-0.0039160957	-0.0050551149	-0.0051668383	-0.0039080651	-0.0044473492	-0.0046583205	-0.0043033387	-0.0046970900	-0.0039584164	-0.0064332876	-0.0051025854	-0.0041307594	-0.0055353738	-0.0036748844	-0.0057625135	-0.0043353384	-0.0051602095	-0.0042917687	-0.0051684754	-0.0053692666	-0.0053970696	-0.0053386989	-0.0041269964	-0.0062838329	-0.0045522800	-0.0051304600	-0.0044132229	-0.0037855503	-0.0046566473	-0.0043518975	-0.0062216808	-0.0065086598	-0.0048577054	-0.0047306680	-0.0047299490	-0.0052751676	-0.0060275348	-0.0049686849	-0.0037700241	-0.0054929861	-0.0041231504	-0.0054188318	-0.0053048303	-0.0050418962	-0.0049361909
-0.0045045211	-0.0056182567	-0.0060228902	-0.0050473567	-0.0046843612	-0.0042327101	-0.0048763717	-0.0053498872	-0.0054005803	-0.0044524861	-0.0048820022	0.5160123179	-0.0036359218	-0.0044582828	-0.0058272296	-0.0036332232	-0.0040967378	-0.0031626294	-0.0047568949	-0.0039834332	-0.0051929543	-0.0061076973	-0.0042405385	-0.0052692925	-0.0054491277	-0.0048888863	-0.0032624348	-0.0045462208	-0.0038753798	-0.0045938409	-0.0046513039	-0.0054113097	-0.0048273802	-0.0047542920	-0.0051601672	-0.0047885012	-0.0055845216	-0.0053463808	-0.0049225406	-0.0043164256	-0.0058726959	-0.0047990074	-0.0055148923	-0.0039629456	-0.0056101300	-0.0050927905	-0.0050685327	-0.0052426089	-0.0038655533	-0.0041054974	-0.0046919313	-0.0059117365	-0.0044702217	-0.0052102470	-0.0057513696	-0.0046238632	-0.0050497520	-0.0059049665	-0.0058179323	-0.0033711058	-0.0059738347	-0.0045772131	-0.0050278779	-0.0048259768	-0.0056149839	-0.0047478495	-0.0044266742	-0.0056247103	-0.0047792782	-0.0045642941	-0.0051408626	-0.0044801112	-0.0044058747	-0.0050621492	-0.0049951876	-0.0047015361	-0.0047973170	-0.0039939015	-0.0043748680	-0.0039322836	-0.0049676414	-0.0043664393	-0.0042527920	-0.0048542008	-0.0052547343	-0.0054642790	-0.0055161080	-0.0042632089	-0.0054649936	-0.0052988257	-0.0050131210	-0.0035351196	-0.0045535232	-0.0037978219	-0.0038011281	-0.0056875636	-0.0049378760	-0.0041568264	-0.0045026458	-0.0043832316	-0.0043826525	-0.0051016184	-0.0059777419	-0.0050885262	-0.0044767721	-0.0046398758	-0.0046703513	-0.0058031634
-0.0047289975	-0.0049629300	-0.0046131401	-0.0044318080	-0.0053085172	-0.0041539795	-0.0053082362	-0.0047034394	-0.0046934573	-0.0040748733	-0.0046158699	-0.0036359218	0.4879964561	-0.0043448991	-0.0042704037	-0.0047815499	-0.0025383968	-0.0036748030	-0.0060415659	-0.0046785995	-0.0054621828	-0.0044682574	-0.0038720265	-0.0045865744	-0.0040673120	-0.0052977338	-0.0049794597	-0.0033761851	-0.0042310099	-0.0060303043	-0.0044218216	-0.0044986247	-0.0013540052	-0.0061997143	-0.0045563997	-0.0050848914	-0.0046073557	-0.0048522893	-0.0059135883	-0.0043181149	-0.0055668698	-0.0049397803	-0.0040095478	-0.0051845009	-0.0044883229	-0.0050229469	-0.0040738105	-0.0045185535	-0.0040680071	-0.0050132578	-0.0051554492	-0.0054349689	-0.0054900266	-0.0054007814	-0.0056344742	-0.0044538106	-0.0048465080	-0.0041479269	-0.0042935770	-0.0046001691	-0.0044481320	-0.0046625062	-0.0040459363	-0.0049979360	-0.0057935942	-0.0050049090	-0.0041172606	-0.0037515320	-0.0044663110	-0.0044925092	-0.0039018085	-0.0011146831	-0.0056565222	-0.0049694259	-0.0038448489	-0.0043556279	-0.0044535366	-0.0037143867	-0.0037481441	-0.0044623529	-0.0041105766	-0.0045958998	-0.0047864000	-0.0055384907	-0.0047197624	-0.0027650112	-0.0050646768	-0.0049345858	-0.0048276214	-0.0052271792	-0.0047756636	-0.0055195195	-0.0046175258	-0.0048824014	-0.0043009008	-0.0043256244	-0.0038347316	-0.0044842527	-0.0048927225	-0.0039152729	-0.0049105900	-0.0038196752	-0.0046414342	-0.0035659485	-0.0046348390	-0.0038476931	-0.0045090983	-0.0058638671
-0.0040399871	-0.0049802564	-0.0038276843	-0.0036301510	-0.0051838337	-0.0034893715	-0.0033994924	-0.0036154434	-0.0050975116	-0.0032397860	-0.0036553013	-0.0044582828	-0.0043448991	0.4472934650	-0.0031983323	-0.0045244299	-0.0033577540	-0.0047038425	-0.0039565408	-0.0032849496	-0.0054527219	-0.0037049790	-0.0043645158	-0.0050052117	-0.0035683170	-0.0049002847	-0.0054572177	-0.0040428831	-0.0033733846	-0.0026022951	-0.0044801338	-0.0047252966	-0.0057336078	-0.0036670148	-0.0038472392	-0.0043077497	-0.0034852185	-0.0035867056	-0.0036215503	-0.0034750538	-0.0044707585	-0.0039765651	-0.0037580647	-0.0038011926	-0.0037885518	-0.0043207153	-0.0037830984	-0.0039179504	-0.0026216660	-0.0041127717	-0.0044308370	-0.0038312343	-0.0051566286	-0.0041561892	-0.0039473215	-0.0043128688	-0.0035102338	-0.0043915074	-0.0039883608	-0.0038697257	-0.0033886210	-0.0043992827	-0.0046728678	-0.0053537489	-0.0039176528	-0.0035451223	-0.0047938894	-0.0037566288	-0.0044390890	-0.0041700656	-0.0044214629	-0.0047664858	-0.0037064491	-0.0042296615	-0.0050283720	-0.0045855770	-0.0051366215	-0.0042649287	-0.0029295750	-0.0046575862	-0.0049142719	-0.0040274229	-0.0039877505	-0.0043214235	-0.0042967842	-0.0045100259	-0.0044465374	-0.0054947836	-0.0034933171	-0.0054057355	-0.0047008671	-0.0038170142	-0.0034653105	-0.0042015300	-0.0044902172	-0.0051759100	-0.0046294504	-0.0041977855	-0.0045075185	-0.0043165196	-0.0039580231	-0.0046268241	-0.0040165000	-0.0043728473	-0.0039382615	-0.0039284746	-0.0038137503	-0.0045394492
-0.0047316208	-0.0049415491	-0.0050412824	-0.0035497794	-0.0053064652	-0.0038399494	-0.0058362978	-0.0050566465	-0.0044888230	-0.0033454571	-0.0047554164	-0.0058272296	-0.0042704037	-0.0031983323	0.4988098053	-0.0043047254	-0.0045223504	-0.0044005707	-0.0047428707	-0.0040136568	-0.0052988180	-0.0041890345	-0.0041208449	-0.0042688525	-0.0048895651	-0.0048180451	-0.0046740627	-0.0054067374	-0.0044039704	-0.0053674223	-0.0030839433	-0.0053396221	-0.0044631003	-0.0047574942	-0.0045325642	-0.0040561913	-0.0044282639	-0.0036936136	-0.0056806756	-0.0051022823	-0.0048122929	-0.0051725505	-0.0046003019	-0.0037276221	-0.0058909206	-0.0048421170	-0.0059542901	-0.0052026864	-0.0036594707	-0.0045318711	-0.0041305846	-0.0034772641	-0.0048103556	-0.0054268491	-0.0053159734	-0.0035847550	-0.0050480237	-0.0050316919	-0.0057847272	-0.0048811021	-0.0030707348	-0.0049589574	-0.0050144480	-0.0043496140	-0.0042595913	-0.0033296573	-0.0053809187	-0.0049209032	-0.0034903820	-0.0044935230	-0.0044949151	-0.0049555625	-0.0053444745	-0.0033605412	-0.0046724955	-0.0060946050	-0.0055067645	-0.0044916630	-0.0054882797	-0.0043328502	-0.0058671004	-0.0057275171	-0.0043760344	-0.0048308032	-0.0046414746	-0.0045888243	-0.0030466973	-0.0038285360	-0.0048821907	-0.0041469538	-0.0053616605	-0.0052157788	-0.0055876964	-0.0044999252	-0.0052116331	-0.0050552752	-0.0035610940	-0.0058531780	-0.0042424545	-0.0056416696	-0.0043801345	-0.0048740941	-0.0044674116	-0.0045523628	-0.0039363598	-0.0050914969	-0.0041664274	-0.0045301597
-0.0057086964	-0.0050965534	-0.0047804778	-0.0029186336	-0.0048463562	-0.0047859460	-0.0050219909	-0.0048002748	-0.0036572457	-0.0040591983	-0.0057979099	-0.0036332232	-0.0047815499	-0.0045244299	-0.0043047254	0.5127481093	-0.0038980162	-0.0046035531	-0.0054502096	-0.0022210804	-0.0036751957	-0.0036102133	-0.0045402322	-0.0052830230	-0.0047457285	-0.0036562945	-0.0046523274	-0.0044979239	-0.0033416973	-0.0048389410	-0.0041791131	-0.0048190133	-0.0056694110	-0.0063299447	-0.0055511936	-0.0049259180	-0.0030064225	-0.0057791754	-0.0051288571	-0.0049877418	-0.0045136818	-0.0057863835	-0.0053217681	-0.0050243870	-0.0061797865	-0.0055228031	-0.0035284067	-0.0048283181	-0.0054832952	-0.0052814736	-0.0061964850	-0.0056376357	-0.0045434790	-0.0054360889	-0.0046384115	-0.0056680549	-0.0059994059	-0.0042058633	-0.0055542361	-0.0041015486	-0.0043668290	-0.0059930057	-0.0044437917	-0.0051473453	-0.0045004165	-0.0047197155	-0.0046385482	-0.0055167620	-0.0049560735	-0.0049434176	-0.0048090197	-0.0042566490	-0.0053972088	-0.0040007353	-0.0047338850	-0.0047888935	-0.0049109676	-0.0063111761	-0.0049275743	-0.0045380577	-0.0040584398	-0.0044545143	-0.0057242729	-0.0048698720	-0.0052497158	-0.0049955499	-0.0050821209	-0.0038048331	-0.0049388090	-0.0037060507	-0.0055535013	-0.0039689515	-0.0049616616	-0.0032527029	-0.0051264814	-0.0052732354	-0.0049198705	-0.0047634104	-0.0054161352	-0.0036894431	-0.0045336098	-0.0047806937	-0.0056715822	-0.0050235909	-0.0051506113	-0.0048018328	-0.0048032775	-0.0047133172
-0.0032917549	-0.0044807845	-0.0030009716	-0.0048937652	-0.0048332208	-0.0037574024	-0.0038626813	-0.0040617302	-0.0039687007	-0.0036210308	-0.0051172599	-0.0040967378	-0.0025383968	-0.0033577540	-0.0045223504	-0.0038980162	0.4632474962	-0.0041241473	-0.0038223012	-0.0028328223	-0.0054084451	-0.0041405581	-0.0046094850	-0.0045836993	-0.0045498408	-0.0042195240	-0.0043355679	-0.0044178696	-0.0035438201	-0.0036062471	-0.0036996243	-0.0045475671	-0.0051082114	-0.0039999064	-0.0050202937	-0.0050873213	-0.0055140245	-0.0047141092	-0.0048753598	-0.0046338991	-0.0049549710	-0.0048247884	-0.0053209207	-0.0033447932	-0.0044310918	-0.0052023377	-0.0046427870	-0.0042665585	-0.0048999254	-0.0050055612	-0.0043998650	-0.0038508374	-0.0034844669	-0.0052986064	-0.0035638153	-0.0043073360	-0.0046643266	-0.0051825792	-0.0041143146	-0.0033759344	-0.0056957821	-0.0042295612	-0.0049055248	-0.0051959791	-0.0049726495	-0.0032169744	-0.0043587016	-0.0050184256	-0.0043207424	-0.0038189255	-0.0043911822	-0.0042806332	-0.0045921156	-0.0042116144	-0.0040623675	-0.0046128736	-0.0054194521	-0.0040726212	-0.0042533726	-0.0055836172	-0.0047911941	-0.0033312733	-0.0048344705	-0.0046939592	-0.0041401099	-0.0037697615	-0.0051194902	-0.0033134063	-0.0048996427	-0.0052240742	-0.0043103262	-0.0039827063	-0.0034500202	-0.0030013592	-0.0038021576	-0.0043352899	-0.0049160718	-0.0027546829	-0.0030762799	-0.0042686527	-0.0034936101	-0.0045944911	-0.0044072402	-0.0050418928	-0.0052357732	-0.0037891095	-0.0053012895	-0.0043230272
-0.0037618510	-0.0038664536	-0.0038528653	-0.0046305088	-0.0047587438	-0.0047956137	-0.0051699361	-0.0051877441	-0.0054982970	-0.0036578855	-0.0045830394	-0.0031626294	-0.0036748030	-0.0047038425	-0.0044005707	-0.0046035531	-0.0041241473	0.4431258404	-0.0041112204	-0.0039312303	-0.0047937457	-0.0039061356	-0.0044778203	-0.0039263885	-0.0047773318	-0.0029915198	-0.0049515911	-0.0035686959	-0.0037171730	-0.0051237078	-0.0042541723	-0.0038262483	-0.0035471045	-0.0046515488	-0.0031879463	-0.0054135476	-0.0040302258	-0.0037873972	-0.0044396748	-0.0041016232	-0.0035180588	-0.0042623366	-0.0050369967	-0.0048389156	-0.0033024417	-0.0036575065	-0.0047092376	-0.0031023721	-0.0048564194	-0.0045243775	-0.0043910149	-0.0035828434	-0.0052498106	-0.0038749783	-0.0025975280	-0.0034638131	-0.0044320680	-0.0046585051	-0.0041077372	-0.0032995169	-0.0044143418	-0.0035851636	-0.0037395958	-0.0040055467	-0.0041658037	-0.0037699207	-0.0041768187	-0.0031468737	-0.0048883643	-0.0033143691	-0.0038688159	-0.0041258233	-0.0041806683	-0.0030799962	-0.0041004933	-0.0049607154	-0.0038158975	-0.0036516088	-0.0041807673	-0.0059122720	-0.0032183055	-0.0048697539	-0.0044183454	-0.0040040809	-0.0046027201	-0.0036255852	-0.0042917282	-0.0044458127	-0.0050091923	-0.0036398253	-0.0049906370	-0.0033419397	-0.0041394479	-0.0048872328	-0.0041531865	-0.0042807164	-0.0033081229	-0.0037814623	-0.0049603100	-0.0038593346	-0.0037821093	-0.0028897921	-0.0046694601	-0.0051720745	-0.0033105476	-0.0032633932	-0.0035601659	-0.0041516904
-0.0049090541	-0.0041662599	-0.0056332930	-0.0053962929	-0.0045222806	-0.0052919839	-0.0048839308	-0.0024477672	-0.0058544061	-0.0043037532	-0.0055818703	-0.0047568949	-0.0060415659	-0.0039565408	-0.0047428707	-0.0054502096	-0.0038223012	-0.0041112204	0.5051500134	-0.0038521913	-0.0056313251	-0.0034282009	-0.0053216905	-0.0058631814	-0.0042953656	-0.0054514453	-0.0041735535	-0.0047835034	-0.0031720324	-0.0051529712	-0.0059720556	-0.0042693170	-0.0034476935	-0.0043699233	-0.0041794255	-0.0053498005	-0.0051636759	-0.0029409032	-0.0042062372	-0.0036755276	-0.0050141695	-0.0042404441	-0.0054876706	-0.0039207911	-0.0046977816	-0.0045362290	-0.0056991727	-0.0052926926	-0.0053663792	-0.0057336003	-0.0042225929	-0.0058406227	-0.0062920339	-0.0049687172	-0.0045483456	-0.0043408617	-0.0046714026	-0.0041984444	-0.0050098984	-0.0055064544	-0.0042090876	-0.0052584306	-0.0045419072	-0.0048902150	-0.0045733257	-0.0044058746	-0.0037125271	-0.0049692522	-0.0045145270	-0.0048498038	-0.0043102943	-0.0051950620	-0.0048452842	-0.0042737569	-0.0056485331	-0.0060696037	-0.0049413827	-0.0041668547	-0.0024729535	-0.0044678219	-0.0034152603	-0.0047019628	-0.0051254335	-0.0052502562	-0.0037826121	-0.0039521374	-0.0048192640	-0.0059536134	-0.0042711027	-0.0052209042	-0.0047566445	-0.0051717338	-0.0046677974	-0.0055335357	-0.0032690910	-0.0047152862	-0.0028246036	-0.0047017634	-0.0050005231	-0.0060794495	-0.0044773478	-0.0053716118	-0.0044389199	-0.0053272314	-0.0037956890	-0.0057743422	-0.0049309344	-0.0053436443
-0.0041499565	-0.0033312063	-0.0045532138	-0.0032074124	-0.0049450099	-0.0045336422	-0.0046949894	-0.0046775857	-0.0039729902	-0.0039948721	-0.0040828796	-0.0039834332	-0.0046785995	-0.0032849496	-0.0040136568	-0.0022210804	-0.0028328223	-0.0039312303	-0.0038521913	0.4448550910	-0.0040659912	-0.0036722061	-0.0029197147	-0.0039832559	-0.0043778128	-0.0042263163	-0.0032984646	-0.0045194842	-0.0035241043	-0.0046526909	-0.0047662874	-0.0048717914	-0.0032837587	-0.0044465918	-0.0048079148	-0.0037077701	-0.0045435974	-0.0048238103	-0.0041667552	-0.0039348725	-0.0037512862	-0.0038638904	-0.0038074298	-0.0047024484	-0.0049727823	-0.0044150316	-0.0043915596	-0.0038352464	-0.0028094175	-0.0030818200	-0.0047024359	-0.0044616855	-0.0043513052	-0.0032005518	-0.0055993101	-0.0045644178	-0.0043420297	-0.0046569922	-0.0029967591	-0.0034145138	-0.0040039175	-0.0040219444	-0.0055001986	-0.0031727886	-0.0044536229	-0.0032180523	-0.0041102750	-0.0047447415	-0.0051678011	-0.0043383452	-0.0040331476	-0.0037574933	-0.0042321140	-0.0053121188	-0.0022859222	-0.0045932512	-0.0051255277	-0.0048252492	-0.0041206248	-0.0039337841	-0.0040646748	-0.0044219600	-0.0051089669	-0.0047823000	-0.0051690965	-0.0044018961	-0.0038440844	-0.0040447441	-0.0039154204	-0.0041552128	-0.0031722407	-0.0051818114	-0.0043205708	-0.0040820163	-0.0050329275	-0.0046371106	-0.0040736205	-0.0036832361	-0.0048339611	-0.0048160203	-0.0047751504	-0.0035951208	-0.0035000813	-0.0043540206	-0.0038535668	-0.0038760037	-0.0036742684	-0.0050782624
-0.0044769069	-0.0042876586	-0.0032666303	-0.0040293231	-0.0053865342	-0.0050539948	-0.0042725318	-0.0058434484	-0.0051042000	-0.0051227593	-0.0049851989	-0.0051929543	-0.0054621828	-0.0054527219	-0.0052988180	-0.0036751957	-0.0054084451	-0.0047937457	-0.0056313251	-0.0040659912	0.5086308115	-0.0038632612	-0.0051209314	-0.0050093484	-0.0049495638	-0.0058672507	-0.0051254214	-0.0048475451	-0.0055881087	-0.0035774390	-0.0045554707	-0.0056541849	-0.0057206676	-0.0045949878	-0.0047033344	-0.0052459766	-0.0051903613	-0.0041522640	-0.0048963010	-0.0052913026	-0.0039771289	-0.0041476207	-0.0050436235	-0.0053136853	-0.0032435068	-0.0051584746	-0.0041633659	-0.0043096723	-0.0055520804	-0.0031862878	-0.0047159050	-0.0042736294	-0.0058182090	-0.0049853747	-0.0050002752	-0.0039587524	-0.0046196087	-0.0042003140	-0.0049448080	-0.0038633165	-0.0045943723	-0.0056279434	-0.0039511945	-0.0040694705	-0.0036847282	-0.0045349812	-0.0045924464	-0.0042644179	-0.0043356643	-0.0055990553	-0.0048574245	-0.0036908765	-0.0046967433	-0.0052046499	-0.0037570780	-0.0048923966	-0.0034415977	-0.0051131411	-0.0041188100	-0.0048460487	-0.0040831963	-0.0047799669	-0.0039591106	-0.0048492646	-0.0050175955	-0.0039785505	-0.0049440173	-0.0048911578	-0.0059744020	-0.0050314603	-0.0057290311	-0.0045341297	-0.0061879836	-0.0053465174	-0.0055597192	-0.0045751199	-0.0044753566	-0.0062202839	-0.0055787927	-0.0046923247	-0.0041056637	-0.0044082946	-0.0043380923	-0.0056387751	-0.0045642081	-0.0044494812	-0.0041074339	-0.0054979159
-0.0036408845	-0.0045261722	-0.0045562021	-0.0040790882	-0.0050491691	-0.0042818346	-0.0026285589	-0.0043562531	-0.0054061148	-0.0043347038	-0.0039425881	-0.0061076973	-0.0044682574	-0.0037049790	-0.0041890345	-0.0036102133	-0.0041405581	-0.0039061356	-0.0034282009	-0.0036722061	-0.0038632612	0.4881929196	-0.0058681553	-0.0034769480	-0.0042331674	-0.0063487642	-0.0047264421	-0.0036506708	-0.0044791787	-0.0047794055	-0.0041088626	-0.0034768250	-0.0059367860	-0.0061343745	-0.0046187010	-0.0047686975	-0.0043410158	-0.0032998116	-0.0029834081	-0.0041942426	-0.0048447164	-0.0041490603	-0.0035594258	-0.0045331714	-0.0054127037	-0.0041302717	-0.0061088100	-0.0038017654	-0.0048703228	-0.0056750314	-0.0046932584	-0.0048209550	-0.0058670686	-0.0034670481	-0.0052770822	-0.0040815582	-0.0049159761	-0.0031884592	-0.0044556464	-0.0031255423	-0.0047803102	-0.0036984503	-0.0044186366	-0.0043234584	-0.0051435312	-0.0050853626	-0.0047637339	-0.0047205610	-0.0051692123	-0.0048019498	-0.0049284360	-0.0027276127	-0.0054355095	-0.0052416438	-0.0040391686	-0.0056240413	-0.0051966963	-0.0048669514	-0.0053981183	-0.0045263779	-0.0040875643	-0.0062877039	-0.0055027279	-0.0043863358	-0.0054410354	-0.0048345355	-0.0052449828	-0.0045791460	-0.0040720638	-0.0043062108	-0.0049383666	-0.0052423201	-0.0053457235	-0.0036491901	-0.0055010006	-0.0047339352	-0.0045684174	-0.0054367548	-0.0054655132	-0.0040921163	-0.0061432720	-0.0022797607	-0.0032301331	-0.0033644834	-0.0060428097	-0.0051599655	-0.0046103576	-0.0044612883
-0.0049490615	-0.0047842798	-0.0046502123	-0.0027908360	-0.0054131163	-0.0061384522	-0.0046151784	-0.0053083521	-0.0023322558	-0.0035160336	-0.0054932658	-0.0042405385	-0.0038720265	-0.0043645158	-0.0041208449	-0.0045402322	-0.0046094850	-0.0044778203	-0.0053216905	-0.0029197147	-0.0051209314	-0.0058681553	0.5017812216	-0.0036684681	-0.0049607657	-0.0057682711	-0.0054435102	-0.0046761696	-0.0034232350	-0.0044580467	-0.0043391013	-0.0042341350	-0.0057329988	-0.0045537009	-0.0051751941	-0.0061898129	-0.0044726384	-0.0049422247	-0.0049012744	-0.0049151326	-0.0051207503	-0.0046949233	-0.0037933324	-0.0056491482	-0.0053476096	-0.0047431111	-0.0046850367	-0.0052150560	-0.0046986040	-0.0053699178	-0.0050123076	-0.0034831911	-0.0061821481	-0.0048378339	-0.0050386460	-0.0043255596	-0.0038460324	-0.0049459215	-0.0045021109	-0.0046049212	0.0001420231	-0.0033031608	-0.0054252940	-0.0062334969	-0.0042941951	-0.0043633459	-0.0043744043	-0.0046051641	-0.0048484483	-0.0049815005	-0.0033555219	-0.0055300165	-0.0057642309	-0.0051307641	-0.0046597648	-0.0047611557	-0.0047703466	-0.0049761766	-0.0046090294	-0.0058362577	-0.0050132878	-0.0052535014	-0.0049696353	-0.0042549604	-0.0040476245	-0.0056659986	-0.0041822109	-0.0045736752	-0.0058188626	-0.0045474416	-0.0048791070	-0.0049297665	-0.0051681793	-0.0047901423	-0.0048015934	-0.0047103182	-0.0041703081	-0.0041662555	-0.0045878331	-0.0048750818	-0.0030094081	-0.0048351381	-0.0045658692	-0.0060791605	-0.0044258035	-0.0041398470	-0.0050664775	-0.0051756432
-0.0048470682	-0.0045707507	-0.0046745623	-0.0058537154	-0.0055000783	-0.0051904619	-0.0041666175	-0.0050380477	-0.0042365205	-0.0040373652	-0.0047014471	-0.0052692925	-0.0045865744	-0.0050052117	-0.0042688525	-0.0052830230	-0.0045836993	-0.0039263885	-0.0058631814	-0.0039832559	-0.0050093484	-0.0034769480	-0.0036684681	0.5165814631	-0.0037159052	-0.0059684117	-0.0066072865	-0.0054641129	-0.0044800809	-0.0063880449	-0.0049241610	-0.0052741279	-0.0054896318	-0.0052049461	-0.0045726488	-0.0052248551	-0.0051523178	-0.0048729952	-0.0049575497	-0.0038697250	-0.0049251600	-0.0055342859	-0.0055005607	-0.0037672533	-0.0057631497	-0.0051178131	-0.0053596241	-0.0048297339	-0.0041567428	-0.0030877466	-0.0043859395	-0.0048282600	-0.0050573776	-0.0041170252	-0.0062796573	-0.0057618565	-0.0047787337	-0.0057736794	-0.0047517439	-0.0030301319	-0.0055352244	-0.0054040253	-0.0052064820	-0.0041381263	-0.0033065430	-0.0039736347	-0.0045256187	-0.0047176002	-0.0047226951	-0.0044522887	-0.0045164853	-0.0052628959	-0.0057830857	-0.0042160058	-0.0047069560	-0.0044986281	-0.0048191888	-0.0055639434	-0.0043962831	-0.0039820720	-0.0039318054	-0.0039524720	-0.0054103724	-0.0049512989	-0.0052146123	-0.0043576822	-0.0043741356	-0.0066563747	-0.0063536055	-0.0041110512	-0.0042733386	-0.0056061978	-0.0044164388	-0.0047656516	-0.0048955084	-0.0045848414	-0.0053160424	-0.0056991481	-0.0045464185	-0.0028262573	-0.0057244012	-0.0055424843	-0.0042279828	-0.0050990079	-0.0045177488	-0.0040081632	-0.0053903789	-0.0053861063
-0.0044502380	-0.0050250143	-0.0060925414	-0.0031810978	-0.0049010380	-0.0047130714	-0.0046278381	-0.0051250508	-0.0054440245	-0.0039390026	-0.0051392388	-0.0054491277	-0.0040673120	-0.0035683170	-0.0048895651	-0.0047457285	-0.0045498408	-0.0047773318	-0.0042953656	-0.0043778128	-0.0049495638	-0.0042331674	-0.0049607657	-0.0037159052	0.5041674394	-0.0056087409	-0.0042969761	-0.0060440020	-0.0045852323	-0.0030914465	-0.0044585454	-0.0054054289	-0.0042717113	-0.0050773472	-0.0060448818	-0.0041982657	-0.0043721835	-0.0058252056	-0.0040753244	-0.0053029042	-0.0055267857	-0.0035274446	-0.0049185507	-0.0056592807	-0.0052600665	-0.0044056608	-0.0046877255	-0.0041009380	-0.0062858816	-0.0056897453	-0.0046567378	-0.0036456149	-0.0039282048	-0.0052278922	-0.0057377218	-0.0051486189	-0.0057329935	-0.0061701764	-0.0031116917	-0.0044506249	-0.0049428383	-0.0050759291	-0.0045582260	-0.0047178433	-0.0033044825	-0.0050500619	-0.0041457857	-0.0053816603	-0.0050095821	-0.0053659196	-0.0040456626	-0.0039946565	-0.0047792803	-0.0050445405	-0.0052396371	-0.0029918017	-0.0050882812	-0.0042317004	-0.0047006639	-0.0048187099	-0.0049565259	-0.0039046174	-0.0046072761	-0.0045899998	-0.0038692566	-0.0055069136	-0.0040637045	-0.0044486157	-0.0046559524	-0.0049706657	-0.0043237969	-0.0043052183	-0.0045852587	-0.0052349088	-0.0051647585	-0.0055769871	-0.0044171594	-0.0041570517	-0.0045676510	-0.0044152396	-0.0044366151	-0.0040663903	-0.0056265868	-0.0052340843	-0.0052271588	-0.0041481535	-0.0049705941	-0.0039005248
-0.0040684367	-0.0058152673	-0.0054334216	-0.0040736430	-0.0038937802	-0.0055618179	-0.0055809096	-0.0061241540	-0.0046264299	-0.0040585792	-0.0042946949	-0.0048888863	-0.0052977338	-0.0049002847	-0.0048180451	-0.0036562945	-0.0042195240	-0.0029915198	-0.0054514453	-0.0042263163	-0.0058672507	-0.0063487642	-0.0057682711	-0.0059684117	-0.0056087409	0.5271776705	-0.0044563849	-0.0048692779	-0.0049377163	-0.0038099873	-0.0045304664	-0.0048568194	-0.0057713195	-0.0052753676	-0.0049929870	-0.0049822074	-0.0034597513	-0.0049021755	-0.0037132410	-0.0042899095	-0.0042360141	-0.0052406957	-0.0044341105	-0.0060962226	-0.0046958566	-0.0045909289	-0.0047818678	-0.0043912561	-0.0066028486	-0.0052023526	-0.0051888317	-0.0058656989	-0.0047797652	-0.0049420249	-0.0032121490	-0.0046557201	-0.0049901977	-0.0054498689	-0.0060763381	-0.0046858040	-0.0044106375	-0.0048599955	-0.0054289489	-0.0050027523	-0.0051823387	-0.0049211329	-0.0041251911	-0.0047889115	-0.0052656264	-0.0040420462	-0.0051714018	-0.0050146975	-0.0046629012	-0.0045912418	-0.0046987942	-0.0054356061	-0.0060054816	-0.0058287683	-0.0068698266	-0.0050188023	-0.0042412667	-0.0050558521	-0.0073110212	-0.0055742361	-0.0045701664	-0.0039394238	-0.0042950273	-0.0038256043	-0.0034562139	-0.0047087069	-0.0050430227	-0.0047080896	-0.0043297395	-0.0051709100	-0.0045857441	-0.0045934936	-0.0064303177	-0.0049338181	-0.0049764186	-0.0053089698	-0.0045098638	-0.0041826772	-0.0068976958	-0.0049054038	-0.0031777225	-0.0045985005	-0.0064665354	-0.0055473410
