0.4870259580	-0.0052616882	-0.0046722529	-0.0035505634	-0.0048686632	-0.0043489092	-0.0040789232	-0.0049932679	-0.0059691786	-0.0049924031	-0.0055579007	-0.0044180927	-0.0049129020	-0.0039793767	-0.0046599462	-0.0058115091	-0.0033285052	-0.0037787952	-0.0051730589	-0.0040811614	-0.0044327713	-0.0034467509	-0.0051098492	-0.0048358134	-0.0044667396	-0.0041593897	-0.0034458439	-0.0045130225	-0.0044855438	-0.0046516746	-0.0052166975	-0.0035570032	-0.0052963760	-0.0050011222	-0.0047074296	-0.0048364423	-0.0040905713	-0.0039987584	-0.0053244834	-0.0045054443	-0.0037090596	-0.0060733503	-0.0041274065	-0.0042090788	-0.0032607233	-0.0054995591	-0.0047743676	-0.0040790336	-0.0050168347	-0.0044434282	-0.0054611732	-0.0041306062	-0.0052256063	-0.0037651295	-0.0042523995	-0.0045633329	-0.0052868819	-0.0031327502	-0.0049156379	-0.0036782013	-0.0053239428	-0.0048651294	-0.0044682920	-0.0042133165	-0.0054961612	-0.0036582909	-0.0055702704	-0.0043436191	-0.0054458333	-0.0056704770	-0.0042250773	-0.0040675453	-0.0048586272	-0.0045335807	-0.0048124777	-0.0036208141	-0.0058000173	-0.0051281910	-0.0032485713	-0.0055348336	-0.0044843906	-0.0044215427	-0.0049720255	-0.0057249320	-0.0040246483	-0.0047340256	-0.0048884054	-0.0042089859	-0.0022441824	-0.0043773869	-0.0049154089	-0.0052658050	-0.0043226146	-0.0042411071	-0.0037280620	-0.0041831241	-0.0051390973	-0.0049664795	-0.0055124592	-0.0025717171	-0.0037684154	-0.0037242660	-0.0047771213	-0.0046022118	-0.0040861098	-0.0036443091	-0.0059024602	-0.0045862109
-0.0052616882	0.5050688569	-0.0060340858	-0.0040843024	-0.0050436756	-0.0043749847	-0.0046340533	-0.0044054237	-0.0049242030	-0.0032366003	-0.0041326784	-0.0055110342	-0.0050196980	-0.0049849495	-0.0048838081	-0.0049981240	-0.0044253055	-0.0039405672	-0.0041344565	-0.0032876134	-0.0041047808	-0.0045303951	-0.0045985188	-0.0044991981	-0.0048834461	-0.0060563273	-0.0060036023	-0.0038677205	-0.0046850284	-0.0043530259	-0.0044511081	-0.0049914592	-0.0047232273	-0.0056432435	-0.0049778075	-0.0047542462	-0.0049508131	-0.0045277858	-0.0050256513	-0.0046881135	-0.0053450660	-0.0048601003	-0.0044857391	-0.0058591575	-0.0047894629	-0.0062552286	-0.0041549872	-0.0042595050	-0.0042394722	-0.0063470198	-0.0045916483	-0.0049952888	-0.0052655771	-0.0056255649	-0.0041469042	-0.0041958757	-0.0045017218	-0.0053365846	-0.0037572336	-0.0041116537	-0.0046172710	-0.0056276763	-0.0025360396	-0.0051296156	-0.0041047886	-0.0037350134	-0.0060334896	-0.0046300363	-0.0046358332	-0.0042745592	-0.0055298745	-0.0048593356	-0.0041529575	-0.0051399933	-0.0052070203	-0.0041099452	-0.0045910803	-0.0061833139	-0.0029682364	-0.0051524249	-0.0050890856	-0.0037334787	-0.0037257856	-0.0053646335	-0.0045813703	-0.0044649172	-0.0039372029	-0.0060720242	-0.0038564272	-0.0052972272	-0.0047467759	-0.0047557559	-0.0045104854	-0.0055715036	-0.0051239671	-0.0053291682	-0.0049640928	-0.0042157591	-0.0043349717	-0.0053851927	-0.0042535003	-0.0049867555	-0.0043447846	-0.0052447236	-0.0039044497	-0.0057692716	-0.0042344254	-0.0032960748
-0.0046722529	-0.0060340858	0.5172520506	-0.0054953278	-0.0053794730	-0.0035748205	-0.0043119546	-0.0049759253	-0.0051452363	-0.0042358280	-0.0038021662	-0.0059188771	-0.0045031824	-0.0040360160	-0.0047708435	-0.0047276127	-0.0030315618	-0.0039001004	-0.0056759735	-0.0044298297	-0.0030805014	-0.0045356132	-0.0043491038	-0.0045661457	-0.0060509186	-0.0054883859	-0.0065342727	-0.0051481606	-0.0039478350	-0.0042271819	-0.0042789933	-0.0050776522	-0.0061789697	-0.0039820988	-0.0066072187	-0.0043540147	-0.0046433504	-0.0045010887	-0.0047796750	-0.0054661832	-0.0047555768	-0.0047181387	-0.0050909087	-0.0036130193	-0.0049695488	-0.0054279839	-0.0047644393	-0.0043659553	-0.0045580860	-0.0054602413	-0.0052656796	-0.0055430720	-0.0064296194	-0.0047750300	-0.0041235395	-0.0055345060	-0.0047921446	-0.0047474480	-0.0039536489	-0.0039817023	-0.0059972885	-0.0055222347	-0.0047345372	-0.0047357682	-0.0048453458	-0.0049236005	-0.0061601787	-0.0045819930	-0.0043145779	-0.0042503928	-0.0045429928	-0.0048040531	-0.0056798329	-0.0043908394	-0.0045927586	-0.0059442893	-0.0042816966	-0.0061218935	-0.0037728319	-0.0041549844	-0.0035882650	-0.0049739604	-0.0048430323	-0.0050676988	-0.0032854203	-0.0046875252	-0.0055767500	-0.0049460510	-0.0057183925	-0.0052038122	-0.0045414286	-0.0051158018	-0.0054890183	-0.0045221198	-0.0042417432	-0.0044643047	-0.0047914514	-0.0055922040	-0.0051601224	-0.0046691596	-0.0050637527	-0.0042857032	-0.0026931697	-0.0055795969	-0.0055078490	-0.0062807107	-0.0045517933	-0.0051704047
-0.0035505634	-0.0040843024	-0.0054953278	0.4692169190	-0.0039199899	-0.0051506185	-0.0041634704	-0.0053034798	-0.0046782675	-0.0035672983	-0.0038537579	-0.0050795564	-0.0044086604	-0.0037527114	-0.0035145763	-0.0029657741	-0.0046059994	-0.0047289693	-0.0053673245	-0.0033997083	-0.0041978432	-0.0042265547	-0.0027140736	-0.0058500890	-0.0031433290	-0.0040334837	-0.0057482280	-0.0047990570	-0.0037285746	-0.0041488997	-0.0049067054	-0.0041647122	-0.0053706457	-0.0052917344	-0.0038163807	-0.0049849026	-0.0040246323	-0.0037772061	-0.0046320100	-0.0040746753	-0.0049848574	-0.0049348352	-0.0044951368	-0.0054923857	-0.0045105204	-0.0041153892	-0.0043078077	-0.0043319982	-0.0042278311	-0.0027847064	-0.0034098919	-0.0044738404	-0.0030154662	-0.0044972621	-0.0035654384	-0.0050391381	-0.0052553188	-0.0053205639	-0.0056462282	-0.0035228652	-0.0046950024	-0.0057995180	-0.0052744797	-0.0036197485	-0.0051189237	-0.0036805082	-0.0053492493	-0.0044123645	-0.0038642211	-0.0043492779	-0.0048168681	-0.0053314452	-0.0053318633	-0.0042990524	-0.0034951182	-0.0031271227	-0.0050136189	-0.0042718596	-0.0045382417	-0.0051005373	-0.0037686270	-0.0046812656	-0.0050192790	-0.0058291754	-0.0035017245	-0.0027642583	-0.0032747712	-0.0026050700	-0.0049536061	-0.0038534704	-0.0035905942	-0.0039672745	-0.0037316752	-0.0048627005	-0.0043648458	-0.0052899443	-0.0042193246	-0.0029719655	-0.0045789320	-0.0047465375	-0.0050472487	-0.0052435527	-0.0033840848	-0.0055107879	-0.0056032277	-0.0045070156	-0.0041743578	-0.0045270073
-0.0048686632	-0.0050436756	-0.0053794730	-0.0039199899	0.5102182167	-0.0039413567	-0.0048818564	-0.0038734549	-0.0030095771	-0.0037409086	-0.0045016575	-0.0046149317	-0.0053102261	-0.0051308014	-0.0053797917	-0.0046869225	-0.0050147753	-0.0047869398	-0.0045712954	-0.0049826755	-0.0054919693	-0.0050385662	-0.0052618468	-0.0055058316	-0.0049505434	-0.0038377345	-0.0042490878	-0.0057050630	-0.0045663778	-0.0052250971	-0.0044688884	-0.0048980096	-0.0058009061	-0.0041882288	-0.0043217237	-0.0031595488	-0.0048588945	-0.0055978254	-0.0057827293	-0.0039471048	-0.0051119126	-0.0055007903	-0.0046803550	-0.0047479923	-0.0063706051	-0.0044792664	-0.0048975917	-0.0052654998	-0.0052269735	-0.0056122794	-0.0034607459	-0.0042130998	-0.0048019017	-0.0042137377	-0.0043971224	-0.0045366060	-0.0053961538	-0.0044667979	-0.0047662024	-0.0048247860	-0.0040459335	-0.0054134100	-0.0048906899	-0.0047556627	-0.0031712235	-0.0043456560	-0.0055207293	-0.0053038714	-0.0050652990	-0.0050150204	-0.0051880675	-0.0043788227	-0.0057740410	-0.0037058068	-0.0060204987	-0.0046637507	-0.0044517579	-0.0030978650	-0.0044226976	-0.0037153243	-0.0051521378	-0.0047185685	-0.0050986671	-0.0054788543	-0.0047458401	-0.0059456097	-0.0047824629	-0.0047727723	-0.0047347627	-0.0051932484	-0.0048036083	-0.0057079619	-0.0043866052	-0.0034008653	-0.0031743938	-0.0045161051	-0.0046266266	-0.0056032270	-0.0040725110	-0.0043665067	-0.0048541421	-0.0051149514	-0.0056985399	-0.0050438737	-0.0051990012	-0.0043208477	-0.0049826058	-0.0053114236
-0.0043489092	-0.0043749847	-0.0035748205	-0.0051506185	-0.0039413567	0.5149882228	-0.0048975995	-0.0052499739	-0.0043859046	-0.0045103071	-0.0051029850	-0.0038271028	-0.0041844775	-0.0035892177	-0.0039125616	-0.0046762504	-0.0038948855	-0.0048807871	-0.0051155681	-0.0045919957	-0.0048852537	-0.0042679930	-0.0060582681	-0.0053070417	-0.0049078813	-0.0055486307	-0.0043715044	-0.0053005268	-0.0060324544	-0.0054052616	-0.0047488271	-0.0049043006	-0.0058482375	-0.0042983742	-0.0048219798	-0.0049629229	-0.0052727872	-0.0044671144	-0.0033878654	-0.0058498874	-0.0053601516	-0.0041449963	-0.0052702457	-0.0041993500	-0.0050823543	-0.0052060383	-0.0053914891	-0.0057219398	-0.0048963372	-0.0050848501	-0.0044004156	-0.0045024394	-0.0056551643	-0.0053325861	-0.0057356637	-0.0058091513	-0.0040186400	-0.0040663080	-0.0051917067	-0.0050036655	-0.0049727219	-0.0054056748	-0.0053952991	-0.0036657937	-0.0059179371	-0.0042318197	-0.0057046937	-0.0046404953	-0.0043926536	-0.0046335183	-0.0046732444	-0.0051035228	-0.0053707383	-0.0044014242	-0.0041125737	-0.0052949752	-0.0060699238	-0.0051915811	-0.0050299345	-0.0048049154	-0.0052885456	-0.0053491317	-0.0052964213	-0.0050160912	-0.0035264298	-0.0058774385	-0.0041364604	-0.0047992561	-0.0057614966	-0.0044500306	-0.0041166324	-0.0042501438	-0.0058629204	-0.0027937642	-0.0041707877	-0.0041340527	-0.0051453869	-0.0038278537	-0.0051206418	-0.0049774106	-0.0054150884	-0.0036205918	-0.0046683547	-0.0047074874	-0.0051177513	-0.0045483792	-0.0043728471	-0.0046924750
-0.0040789232	-0.0046340533	-0.0043119546	-0.0041634704	-0.0048818564	-0.0048975995	0.4917404481	-0.0062815096	-0.0033662735	-0.0049672719	-0.0038205948	-0.0049010740	-0.0053651112	-0.0032981262	-0.0057485127	-0.0049666447	-0.0038146168	-0.0051231529	-0.0048369188	-0.0046849154	-0.0042868243	-0.0025967087	-0.0046827365	-0.0042473093	-0.0046947830	-0.0057682950	-0.0045684362	-0.0046935196	-0.0043577133	-0.0045815034	-0.0051319217	-0.0043571200	-0.0046420781	-0.0038205923	-0.0052813545	-0.0058091984	-0.0052382355	-0.0037312200	-0.0049715062	-0.0033039765	-0.0036169378	-0.0040580956	-0.0041610365	-0.0043772599	-0.0047851157	-0.0058776364	-0.0037477987	-0.0050705001	-0.0046193986	-0.0051803478	-0.0047470379	-0.0032902978	-0.0056056851	-0.0049140384	-0.0054142605	-0.0044575302	-0.0041918547	-0.0036855285	-0.0040809672	-0.0035839794	-0.0046729387	-0.0046227784	-0.0034511605	-0.0045092351	-0.0060276094	-0.0046615736	-0.0045585209	-0.0058040298	-0.0049522779	-0.0045573939	-0.0047976406	-0.0048733509	-0.0060173111	-0.0048670613	-0.0045469576	-0.0031843174	-0.0055433011	-0.0057561080	-0.0051786454	-0.0040204335	-0.0047876559	-0.0044776170	-0.0052584528	-0.0042095831	-0.0042409753	-0.0055569789	-0.0048651920	-0.0041016769	-0.0038890394	-0.0048222075	-0.0056734619	-0.0049952893	-0.0040631319	-0.0046956492	-0.0045179003	-0.0038553532	-0.0048298404	-0.0045805649	-0.0054001249	-0.0045034297	-0.0044827109	-0.0028530879	-0.0039010433	-0.0042493310	-0.0047162557	-0.0052765360	-0.0040750166	-0.0038867777
-0.0049932679	-0.0044054237	-0.0049759253	-0.0053034798	-0.0038734549	-0.0052499739	-0.0062815096	0.5066786319	0.0018838983	-0.0046911976	-0.0064213505	-0.0052766215	-0.0046226822	-0.0038892713	-0.0049980729	-0.0048565185	-0.0038408059	-0.0052345860	-0.0023156964	-0.0047703767	-0.0061373558	-0.0042790750	-0.0051970922	-0.0052012227	-0.0050926513	-0.0060989036	-0.0050730628	-0.0053440632	-0.0050339229	-0.0050861211	-0.0049614213	-0.0043981032	-0.0056714402	-0.0050049654	-0.0052016425	-0.0033071442	-0.0045437485	-0.0050860454	-0.0033500050	-0.0059940228	-0.0049733979	-0.0052004117	-0.0056605531	-0.0045121263	-0.0043236101	-0.0047971845	-0.0058186593	-0.0047015052	-0.0040191140	-0.0048683630	-0.0045429742	-0.0046697632	-0.0054017744	-0.0042096131	-0.0052143576	-0.0048302403	-0.0054097132	-0.0046508699	-0.0043913393	-0.0049960578	-0.0050984892	-0.0049226632	-0.0048746048	-0.0045873816	-0.0043984581	-0.0050091293	-0.0050189468	-0.0059175650	-0.0046102057	-0.0049578602	-0.0057191486	-0.0060826640	-0.0058046362	-0.0056377290	-0.0040730869	-0.0055593627	-0.0047563053	-0.0047608117	-0.0048060818	-0.0041760325	-0.0039556594	-0.0054986163	-0.0044359701	-0.0038216257	-0.0046675680	-0.0041814427	-0.0053518381	-0.0038049096	-0.0049868037	-0.0036529233	-0.0046648964	-0.0040994633	-0.0044339074	-0.0038525129	-0.0033713391	-0.0045547733	-0.0044520379	-0.0040978084	-0.0045944535	-0.0045370668	-0.0040742942	-0.0056058462	-0.0056390048	-0.0041673038	-0.0035021445	-0.0047151035	-0.0055144167	-0.0043037861
-0.0059691786	-0.0049242030	-0.0051452363	-0.0046782675	-0.0030095771	-0.0043859046	-0.0033662735	0.0018838983	0.4942371270	-0.0045045360	-0.0039775060	-0.0053619132	-0.0047237399	-0.0051572657	-0.0045874761	-0.0036145388	-0.0039272053	-0.0055793176	-0.0057904570	-0.0040658301	-0.0048611953	-0.0054106903	-0.0023464192	-0.0044410709	-0.0056104327	-0.0044178576	-0.0060437936	-0.0042390374	-0.0042635163	-0.0046794170	-0.0053482921	-0.0059487862	-0.0052538231	-0.0042241517	-0.0048915165	-0.0061625044	-0.0039629376	-0.0055540882	-0.0041805262	-0.0036613523	-0.0031394478	-0.0043397856	-0.0035073566	-0.0051307531	-0.0055419746	-0.0051461992	-0.0048741393	-0.0042451476	-0.0061143657	-0.0052875349	-0.0042554681	-0.0017747654	-0.0038192658	-0.0052361890	-0.0048612283	-0.0045126762	-0.0042182392	-0.0051058914	-0.0045820818	-0.0044502858	-0.0040526225	-0.0053106796	-0.0043312261	-0.0046049406	-0.0049388548	-0.0057214218	-0.0058526982	-0.0046262064	-0.0044711928	-0.0055332349	-0.0036493812	-0.0039655478	-0.0048868659	-0.0037714953	-0.0049404839	-0.0054618688	-0.0045490100	-0.0052745218	-0.0040398114	-0.0044677411	-0.0038179811	-0.0042928024	-0.0051702458	-0.0040342782	-0.0054515482	-0.0044165565	-0.0045744875	-0.0052732929	-0.0045432925	-0.0038114501	-0.0041496598	-0.0058063989	-0.0048619679	-0.0044068063	-0.0058502625	-0.0042854105	-0.0051211164	-0.0052006901	-0.0045696807	-0.0053400634	-0.0045893460	-0.0057485203	-0.0037058154	-0.0063853202	-0.0042362445	-0.0053592200	-0.0045204355	-0.0037356968
-0.0049924031	-0.0032366003	-0.0042358280	-0.0035672983	-0.0037409086	-0.0045103071	-0.0049672719	-0.0046911976	-0.0045045360	0.4485887232	-0.0045114813	-0.0044304986	-0.0040777951	-0.0031584367	-0.0033590865	-0.0039847055	-0.0036100197	-0.0035957574	-0.0044633302	-0.0039564601	-0.0050376000	-0.0042109990	-0.0036586722	-0.0041640272	-0.0040806090	-0.0042131802	-0.0046243175	-0.0040077905	-0.0034798040	-0.0032047917	-0.0043571557	-0.0057215547	-0.0043037179	-0.0041092008	-0.0047160898	-0.0046128831	-0.0041483862	-0.0032097912	-0.0038070042	-0.0033816830	-0.0055985973	-0.0027442224	-0.0053299333	-0.0049349243	-0.0035361922	-0.0043348077	-0.0053848335	-0.0045365512	-0.0047120614	-0.0039659226	-0.0041369360	-0.0042531095	-0.0047904669	-0.0030778569	-0.0037618002	-0.0028276012	-0.0043592033	-0.0050577962	-0.0040894564	-0.0033788690	-0.0034017371	-0.0036858828	-0.0052722752	-0.0043550711	-0.0036173394	-0.0052922920	-0.0045699564	-0.0050624451	-0.0039154379	-0.0041171699	-0.0045206748	-0.0046627843	-0.0059757620	-0.0037813376	-0.0048618859	-0.0048124993	-0.0056219228	-0.0042286499	-0.0049120861	-0.0034894162	-0.0042514232	-0.0036545226	-0.0059125893	-0.0031934721	-0.0029270748	-0.0046541788	-0.0039619050	-0.0037064839	-0.0026641171	-0.0016895083	-0.0033968970	-0.0042271866	-0.0046559146	-0.0035554456	-0.0046794833	-0.0062703715	-0.0044068915	-0.0031277456	-0.0041245916	-0.0041988117	-0.0045562074	-0.0050806760	-0.0040293975	-0.0039197188	-0.0046078900	-0.0040469214	-0.0029229460	-0.0045554054
-0.0055579007	-0.0041326784	-0.0038021662	-0.0038537579	-0.0045016575	-0.0051029850	-0.0038205948	-0.0064213505	-0.0039775060	-0.0045114813	0.5065750638	-0.0048178569	-0.0047768502	-0.0034964429	-0.0047967757	-0.0059811301	-0.0050516454	-0.0046841020	-0.0057490219	-0.0039521241	-0.0047407044	-0.0037614722	-0.0054553958	-0.0044508899	-0.0051874443	-0.0043555287	-0.0041463393	-0.0060159420	-0.0038852196	-0.0047817229	-0.0037817197	-0.0049315663	-0.0042708103	-0.0038585482	-0.0048113328	-0.0032128102	-0.0041283371	-0.0046342230	-0.0040266588	-0.0055541312	-0.0041707099	-0.0039187542	-0.0046066327	-0.0050954617	-0.0048188659	-0.0060224917	-0.0042918170	-0.0052963628	-0.0055872931	-0.0037981281	-0.0055149680	-0.0047188457	-0.0037075415	-0.0031437095	-0.0047608088	-0.0053293740	-0.0046496187	-0.0049706334	-0.0034345173	-0.0036238007	-0.0048385314	-0.0063036420	-0.0044865527	-0.0037714726	-0.0049409703	-0.0053903791	-0.0039637258	-0.0049018143	-0.0046649772	-0.0043231833	-0.0046653466	-0.0039218803	-0.0063743573	-0.0050649366	-0.0042157376	-0.0054164467	-0.0035136614	-0.0057186224	-0.0041558008	-0.0047694327	-0.0043872146	-0.0049246802	-0.0054458432	-0.0053709823	-0.0053480800	-0.0040903390	-0.0063382095	-0.0046759066	-0.0050700849	-0.0045895859	-0.0039138539	-0.0046959344	-0.0042460493	-0.0065277708	-0.0065444585	-0.0048774503	-0.0046375412	-0.0047848713	-0.0053903113	-0.0058277645	-0.0049467351	-0.0037672115	-0.0055368559	-0.0040255333	-0.0054185570	-0.0051766048	-0.0050327941	-0.0051432107
-0.0044180927	-0.0055110342	-0.0059188771	-0.0050795564	-0.0046149317	-0.0038271028	-0.0049010740	-0.0052766215	-0.0053619132	-0.0044304986	-0.0048178569	0.5147165202	-0.0037181688	-0.0042825202	-0.0057703247	-0.0035852997	-0.0039762052	-0.0031972208	-0.0048527351	-0.0039848059	-0.0055770849	-0.0061533316	-0.0041563589	-0.0050226628	-0.0054132147	-0.0046481033	-0.0030036550	-0.0045532106	-0.0038359497	-0.0046442410	-0.0046809966	-0.0053016006	-0.0050407004	-0.0044786939	-0.0051350163	-0.0049580511	-0.0054249983	-0.0053950720	-0.0048332821	-0.0045182920	-0.0060076207	-0.0047610712	-0.0055275298	-0.0039896552	-0.0056931135	-0.0052643745	-0.0049381062	-0.0051178516	-0.0036736176	-0.0041253685	-0.0047849420	-0.0060975972	-0.0046786798	-0.0054258714	-0.0055394097	-0.0043514569	-0.0050492308	-0.0060014128	-0.0057704141	-0.0033107150	-0.0060152528	-0.0046740874	-0.0050732112	-0.0048485424	-0.0058863024	-0.0049285860	-0.0044520795	-0.0055723907	-0.0048726552	-0.0046370279	-0.0052891312	-0.0044400428	-0.0043055613	-0.0050745076	-0.0050524066	-0.0047266691	-0.0046282047	-0.0040124184	-0.0043436348	-0.0040108417	-0.0050103533	-0.0043740813	-0.0042376048	-0.0048302052	-0.0050808305	-0.0055468554	-0.0054245153	-0.0042184333	-0.0053799800	-0.0053280839	-0.0051182523	-0.0032894726	-0.0044249474	-0.0036939174	-0.0037703393	-0.0056264057	-0.0051150638	-0.0040738317	-0.0044382774	-0.0043059880	-0.0042998092	-0.0054542203	-0.0061706270	-0.0049322926	-0.0044665523	-0.0045033445	-0.0047418757	-0.0056094127
-0.0049129020	-0.0050196980	-0.0045031824	-0.0044086604	-0.0053102261	-0.0041844775	-0.0053651112	-0.0046226822	-0.0047237399	-0.0040777951	-0.0047768502	-0.0037181688	0.4884040315	-0.0045666567	-0.0043365696	-0.0047125285	-0.0024920896	-0.0037771816	-0.0059271563	-0.0047730002	-0.0055223065	-0.0045819613	-0.0037804910	-0.0046856140	-0.0039432179	-0.0053678003	-0.0049815420	-0.0034173581	-0.0042107859	-0.0060399431	-0.0045577634	-0.0045464055	-0.0012266068	-0.0062934911	-0.0046374745	-0.0051711044	-0.0046587413	-0.0048068663	-0.0060544305	-0.0044196167	-0.0054616355	-0.0048870529	-0.0039210922	-0.0052961547	-0.0042446087	-0.0049956397	-0.0038868692	-0.0044376946	-0.0039392030	-0.0052600523	-0.0049986838	-0.0055496409	-0.0052407476	-0.0054486163	-0.0057250635	-0.0043805384	-0.0049567226	-0.0040136720	-0.0042135777	-0.0046286723	-0.0045746216	-0.0047899334	-0.0041024092	-0.0052037720	-0.0057015091	-0.0051119339	-0.0039530557	-0.0038585762	-0.0048159676	-0.0045102553	-0.0039742506	-0.0011789718	-0.0057468816	-0.0046428470	-0.0034820897	-0.0043342765	-0.0042874172	-0.0037053584	-0.0036232316	-0.0045413538	-0.0038860180	-0.0045371427	-0.0047674046	-0.0053890773	-0.0046085874	-0.0024203780	-0.0050156853	-0.0050131196	-0.0048737418	-0.0050634377	-0.0048539662	-0.0055411845	-0.0045388162	-0.0051299478	-0.0044247133	-0.0042932111	-0.0037972073	-0.0045721308	-0.0047702416	-0.0042549712	-0.0049722675	-0.0037466264	-0.0044877989	-0.0034042500	-0.0047384488	-0.0039537411	-0.0046124836	-0.0060005856
-0.0039793767	-0.0049849495	-0.0040360160	-0.0037527114	-0.0051308014	-0.0035892177	-0.0032981262	-0.0038892713	-0.0051572657	-0.0031584367	-0.0034964429	-0.0042825202	-0.0045666567	0.4488436512	-0.0034860581	-0.0044902933	-0.0035211657	-0.0048160898	-0.0039567576	-0.0035160737	-0.0057049810	-0.0036978774	-0.0045327650	-0.0050737050	-0.0035673453	-0.0048126666	-0.0055292087	-0.0041866857	-0.0032964317	-0.0027968370	-0.0045490730	-0.0047050004	-0.0059089322	-0.0036055273	-0.0039235855	-0.0044459060	-0.0033024053	-0.0036407748	-0.0036036809	-0.0035410443	-0.0040875720	-0.0040679177	-0.0039039753	-0.0037549871	-0.0035767898	-0.0042524842	-0.0037472210	-0.0038865821	-0.0025006230	-0.0038297005	-0.0044119565	-0.0039072523	-0.0054296116	-0.0040528264	-0.0040232471	-0.0042849963	-0.0035404231	-0.0042695456	-0.0039882234	-0.0037713780	-0.0034148908	-0.0042518344	-0.0047193904	-0.0051083695	-0.0038220297	-0.0034796796	-0.0048397758	-0.0037098660	-0.0043752566	-0.0043788870	-0.0046015620	-0.0048172189	-0.0037769997	-0.0042682009	-0.0053060078	-0.0047087575	-0.0050742981	-0.0043099798	-0.0032736917	-0.0045165486	-0.0047829012	-0.0042361568	-0.0039316759	-0.0042494473	-0.0045391049	-0.0043376743	-0.0045652049	-0.0055136537	-0.0032579953	-0.0052939530	-0.0047264576	-0.0039277288	-0.0033626248	-0.0040819672	-0.0043502293	-0.0049903120	-0.0048476809	-0.0043015681	-0.0044572749	-0.0043016548	-0.0038198157	-0.0048001727	-0.0042444564	-0.0043480654	-0.0039638717	-0.0038506459	-0.0037443566	-0.0044437798
-0.0046599462	-0.0048838081	-0.0047708435	-0.0035145763	-0.0053797917	-0.0039125616	-0.0057485127	-0.0049980729	-0.0045874761	-0.0033590865	-0.0047967757	-0.0057703247	-0.0043365696	-0.0034860581	0.4984720085	-0.0043025961	-0.0047324851	-0.0042722981	-0.0049440584	-0.0040711436	-0.0051828615	-0.0042873897	-0.0040298045	-0.0044170456	-0.0048630614	-0.0050362533	-0.0044203573	-0.0053320729	-0.0045237894	-0.0051568344	-0.0032135652	-0.0052226678	-0.0044449634	-0.0047474560	-0.0045929264	-0.0038640246	-0.0042702611	-0.0036831581	-0.0059016719	-0.0051577283	-0.0048010580	-0.0053713548	-0.0044708293	-0.0037129297	-0.0058582712	-0.0048952841	-0.0058437611	-0.0052378880	-0.0037125832	-0.0045612892	-0.0039815930	-0.0031742935	-0.0048482424	-0.0054521649	-0.0051966481	-0.0033976496	-0.0052203597	-0.0051202606	-0.0058983241	-0.0050253010	-0.0028418709	-0.0048465341	-0.0049708404	-0.0042589954	-0.0039424097	-0.0034050197	-0.0056489057	-0.0049823754	-0.0031751908	-0.0045477230	-0.0042985925	-0.0049521682	-0.0054667016	-0.0032906338	-0.0045519385	-0.0061430955	-0.0055298535	-0.0043564302	-0.0055851857	-0.0041897850	-0.0058405743	-0.0057338464	-0.0046053336	-0.0048786146	-0.0047798690	-0.0046445512	-0.0031414965	-0.0037414682	-0.0046571560	-0.0042017943	-0.0054947813	-0.0051958399	-0.0056100389	-0.0043014046	-0.0052419746	-0.0052351479	-0.0035803023	-0.0059106273	-0.0043135557	-0.0057431750	-0.0041832197	-0.0050798313	-0.0045977970	-0.0044663285	-0.0038753612	-0.0050450718	-0.0041910631	-0.0045425716
-0.0058115091	-0.0049981240	-0.0047276127	-0.0029657741	-0.0046869225	-0.0046762504	-0.0049666447	-0.0048565185	-0.0036145388	-0.0039847055	-0.0059811301	-0.0035852997	-0.0047125285	-0.0044902933	-0.0043025961	0.5129473818	-0.0037642510	-0.0047952423	-0.0055037852	-0.0024032042	-0.0036852398	-0.0035849178	-0.0044862994	-0.0053036582	-0.0047271523	-0.0035677074	-0.0047662710	-0.0046370603	-0.0031912580	-0.0049000523	-0.0041043219	-0.0049268909	-0.0054919796	-0.0063368205	-0.0054856852	-0.0049511415	-0.0028664815	-0.0058190546	-0.0047921284	-0.0048502175	-0.0044526291	-0.0057356573	-0.0056482353	-0.0051386072	-0.0060180626	-0.0056351378	-0.0034530818	-0.0050039133	-0.0054927867	-0.0051652245	-0.0061962791	-0.0058891773	-0.0043556424	-0.0053766745	-0.0046279055	-0.0057262294	-0.0060625830	-0.0042310163	-0.0056531687	-0.0041343245	-0.0043734322	-0.0063093800	-0.0046621287	-0.0051158961	-0.0044867238	-0.0047493500	-0.0044428974	-0.0054504858	-0.0049313167	-0.0051134645	-0.0046643749	-0.0040019416	-0.0054503492	-0.0041422493	-0.0046132027	-0.0046361904	-0.0052037521	-0.0064752782	-0.0049451189	-0.0045500944	-0.0042213458	-0.0043549505	-0.0059878579	-0.0047284430	-0.0053267013	-0.0050296552	-0.0048520779	-0.0036118765	-0.0051280901	-0.0037214428	-0.0056089657	-0.0038111174	-0.0047337128	-0.0029365072	-0.0053870651	-0.0053009293	-0.0050285953	-0.0047951983	-0.0053538142	-0.0036512573	-0.0045641231	-0.0049047954	-0.0057928163	-0.0047935613	-0.0052301952	-0.0047064105	-0.0048664749	-0.0049041697
-0.0033285052	-0.0044253055	-0.0030315618	-0.0046059994	-0.0050147753	-0.0038948855	-0.0038146168	-0.0038408059	-0.0039272053	-0.0036100197	-0.0050516454	-0.0039762052	-0.0024920896	-0.0035211657	-0.0047324851	-0.0037642510	0.4637035475	-0.0040926355	-0.0038004090	-0.0026728212	-0.0054138927	-0.0040748678	-0.0048365684	-0.0044825955	-0.0044077399	-0.0043879975	-0.0044190762	-0.0045327076	-0.0035981376	-0.0035164489	-0.0035043499	-0.0046483223	-0.0050402005	-0.0039280902	-0.0049648572	-0.0052241428	-0.0055745542	-0.0047502013	-0.0048275938	-0.0047463868	-0.0050210363	-0.0048750085	-0.0055744748	-0.0032592587	-0.0043541799	-0.0054074215	-0.0046562641	-0.0042779787	-0.0051068030	-0.0050098441	-0.0043004646	-0.0034446188	-0.0034408046	-0.0055326349	-0.0038013022	-0.0042337930	-0.0046437007	-0.0052617933	-0.0040568210	-0.0032211974	-0.0058006755	-0.0043122892	-0.0048147499	-0.0052217153	-0.0050122123	-0.0032329238	-0.0043993806	-0.0047686493	-0.0045128758	-0.0037538763	-0.0043885644	-0.0043247058	-0.0047102817	-0.0041640335	-0.0041890063	-0.0045066627	-0.0053377549	-0.0041827829	-0.0039969342	-0.0056107141	-0.0048421749	-0.0033002698	-0.0048764721	-0.0048425746	-0.0042594269	-0.0038663271	-0.0052857017	-0.0032376951	-0.0050194814	-0.0054070271	-0.0044351211	-0.0037473555	-0.0031976552	-0.0031384377	-0.0038318367	-0.0041705802	-0.0048557801	-0.0024745462	-0.0031589868	-0.0044691923	-0.0035565964	-0.0044825317	-0.0044179618	-0.0051816263	-0.0053354938	-0.0036960553	-0.0052164839	-0.0042038476
-0.0037787952	-0.0039405672	-0.0039001004	-0.0047289693	-0.0047869398	-0.0048807871	-0.0051231529	-0.0052345860	-0.0055793176	-0.0035957574	-0.0046841020	-0.0031972208	-0.0037771816	-0.0048160898	-0.0042722981	-0.0047952423	-0.0040926355	0.4444308316	-0.0041829507	-0.0037310468	-0.0047492280	-0.0041587902	-0.0044554783	-0.0036693265	-0.0047295385	-0.0029368680	-0.0051667817	-0.0035450333	-0.0039162996	-0.0052540932	-0.0042521512	-0.0038097181	-0.0033791681	-0.0046304040	-0.0031047456	-0.0052704957	-0.0039546845	-0.0036827326	-0.0043705228	-0.0041793391	-0.0035104182	-0.0043777183	-0.0050670298	-0.0048747300	-0.0033267191	-0.0035577001	-0.0047267354	-0.0031387711	-0.0047775133	-0.0047292653	-0.0044055105	-0.0035147928	-0.0051334986	-0.0039691971	-0.0026568794	-0.0032400936	-0.0046802944	-0.0050220545	-0.0039590863	-0.0033384416	-0.0046142293	-0.0035975696	-0.0037818094	-0.0040019598	-0.0042558746	-0.0038460947	-0.0042131034	-0.0032302155	-0.0049431571	-0.0034419080	-0.0039941291	-0.0040745445	-0.0041537722	-0.0031241655	-0.0039968939	-0.0049404593	-0.0037760358	-0.0036541184	-0.0043707310	-0.0058774015	-0.0034638659	-0.0046025222	-0.0042707203	-0.0038489194	-0.0045079625	-0.0038174336	-0.0044810504	-0.0046182256	-0.0049668834	-0.0034135501	-0.0050695732	-0.0032949536	-0.0042789174	-0.0049070664	-0.0042479041	-0.0042328710	-0.0032772523	-0.0037189436	-0.0047179682	-0.0037541637	-0.0037122000	-0.0029557498	-0.0047232268	-0.0050593348	-0.0031247017	-0.0033958669	-0.0036437255	-0.0041175177
-0.0051730589	-0.0041344565	-0.0056759735	-0.0053673245	-0.0045712954	-0.0051155681	-0.0048369188	-0.0023156964	-0.0057904570	-0.0044633302	-0.0057490219	-0.0048527351	-0.0059271563	-0.0039567576	-0.0049440584	-0.0055037852	-0.0038004090	-0.0041829507	0.5044925528	-0.0039757230	-0.0056548495	-0.0033879544	-0.0055227480	-0.0058873465	-0.0041044568	-0.0053856802	-0.0041816312	-0.0045581481	-0.0031263044	-0.0053003254	-0.0060718187	-0.0040229844	-0.0030313902	-0.0041958975	-0.0041947776	-0.0051853303	-0.0049708099	-0.0028889129	-0.0039128516	-0.0038642447	-0.0051018516	-0.0043265600	-0.0052131771	-0.0036780365	-0.0048066286	-0.0042897759	-0.0057982507	-0.0052051130	-0.0053537735	-0.0060721886	-0.0042123954	-0.0058014553	-0.0063617658	-0.0050012407	-0.0046799529	-0.0042922135	-0.0046159830	-0.0041219580	-0.0048010221	-0.0054575465	-0.0041909756	-0.0053302205	-0.0044206277	-0.0049441964	-0.0046284030	-0.0045096041	-0.0034880596	-0.0049382025	-0.0045164636	-0.0048377757	-0.0045110677	-0.0050683073	-0.0050990217	-0.0040608439	-0.0055220899	-0.0061824493	-0.0050209357	-0.0042760995	-0.0024185995	-0.0044711004	-0.0035290346	-0.0046205150	-0.0050835761	-0.0051666745	-0.0039085577	-0.0038316074	-0.0048819335	-0.0061764374	-0.0044470989	-0.0052642149	-0.0047378596	-0.0052407967	-0.0048940224	-0.0055427909	-0.0031403363	-0.0047146091	-0.0028740824	-0.0045596776	-0.0049477011	-0.0062158045	-0.0044983122	-0.0053912585	-0.0041636662	-0.0054950501	-0.0037339403	-0.0057160161	-0.0049261620	-0.0053797455
-0.0040811614	-0.0032876134	-0.0044298297	-0.0033997083	-0.0049826755	-0.0045919957	-0.0046849154	-0.0047703767	-0.0040658301	-0.0039564601	-0.0039521241	-0.0039848059	-0.0047730002	-0.0035160737	-0.0040711436	-0.0024032042	-0.0026728212	-0.0037310468	-0.0039757230	0.4463454318	-0.0040173618	-0.0036324187	-0.0028891107	-0.0040400476	-0.0045288806	-0.0042042882	-0.0032203931	-0.0045082128	-0.0036813132	-0.0048363489	-0.0048014175	-0.0050676723	-0.0031628675	-0.0046846476	-0.0049373127	-0.0037582172	-0.0042977559	-0.0046381006	-0.0041092405	-0.0039466584	-0.0038159076	-0.0036933408	-0.0039466162	-0.0045523388	-0.0050289303	-0.0045697635	-0.0043143678	-0.0041003574	-0.0027065495	-0.0030765346	-0.0049458872	-0.0044742901	-0.0043520690	-0.0033711404	-0.0056571255	-0.0046244855	-0.0042951671	-0.0045964961	-0.0031318862	-0.0034232390	-0.0038551481	-0.0038477097	-0.0056012879	-0.0032481435	-0.0043088932	-0.0030818595	-0.0039717445	-0.0047130496	-0.0050590850	-0.0042594579	-0.0039614704	-0.0039895733	-0.0040860859	-0.0052195325	-0.0024461394	-0.0046347892	-0.0051080372	-0.0048954716	-0.0040328765	-0.0040202888	-0.0038929038	-0.0046722771	-0.0052852729	-0.0048068690	-0.0050563307	-0.0045058331	-0.0038813923	-0.0042142483	-0.0039998124	-0.0042532339	-0.0032213474	-0.0051788625	-0.0044398957	-0.0040030985	-0.0049407222	-0.0045647825	-0.0042161164	-0.0037199941	-0.0048436148	-0.0049155085	-0.0049220416	-0.0035516830	-0.0035758891	-0.0043374376	-0.0036911192	-0.0037245542	-0.0034811758	-0.0051395041
-0.0044327713	-0.0041047808	-0.0030805014	-0.0041978432	-0.0054919693	-0.0048852537	-0.0042868243	-0.0061373558	-0.0048611953	-0.0050376000	-0.0047407044	-0.0055770849	-0.0055223065	-0.0057049810	-0.0051828615	-0.0036852398	-0.0054138927	-0.0047492280	-0.0056548495	-0.0040173618	0.5086460548	-0.0040569165	-0.0050219104	-0.0050833398	-0.0047833169	-0.0059192291	-0.0051421328	-0.0047548171	-0.0057443812	-0.0035439699	-0.0044772521	-0.0056124701	-0.0058086816	-0.0045458827	-0.0047665703	-0.0052242476	-0.0050826867	-0.0041099736	-0.0047609532	-0.0055460689	-0.0039721953	-0.0039668486	-0.0049081787	-0.0056638909	-0.0029522251	-0.0052050059	-0.0039917249	-0.0043555636	-0.0055925664	-0.0031843441	-0.0048470238	-0.0041579870	-0.0059802691	-0.0049737576	-0.0048803391	-0.0038209911	-0.0046165793	-0.0042606836	-0.0050913146	-0.0041848069	-0.0044984355	-0.0057876581	-0.0040287707	-0.0039202718	-0.0036020539	-0.0044362052	-0.0046548400	-0.0042185264	-0.0042286847	-0.0055262321	-0.0048244885	-0.0036837137	-0.0045031913	-0.0053155379	-0.0038342117	-0.0047677583	-0.0034200598	-0.0052943872	-0.0040292554	-0.0049070458	-0.0043430761	-0.0047254273	-0.0041332048	-0.0048336171	-0.0048692491	-0.0041984614	-0.0047511632	-0.0048254558	-0.0059099747	-0.0051089858	-0.0057468694	-0.0045089312	-0.0060321673	-0.0054846671	-0.0058242233	-0.0044117463	-0.0044330232	-0.0061151883	-0.0055057676	-0.0048209059	-0.0041078120	-0.0042138253	-0.0041888836	-0.0058429296	-0.0046283637	-0.0044970231	-0.0041406993	-0.0056073844
-0.0034467509	-0.0045303951	-0.0045356132	-0.0042265547	-0.0050385662	-0.0042679930	-0.0025967087	-0.0042790750	-0.0054106903	-0.0042109990	-0.0037614722	-0.0061533316	-0.0045819613	-0.0036978774	-0.0042873897	-0.0035849178	-0.0040748678	-0.0041587902	-0.0033879544	-0.0036324187	-0.0040569165	0.4878014454	-0.0057123098	-0.0035350762	-0.0041363795	-0.0061963704	-0.0047683919	-0.0035323880	-0.0043937332	-0.0047955969	-0.0041127919	-0.0032012083	-0.0059485208	-0.0062121983	-0.0047721183	-0.0049064402	-0.0042302491	-0.0032707895	-0.0027230575	-0.0041009167	-0.0049333791	-0.0043486522	-0.0036433584	-0.0045649935	-0.0052918473	-0.0040563682	-0.0062228154	-0.0039303325	-0.0047909298	-0.0057183865	-0.0046640156	-0.0046266766	-0.0057354504	-0.0034643463	-0.0049984080	-0.0042259768	-0.0049001581	-0.0031825718	-0.0043551270	-0.0031329021	-0.0047339929	-0.0035906475	-0.0045219746	-0.0041520352	-0.0053661510	-0.0051764870	-0.0049230822	-0.0046506875	-0.0052436732	-0.0049427356	-0.0049497407	-0.0026579214	-0.0053146927	-0.0051566783	-0.0042965340	-0.0056098367	-0.0052569345	-0.0049217058	-0.0053393225	-0.0043946647	-0.0041573186	-0.0063062266	-0.0055179107	-0.0044495566	-0.0055599050	-0.0048287906	-0.0052317605	-0.0045688527	-0.0039205025	-0.0041896254	-0.0045209107	-0.0053265739	-0.0054152469	-0.0036573234	-0.0056419199	-0.0048159661	-0.0047324498	-0.0055567309	-0.0053249650	-0.0040334664	-0.0062475110	-0.0022954305	-0.0033295409	-0.0033436563	-0.0061138959	-0.0051948856	-0.0044251751	-0.0046393741
-0.0051098492	-0.0045985188	-0.0043491038	-0.0027140736	-0.0052618468	-0.0060582681	-0.0046827365	-0.0051970922	-0.0023464192	-0.0036586722	-0.0054553958	-0.0041563589	-0.0037804910	-0.0045327650	-0.0040298045	-0.0044862994	-0.0048365684	-0.0044554783	-0.0055227480	-0.0028891107	-0.0050219104	-0.0057123098	0.5006165960	-0.0039541431	-0.0048121267	-0.0057467415	-0.0055664058	-0.0046357898	-0.0032068141	-0.0046880285	-0.0043416886	-0.0041371126	-0.0056953393	-0.0044386810	-0.0052054678	-0.0062119066	-0.0045020428	-0.0047868338	-0.0050118557	-0.0048414059	-0.0051567150	-0.0045692782	-0.0037364886	-0.0052521567	-0.0054217670	-0.0046039343	-0.0046416322	-0.0052805401	-0.0047625119	-0.0053808057	-0.0049038944	-0.0034634192	-0.0064132103	-0.0048284876	-0.0050735159	-0.0043406469	-0.0039059504	-0.0048663429	-0.0043615728	-0.0045334129	0.0003727771	-0.0033501993	-0.0054743315	-0.0064279195	-0.0042442978	-0.0043785108	-0.0044105716	-0.0045713756	-0.0048210530	-0.0050861953	-0.0034282558	-0.0053528359	-0.0059191769	-0.0049254529	-0.0046599082	-0.0046894754	-0.0048462972	-0.0048281826	-0.0045211003	-0.0058565563	-0.0049586639	-0.0052544930	-0.0046811069	-0.0042899128	-0.0040894232	-0.0057189858	-0.0041932275	-0.0045379808	-0.0059788453	-0.0045857104	-0.0048764889	-0.0048612725	-0.0051293314	-0.0048452685	-0.0048336248	-0.0047952540	-0.0042845831	-0.0040259431	-0.0045535120	-0.0049143872	-0.0030951673	-0.0047296390	-0.0046164837	-0.0063275750	-0.0044554564	-0.0042246025	-0.0050251772	-0.0051810738
-0.0048358134	-0.0044991981	-0.0045661457	-0.0058500890	-0.0055058316	-0.0053070417	-0.0042473093	-0.0052012227	-0.0044410709	-0.0041640272	-0.0044508899	-0.0050226628	-0.0046856140	-0.0050737050	-0.0044170456	-0.0053036582	-0.0044825955	-0.0036693265	-0.0058873465	-0.0040400476	-0.0050833398	-0.0035350762	-0.0039541431	0.5154775114	-0.0037012295	-0.0059183194	-0.0067104964	-0.0055462944	-0.0045355330	-0.0066903201	-0.0049843217	-0.0051934657	-0.0055277186	-0.0050586736	-0.0044731020	-0.0054359717	-0.0051814771	-0.0049085739	-0.0050416032	-0.0038581336	-0.0048670127	-0.0056667796	-0.0051748015	-0.0035501490	-0.0056282352	-0.0051181584	-0.0052765326	-0.0047327202	-0.0040523870	-0.0028761605	-0.0043773332	-0.0047121320	-0.0050421965	-0.0039576889	-0.0062912557	-0.0055270917	-0.0047900543	-0.0057058145	-0.0049789063	-0.0030682195	-0.0057240795	-0.0056074028	-0.0053023768	-0.0039107722	-0.0032107629	-0.0039791859	-0.0043299187	-0.0045740386	-0.0047491395	-0.0044288813	-0.0046060053	-0.0050196986	-0.0056937806	-0.0042601949	-0.0047467976	-0.0043189071	-0.0045381169	-0.0056916967	-0.0044115253	-0.0037125647	-0.0038855135	-0.0038538888	-0.0053472320	-0.0051134176	-0.0053617255	-0.0042223186	-0.0040941365	-0.0066349991	-0.0062152259	-0.0042606939	-0.0042147575	-0.0058217275	-0.0043829778	-0.0046964953	-0.0048550991	-0.0045030853	-0.0054813065	-0.0058887439	-0.0044113028	-0.0027789351	-0.0058202003	-0.0056253920	-0.0042643343	-0.0050356058	-0.0045357192	-0.0041415907	-0.0054000080	-0.0054331695
-0.0044667396	-0.0048834461	-0.0060509186	-0.0031433290	-0.0049505434	-0.0049078813	-0.0046947830	-0.0050926513	-0.0056104327	-0.0040806090	-0.0051874443	-0.0054132147	-0.0039432179	-0.0035673453	-0.0048630614	-0.0047271523	-0.0044077399	-0.0047295385	-0.0041044568	-0.0045288806	-0.0047833169	-0.0041363795	-0.0048121267	-0.0037012295	0.5042266625	-0.0056351116	-0.0041338598	-0.0059334511	-0.0047632345	-0.0029202769	-0.0044032411	-0.0051975456	-0.0042410292	-0.0049275833	-0.0061511003	-0.0043053579	-0.0044686417	-0.0060097312	-0.0042313766	-0.0052123631	-0.0055996930	-0.0032521531	-0.0049999986	-0.0056685764	-0.0052620110	-0.0044290439	-0.0047309933	-0.0039794407	-0.0063925573	-0.0057081499	-0.0047185008	-0.0036078961	-0.0037867836	-0.0053304835	-0.0059504077	-0.0052226434	-0.0057557578	-0.0061946160	-0.0030964939	-0.0045972910	-0.0050338535	-0.0049279804	-0.0046915946	-0.0046982780	-0.0031869911	-0.0048664404	-0.0039168476	-0.0054795132	-0.0051345670	-0.0054590889	-0.0040112631	-0.0039561052	-0.0047241168	-0.0049885377	-0.0051171653	-0.0028745155	-0.0052264830	-0.0042822863	-0.0046212377	-0.0046986439	-0.0049504125	-0.0038491392	-0.0045755437	-0.0044110636	-0.0038242812	-0.0054366834	-0.0041539808	-0.0042936023	-0.0045731973	-0.0048601695	-0.0043208806	-0.0044025017	-0.0046920263	-0.0054199428	-0.0051570890	-0.0055643066	-0.0045699502	-0.0041944330	-0.0047673046	-0.0044282997	-0.0043391191	-0.0041497183	-0.0057534149	-0.0053877050	-0.0053758468	-0.0043083488	-0.0050169635	-0.0039513957
-0.0041593897	-0.0060563273	-0.0054883859	-0.0040334837	-0.0038377345	-0.0055486307	-0.0057682950	-0.0060989036	-0.0044178576	-0.0042131802	-0.0043555287	-0.0046481033	-0.0053678003	-0.0048126666	-0.0050362533	-0.0035677074	-0.0043879975	-0.0029368680	-0.0053856802	-0.0042042882	-0.0059192291	-0.0061963704	-0.0057467415	-0.0059183194	-0.0056351116	0.5269265512	-0.0043526643	-0.0047619080	-0.0050894634	-0.0038127304	-0.0044644605	-0.0047517595	-0.0059669124	-0.0054543749	-0.0050555208	-0.0053844628	-0.0034092622	-0.0047752485	-0.0036556400	-0.0044704694	-0.0042768946	-0.0051076197	-0.0043541061	-0.0061944500	-0.0047636112	-0.0047391550	-0.0045738232	-0.0046566648	-0.0067128936	-0.0051507838	-0.0053222840	-0.0058602550	-0.0049117179	-0.0048057738	-0.0031256101	-0.0046569524	-0.0050068853	-0.0053407582	-0.0060210201	-0.0047602187	-0.0044198833	-0.0048039704	-0.0054682274	-0.0046869861	-0.0052947302	-0.0048353825	-0.0038832669	-0.0047936866	-0.0048738433	-0.0041517224	-0.0051046365	-0.0051620518	-0.0043903129	-0.0046279266	-0.0046968959	-0.0051471866	-0.0059478838	-0.0057659018	-0.0068705446	-0.0049128368	-0.0041402140	-0.0050616921	-0.0073898972	-0.0055869578	-0.0045413798	-0.0035757134	-0.0041457276	-0.0038165273	-0.0033696868	-0.0046786974	-0.0051720376	-0.0046543762	-0.0045863277	-0.0050954735	-0.0045669749	-0.0047386306	-0.0063494613	-0.0051773250	-0.0049739459	-0.0053798844	-0.0045023299	-0.0042907352	-0.0069459737	-0.0047616900	-0.0032801753	-0.0046726136	-0.0066438941	-0.0055031247
