1.0000000000	0.9320661425	0.9320094455	0.9325717587	0.9321010921	0.9322152980	0.9323484741	0.9321036984	0.9320748585	0.9326203379	0.9317339500	0.9321010067	0.9321078855	0.9328234132	0.9321960287	0.9320712696	0.9330101674	0.9330058948	0.9321367254	0.9329561620	0.9321967550	0.9325008340	0.9319497149	0.9318278611	0.9322874617	0.9320904534	0.9322203824	0.9320022675	0.9325714169	0.9322083337	0.9319764185	0.9323923961	0.9321259585	0.9320895135	0.9319746667	0.9321211305	0.9322135890	0.9323371518	0.9321960287	0.9322289275	0.9323835946	0.9319113899	0.9322238431	0.9322583228	0.9325636408	0.9320418316	0.9322839582	0.9324237995	0.9321699233	0.9322995531	0.9319499285	0.9322496495	0.9320264930	0.9322243131	0.9321785966	0.9323101064	0.9320618699	0.9327429607	0.9320986995	0.9326185434	0.9320936151	0.9322604591	0.9322185024	0.9323040393	0.9318579828	0.9323747931	0.9319067755	0.9321832537	0.9320473432	0.9318545647	0.9326096137	0.9323201469	0.9320542647	0.9321579173	0.9323003222	0.9324029921	0.9320437969	0.9319123299	0.9326481523	0.9319166879	0.9324482386	0.9322919479	0.9321007503	0.9320062410	0.9325195051	0.9321929952	0.9321716750	0.9324641326	0.9326392653	0.9322479832	0.9319441178	0.9322260222	0.9324411889	0.9325773131	0.9323237359	0.9321548838	0.9321442024	0.9321486459	0.9319858181	0.9326846401	0.9323670170	0.9323347591	0.9319608236	0.9322186306	0.9326348646	0.9324796420	0.9318257676	0.9322464878
0.9320661425	1.0000000000	0.9316647771	0.9324556729	0.9319437333	0.9319646262	0.9320097873	0.9319691551	0.9320726795	0.9328736587	0.9320621263	0.9317800938	0.9319455705	0.9324428552	0.9319314283	0.9320405498	0.9326712242	0.9327280494	0.9321275394	0.9328117064	0.9322387544	0.9321181397	0.9319637717	0.9318512321	0.9321744522	0.9315377107	0.9315888534	0.9320176915	0.9323250177	0.9321313847	0.9320696887	0.9319865445	0.9320571274	0.9315610390	0.9317164752	0.9321322819	0.9320678515	0.9319963287	0.9321471932	0.9320272194	0.9317552274	0.9319990204	0.9320328164	0.9317089127	0.9320995967	0.9317538175	0.9322256376	0.9321318547	0.9320818656	0.9317391198	0.9320085055	0.9319312147	0.9320279030	0.9316690923	0.9320413189	0.9321894062	0.9319282666	0.9319477068	0.9322751140	0.9322960923	0.9321656934	0.9317354881	0.9324499477	0.9319627890	0.9320468732	0.9323756049	0.9316808846	0.9320424724	0.9320387553	0.9320797720	0.9321867572	0.9319415543	0.9319823574	0.9318529839	0.9319874417	0.9320901116	0.9319671043	0.9315762066	0.9323067310	0.9317536038	0.9320968196	0.9322564429	0.9322210232	0.9320104709	0.9319971832	0.9320424724	0.9320423443	0.9316705023	0.9321326664	0.9319262158	0.9318892153	0.9320958369	0.9321614636	0.9320478986	0.9319252331	0.9317595427	0.9318914797	0.9320503340	0.9321552256	0.9319527057	0.9321193360	0.9319671043	0.9320738331	0.9318039775	0.9324381981	0.9319066474	0.9319837246	0.9325764585
0.9320094455	0.9316647771	1.0000000000	0.9318749022	0.9316606754	0.9319315137	0.9318701169	0.9317706941	0.9320604172	0.9323973096	0.9318971623	0.9316083791	0.9319382644	0.9325264694	0.9318271348	0.9319660789	0.9326696433	0.9325235214	0.9316005176	0.9326536639	0.9321319828	0.9320284584	0.9317712068	0.9317465114	0.9317424524	0.9315099818	0.9312918669	0.9315934678	0.9322163661	0.9319374526	0.9321368963	0.9318155134	0.9315889816	0.9318976750	0.9313475386	0.9318352100	0.9317892371	0.9320267921	0.9320023957	0.9319126717	0.9316993849	0.9319882108	0.9318336718	0.9319311292	0.9318056865	0.9318604181	0.9319903471	0.9319795375	0.9319411698	0.9318002603	0.9316335018	0.9315673197	0.9316376889	0.9318116681	0.9319489031	0.9317982522	0.9318534538	0.9319199778	0.9320229895	0.9323965405	0.9317501003	0.9318539666	0.9319104500	0.9316917797	0.9317028029	0.9319730004	0.9316171806	0.9318759703	0.9320039338	0.9318737913	0.9322269621	0.9319715905	0.9316746894	0.9318581537	0.9320524275	0.9315741131	0.9320167943	0.9314385871	0.9322799420	0.9318682369	0.9323563783	0.9317395898	0.9317307456	0.9319411270	0.9322809247	0.9319166452	0.9315397616	0.9317912025	0.9315842818	0.9316702459	0.9318259385	0.9319978668	0.9318525993	0.9321206605	0.9319677452	0.9316172233	0.9318618708	0.9316755012	0.9317998758	0.9319939360	0.9317827855	0.9319468096	0.9324026076	0.9315768048	0.9320035493	0.9315419833	0.9318837037	0.9319468950
0.9325717587	0.9324556729	0.9318749022	1.0000000000	0.9324198688	0.9321212587	0.9323154471	0.9320994686	0.9324506313	0.9329261259	0.9323328365	0.9322196560	0.9322927597	0.9329171962	0.9325250595	0.9324801120	0.9327235205	0.9327170262	0.9321198487	0.9332745969	0.9323179679	0.9323386044	0.9323511231	0.9318758421	0.9325941897	0.9323188224	0.9318442678	0.9319830837	0.9327894463	0.9324174761	0.9322589637	0.9323722723	0.9321163452	0.9320101718	0.9321998740	0.9323736823	0.9323440306	0.9325071574	0.9324852391	0.9323785957	0.9320608018	0.9322612709	0.9322256803	0.9319709069	0.9323725287	0.9324346091	0.9324110673	0.9324751131	0.9324179461	0.9325792784	0.9323442442	0.9322298675	0.9327522749	0.9321492440	0.9322670816	0.9322256376	0.9321535166	0.9321992759	0.9319873990	0.9326106391	0.9322941270	0.9320912225	0.9323025439	0.9324790012	0.9322146144	0.9324848119	0.9321776139	0.9323634281	0.9324085037	0.9321585582	0.9326428116	0.9322261076	0.9322286284	0.9324578092	0.9324959633	0.9326776758	0.9323160025	0.9320823355	0.9324688324	0.9320864372	0.9326342237	0.9323335201	0.9320449078	0.9319161325	0.9325738950	0.9327343728	0.9324670380	0.9326080756	0.9321637708	0.9325453115	0.9323699651	0.9322414461	0.9326411880	0.9324272176	0.9322976305	0.9318459341	0.9323334346	0.9325657771	0.9322918625	0.9323630435	0.9321406134	0.9322600318	0.9324276021	0.9322173916	0.9324572538	0.9323202324	0.9322160671	0.9323849618
0.9321010921	0.9319437333	0.9316606754	0.9324198688	1.0000000000	0.9320491377	0.9318851136	0.9320413616	0.9323791084	0.9325945742	0.9319098518	0.9319938933	0.9319389907	0.9322481968	0.9319003240	0.9319115181	0.9323048084	0.9324518703	0.9320608872	0.9324129045	0.9317415124	0.9318221359	0.9317777439	0.9315387362	0.9319344191	0.9318844727	0.9320065401	0.9315935960	0.9323211723	0.9318088909	0.9320966914	0.9318915225	0.9317948769	0.9318185897	0.9316265803	0.9322496068	0.9317680878	0.9318884889	0.9318511039	0.9320913934	0.9318751158	0.9317342064	0.9319880399	0.9317931678	0.9316213250	0.9320739186	0.9320534530	0.9318715696	0.9318384998	0.9319089118	0.9322851973	0.9318567010	0.9319579182	0.9320281593	0.9319308301	0.9319515948	0.9317401880	0.9319790675	0.9318017984	0.9320893853	0.9321632153	0.9319419388	0.9319119454	0.9318867372	0.9319523639	0.9320490949	0.9318323046	0.9316869944	0.9318750303	0.9317706941	0.9320722523	0.9321181824	0.9316472168	0.9321431770	0.9317488613	0.9320147435	0.9319346327	0.9320400371	0.9323565492	0.9319572346	0.9318911379	0.9320067537	0.9317764194	0.9318124799	0.9321591137	0.9317957741	0.9319439042	0.9320070955	0.9320117527	0.9317555692	0.9318413625	0.9320196142	0.9321916279	0.9324085892	0.9322888290	0.9317808201	0.9319283093	0.9317547574	0.9322143580	0.9321461678	0.9317775302	0.9318849854	0.9316481140	0.9317261312	0.9321089537	0.9320463605	0.9318491385	0.9318639644
0.9322152980	0.9319646262	0.9319315137	0.9321212587	0.9320491377	1.0000000000	0.9318220077	0.9315998767	0.9320232459	0.9322387117	0.9316022693	0.9317973122	0.9321455696	0.9324937415	0.9319034429	0.9320123935	0.9325114727	0.9324504604	0.9317937233	0.9324440515	0.9317495022	0.9318802001	0.9314240176	0.9313906061	0.9319459978	0.9314218813	0.9316712714	0.9315070764	0.9318018412	0.9318261948	0.9318319201	0.9318220077	0.9316016284	0.9319114327	0.9316114126	0.9320309792	0.9317712068	0.9320025239	0.9321860309	0.9317575773	0.9316366635	0.9319755640	0.9317947060	0.9319327528	0.9317868872	0.9318363208	0.9318013285	0.9316953259	0.9319104927	0.9318904116	0.9318943851	0.9319487749	0.9316939160	0.9316299983	0.9314520029	0.9316579409	0.9319502703	0.9319974823	0.9317643280	0.9319531330	0.9319418534	0.9319824855	0.9316940014	0.9319966705	0.9314422615	0.9320446942	0.9315991503	0.9317763339	0.9318255112	0.9318836182	0.9322588355	0.9319626181	0.9317516812	0.9318672970	0.9320103000	0.9316794747	0.9316359372	0.9316759712	0.9321619336	0.9318003030	0.9318276902	0.9317653961	0.9317181842	0.9317864599	0.9322212796	0.9317266012	0.9318508049	0.9319377517	0.9316075246	0.9318401234	0.9318768675	0.9321976523	0.9318223495	0.9324681916	0.9319382644	0.9316348263	0.9318782775	0.9320743886	0.9318021830	0.9319431779	0.9317047683	0.9319922697	0.9317978677	0.9318881044	0.9321299320	0.9320015412	0.9317498012	0.9320422588
0.9323484741	0.9320097873	0.9318701169	0.9323154471	0.9318851136	0.9318220077	1.0000000000	0.9315683024	0.9324238850	0.9324690461	0.9318256821	0.9319609945	0.9318613154	0.9328355046	0.9317407007	0.9319910734	0.9325666316	0.9323150626	0.9319427079	0.9325810729	0.9320698169	0.9326099128	0.9318202132	0.9318574701	0.9319974823	0.9315491612	0.9318141889	0.9319093391	0.9323067310	0.9320415752	0.9320853263	0.9320303811	0.9319801356	0.9319138680	0.9316367490	0.9317752658	0.9319132699	0.9322125208	0.9321534311	0.9325929079	0.9323055347	0.9322095727	0.9321350164	0.9320055147	0.9320846427	0.9318371326	0.9321970968	0.9321721877	0.9319639426	0.9320406780	0.9319121163	0.9322138880	0.9317130144	0.9318030802	0.9317843664	0.9320519148	0.9321101927	0.9323912853	0.9321306156	0.9324134172	0.9321302311	0.9320603745	0.9323561220	0.9321349736	0.9317238667	0.9319341627	0.9318993840	0.9316170951	0.9319075873	0.9320592637	0.9322996386	0.9321251040	0.9317141253	0.9320886590	0.9322133753	0.9322591346	0.9319060919	0.9316182487	0.9322414461	0.9320520857	0.9321681715	0.9321544138	0.9318787047	0.9321818865	0.9321751785	0.9319412979	0.9319203196	0.9320951960	0.9322207669	0.9319979095	0.9317292502	0.9320322610	0.9323370663	0.9322690470	0.9320954523	0.9319094245	0.9319633444	0.9320032502	0.9319686851	0.9321318974	0.9319550983	0.9323800057	0.9322062829	0.9321122008	0.9323694097	0.9320211523	0.9320104709	0.9321368963
0.9321036984	0.9319691551	0.9317706941	0.9320994686	0.9320413616	0.9315998767	0.9315683024	1.0000000000	0.9332516959	0.9324082474	0.9314038511	0.9318310656	0.9320156834	0.9326251659	0.9319298474	0.9321221986	0.9327010040	0.9323660343	0.9324308493	0.9326079474	0.9316729377	0.9320454632	0.9317331809	0.9315627907	0.9320017976	0.9314734085	0.9318584100	0.9316598636	0.9322671243	0.9319420670	0.9319230968	0.9319500994	0.9317147661	0.9318972477	0.9315195523	0.9322816083	0.9320045747	0.9320374735	0.9324648589	0.9318159407	0.9317314292	0.9319248913	0.9317867590	0.9319626608	0.9322082483	0.9320119236	0.9317950051	0.9320561874	0.9321051511	0.9321083982	0.9319843655	0.9318309374	0.9319163461	0.9320323037	0.9318508903	0.9319377944	0.9317633026	0.9319410843	0.9320035920	0.9321876117	0.9319412552	0.9320287148	0.9318458487	0.9320055574	0.9319259167	0.9319948760	0.9317813328	0.9316131217	0.9319431779	0.9318032938	0.9320314492	0.9317888098	0.9316816964	0.9318118390	0.9320426006	0.9317075028	0.9321113890	0.9317701387	0.9321348455	0.9319651389	0.9322437533	0.9316583255	0.9319172861	0.9320269203	0.9321000240	0.9321599255	0.9317804783	0.9320778921	0.9316308528	0.9321214296	0.9317480068	0.9322932724	0.9321214296	0.9323385617	0.9323057911	0.9318764830	0.9318850282	0.9320977168	0.9320372599	0.9322381563	0.9320135044	0.9318273484	0.9316050892	0.9321080564	0.9325025858	0.9320417034	0.9317880835	0.9321273685
0.9320748585	0.9320726795	0.9320604172	0.9324506313	0.9323791084	0.9320232459	0.9324238850	0.9332516959	1.0000000000	0.9327168553	0.9320975032	0.9318482840	0.9322277312	0.9325573601	0.9322824628	0.9322986986	0.9327230078	0.9324921180	0.9318610163	0.9329750895	0.9320111118	0.9320942987	0.9324288839	0.9320581101	0.9322352936	0.9319810329	0.9316203850	0.9319942778	0.9324924170	0.9321264285	0.9319654380	0.9320220068	0.9320911370	0.9321499704	0.9319702660	0.9319166025	0.9322131190	0.9321389471	0.9323703069	0.9323693670	0.9324688324	0.9323401426	0.9323287348	0.9321147216	0.9320468732	0.9321902180	0.9322415316	0.9323787239	0.9320085482	0.9321858600	0.9322552893	0.9327800893	0.9323676579	0.9320192724	0.9320542220	0.9322652016	0.9321586437	0.9321634717	0.9322434115	0.9325550957	0.9323461669	0.9322391390	0.9322123072	0.9321823992	0.9319623617	0.9321760758	0.9318126508	0.9321715896	0.9321577037	0.9319177561	0.9327601364	0.9324371727	0.9321060056	0.9324517421	0.9321183533	0.9319855191	0.9322734477	0.9320134617	0.9323991041	0.9320368754	0.9324002577	0.9323652226	0.9319574910	0.9324111527	0.9321351873	0.9321679152	0.9321410407	0.9321170716	0.9322634926	0.9325257431	0.9322913498	0.9320490095	0.9323838082	0.9325228378	0.9318664425	0.9321130553	0.9319520648	0.9320769094	0.9325324083	0.9322014549	0.9322200833	0.9321022885	0.9322813092	0.9318913943	0.9325522758	0.9319998749	0.9322319610	0.9324398217
0.9326203379	0.9328736587	0.9323973096	0.9329261259	0.9325945742	0.9322387117	0.9324690461	0.9324082474	0.9327168553	1.0000000000	0.9323282648	0.9324242695	0.9326493913	0.9331493250	0.9327098482	0.9325897890	0.9333125800	0.9331766268	0.9324887854	0.9332220869	0.9323077565	0.9328110228	0.9324995950	0.9323674870	0.9326850673	0.9325221541	0.9323583864	0.9324115800	0.9331451379	0.9327091646	0.9325914125	0.9320634935	0.9324433252	0.9323911571	0.9323128835	0.9323877390	0.9324946388	0.9327190343	0.9328657971	0.9327947870	0.9321686842	0.9329293730	0.9323289484	0.9323258294	0.9326903653	0.9325497550	0.9323412107	0.9326131599	0.9326265758	0.9326192270	0.9324364891	0.9326451188	0.9325697079	0.9327091646	0.9324645171	0.9328281985	0.9324598173	0.9323341610	0.9326139717	0.9328117491	0.9328009822	0.9327807729	0.9323506958	0.9326120918	0.9326017522	0.9322736186	0.9323586428	0.9322922043	0.9326643026	0.9326182443	0.9328409308	0.9325697506	0.9320771657	0.9326747277	0.9325043802	0.9323398435	0.9323709051	0.9323887217	0.9324469996	0.9325803893	0.9328273013	0.9328072202	0.9321535593	0.9328165771	0.9328596019	0.9324549893	0.9324794711	0.9325703488	0.9328659680	0.9331966651	0.9326635336	0.9325916689	0.9326690879	0.9328904926	0.9324668671	0.9318833191	0.9324571256	0.9328229432	0.9326280712	0.9326038885	0.9323665898	0.9323279230	0.9325639399	0.9326311047	0.9328223451	0.9325462942	0.9327190770	0.9325339464
0.9317339500	0.9320621263	0.9318971623	0.9323328365	0.9319098518	0.9316022693	0.9318256821	0.9314038511	0.9320975032	0.9323282648	1.0000000000	0.9318987431	0.9318402516	0.9324540066	0.9318672970	0.9317356163	0.9322907516	0.9323425352	0.9316434996	0.9325880372	0.9317517239	0.9321729568	0.9315351045	0.9316799447	0.9318815674	0.9316897716	0.9319281384	0.9313744558	0.9323808602	0.9319350600	0.9320647753	0.9318091900	0.9318737058	0.9318048747	0.9316296992	0.9321512094	0.9318715268	0.9319926115	0.9321877399	0.9317656952	0.9319790675	0.9321181824	0.9320903680	0.9317266439	0.9320100863	0.9315832991	0.9320267494	0.9318735777	0.9318981022	0.9322743449	0.9317178424	0.9318861390	0.9320967341	0.9320559738	0.9318032084	0.9318314928	0.9318588373	0.9318874208	0.9321034848	0.9322854536	0.9319849209	0.9314599499	0.9320045320	0.9321909871	0.9317523648	0.9318079937	0.9320167516	0.9319465532	0.9317609099	0.9319894071	0.9321330510	0.9319382644	0.9314304692	0.9319307020	0.9321428352	0.9314823382	0.9320608018	0.9314006466	0.9320185460	0.9317321982	0.9320129490	0.9317944496	0.9317086136	0.9317286947	0.9316731086	0.9321176270	0.9313606554	0.9319016057	0.9317734713	0.9320093173	0.9319423233	0.9319876981	0.9320505049	0.9316493958	0.9314265811	0.9315765484	0.9318465750	0.9318714414	0.9317979959	0.9318461905	0.9319389907	0.9320402080	0.9316873790	0.9319004094	0.9320520003	0.9317931251	0.9317236531	0.9319811610
0.9321010067	0.9317800938	0.9316083791	0.9322196560	0.9319938933	0.9317973122	0.9319609945	0.9318310656	0.9318482840	0.9324242695	0.9318987431	1.0000000000	0.9323807747	0.9325209578	0.9317888953	0.9321829119	0.9326755822	0.9327418071	0.9319439897	0.9326825038	0.9317891944	0.9316257685	0.9318797729	0.9317739840	0.9320364481	0.9317490322	0.9322212796	0.9318134626	0.9325163434	0.9320705432	0.9320942987	0.9317950478	0.9317573637	0.9318853272	0.9315686442	0.9319147225	0.9317525357	0.9318655025	0.9321630017	0.9320678943	0.9317108781	0.9319523639	0.9318285020	0.9319075873	0.9317694123	0.9319308729	0.9319117745	0.9320161534	0.9321321110	0.9321327946	0.9321048093	0.9316638371	0.9321930806	0.9315924424	0.9316520875	0.9320212378	0.9319069037	0.9318821655	0.9317731722	0.9323518067	0.9317887671	0.9320338846	0.9318773375	0.9318043620	0.9315163906	0.9320635362	0.9320816519	0.9316818673	0.9320317483	0.9319187815	0.9322053856	0.9320440106	0.9319740686	0.9320501203	0.9319776148	0.9320743031	0.9318804565	0.9316622562	0.9320045747	0.9318804992	0.9321811601	0.9320705005	0.9318888735	0.9320230322	0.9320106845	0.9319301892	0.9316838754	0.9320937433	0.9317489895	0.9318628962	0.9317525784	0.9324436243	0.9320209814	0.9324120072	0.9322448215	0.9315901779	0.9318346545	0.9320356363	0.9320400371	0.9322182033	0.9318794738	0.9318527702	0.9316332455	0.9319431779	0.9320715259	0.9319924406	0.9318852845	0.9317691133
0.9321078855	0.9319455705	0.9319382644	0.9322927597	0.9319389907	0.9321455696	0.9318613154	0.9320156834	0.9322277312	0.9326493913	0.9318402516	0.9323807747	1.0000000000	0.9326026067	0.9322562720	0.9321033139	0.9328545603	0.9328725905	0.9318353381	0.9326272594	0.9317703523	0.9320527266	0.9321051511	0.9319181833	0.9324530666	0.9317959023	0.9318283311	0.9320337137	0.9325109173	0.9319271130	0.9321629590	0.9320782766	0.9326552448	0.9317426660	0.9318474295	0.9321234377	0.9320278175	0.9321488168	0.9319659934	0.9322707133	0.9317320273	0.9320892998	0.9322680215	0.9319955596	0.9320465741	0.9321907734	0.9322367890	0.9323180106	0.9323527894	0.9321703505	0.9319733422	0.9318710996	0.9318303820	0.9317506558	0.9317333091	0.9321944906	0.9320209387	0.9322710978	0.9322811383	0.9322431552	0.9321843646	0.9321041684	0.9323043811	0.9319119026	0.9318718259	0.9320517012	0.9321347600	0.9321926534	0.9320258094	0.9319500140	0.9326431107	0.9328892536	0.9318612299	0.9320763967	0.9323676579	0.9321076719	0.9322477695	0.9322185024	0.9324963905	0.9319709496	0.9323192070	0.9321330937	0.9320751149	0.9318984868	0.9320895989	0.9325776976	0.9319778712	0.9321363409	0.9319436051	0.9319725732	0.9317949196	0.9319500994	0.9321932942	0.9322421725	0.9321847918	0.9319550983	0.9322487095	0.9320535384	0.9322041466	0.9323905162	0.9318760985	0.9322103418	0.9319603109	0.9321683852	0.9323757758	0.9322566992	0.9320188024	0.9317943642
0.9328234132	0.9324428552	0.9325264694	0.9329171962	0.9322481968	0.9324937415	0.9328355046	0.9326251659	0.9325573601	0.9331493250	0.9324540066	0.9325209578	0.9326026067	1.0000000000	0.9328149963	0.9325243759	0.9331441979	0.9328940816	0.9326845119	0.9332567375	0.9321473214	0.9326334119	0.9324999795	0.9322024376	0.9328619091	0.9322293548	0.9321380499	0.9325393726	0.9331692779	0.9327868827	0.9325659053	0.9323548402	0.9322546057	0.9325637263	0.9323866709	0.9326295239	0.9326188425	0.9327477032	0.9329362519	0.9328419989	0.9325209578	0.9326503313	0.9327202733	0.9326590474	0.9327329629	0.9325733823	0.9325792357	0.9327618882	0.9329661171	0.9326964324	0.9325017312	0.9325826110	0.9323520203	0.9326086310	0.9325925661	0.9326037603	0.9326578510	0.9325797057	0.9326485368	0.9329432161	0.9328033321	0.9325406117	0.9325718869	0.9323460387	0.9325430897	0.9328979696	0.9324178179	0.9324844273	0.9326210215	0.9325271958	0.9327303993	0.9326179879	0.9325547966	0.9325177107	0.9324797275	0.9324585783	0.9325273240	0.9323447569	0.9329823102	0.9323751777	0.9325542412	0.9325679988	0.9325179670	0.9324955787	0.9327333474	0.9325667171	0.9325822265	0.9323361691	0.9328112364	0.9323262140	0.9325083110	0.9328833574	0.9328871173	0.9327972223	0.9324860509	0.9323178825	0.9323260003	0.9324630645	0.9325790648	0.9326698142	0.9326791284	0.9325418507	0.9326427689	0.9325691097	0.9328556284	0.9326093146	0.9327174961	0.9327129245
0.9321960287	0.9319314283	0.9318271348	0.9325250595	0.9319003240	0.9319034429	0.9317407007	0.9319298474	0.9322824628	0.9327098482	0.9318672970	0.9317888953	0.9322562720	0.9328149963	1.0000000000	0.9321083128	0.9324159807	0.9326353346	0.9319495440	0.9327384745	0.9317870581	0.9321717178	0.9320152989	0.9318913943	0.9320660143	0.9317509976	0.9319448442	0.9315838545	0.9323772285	0.9318480277	0.9324405480	0.9319239086	0.9321875263	0.9318863527	0.9317810765	0.9321815019	0.9320615281	0.9323520630	0.9319628744	0.9319922697	0.9318998967	0.9319964568	0.9320713550	0.9320419170	0.9317287375	0.9320462323	0.9318097454	0.9319150643	0.9321802202	0.9321054502	0.9321833392	0.9322201260	0.9320465314	0.9317046402	0.9318346118	0.9323864572	0.9319168161	0.9319809474	0.9316519166	0.9322398653	0.9324029921	0.9317765048	0.9321702651	0.9319582600	0.9319588582	0.9322546057	0.9317141253	0.9319786402	0.9322963060	0.9319377517	0.9323974805	0.9320049593	0.9317653107	0.9324016676	0.9321845782	0.9316496949	0.9319380508	0.9319341627	0.9320315774	0.9320056856	0.9318243149	0.9318009867	0.9320296975	0.9320188451	0.9320451214	0.9320384562	0.9321462532	0.9322194424	0.9318544365	0.9321032711	0.9318208541	0.9320656725	0.9320459332	0.9322868209	0.9318924197	0.9316827219	0.9322582373	0.9317169024	0.9321696669	0.9319274975	0.9320858391	0.9319448869	0.9318483268	0.9320943415	0.9325509086	0.9319232250	0.9321571056	0.9320254676
0.9320712696	0.9320405498	0.9319660789	0.9324801120	0.9319115181	0.9320123935	0.9319910734	0.9321221986	0.9322986986	0.9325897890	0.9317356163	0.9321829119	0.9321033139	0.9325243759	0.9321083128	1.0000000000	0.9326260204	0.9324278585	0.9319127999	0.9330857492	0.9321355291	0.9321483895	0.9318662716	0.9317298911	0.9321453987	0.9320535811	0.9318107708	0.9319529193	0.9327290321	0.9321378790	0.9322968187	0.9319903043	0.9318107708	0.9316434142	0.9317806492	0.9320341837	0.9322405489	0.9318818237	0.9321498422	0.9320818228	0.9320631944	0.9318675961	0.9319125008	0.9318042765	0.9317320701	0.9318829346	0.9322834883	0.9318691769	0.9319048956	0.9320535811	0.9316664434	0.9317122881	0.9321232668	0.9316252558	0.9318881044	0.9318053020	0.9316910534	0.9322667825	0.9317504421	0.9322509740	0.9321245058	0.9316713141	0.9321502694	0.9319885099	0.9319379226	0.9320825064	0.9319477495	0.9318401234	0.9320797720	0.9318740904	0.9322781903	0.9322624245	0.9318385426	0.9321199342	0.9320989559	0.9318775084	0.9321215150	0.9315081018	0.9322163234	0.9319755212	0.9323295039	0.9319981231	0.9316499512	0.9321020748	0.9317991067	0.9319403580	0.9318466605	0.9321014339	0.9319940642	0.9323024585	0.9316508057	0.9322917770	0.9320511458	0.9324493495	0.9319805201	0.9317275839	0.9318224350	0.9318870363	0.9319713341	0.9323317683	0.9319984222	0.9320073519	0.9318896853	0.9319650534	0.9321599682	0.9321217287	0.9319458696	0.9319708641
0.9330101674	0.9326712242	0.9326696433	0.9327235205	0.9323048084	0.9325114727	0.9325666316	0.9327010040	0.9327230078	0.9333125800	0.9322907516	0.9326755822	0.9328545603	0.9331441979	0.9324159807	0.9326260204	1.0000000000	0.9329474460	0.9327187352	0.9335404790	0.9323303156	0.9326408889	0.9323879099	0.9322992113	0.9326832728	0.9324132890	0.9325111736	0.9322943406	0.9331259968	0.9328176025	0.9326722496	0.9324354636	0.9324411889	0.9325224105	0.9321764176	0.9323756049	0.9322876754	0.9326490495	0.9326423416	0.9325831237	0.9323278803	0.9324167498	0.9321824846	0.9326716514	0.9326477250	0.9324147417	0.9326838710	0.9327238196	0.9324549039	0.9326255504	0.9323895762	0.9325149762	0.9328155517	0.9321520212	0.9327430034	0.9326320020	0.9324851109	0.9325571038	0.9325175825	0.9330980969	0.9323593691	0.9325736386	0.9325644099	0.9324229877	0.9321768021	0.9329715006	0.9325916689	0.9322997240	0.9325468069	0.9325767149	0.9327164280	0.9326156380	0.9324124772	0.9325593682	0.9326183725	0.9325806457	0.9324608855	0.9323377072	0.9327536848	0.9322151698	0.9326377699	0.9327462933	0.9324979287	0.9326425125	0.9325993168	0.9327350137	0.9323060047	0.9327093783	0.9324146989	0.9324365745	0.9323803475	0.9327321511	0.9328281130	0.9330281549	0.9326834010	0.9323168998	0.9324712251	0.9329773540	0.9328517831	0.9328005122	0.9327699206	0.9324631072	0.9324783175	0.9324963478	0.9325412953	0.9328104246	0.9323016467	0.9325983768
0.9330058948	0.9327280494	0.9325235214	0.9327170262	0.9324518703	0.9324504604	0.9323150626	0.9323660343	0.9324921180	0.9331766268	0.9323425352	0.9327418071	0.9328725905	0.9328940816	0.9326353346	0.9324278585	0.9329474460	1.0000000000	0.9325571465	0.9332745541	0.9324794284	0.9327475323	0.9324510585	0.9325152326	0.9326120063	0.9327664598	0.9325125409	0.9326298230	0.9330350765	0.9324539212	0.9326355909	0.9325915834	0.9327589828	0.9324196124	0.9324943824	0.9323374936	0.9325523185	0.9328068784	0.9326827601	0.9325524467	0.9326769494	0.9326028630	0.9323769721	0.9322343964	0.9327224951	0.9328487496	0.9326320020	0.9329521458	0.9325061747	0.9326575092	0.9325039957	0.9328702833	0.9323908580	0.9326472978	0.9329612464	0.9329051903	0.9326271312	0.9324480677	0.9327038666	0.9330700688	0.9326709251	0.9327853019	0.9327196752	0.9326361891	0.9323900035	0.9327622300	0.9325922671	0.9327470624	0.9324659698	0.9326390944	0.9328830583	0.9326558857	0.9326044866	0.9328418707	0.9327501386	0.9323412107	0.9327514204	0.9325847473	0.9327115573	0.9319994904	0.9328987387	0.9325229232	0.9325665462	0.9328843401	0.9325389881	0.9327137363	0.9326008977	0.9325687252	0.9324405907	0.9327709460	0.9323130972	0.9328651135	0.9326590046	0.9325674861	0.9325939334	0.9323782539	0.9327679125	0.9327163853	0.9324599882	0.9328024776	0.9327008758	0.9328895954	0.9323406553	0.9324208942	0.9330296503	0.9327427471	0.9327600082	0.9327083528
0.9321367254	0.9321275394	0.9316005176	0.9321198487	0.9320608872	0.9317937233	0.9319427079	0.9324308493	0.9318610163	0.9324887854	0.9316434996	0.9319439897	0.9318353381	0.9326845119	0.9319495440	0.9319127999	0.9327187352	0.9325571465	1.0000000000	0.9327599228	0.9317101518	0.9323248468	0.9318643062	0.9314851581	0.9322303375	0.9316922924	0.9318272630	0.9318053447	0.9325612909	0.9319580037	0.9317776157	0.9319834682	0.9320709705	0.9320012848	0.9319329237	0.9319700951	0.9318365345	0.9323124990	0.9322946824	0.9322945115	0.9319459550	0.9322047020	0.9318157698	0.9320152562	0.9321318974	0.9318902834	0.9318980168	0.9317473231	0.9319665916	0.9318470450	0.9319991058	0.9315772748	0.9316845591	0.9318137616	0.9319470659	0.9322924607	0.9319054511	0.9322506322	0.9319875699	0.9320197424	0.9322653298	0.9318341845	0.9321170288	0.9320188451	0.9318734922	0.9321959860	0.9320862663	0.9319089118	0.9319409989	0.9318481986	0.9324475550	0.9319948760	0.9320635362	0.9321189942	0.9318538811	0.9317235249	0.9320428143	0.9319190378	0.9327770558	0.9319855191	0.9322435397	0.9318954960	0.9319901334	0.9319360427	0.9320601609	0.9322606300	0.9319296338	0.9316824655	0.9319945769	0.9318899843	0.9318066692	0.9321322392	0.9321838519	0.9319727013	0.9323729132	0.9318273912	0.9322538793	0.9319511248	0.9320155125	0.9317671906	0.9318989567	0.9318361072	0.9320335855	0.9318852418	0.9325192061	0.9317006239	0.9318541802	0.9319391616
0.9329561620	0.9328117064	0.9326536639	0.9332745969	0.9324129045	0.9324440515	0.9325810729	0.9326079474	0.9329750895	0.9332220869	0.9325880372	0.9326825038	0.9326272594	0.9332567375	0.9327384745	0.9330857492	0.9335404790	0.9332745541	0.9327599228	1.0000000000	0.9326532367	0.9328629772	0.9325943606	0.9326942534	0.9327900872	0.9326827174	0.9328611828	0.9324847264	0.9332005105	0.9326166207	0.9324972450	0.9326198679	0.9328534067	0.9324322592	0.9323690251	0.9329453097	0.9326259777	0.9326369154	0.9329879927	0.9328598155	0.9327232641	0.9328861346	0.9328507150	0.9324242695	0.9326431961	0.9328490914	0.9327745350	0.9329492405	0.9330979260	0.9329423189	0.9324315329	0.9325757322	0.9326819056	0.9329382600	0.9322709696	0.9327079683	0.9326686606	0.9327289466	0.9328522958	0.9330791267	0.9327374063	0.9326894253	0.9325299729	0.9328380254	0.9326397781	0.9330325984	0.9325739804	0.9325487295	0.9325080974	0.9325633845	0.9331697479	0.9329161708	0.9326355909	0.9325574029	0.9331888463	0.9326222605	0.9324834446	0.9324517849	0.9327626572	0.9326478105	0.9328818193	0.9326593037	0.9324221332	0.9324155535	0.9326031621	0.9326610127	0.9326327710	0.9328372136	0.9325750913	0.9327855582	0.9327895744	0.9326395217	0.9326426834	0.9330470397	0.9326468278	0.9324090164	0.9326911771	0.9327405680	0.9326434525	0.9326692588	0.9325436452	0.9328297794	0.9328851519	0.9327328774	0.9330197379	0.9328600719	0.9327836783	0.9325074565
0.9321967550	0.9322387544	0.9321319828	0.9323179679	0.9317415124	0.9317495022	0.9320698169	0.9316729377	0.9320111118	0.9323077565	0.9317517239	0.9317891944	0.9317703523	0.9321473214	0.9317870581	0.9321355291	0.9323303156	0.9324794284	0.9317101518	0.9326532367	1.0000000000	0.9321935506	0.9318373462	0.9317930824	0.9320188878	0.9315371553	0.9316817819	0.9317184833	0.9321405707	0.9322185024	0.9320439251	0.9317178424	0.9316975904	0.9319374099	0.9318141035	0.9319055365	0.9317701814	0.9321854754	0.9320358927	0.9318959232	0.9320669116	0.9320876763	0.9318961368	0.9318041484	0.9323503540	0.9317599272	0.9322187588	0.9320447369	0.9318377735	0.9322966478	0.9318728513	0.9321474495	0.9315821455	0.9317892798	0.9318777221	0.9322315765	0.9320094882	0.9322094018	0.9319260876	0.9323331355	0.9321207032	0.9317094682	0.9321788530	0.9320735768	0.9320244422	0.9320434124	0.9317964577	0.9319082709	0.9320179479	0.9317550992	0.9321898762	0.9323618472	0.9318438833	0.9317939796	0.9322714396	0.9320367472	0.9323413389	0.9317494594	0.9321049375	0.9318259385	0.9322299956	0.9320357645	0.9321071592	0.9318802001	0.9320541366	0.9320202978	0.9317669770	0.9318351245	0.9317153643	0.9318687497	0.9317104081	0.9321262149	0.9318492667	0.9319754785	0.9315936387	0.9319145944	0.9318313646	0.9315451023	0.9317405725	0.9319356581	0.9320542647	0.9320064547	0.9319681724	0.9317324119	0.9323388608	0.9320204260	0.9318790893	0.9319280957
0.9325008340	0.9321181397	0.9320284584	0.9323386044	0.9318221359	0.9318802001	0.9326099128	0.9320454632	0.9320942987	0.9328110228	0.9321729568	0.9316257685	0.9320527266	0.9326334119	0.9321717178	0.9321483895	0.9326408889	0.9327475323	0.9323248468	0.9328629772	0.9321935506	1.0000000000	0.9316541811	0.9320146153	0.9322794720	0.9315695841	0.9318734068	0.9323218987	0.9323647526	0.9321013058	0.9321916279	0.9322902389	0.9317977822	0.9317574919	0.9318409779	0.9320921197	0.9320578537	0.9323479614	0.9325092510	0.9323293757	0.9319076728	0.9322897262	0.9321998740	0.9319909025	0.9319624472	0.9323598391	0.9318293138	0.9322575537	0.9320122226	0.9319571919	0.9319345900	0.9320907525	0.9319926970	0.9322534948	0.9317370262	0.9321480477	0.9319689415	0.9325514213	0.9320704578	0.9326954070	0.9320971614	0.9322919479	0.9319959441	0.9322441806	0.9318868226	0.9320721668	0.9319946624	0.9319853054	0.9319656943	0.9319510821	0.9322644326	0.9326671225	0.9318980168	0.9320186742	0.9323618045	0.9317484767	0.9319576192	0.9318219650	0.9321605236	0.9320585800	0.9324354636	0.9317088700	0.9318646907	0.9320808829	0.9320270057	0.9321321110	0.9317412134	0.9320760549	0.9320995967	0.9321206178	0.9320234595	0.9320969477	0.9320642198	0.9324245686	0.9319048102	0.9317474941	0.9320918634	0.9319424088	0.9319233104	0.9323296320	0.9318098309	0.9325168989	0.9324206805	0.9322109827	0.9320200842	0.9320344827	0.9319656089	0.9321980795
0.9319497149	0.9319637717	0.9317712068	0.9323511231	0.9317777439	0.9314240176	0.9318202132	0.9317331809	0.9324288839	0.9324995950	0.9315351045	0.9318797729	0.9321051511	0.9324999795	0.9320152989	0.9318662716	0.9323879099	0.9324510585	0.9318643062	0.9325943606	0.9318373462	0.9316541811	1.0000000000	0.9317764194	0.9318756712	0.9315229704	0.9314628553	0.9316626835	0.9323416380	0.9318597773	0.9321197206	0.9318550774	0.9316208550	0.9318255539	0.9315592018	0.9316242303	0.9318753721	0.9319136544	0.9319871854	0.9318654170	0.9315661661	0.9318594354	0.9320430279	0.9315554846	0.9317391198	0.9318994694	0.9320964778	0.9318141889	0.9319602254	0.9318157270	0.9318523430	0.9320895135	0.9315439487	0.9316582827	0.9316187187	0.9320742604	0.9320386271	0.9319292920	0.9318685788	0.9319320265	0.9327439861	0.9321280093	0.9316329037	0.9315660806	0.9317313437	0.9320345255	0.9318042338	0.9318431569	0.9318233749	0.9315765912	0.9324356346	0.9317423242	0.9316994703	0.9318302965	0.9318935733	0.9318437978	0.9319223704	0.9317002394	0.9320822928	0.9314830218	0.9319795375	0.9318454641	0.9318524284	0.9320875054	0.9319650962	0.9316787484	0.9318800292	0.9318854554	0.9315318146	0.9318767821	0.9317841527	0.9319774439	0.9319406143	0.9320515303	0.9319850918	0.9316789193	0.9321007076	0.9319584309	0.9319283948	0.9319225841	0.9321711623	0.9318714414	0.9318523857	0.9316122671	0.9322078637	0.9319759912	0.9317249349	0.9318489676
0.9318278611	0.9318512321	0.9317465114	0.9318758421	0.9315387362	0.9313906061	0.9318574701	0.9315627907	0.9320581101	0.9323674870	0.9316799447	0.9317739840	0.9319181833	0.9322024376	0.9318913943	0.9317298911	0.9322992113	0.9325152326	0.9314851581	0.9326942534	0.9317930824	0.9320146153	0.9317764194	1.0000000000	0.9321393744	0.9314043638	0.9312891325	0.9315158779	0.9322149989	0.9314165406	0.9317882544	0.9316765694	0.9316671697	0.9316388425	0.9316442260	0.9316761848	0.9316925060	0.9318558038	0.9318684933	0.9320907525	0.9318174788	0.9316552919	0.9315846663	0.9317799656	0.9316422179	0.9317001967	0.9317457850	0.9318472586	0.9319045111	0.9322940842	0.9316765694	0.9315979967	0.9318406361	0.9318727659	0.9314833636	0.9316674260	0.9317964577	0.9317042983	0.9319254040	0.9323512512	0.9317007094	0.9315759075	0.9317969704	0.9319355727	0.9320263221	0.9320682788	0.9317446742	0.9316825937	0.9317784275	0.9316529848	0.9320270057	0.9318617854	0.9316291438	0.9318063701	0.9319139107	0.9318272203	0.9318863954	0.9314831073	0.9320297402	0.9320356363	0.9320449933	0.9320030366	0.9315771893	0.9318017557	0.9317371972	0.9317877844	0.9318222641	0.9314770829	0.9314576427	0.9319694115	0.9318351672	0.9317980813	0.9320861381	0.9321461251	0.9317593291	0.9316837900	0.9315943223	0.9315551856	0.9317986795	0.9323333492	0.9315816328	0.9316649907	0.9319020330	0.9317019912	0.9319428788	0.9318973759	0.9316418761	0.9317887244
0.9322874617	0.9321744522	0.9317424524	0.9325941897	0.9319344191	0.9319459978	0.9319974823	0.9320017976	0.9322352936	0.9326850673	0.9318815674	0.9320364481	0.9324530666	0.9328619091	0.9320660143	0.9321453987	0.9326832728	0.9326120063	0.9322303375	0.9327900872	0.9320188878	0.9322794720	0.9318756712	0.9321393744	1.0000000000	0.9316429869	0.9320786611	0.9316653752	0.9325159162	0.9324921607	0.9322734904	0.9321310429	0.9322264067	0.9319254040	0.9316689642	0.9322259367	0.9322054284	0.9318932742	0.9325700924	0.9319446733	0.9320235449	0.9323879099	0.9320496504	0.9318558892	0.9321105345	0.9321227114	0.9323640690	0.9323677007	0.9318144025	0.9319641135	0.9321588146	0.9324229877	0.9323253595	0.9318187178	0.9318838318	0.9320995967	0.9318844300	0.9319609518	0.9324954933	0.9324250386	0.9321021176	0.9320262794	0.9322515294	0.9320891717	0.9323146780	0.9320602891	0.9321683852	0.9318372181	0.9320588364	0.9317761630	0.9325982059	0.9324900671	0.9322141871	0.9320903680	0.9321817583	0.9324960915	0.9321940633	0.9320831046	0.9324399499	0.9320561020	0.9321803911	0.9324888708	0.9320400371	0.9322732341	0.9323183952	0.9321007503	0.9321889790	0.9322050011	0.9320831901	0.9321196778	0.9320225195	0.9324431116	0.9323295466	0.9321987204	0.9320095736	0.9317017775	0.9320981013	0.9322891708	0.9322011131	0.9323913280	0.9321899189	0.9323684697	0.9318479850	0.9320495649	0.9322191860	0.9322400789	0.9319862881	0.9324791293
0.9320904534	0.9315377107	0.9315099818	0.9323188224	0.9318844727	0.9314218813	0.9315491612	0.9314734085	0.9319810329	0.9325221541	0.9316897716	0.9317490322	0.9317959023	0.9322293548	0.9317509976	0.9320535811	0.9324132890	0.9327664598	0.9316922924	0.9326827174	0.9315371553	0.9315695841	0.9315229704	0.9314043638	0.9316429869	1.0000000000	0.9316410215	0.9315621926	0.9320663989	0.9320160679	0.9316758857	0.9315757366	0.9315635171	0.9316547365	0.9315301483	0.9317855627	0.9320154271	0.9318117963	0.9321897907	0.9320020539	0.9319095954	0.9318319201	0.9319068183	0.9312798183	0.9318872926	0.9317617217	0.9319295911	0.9320593491	0.9314675978	0.9318444387	0.9317130571	0.9314182069	0.9318227768	0.9315706096	0.9320027375	0.9319081428	0.9316887889	0.9318031657	0.9315412143	0.9320898553	0.9318597345	0.9317749240	0.9316363217	0.9318118390	0.9315763348	0.9318254258	0.9317537320	0.9316895152	0.9317127153	0.9318386707	0.9318214950	0.9316233758	0.9317304892	0.9319272839	0.9319741540	0.9317077591	0.9314294865	0.9313790274	0.9315595863	0.9316133353	0.9321665907	0.9317116472	0.9311724913	0.9318460196	0.9319069892	0.9319559529	0.9318113263	0.9320222632	0.9320178624	0.9318458487	0.9315445469	0.9319897489	0.9320115390	0.9318954960	0.9318444387	0.9315721050	0.9313239540	0.9318307665	0.9317015212	0.9317468104	0.9317905616	0.9320324319	0.9313387371	0.9318113690	0.9324856664	0.9318677242	0.9314139771	0.9316690069
0.9322203824	0.9315888534	0.9312918669	0.9318442678	0.9320065401	0.9316712714	0.9318141889	0.9318584100	0.9316203850	0.9323583864	0.9319281384	0.9322212796	0.9318283311	0.9321380499	0.9319448442	0.9318107708	0.9325111736	0.9325125409	0.9318272630	0.9328611828	0.9316817819	0.9318734068	0.9314628553	0.9312891325	0.9320786611	0.9316410215	1.0000000000	0.9316837473	0.9320730213	0.9317894934	0.9317676179	0.9314945150	0.9319139107	0.9318374744	0.9316195732	0.9315935105	0.9315318146	0.9321528757	0.9317378808	0.9320489240	0.9319071601	0.9318946842	0.9315614663	0.9314644361	0.9318276048	0.9318007303	0.9321214723	0.9316669133	0.9319505267	0.9318870363	0.9316338009	0.9317787693	0.9319929533	0.9316279048	0.9315865463	0.9316994276	0.9316710577	0.9319647971	0.9320694324	0.9320019685	0.9322583228	0.9317012221	0.9317129289	0.9315845809	0.9316386716	0.9318779357	0.9315239958	0.9316073537	0.9320793447	0.9315539892	0.9324322592	0.9321284366	0.9316449950	0.9320173070	0.9318799438	0.9316400389	0.9314878071	0.9314834064	0.9319819301	0.9314948568	0.9319757349	0.9319197642	0.9315832136	0.9318827210	0.9322927597	0.9317084427	0.9318665706	0.9317075882	0.9316790902	0.9315176724	0.9315785993	0.9320546493	0.9322843428	0.9318998967	0.9316163261	0.9317243367	0.9319982086	0.9317557828	0.9317582182	0.9321478768	0.9319211741	0.9319154916	0.9314596081	0.9318457632	0.9319280530	0.9316912243	0.9319739831	0.9316934887
0.9320022675	0.9320176915	0.9315934678	0.9319830837	0.9315935960	0.9315070764	0.9319093391	0.9316598636	0.9319942778	0.9324115800	0.9313744558	0.9318134626	0.9320337137	0.9325393726	0.9315838545	0.9319529193	0.9322943406	0.9326298230	0.9318053447	0.9324847264	0.9317184833	0.9323218987	0.9316626835	0.9315158779	0.9316653752	0.9315621926	0.9316837473	1.0000000000	0.9320111118	0.9317493740	0.9321806474	0.9317912452	0.9317026320	0.9316651616	0.9315281829	0.9317988076	0.9316686651	0.9315355317	0.9321383490	0.9318518303	0.9315658243	0.9316258966	0.9317573637	0.9315178860	0.9318285875	0.9319653525	0.9320266639	0.9319337355	0.9319481768	0.9318649471	0.9316903270	0.9315011803	0.9319252331	0.9313907343	0.9318962650	0.9320204260	0.9319558247	0.9319785975	0.9319069465	0.9319223704	0.9318525566	0.9317782566	0.9319416397	0.9318610590	0.9316399961	0.9317198932	0.9319148080	0.9317617217	0.9317738131	0.9315618081	0.9323383908	0.9321124999	0.9318661861	0.9319401016	0.9319847500	0.9318311510	0.9318836609	0.9318894289	0.9318214096	0.9315126735	0.9319278393	0.9318140180	0.9322443942	0.9317709932	0.9317951332	0.9320312356	0.9317310019	0.9319980804	0.9317724459	0.9317362145	0.9318533684	0.9320191442	0.9319300183	0.9320790457	0.9315954332	0.9315262175	0.9316772102	0.9316463623	0.9318998540	0.9318226059	0.9315942796	0.9316987440	0.9321738540	0.9320425152	0.9319948333	0.9321451851	0.9315775311	0.9318727231
